0 -1.66982 440680000000
202.586 0.326231
1 0 0 0 0 0.500078 9.29547e-05 0.500078 9.29547e-05 
2 0 0 0 0 0.50006 8.77658e-05 0.375049 8.42076e-05 
3 0 0 0 0 0.500065 6.36268e-05 0.333381 6.35664e-05 
4 0.0555689 3.51303e-05 0.0555689 3.51303e-05 0.500032 6.15623e-05 0.312516 5.97728e-05 
5 0.0799866 5.27415e-05 0.0799866 5.27415e-05 0.500044 7.19226e-05 0.300037 7.02285e-05 
6 0.133776 6.70782e-05 0.15487 8.87712e-05 0.500029 6.76139e-05 0.291683 6.85452e-05 
7 0.164008 9.45248e-05 0.194725 0.000132871 0.500003 5.33217e-05 0.285715 5.15989e-05 
8 0.216269 0.000114538 0.281459 0.000179123 0.500001 4.92482e-05 0.281249 4.81744e-05 
9 0.250058 0.000134865 0.333097 0.000214064 0.499958 5.6486e-05 0.277731 5.28778e-05 
10 0.298983 0.000153845 0.423133 0.000285738 0.499982 5.09003e-05 0.274979 5.07993e-05 
11 0.335317 0.000169614 0.486902 0.000319147 0.500012 4.82565e-05 0.272735 4.8154e-05 
12 0.381833 0.000187034 0.579822 0.000389514 0.500013 4.70982e-05 0.270844 4.73618e-05 
13 0.419526 0.000267746 0.653619 0.000563172 0.500003 4.5129e-05 0.269233 4.6062e-05 
14 0.464465 0.00026142 0.750567 0.000496334 0.499978 4.87906e-05 0.267832 4.60331e-05 
15 0.502769 0.000292028 0.832564 0.000590079 0.499951 4.52054e-05 0.266618 4.42619e-05 
16 0.546777 0.000316039 0.934769 0.000707279 0.499943 4.90643e-05 0.265571 4.57571e-05 
17 0.585605 0.000362317 1.0246 0.000717573 0.49994 4.53338e-05 0.264645 4.33278e-05 
18 0.628896 0.00035677 1.13212 0.00084975 0.499927 6.02072e-05 0.263815 5.59745e-05 
19 0.66809 0.00032882 1.2297 0.000860549 0.499919 5.49609e-05 0.263076 5.38819e-05 
20 0.711028 0.000420101 1.3431 0.00111487 0.499935 5.06632e-05 0.262434 4.7778e-05 
21 0.75029 0.000444189 1.44765 0.0011882 0.499941 4.74584e-05 0.261841 4.64456e-05 
22 0.792815 0.000369255 1.56685 0.00109169 0.499947 4.21324e-05 0.261306 4.26606e-05 
23 0.832434 0.000418265 1.67898 0.00125515 0.499955 4.21872e-05 0.260822 4.26489e-05 
24 0.874741 0.000438228 1.80418 0.00130372 0.499982 4.26163e-05 0.260397 4.28865e-05 
25 0.914497 0.000581423 1.9235 0.00158293 0.499978 4.26023e-05 0.259977 4.31651e-05 
26 0.956286 0.000603067 2.05406 0.0016834 0.499956 4.1765e-05 0.259574 4.2723e-05 
27 0.995949 0.000558299 2.17928 0.00151486 0.499947 4.32243e-05 0.25921 4.25799e-05 
28 1.03755 0.000468825 2.3164 0.00167175 0.499948 4.12169e-05 0.258883 4.16873e-05 
29 1.07732 0.000510014 2.44853 0.00174772 0.49995 4.13752e-05 0.258578 4.16853e-05 
30 1.1188 0.000528092 2.59134 0.00186395 0.499956 4.26788e-05 0.258295 4.31045e-05 
31 1.15873 0.000548318 2.73129 0.00204363 0.499959 4.26882e-05 0.258032 4.33199e-05 
32 1.20014 0.000542106 2.88029 0.00210923 0.499962 4.1344e-05 0.257782 4.15845e-05 
33 1.24013 0.000552079 3.02668 0.00223756 0.499978 4.14338e-05 0.257561 4.18134e-05 
34 1.28136 0.000568113 3.18203 0.00236632 0.49998 4.08806e-05 0.257342 4.11101e-05 
35 1.32127 0.000596122 3.33444 0.00249459 0.499979 4.09607e-05 0.257129 4.12625e-05 
36 1.36254 0.000616782 3.49705 0.00267896 0.499974 4.08469e-05 0.256929 4.12817e-05 
37 1.40243 0.000633577 3.65629 0.00275569 0.499972 4.08503e-05 0.25674 4.08135e-05 
38 1.44346 0.000658237 3.82419 0.00287581 0.49995 3.92421e-05 0.256539 3.94656e-05 
39 1.48364 0.000718698 3.9912 0.00318483 0.499936 3.99221e-05 0.256355 4.01035e-05 
40 1.52438 0.00069213 4.16409 0.00321372 0.499939 3.92467e-05 0.256198 3.94291e-05 
41 1.56437 0.000759914 4.33668 0.00331982 0.499952 4.02792e-05 0.256058 4.04584e-05 
42 1.60504 0.000804429 4.51613 0.0038431 0.499952 4.16511e-05 0.255912 4.19819e-05 
43 1.64498 0.000850491 4.69443 0.00419459 0.49996 4.0789e-05 0.25578 4.08754e-05 
44 1.68551 0.000805153 4.87919 0.00402464 0.499958 4.11083e-05 0.255645 4.13203e-05 
45 1.72551 0.000808875 5.06465 0.00401367 0.499966 4.08701e-05 0.255525 4.11442e-05 
46 1.76608 0.0008702 5.25705 0.00457358 0.499962 4.23427e-05 0.255402 4.25819e-05 
47 1.80616 0.000878183 5.44924 0.00458301 0.499962 4.17628e-05 0.255286 4.19498e-05 
48 1.84698 0.000886419 5.64835 0.00471219 0.499969 4.25242e-05 0.255182 4.26418e-05 
49 1.88699 0.000916657 5.84641 0.00505087 0.499982 4.25461e-05 0.255088 4.26914e-05 
50 1.92784 0.000940573 6.05271 0.00525157 0.499986 4.25113e-05 0.25499 4.26687e-05 
51 1.96821 0.000966122 6.25907 0.00565131 0.500006 4.29529e-05 0.254912 4.31119e-05 
52 2.00893 0.000969045 6.47149 0.00562562 0.500005 4.31482e-05 0.254815 4.33164e-05 
53 2.04908 0.00094589 6.68358 0.005511 0.500001 4.21444e-05 0.254721 4.21987e-05 
54 2.08957 0.0010022 6.90123 0.00606003 0.499995 4.22633e-05 0.254629 4.21448e-05 
55 2.12987 0.00101353 7.12033 0.00635304 0.500003 4.24804e-05 0.254553 4.24769e-05 
56 2.17007 0.00104289 7.34143 0.00656381 0.5 4.22154e-05 0.254468 4.23715e-05 
57 2.21021 0.000994978 7.5658 0.00644793 0.499999 4.19141e-05 0.254388 4.20215e-05 
58 2.25073 0.00104805 7.79601 0.00675854 0.5 4.18788e-05 0.254314 4.20868e-05 
59 2.29099 0.00103028 8.02896 0.00664624 0.500005 4.09653e-05 0.254245 4.1238e-05 
60 2.33181 0.00105391 8.26824 0.00707507 0.500006 4.31087e-05 0.254177 4.34661e-05 
61 2.37208 0.00111613 8.50758 0.00737947 0.499994 4.36736e-05 0.254096 4.37205e-05 
62 2.41281 0.001147 8.75279 0.00785875 0.500001 4.17829e-05 0.254037 4.16917e-05 
63 2.45328 0.00120085 8.99905 0.00831366 0.50001 4.2218e-05 0.253982 4.198e-05 
64 2.49389 0.00116762 9.2504 0.00832644 0.500005 4.05092e-05 0.253916 4.05731e-05 
65 2.53416 0.00117358 9.50265 0.00829286 0.500011 4.03815e-05 0.253863 4.04245e-05 
66 2.57472 0.0012223 9.76057 0.00896873 0.500024 4.29998e-05 0.253817 4.35052e-05 
67 2.61464 0.00134998 10.0168 0.00925133 0.500042 4.58553e-05 0.253778 4.66813e-05 
68 2.655 0.00133709 10.2784 0.00926897 0.50004 4.61135e-05 0.253722 4.69773e-05 
69 2.69511 0.00130737 10.5433 0.00938845 0.500038 4.39277e-05 0.253666 4.44897e-05 
70 2.73577 0.00124561 10.8143 0.00903629 0.500028 4.13687e-05 0.253605 4.2064e-05 
71 2.77585 0.00129309 11.0842 0.00886448 0.500026 4.32122e-05 0.253552 4.35928e-05 
72 2.81599 0.00134289 11.3582 0.00903654 0.50002 4.60343e-05 0.253496 4.65921e-05 
73 2.85589 0.00145152 11.6323 0.00946347 0.500015 4.58059e-05 0.253444 4.64503e-05 
74 2.89598 0.00156752 11.9117 0.00986407 0.500015 4.47975e-05 0.253398 4.51808e-05 
75 2.93607 0.00163075 12.1947 0.0110626 0.500006 4.27529e-05 0.253343 4.32785e-05 
76 2.97606 0.00154948 12.4808 0.0105408 0.500001 4.1303e-05 0.253294 4.1456e-05 
77 3.0163 0.00141744 12.7713 0.0105442 0.500008 4.11361e-05 0.253258 4.12025e-05 
78 3.05636 0.00139072 13.0633 0.0108169 0.500006 3.98697e-05 0.253214 4.0014e-05 
79 3.09642 0.00137034 13.3588 0.0108209 0.500001 4.06708e-05 0.253169 4.08695e-05 
80 3.13671 0.00144674 13.6595 0.0114589 0.500013 4.12468e-05 0.253141 4.1409e-05 
81 3.17662 0.00143814 13.9615 0.0116386 0.500002 4.17869e-05 0.253091 4.19541e-05 
82 3.21658 0.00147644 14.266 0.0119942 0.500001 4.13634e-05 0.253053 4.1462e-05 
83 3.25682 0.00148821 14.5757 0.0123064 0.5 4.1669e-05 0.253015 4.18348e-05 
84 3.29741 0.0014951 14.8915 0.0123371 0.500005 4.50119e-05 0.252985 4.42255e-05 
85 3.33725 0.00149445 15.2042 0.0126087 0.499999 4.30587e-05 0.252943 4.23665e-05 
86 3.3772 0.00149428 15.5224 0.0127459 0.499986 4.68619e-05 0.252896 4.65134e-05 
87 3.41727 0.00151911 15.8444 0.0129223 0.499982 4.84806e-05 0.252859 4.72804e-05 
88 3.45737 0.00155469 16.1703 0.0136276 0.499989 4.68491e-05 0.252834 4.5794e-05 
89 3.49745 0.00160738 16.4984 0.0141265 0.49999 4.31361e-05 0.252802 4.20465e-05 
90 3.53767 0.00161252 16.83 0.0141504 0.499989 4.24005e-05 0.25277 4.21231e-05 
91 3.57784 0.00160575 17.1651 0.0141696 0.499983 4.31163e-05 0.252733 4.33616e-05 
92 3.61821 0.00168174 17.5052 0.0152155 0.499984 4.20892e-05 0.252704 4.19479e-05 
93 3.65832 0.00169086 17.847 0.0150774 0.499982 4.26498e-05 0.252673 4.28486e-05 
94 3.69872 0.00168402 18.1951 0.015436 0.499981 4.13239e-05 0.252643 4.15354e-05 
95 3.73856 0.00171914 18.5388 0.0158075 0.499974 4.12845e-05 0.252608 4.14572e-05 
96 3.77876 0.00172747 18.8891 0.0158907 0.499974 4.1466e-05 0.25258 4.15089e-05 
97 3.81922 0.00169374 19.2474 0.0158914 0.499968 4.26933e-05 0.25255 4.15387e-05 
98 3.8592 0.00166913 19.6022 0.0156685 0.499966 4.3779e-05 0.252521 4.28093e-05 
99 3.89947 0.00167604 19.9622 0.0156935 0.499968 4.79425e-05 0.252498 4.6586e-05 
100 3.93952 0.00179134 20.3252 0.0171468 0.499968 4.17251e-05 0.252472 4.1905e-05 
101 3.97962 0.001815 20.693 0.0175084 0.499983 4.26968e-05 0.252462 4.2931e-05 
102 4.02005 0.00180136 21.0654 0.0176093 0.499984 4.20766e-05 0.252438 4.21369e-05 
103 4.06072 0.0018123 21.4454 0.0181474 0.499987 4.2847e-05 0.252418 4.29093e-05 
104 4.10123 0.00183788 21.8262 0.0185103 0.499984 4.28537e-05 0.25239 4.2901e-05 
105 4.14121 0.00182131 22.2051 0.0181012 0.499988 4.30263e-05 0.252372 4.33451e-05 
106 4.18129 0.00186829 22.587 0.0189332 0.499979 4.24839e-05 0.25234 4.25493e-05 
107 4.22116 0.0018892 22.9708 0.0193228 0.499982 4.31084e-05 0.252321 4.30937e-05 
108 4.26139 0.00191613 23.3629 0.0200365 0.499987 4.2579e-05 0.252304 4.2647e-05 
109 4.30101 0.00195676 23.7514 0.0201082 0.499981 4.19045e-05 0.252277 4.1938e-05 
110 4.34121 0.0019284 24.1485 0.019899 0.499969 4.30452e-05 0.252244 4.30858e-05 
111 4.38065 0.00220154 24.5399 0.0223775 0.499961 4.21065e-05 0.252215 4.22517e-05 
112 4.42082 0.00222432 24.9421 0.0229668 0.499966 4.27134e-05 0.252199 4.27281e-05 
113 4.46103 0.00204463 25.3478 0.0212965 0.499961 4.39314e-05 0.252175 4.40877e-05 
114 4.50209 0.00204037 25.7653 0.0215612 0.499965 4.26372e-05 0.252159 4.28124e-05 
115 4.54235 0.00209986 26.1782 0.0221935 0.49998 4.23751e-05 0.252156 4.23979e-05 
116 4.58272 0.00222164 26.5976 0.023334 0.499981 4.43867e-05 0.252138 4.44961e-05 
117 4.62287 0.0020724 27.0178 0.0227177 0.49998 4.31899e-05 0.252118 4.32385e-05 
118 4.66288 0.00212937 27.438 0.0234059 0.499983 4.24504e-05 0.252103 4.2509e-05 
119 4.70318 0.00217451 27.8663 0.0245735 0.499986 4.13989e-05 0.252088 4.14897e-05 
120 4.74314 0.00212563 28.2932 0.0238199 0.499989 4.15971e-05 0.252074 4.17538e-05 
121 4.78335 0.00210872 28.7266 0.0238472 0.499985 4.22266e-05 0.252052 4.22171e-05 
122 4.82372 0.00219377 29.1652 0.0249942 0.499989 4.23536e-05 0.252039 4.24416e-05 
123 4.8633 0.00222289 29.5966 0.025643 0.49998 4.43904e-05 0.252013 4.4286e-05 
124 4.90404 0.00215787 30.0429 0.0250274 0.499979 4.23668e-05 0.251996 4.25478e-05 
125 4.94395 0.00228756 30.4842 0.0270302 0.499973 4.34175e-05 0.251975 4.34654e-05 
126 4.98453 0.0023194 30.9358 0.0271322 0.499986 4.2458e-05 0.251971 4.25115e-05 
127 5.02547 0.00227649 31.3961 0.026929 0.499989 4.17634e-05 0.251958 4.1847e-05 
128 5.06512 0.00230531 31.8454 0.0275218 0.499981 4.47691e-05 0.251936 4.4773e-05 
129 5.10548 0.00224223 32.3036 0.0279129 0.499977 4.25624e-05 0.251917 4.26245e-05 
130 5.1457 0.00240502 32.7653 0.0289614 0.499983 4.38761e-05 0.251908 4.39861e-05 
131 5.1853 0.00238549 33.2236 0.0293206 0.499988 4.20158e-05 0.251899 4.20552e-05 
132 5.22602 0.00241532 33.6988 0.0296071 0.499983 4.3313e-05 0.251878 4.2905e-05 
133 5.2661 0.00235943 34.1688 0.0289004 0.499983 4.38696e-05 0.251864 4.34253e-05 
134 5.3066 0.00243098 34.6463 0.0301376 0.499989 4.32912e-05 0.251855 4.32062e-05 
135 5.34642 0.00245376 35.1208 0.0304811 0.499994 4.25634e-05 0.251847 4.25249e-05 
136 5.38686 0.00235928 35.6046 0.0300671 0.499997 4.28941e-05 0.251836 4.28945e-05 
137 5.42709 0.00258288 36.0891 0.0322063 0.499997 4.4353e-05 0.251823 4.4385e-05 
138 5.46693 0.0025933 36.5702 0.0329811 0.499982 4.48795e-05 0.251794 4.4861e-05 
139 5.50665 0.00251834 37.0548 0.032278 0.499986 4.49664e-05 0.251784 4.49119e-05 
140 5.54743 0.00258557 37.5543 0.0328894 0.499984 4.5486e-05 0.25177 4.53996e-05 
141 5.58787 0.00263721 38.0544 0.0339028 0.499982 4.31372e-05 0.251755 4.32182e-05 
142 5.6289 0.00260235 38.5646 0.0338019 0.499981 4.48375e-05 0.251741 4.49246e-05 
143 5.66853 0.00270446 39.0621 0.0354365 0.499984 4.45622e-05 0.251732 4.46311e-05 
144 5.70874 0.00264245 39.5704 0.0343936 0.49998 4.47774e-05 0.251716 4.48848e-05 
145 5.74916 0.00267797 40.0875 0.0352525 0.49998 4.46142e-05 0.251704 4.46312e-05 
146 5.78874 0.00276835 40.5913 0.0370064 0.499976 4.49615e-05 0.251689 4.48934e-05 
147 5.82883 0.00274052 41.1084 0.0367207 0.499984 4.54011e-05 0.251685 4.55173e-05 
148 5.86838 0.00279078 41.6205 0.0376027 0.499983 4.4602e-05 0.251673 4.46456e-05 
149 5.90845 0.00281474 42.1415 0.0386055 0.499986 4.61094e-05 0.251665 4.6168e-05 
150 5.94837 0.00293995 42.6637 0.0391464 0.499991 4.59285e-05 0.251659 4.5872e-05 
151 5.98832 0.00290968 43.1916 0.0406968 0.499985 4.70597e-05 0.251641 4.62467e-05 
152 6.02817 0.00282626 43.7178 0.0399629 0.499984 4.72248e-05 0.251629 4.70722e-05 
153 6.06845 0.00293496 44.2543 0.0407514 0.499997 4.82462e-05 0.251631 4.67328e-05 
154 6.10929 0.00284184 44.8022 0.0398989 0.5 4.92111e-05 0.251624 4.80272e-05 
155 6.14919 0.00293094 45.3386 0.0417138 0.500001 5.96231e-05 0.251615 5.84199e-05 
156 6.18942 0.00336273 45.8858 0.0477461 0.499996 5.78841e-05 0.251599 5.73187e-05 
157 6.22937 0.00354923 46.4311 0.0515977 0.499993 4.91044e-05 0.251585 4.8742e-05 
158 6.27014 0.00352229 46.9922 0.0509355 0.500004 4.72524e-05 0.251586 4.7397e-05 
159 6.31044 0.00394364 47.5468 0.0564324 0.500002 4.59758e-05 0.251574 4.605e-05 
160 6.3504 0.00368433 48.0988 0.0533207 0.499998 4.63103e-05 0.25156 4.63068e-05 
161 6.39027 0.00372387 48.6543 0.0573432 0.499997 4.76619e-05 0.251549 4.83176e-05 
162 6.43094 0.00351279 49.2277 0.0529382 0.500012 4.57223e-05 0.251554 4.57873e-05 
163 6.47064 0.0037674 49.7883 0.0578181 0.500004 4.84264e-05 0.251537 4.86566e-05 
164 6.51125 0.00408975 50.3678 0.064095 0.500018 4.73643e-05 0.251542 4.75048e-05 
165 6.55211 0.00381914 50.9504 0.0590786 0.50002 4.77241e-05 0.251535 4.78561e-05 
166 6.59254 0.00365474 51.5297 0.0576276 0.500023 4.65378e-05 0.251529 4.65619e-05 
167 6.63301 0.00379309 52.1138 0.0590334 0.500026 4.68818e-05 0.251522 4.70491e-05 
168 6.67319 0.00353427 52.6992 0.054641 0.500019 4.86708e-05 0.251506 4.87851e-05 
169 6.71353 0.00372361 53.2915 0.0577553 0.500023 4.64272e-05 0.251502 4.66573e-05 
170 6.75341 0.00375354 53.8802 0.059745 0.500011 4.83414e-05 0.25148 4.84542e-05 
171 6.79386 0.00395445 54.4778 0.0631057 0.500018 4.82508e-05 0.251479 4.86603e-05 
172 6.8335 0.00388069 55.0688 0.0621071 0.500016 4.76602e-05 0.251468 4.79602e-05 
173 6.8745 0.00372412 55.6815 0.062242 0.500019 4.66125e-05 0.251463 4.68113e-05 
174 6.91406 0.00357783 56.2755 0.0588069 0.500008 4.79459e-05 0.251443 4.80598e-05 
175 6.95462 0.00360755 56.8887 0.0583586 0.500007 4.94715e-05 0.251434 4.97501e-05 
176 6.99489 0.00370644 57.4982 0.0610826 0.500001 4.81138e-05 0.25142 4.82647e-05 
177 7.03559 0.00395588 58.1185 0.0657119 0.5 4.77668e-05 0.251411 4.79684e-05 
178 7.07623 0.00377973 58.7453 0.0629152 0.5 4.85721e-05 0.251404 4.87626e-05 
179 7.11587 0.00409443 59.3535 0.0673145 0.500003 5.31991e-05 0.251399 5.37526e-05 
180 7.15668 0.00398559 59.9841 0.0679172 0.50001 5.00975e-05 0.251398 5.0661e-05 
181 7.19712 0.00382734 60.6155 0.0636928 0.500014 4.58704e-05 0.251394 4.60885e-05 
182 7.23752 0.00377172 61.2476 0.064848 0.500013 4.65462e-05 0.251385 4.66333e-05 
183 7.27795 0.00408232 61.8852 0.0697579 0.500018 4.84952e-05 0.251382 4.87021e-05 
184 7.31889 0.00397651 62.5371 0.0696775 0.500025 4.56341e-05 0.251382 4.56402e-05 
185 7.35905 0.00378706 63.1736 0.0651818 0.500024 4.96569e-05 0.251374 4.96719e-05 
186 7.39887 0.00373366 63.8091 0.0624572 0.500019 4.8212e-05 0.251361 4.81337e-05 
187 7.43823 0.00373183 64.4414 0.0642115 0.500004 4.82182e-05 0.251339 4.8512e-05 
188 7.47833 0.00376736 65.0923 0.0671923 0.500009 4.70716e-05 0.251337 4.7199e-05 
189 7.51838 0.0036926 65.742 0.0645184 0.500013 4.97061e-05 0.251334 4.97823e-05 
190 7.55757 0.00394237 66.3738 0.0719754 0.500016 4.96235e-05 0.25133 4.90463e-05 
191 7.59752 0.00380237 67.0307 0.0671069 0.500021 4.74639e-05 0.251328 4.75022e-05 
192 7.63772 0.00386523 67.693 0.068091 0.500022 5.00748e-05 0.251322 4.95635e-05 
193 7.6774 0.00398127 68.3508 0.0702366 0.500018 4.76842e-05 0.251312 4.78156e-05 
194 7.71787 0.00392327 69.0229 0.0683562 0.500014 5.27409e-05 0.251301 5.2832e-05 
195 7.75906 0.00393528 69.7062 0.0685154 0.500017 5.52229e-05 0.251297 5.5513e-05 
196 7.79942 0.00414362 70.384 0.0737377 0.500014 5.22424e-05 0.251287 5.25249e-05 
197 7.83988 0.00397341 71.0634 0.0698336 0.500015 4.94659e-05 0.251282 4.96807e-05 
198 7.88014 0.00385894 71.7465 0.0685173 0.500004 4.78655e-05 0.251264 4.81708e-05 
199 7.92065 0.00408759 72.4375 0.073862 0.500004 4.87685e-05 0.251258 4.90419e-05 
200 7.96069 0.00404267 73.1229 0.0728349 0.499997 4.91707e-05 0.251244 4.91942e-05 
201 8.00073 0.00409628 73.8122 0.0795579 0.500007 5.15401e-05 0.251248 5.18414e-05 
202 8.04079 0.00420778 74.5071 0.0818979 0.500005 5.05967e-05 0.25124 5.13325e-05 
203 8.08138 0.0041854 75.213 0.0764912 0.500009 4.81609e-05 0.251238 4.83723e-05 
204 8.12177 0.00446739 75.9159 0.0900222 0.500009 4.80922e-05 0.251232 4.82294e-05 
205 8.16183 0.00504243 76.609 0.103734 0.500025 4.79769e-05 0.251242 4.80795e-05 
206 8.20314 0.00546485 77.3372 0.112326 0.500023 5.06093e-05 0.251235 5.08248e-05 
207 8.24276 0.00594637 78.0391 0.122031 0.500022 5.14005e-05 0.251229 5.15972e-05 
208 8.28256 0.00527199 78.7453 0.108943 0.500019 5.08381e-05 0.25122 5.09157e-05 
209 8.32283 0.00508128 79.4629 0.108127 0.500013 4.99286e-05 0.251208 5.01513e-05 
210 8.363 0.00482961 80.1823 0.103412 0.500009 5.0594e-05 0.251197 5.09239e-05 
211 8.40381 0.00491359 80.915 0.100335 0.500025 5.09138e-05 0.251208 5.10982e-05 
212 8.44353 0.00462716 81.628 0.0997091 0.500024 5.10473e-05 0.251202 5.12349e-05 
213 8.48376 0.00480613 82.3595 0.0949219 0.500023 5.03172e-05 0.251195 5.04216e-05 
214 8.52384 0.00477222 83.0908 0.0889015 0.500016 4.9724e-05 0.251183 4.98898e-05 
215 8.56375 0.00461822 83.8259 0.0895811 0.500018 4.99662e-05 0.25118 5.0029e-05 
216 8.6039 0.00477363 84.5632 0.0926264 0.500025 5.09204e-05 0.251181 5.1003e-05 
217 8.64346 0.00456975 85.2977 0.0877318 0.500021 5.17163e-05 0.251172 5.1712e-05 
218 8.68374 0.00452024 86.0446 0.0878211 0.500031 5.04758e-05 0.251177 5.04454e-05 
219 8.72475 0.00482826 86.8094 0.0957813 0.500038 5.0054e-05 0.25118 5.01685e-05 
220 8.76468 0.00478079 87.5449 0.0963657 0.500047 5.30458e-05 0.251184 5.31082e-05 
221 8.80533 0.00478769 88.3106 0.0981112 0.500039 5.08163e-05 0.25117 5.09244e-05 
222 8.84509 0.00482892 89.0631 0.101345 0.500037 5.12212e-05 0.251163 5.14325e-05 
223 8.88504 0.00507876 89.8215 0.106364 0.500037 5.17452e-05 0.251158 5.19846e-05 
224 8.92448 0.00524473 90.579 0.10551 0.500028 5.14735e-05 0.251145 5.13556e-05 
225 8.96351 0.00521094 91.3263 0.106864 0.500023 5.15644e-05 0.251133 5.17085e-05 
226 9.00441 0.00517057 92.1096 0.102445 0.500021 5.06548e-05 0.251127 5.07474e-05 
227 9.04521 0.00553744 92.8967 0.111367 0.500019 5.02833e-05 0.25112 5.04135e-05 
228 9.08543 0.0056227 93.6765 0.116669 0.500018 5.15044e-05 0.251114 5.17857e-05 
229 9.12669 0.00576196 94.4799 0.114756 0.500016 5.01087e-05 0.251108 5.02284e-05 
230 9.16718 0.00544311 95.2723 0.114244 0.500021 5.04696e-05 0.251108 5.05081e-05 
231 9.20745 0.00507338 96.065 0.103138 0.500027 5.17083e-05 0.251109 5.20002e-05 
232 9.2472 0.00522673 96.8483 0.106307 0.500024 5.33902e-05 0.251101 5.35763e-05 
233 9.28621 0.00543489 97.6184 0.113504 0.500016 5.30662e-05 0.251089 5.3409e-05 
234 9.32657 0.00618689 98.4164 0.128159 0.500015 5.12833e-05 0.251083 5.14333e-05 
235 9.36585 0.00561579 99.198 0.119149 0.500022 5.05308e-05 0.251086 5.07253e-05 
236 9.40542 0.00608047 99.9858 0.133559 0.500033 5.50348e-05 0.251092 5.52127e-05 
237 9.44509 0.00626664 100.779 0.136721 0.500027 5.44842e-05 0.251082 5.4695e-05 
238 9.48476 0.00617993 101.575 0.136315 0.500023 5.18334e-05 0.251074 5.19528e-05 
239 9.5246 0.00577466 102.381 0.122305 0.500009 5.11284e-05 0.251055 5.12808e-05 
240 9.56471 0.00545794 103.196 0.11611 0.500013 5.2219e-05 0.251055 5.24202e-05 
241 9.60464 0.00581568 104.007 0.119252 0.500008 5.15541e-05 0.251045 5.16725e-05 
242 9.64425 0.00549957 104.816 0.118295 0.500002 5.28223e-05 0.251034 5.29467e-05 
243 9.68583 0.00569973 105.672 0.121189 0.500003 5.145e-05 0.251031 5.15876e-05 
244 9.72644 0.00603271 106.509 0.126229 0.500006 5.11085e-05 0.25103 5.12821e-05 
245 9.76689 0.00554406 107.345 0.122438 0.500008 5.42022e-05 0.251028 5.43732e-05 
246 9.80664 0.0054629 108.171 0.117693 0.499992 5.29064e-05 0.251008 5.29658e-05 
247 9.84587 0.00544647 108.984 0.11603 0.499995 5.01384e-05 0.251007 5.0316e-05 
248 9.88585 0.00563657 109.82 0.121468 0.499994 5.33683e-05 0.251002 5.35509e-05 
249 9.92564 0.00559531 110.653 0.121145 0.500002 5.08556e-05 0.251006 5.08962e-05 
250 9.96493 0.00555349 111.485 0.126039 0.499995 5.12511e-05 0.250995 5.1321e-05 
251 10.0062 0.00555094 112.36 0.127379 0.499997 5.43012e-05 0.250994 5.46339e-05 
252 10.0456 0.0062007 113.187 0.139861 0.499998 5.58955e-05 0.25099 5.57945e-05 
253 10.0853 0.0064094 114.031 0.146548 0.500002 5.20096e-05 0.250989 5.21923e-05 
254 10.1254 0.00672955 114.891 0.155971 0.500008 5.49127e-05 0.250992 5.51869e-05 
255 10.1646 0.00678655 115.737 0.162896 0.500003 5.29363e-05 0.250983 5.31162e-05 
256 10.2049 0.00589534 116.61 0.137393 0.5 5.18594e-05 0.250976 5.21382e-05 
257 10.2456 0.0063587 117.494 0.161064 0.500002 5.26249e-05 0.250974 5.29448e-05 
258 10.2855 0.00619853 118.364 0.157344 0.500006 5.47134e-05 0.250974 5.48491e-05 
259 10.3261 0.00603684 119.246 0.150206 0.500002 5.34338e-05 0.250967 5.36801e-05 
260 10.3662 0.00626072 120.131 0.155521 0.499996 5.29332e-05 0.250956 5.2919e-05 
261 10.4068 0.00594558 121.024 0.142195 0.499992 5.22817e-05 0.250948 5.23822e-05 
262 10.4476 0.00638167 121.923 0.156609 0.499992 5.65026e-05 0.250945 5.66717e-05 
263 10.4867 0.00638147 122.786 0.151979 0.499984 5.3212e-05 0.250933 5.32612e-05 
264 10.5269 0.00657525 123.673 0.158628 0.499987 5.42424e-05 0.250933 5.45202e-05 
265 10.5671 0.00653475 124.571 0.162131 0.499987 5.59794e-05 0.250929 5.61765e-05 
266 10.6063 0.00634286 125.444 0.155489 0.499974 5.62539e-05 0.250913 5.6328e-05 
267 10.6457 0.00600889 126.333 0.149736 0.499978 5.30979e-05 0.250913 5.3121e-05 
268 10.6835 0.00624875 127.184 0.146772 0.499967 5.31913e-05 0.250898 5.33005e-05 
269 10.7243 0.00619488 128.105 0.142317 0.499973 5.61129e-05 0.2509 5.62108e-05 
270 10.7652 0.00671607 129.034 0.158602 0.499971 5.30263e-05 0.250895 5.31967e-05 
271 10.8054 0.00659581 129.945 0.163219 0.499966 5.71993e-05 0.250886 5.72138e-05 
272 10.8459 0.00677578 130.87 0.170807 0.499967 5.46704e-05 0.250884 5.48376e-05 
273 10.8855 0.00710089 131.781 0.167096 0.499964 5.38871e-05 0.250879 5.39213e-05 
274 10.9244 0.00673187 132.682 0.166311 0.499955 5.72279e-05 0.250866 5.68127e-05 
275 10.9635 0.00662317 133.579 0.161431 0.499946 6.03829e-05 0.250853 6.02593e-05 
276 11.0028 0.00648282 134.492 0.154603 0.499945 6.10632e-05 0.25085 6.08639e-05 
277 11.0418 0.00674957 135.397 0.1604 0.499942 5.62117e-05 0.250843 5.61075e-05 
278 11.0806 0.00703515 136.298 0.165203 0.499936 5.35331e-05 0.250834 5.34183e-05 
279 11.1206 0.00657242 137.223 0.161077 0.499933 5.96102e-05 0.250827 5.93963e-05 
280 11.162 0.00711972 138.189 0.172779 0.49993 6.48101e-05 0.250821 6.45765e-05 
281 11.2026 0.00663838 139.145 0.162366 0.499921 5.67598e-05 0.250809 5.70995e-05 
282 11.2428 0.0072277 140.097 0.180242 0.499923 5.43423e-05 0.250808 5.44195e-05 
283 11.2834 0.00725183 141.066 0.179048 0.499911 5.51551e-05 0.250793 5.52818e-05 
284 11.3232 0.00750072 142.017 0.198863 0.499907 6.03619e-05 0.250786 6.02946e-05 
285 11.3621 0.00714555 142.944 0.181628 0.499904 5.7469e-05 0.250779 5.76826e-05 
286 11.4012 0.00675122 143.88 0.169289 0.499908 5.94983e-05 0.25078 5.90793e-05 
287 11.4418 0.00718555 144.862 0.179864 0.499905 5.90629e-05 0.250774 5.89394e-05 
288 11.4811 0.0071211 145.813 0.176823 0.499908 5.51654e-05 0.250774 5.51843e-05 
289 11.5217 0.00707545 146.796 0.176535 0.499914 5.77147e-05 0.250777 5.77727e-05 
290 11.5628 0.00752728 147.798 0.190955 0.499911 5.87183e-05 0.250771 5.87757e-05 
291 11.603 0.00737993 148.772 0.189074 0.499906 5.64296e-05 0.250763 5.6573e-05 
292 11.6442 0.00719533 149.781 0.181808 0.499911 5.69774e-05 0.250765 5.70016e-05 
293 11.6842 0.00718483 150.765 0.180479 0.499903 5.80047e-05 0.250754 5.78476e-05 
294 11.7248 0.00737916 151.765 0.187535 0.499911 6.00138e-05 0.25076 5.99164e-05 
295 11.7648 0.00743224 152.759 0.186347 0.499919 5.55616e-05 0.250764 5.56761e-05 
296 11.8035 0.00752666 153.717 0.193226 0.499924 5.47249e-05 0.250767 5.49218e-05 
297 11.843 0.0073879 154.696 0.19046 0.499931 5.46421e-05 0.250771 5.47477e-05 
298 11.8831 0.00750547 155.701 0.190974 0.499922 5.9925e-05 0.250759 5.98013e-05 
299 11.9242 0.00734609 156.728 0.190765 0.499926 5.50828e-05 0.25076 5.51719e-05 
300 11.9672 0.00750774 157.795 0.197192 0.499941 5.65074e-05 0.250773 5.66334e-05 
301 12.0073 0.00732187 158.807 0.189384 0.499936 5.55356e-05 0.250765 5.54217e-05 
302 12.0483 0.00736513 159.843 0.191476 0.499943 6.12603e-05 0.250768 6.12394e-05 
303 12.0893 0.00733346 160.885 0.193085 0.499939 6.31863e-05 0.250761 6.3205e-05 
304 12.1298 0.00738848 161.92 0.193223 0.499939 6.62739e-05 0.250759 6.6491e-05 
305 12.1704 0.00733102 162.952 0.192198 0.499937 5.88173e-05 0.250755 5.90602e-05 
306 12.2095 0.00763576 163.958 0.199787 0.499928 6.17031e-05 0.250743 6.16214e-05 
307 12.2488 0.00734049 164.963 0.19312 0.499932 5.80591e-05 0.250744 5.76902e-05 
308 12.2887 0.00811549 165.999 0.214143 0.499924 5.69596e-05 0.250733 5.71517e-05 
309 12.3274 0.00880048 167 0.224595 0.499916 5.8737e-05 0.250723 5.86349e-05 
310 12.3673 0.00790886 168.029 0.209363 0.499923 5.76469e-05 0.250727 5.75612e-05 
311 12.4086 0.00831324 169.088 0.215293 0.499938 5.6116e-05 0.250739 5.59078e-05 
312 12.4495 0.00873423 170.164 0.225981 0.499944 5.52233e-05 0.250743 5.52295e-05 
313 12.4902 0.00836957 171.226 0.221503 0.499941 6.03388e-05 0.250737 6.01478e-05 
314 12.5296 0.0094197 172.252 0.245839 0.499927 5.8645e-05 0.250721 5.86573e-05 
315 12.57 0.00936226 173.314 0.236612 0.499935 5.69764e-05 0.250727 5.70856e-05 
316 12.6093 0.00951789 174.343 0.240077 0.499928 5.7425e-05 0.250717 5.74494e-05 
317 12.6484 0.0090213 175.377 0.229765 0.499934 5.78464e-05 0.25072 5.79058e-05 
318 12.6882 0.00972658 176.433 0.246491 0.499929 6.05009e-05 0.250713 6.0235e-05 
319 12.7266 0.00881818 177.452 0.224736 0.499924 5.78642e-05 0.250706 5.7917e-05 
320 12.7662 0.00876171 178.513 0.225215 0.499908 5.8845e-05 0.250688 5.88069e-05 
321 12.8049 0.0101735 179.552 0.254393 0.499906 5.93887e-05 0.250684 5.92018e-05 
322 12.8449 0.00953805 180.635 0.233176 0.499921 5.88217e-05 0.250695 5.881e-05 
323 12.8863 0.0083123 181.74 0.228214 0.499934 5.81186e-05 0.250705 5.81406e-05 
324 12.9267 0.00849938 182.841 0.236017 0.499934 6.10031e-05 0.250703 6.10592e-05 
325 12.9669 0.00848423 183.926 0.235933 0.499931 5.79473e-05 0.250698 5.81092e-05 
326 13.008 0.00869018 185.04 0.241426 0.499932 5.83636e-05 0.250696 5.84734e-05 
327 13.0476 0.00851456 186.114 0.238703 0.49993 6.18195e-05 0.250692 6.19038e-05 
328 13.0868 0.00870579 187.179 0.246474 0.499929 5.80291e-05 0.250688 5.80987e-05 
329 13.1258 0.00851569 188.237 0.238655 0.499923 5.9106e-05 0.25068 5.92841e-05 
330 13.1665 0.0087126 189.371 0.245239 0.499925 6.0392e-05 0.250679 6.04829e-05 
331 13.206 0.00843578 190.457 0.239526 0.499928 5.91868e-05 0.25068 5.92307e-05 
332 13.2435 0.00890069 191.507 0.252729 0.499918 6.07444e-05 0.250667 6.08467e-05 
333 13.282 0.00872402 192.591 0.247017 0.499914 6.07029e-05 0.250661 6.07444e-05 
334 13.3213 0.00916014 193.679 0.264689 0.499914 5.91354e-05 0.250659 5.91746e-05 
335 13.3602 0.00880617 194.758 0.252303 0.499916 6.01131e-05 0.250659 6.02141e-05 
336 13.4003 0.00883612 195.89 0.252416 0.499917 6.05879e-05 0.250658 6.06499e-05 
337 13.4408 0.00898985 197.028 0.257473 0.499921 6.19025e-05 0.25066 6.19365e-05 
338 13.4791 0.00895438 198.111 0.260574 0.499909 6.14738e-05 0.250646 6.15164e-05 
339 13.5194 0.00892033 199.253 0.258757 0.499903 6.12016e-05 0.250638 6.1274e-05 
340 13.5596 0.00917895 200.389 0.267865 0.499907 6.18985e-05 0.250639 6.20196e-05 
341 13.5984 0.00897474 201.495 0.263036 0.499902 6.28875e-05 0.250633 6.2919e-05 
342 13.6379 0.00910782 202.619 0.26573 0.499901 6.51682e-05 0.25063 6.51611e-05 
343 13.6788 0.00941105 203.8 0.274723 0.499907 6.6023e-05 0.250633 6.58142e-05 
344 13.7179 0.0092511 204.911 0.27254 0.499898 6.46754e-05 0.250623 6.46484e-05 
345 13.7565 0.00951457 206.012 0.279364 0.499895 6.40665e-05 0.250618 6.37606e-05 
346 13.7955 0.00935176 207.141 0.276645 0.499888 6.41936e-05 0.250608 6.42546e-05 
347 13.8352 0.00971826 208.281 0.284359 0.499899 6.30813e-05 0.250617 6.30294e-05 
348 13.8762 0.0106913 209.455 0.313188 0.499917 6.35447e-05 0.250632 6.35546e-05 
349 13.9175 0.0099262 210.651 0.29481 0.49991 6.74519e-05 0.250624 6.70812e-05 
350 13.9586 0.0102792 211.852 0.306329 0.499914 6.62858e-05 0.250625 6.62151e-05 
351 14.0006 0.00989661 213.077 0.302316 0.499925 6.46712e-05 0.250634 6.46141e-05 
352 14.0413 0.0100568 214.279 0.292927 0.499929 6.54721e-05 0.250636 6.53036e-05 
353 14.0821 0.0112094 215.489 0.326562 0.499929 6.67521e-05 0.250634 6.65384e-05 
354 14.1226 0.0102771 216.689 0.308804 0.499934 6.53216e-05 0.250637 6.52572e-05 
355 14.1642 0.0102311 217.908 0.30484 0.499939 6.5422e-05 0.250641 6.51272e-05 
356 14.2036 0.0105296 219.071 0.313302 0.499939 6.69843e-05 0.250639 6.67873e-05 
357 14.2424 0.0100262 220.23 0.304773 0.49993 6.72914e-05 0.250628 6.71297e-05 
358 14.2807 0.0113026 221.364 0.340803 0.499931 6.4873e-05 0.250627 6.47999e-05 
359 14.3195 0.0101104 222.517 0.305986 0.49994 6.73752e-05 0.250635 6.72587e-05 
360 14.3602 0.0106723 223.736 0.327717 0.499942 6.87866e-05 0.250635 6.85934e-05 
361 14.401 0.0104399 224.95 0.321157 0.499954 6.58122e-05 0.250645 6.56707e-05 
362 14.4415 0.011142 226.141 0.338279 0.499969 6.55539e-05 0.250658 6.52005e-05 
363 14.4808 0.0105173 227.328 0.323119 0.499977 6.54969e-05 0.250664 6.54063e-05 
364 14.5202 0.0106176 228.52 0.325648 0.499967 6.51556e-05 0.250653 6.50183e-05 
365 14.5604 0.0119734 229.75 0.375335 0.499966 6.63399e-05 0.25065 6.63377e-05 
366 14.5999 0.014283 230.955 0.440922 0.499976 6.76676e-05 0.250658 6.75913e-05 
367 14.6399 0.0131422 232.176 0.399754 0.499972 6.6373e-05 0.250651 6.63148e-05 
368 14.6811 0.0136981 233.439 0.420266 0.499978 6.90179e-05 0.250656 6.8942e-05 
369 14.7209 0.0140359 234.659 0.436317 0.499978 6.83655e-05 0.250654 6.82729e-05 
370 14.7588 0.0131778 235.825 0.412012 0.499979 6.8451e-05 0.250653 6.83349e-05 
371 14.7992 0.0119973 237.069 0.368698 0.499973 6.82861e-05 0.250646 6.82604e-05 
372 14.8388 0.0132971 238.298 0.414278 0.49997 6.7412e-05 0.250641 6.74344e-05 
373 14.8781 0.0121807 239.509 0.38129 0.499969 6.74994e-05 0.250639 6.74971e-05 
374 14.9184 0.0128262 240.768 0.404207 0.499963 6.93673e-05 0.250631 6.93904e-05 
375 14.9581 0.0121114 241.998 0.378618 0.499955 6.99825e-05 0.250622 6.98175e-05 
376 14.998 0.0124151 243.229 0.393002 0.499959 7.41129e-05 0.250624 7.40219e-05 
377 15.037 0.0119018 244.444 0.379532 0.499972 7.28305e-05 0.250635 7.30086e-05 
378 15.0803 0.0124158 245.774 0.393588 0.500002 7.34296e-05 0.250662 7.31989e-05 
379 15.1199 0.0133512 247.025 0.430575 0.499995 7.53595e-05 0.250654 7.43475e-05 
380 15.1592 0.0128384 248.265 0.417433 0.499996 7.98012e-05 0.250653 7.95762e-05 
381 15.2015 0.0138217 249.6 0.439439 0.500003 7.23205e-05 0.250658 7.19153e-05 
382 15.2425 0.012274 250.905 0.392831 0.500005 7.04286e-05 0.250658 7.03532e-05 
383 15.2834 0.0124975 252.198 0.406427 0.500008 7.29588e-05 0.25066 7.29177e-05 
384 15.322 0.0126136 253.43 0.411854 0.499996 7.23259e-05 0.250646 7.2131e-05 
385 15.3626 0.0134491 254.742 0.448074 0.499981 7.47358e-05 0.250629 7.4571e-05 
386 15.4024 0.0122791 256.019 0.403435 0.499972 7.18364e-05 0.250619 7.1708e-05 
387 15.4416 0.0120972 257.288 0.415627 0.49996 7.57288e-05 0.250606 7.61056e-05 
388 15.4821 0.0124702 258.59 0.408401 0.499954 7.40758e-05 0.250598 7.38788e-05 
389 15.5223 0.0123733 259.899 0.407496 0.499959 7.69007e-05 0.250601 7.66769e-05 
390 15.5623 0.0135972 261.177 0.451175 0.499966 8.0379e-05 0.250607 8.00722e-05 
391 15.6025 0.012453 262.49 0.409834 0.499964 7.41117e-05 0.250604 7.40179e-05 
392 15.6404 0.013997 263.723 0.45097 0.499954 8.01822e-05 0.250593 7.97018e-05 
393 15.6817 0.0136762 265.064 0.45002 0.499962 7.63366e-05 0.250599 7.58612e-05 
394 15.7244 0.0129332 266.454 0.429988 0.499975 7.6714e-05 0.250609 7.66597e-05 
395 15.7656 0.013665 267.812 0.455974 0.49999 7.60738e-05 0.250622 7.62722e-05 
396 15.8036 0.0133185 269.041 0.437404 0.499977 7.71111e-05 0.250607 7.66353e-05 
397 15.8464 0.0142438 270.453 0.471811 0.499983 8.41753e-05 0.250613 8.38972e-05 
398 15.8863 0.0143738 271.772 0.472806 0.499991 8.16558e-05 0.250619 8.15242e-05 
399 15.9264 0.0130944 273.093 0.447595 0.499983 8.0696e-05 0.25061 8.0667e-05 
400 15.9643 0.0130485 274.362 0.43707 0.499968 7.9537e-05 0.250594 7.94214e-05 
401 16.0018 0.0132962 275.588 0.452468 0.499965 7.50291e-05 0.25059 7.52153e-05 
402 16.0414 0.0136658 276.896 0.461809 0.499967 8.21392e-05 0.25059 8.19881e-05 
403 16.0856 0.0137489 278.367 0.472588 0.499974 9.16006e-05 0.250595 9.15337e-05 
404 16.1262 0.0135792 279.726 0.468934 0.499969 9.12248e-05 0.250587 9.14104e-05 
405 16.1662 0.0139494 281.063 0.478022 0.499975 9.13458e-05 0.250592 9.1763e-05 
406 16.2069 0.0134692 282.435 0.461894 0.499966 8.32194e-05 0.250582 8.38981e-05 
407 16.2451 0.0132572 283.728 0.461742 0.499974 7.90582e-05 0.250589 7.89536e-05 
408 16.283 0.0136298 285.013 0.47062 0.499972 7.79648e-05 0.250586 7.83319e-05 
409 16.3219 0.0136636 286.324 0.474899 0.499969 7.9315e-05 0.250581 7.94357e-05 
410 16.3617 0.0136296 287.677 0.472645 0.499966 8.04938e-05 0.250577 8.01754e-05 
411 16.3997 0.0133957 288.956 0.463708 0.499963 7.94586e-05 0.250573 7.94846e-05 
412 16.4433 0.0140417 290.444 0.49137 0.499971 8.65767e-05 0.250579 8.64086e-05 
413 16.482 0.0139801 291.764 0.486816 0.499958 7.88504e-05 0.250564 7.87986e-05 
414 16.5212 0.0137563 293.11 0.48786 0.499948 7.66968e-05 0.250552 7.66761e-05 
415 16.5598 0.0138291 294.444 0.484653 0.499947 8.1583e-05 0.25055 8.14589e-05 
416 16.6008 0.0139409 295.844 0.495411 0.499946 7.871e-05 0.250548 7.84379e-05 
417 16.6429 0.0140313 297.318 0.491726 0.499956 7.89058e-05 0.250556 7.88126e-05 
418 16.6813 0.0133409 298.633 0.469109 0.49995 8.52415e-05 0.250549 8.49852e-05 
419 16.719 0.0142565 299.956 0.502105 0.499948 8.19972e-05 0.250546 8.18234e-05 
420 16.7591 0.015708 301.356 0.560636 0.499939 8.64924e-05 0.250536 8.57702e-05 
421 16.797 0.0146669 302.656 0.524875 0.499931 7.60936e-05 0.250526 7.61133e-05 
422 16.844 0.0148495 304.282 0.533001 0.499944 8.8308e-05 0.250537 8.83658e-05 
423 16.8823 0.0147021 305.641 0.525538 0.499941 9.3105e-05 0.250532 9.29248e-05 
424 16.92 0.0141768 306.962 0.506394 0.499935 9.06837e-05 0.250525 9.06525e-05 
425 16.9562 0.0144549 308.237 0.523546 0.499941 8.67388e-05 0.25053 8.72154e-05 
426 16.998 0.0141545 309.696 0.517352 0.499946 8.45976e-05 0.250534 8.51668e-05 
427 17.0397 0.0145883 311.177 0.532048 0.499952 7.6632e-05 0.250538 7.66642e-05 
428 17.0812 0.0150282 312.661 0.554059 0.499967 7.61002e-05 0.250552 7.61249e-05 
429 17.1218 0.0151978 314.082 0.554327 0.49998 8.49016e-05 0.250563 8.53331e-05 
430 17.1616 0.0149382 315.484 0.548539 0.499969 8.49072e-05 0.250551 8.53469e-05 
431 17.2016 0.0149375 316.897 0.547587 0.499968 8.41754e-05 0.250549 8.47244e-05 
432 17.2436 0.0143899 318.388 0.531374 0.49998 8.63144e-05 0.250559 8.67747e-05 
433 17.2891 0.0151451 319.995 0.551759 0.49999 9.06105e-05 0.250568 9.15448e-05 
434 17.3298 0.0157369 321.469 0.591685 0.499988 9.79556e-05 0.250565 9.85904e-05 
435 17.3654 0.015753 322.766 0.58178 0.499986 9.72176e-05 0.250561 9.80458e-05 
436 17.4043 0.0157307 324.175 0.585093 0.499984 9.57446e-05 0.250558 9.63251e-05 
437 17.4426 0.0169455 325.56 0.620543 0.499978 8.93584e-05 0.25055 8.95362e-05 
438 17.484 0.017353 327.064 0.63641 0.49998 8.93906e-05 0.250551 8.95243e-05 
439 17.5233 0.0165456 328.497 0.607713 0.499978 8.84309e-05 0.250548 8.84266e-05 
440 17.5612 0.0165155 329.855 0.612803 0.499965 8.9466e-05 0.250534 8.95246e-05 
441 17.6013 0.0157218 331.324 0.589458 0.499957 8.46422e-05 0.250525 8.43252e-05 
442 17.6385 0.0166209 332.659 0.620324 0.499938 8.03751e-05 0.250504 8.03594e-05 
443 17.6785 0.0167343 334.111 0.627726 0.499942 8.69953e-05 0.250507 8.71788e-05 
444 17.7201 0.0163457 335.585 0.607723 0.499931 9.10751e-05 0.250493 9.18775e-05 
445 17.7635 0.0156322 337.198 0.588896 0.499946 0.000110513 0.250507 0.000110966 
446 17.8042 0.0181785 338.71 0.683214 0.499941 0.000112278 0.250501 0.000112996 
447 17.8427 0.0160273 340.129 0.592982 0.49994 0.000109259 0.250499 0.000109897 
448 17.8809 0.0164185 341.533 0.624065 0.499932 0.000104037 0.25049 0.000104967 
449 17.9194 0.0161216 342.971 0.602679 0.499942 0.000108871 0.250498 0.000108453 
450 17.9615 0.0175918 344.539 0.64917 0.499944 0.000107298 0.250499 0.00010704 
451 18.0006 0.0173632 345.996 0.64674 0.499946 9.88708e-05 0.2505 9.88176e-05 
452 18.0387 0.0158869 347.403 0.60764 0.499941 9.30412e-05 0.250493 9.33809e-05 
453 18.0762 0.0173952 348.809 0.668774 0.499919 9.05528e-05 0.25047 9.12698e-05 
454 18.1158 0.0172933 350.283 0.67033 0.499916 9.37633e-05 0.250466 9.47247e-05 
455 18.1582 0.0189376 351.864 0.712872 0.49993 9.72875e-05 0.250478 9.80626e-05 
456 18.2019 0.0179775 353.472 0.675084 0.499926 0.000114716 0.250473 0.000116293 
457 18.2438 0.0200418 355.062 0.756873 0.499943 0.00011074 0.250488 0.000112071 
458 18.2826 0.020447 356.495 0.759337 0.499954 0.000108032 0.250499 0.00010907 
459 18.3196 0.0194867 357.91 0.726862 0.499952 0.0001031 0.250496 0.000104028 
460 18.3594 0.0191227 359.412 0.749512 0.499948 0.000101788 0.25049 0.000101777 
461 18.3991 0.0186426 360.915 0.734028 0.499951 9.94068e-05 0.250493 9.91212e-05 
462 18.4386 0.0193548 362.41 0.740071 0.499946 0.000101785 0.250486 0.000102011 
463 18.4786 0.0184467 363.926 0.707042 0.499949 0.000109203 0.250488 0.000109455 
464 18.5173 0.0183975 365.429 0.712682 0.499958 0.000108887 0.250496 0.000109066 
465 18.5532 0.0197263 366.802 0.771068 0.499945 0.000110568 0.250482 0.000110493 
466 18.5931 0.0194795 368.328 0.755273 0.499946 0.000119952 0.250481 0.000119778 
467 18.6334 0.019667 369.874 0.780354 0.499942 0.000114424 0.250476 0.000114126 
468 18.6722 0.0208678 371.36 0.835168 0.499943 0.000114146 0.250476 0.000113764 
469 18.7122 0.0204701 372.861 0.808521 0.499932 0.000101735 0.250464 0.000101732 
470 18.7548 0.0212823 374.507 0.852255 0.49995 9.8197e-05 0.250481 9.86139e-05 
471 18.7966 0.0220388 376.129 0.879215 0.49996 0.000103091 0.25049 0.000103665 
472 18.8361 0.0212343 377.668 0.857932 0.499946 0.000114585 0.250475 0.000114972 
473 18.875 0.0215345 379.193 0.863041 0.499948 0.000117958 0.250476 0.000118444 
474 18.9135 0.0223708 380.689 0.893093 0.499936 0.000115759 0.250463 0.000116229 
475 18.953 0.0221706 382.239 0.89373 0.499936 0.000112633 0.250462 0.000113747 
476 18.9953 0.0204305 383.881 0.834889 0.499937 0.000115344 0.250461 0.000116526 
477 19.0363 0.0210718 385.486 0.864588 0.499938 0.000115126 0.250461 0.000115949 
478 19.0764 0.0220558 387.067 0.916973 0.499939 0.000121577 0.25046 0.000122388 
479 19.1144 0.0220783 388.556 0.921066 0.499941 0.000115811 0.250461 0.000116092 
480 19.1538 0.0216629 390.139 0.917637 0.499939 0.000110848 0.250458 0.000111068 
481 19.1929 0.0238638 391.638 0.98613 0.499944 0.0001098 0.250462 0.00011078 
482 19.2365 0.0242002 393.358 0.998474 0.499951 0.000114581 0.250467 0.000115712 
483 19.2744 0.0235961 394.869 0.976931 0.499949 0.000114621 0.250464 0.000115778 
484 19.3153 0.0225726 396.489 0.950683 0.499954 0.000109787 0.250468 0.000110867 
485 19.3596 0.0229766 398.236 0.94727 0.499961 9.89643e-05 0.250475 9.94445e-05 
486 19.4 0.023504 399.854 0.965074 0.499948 0.000108278 0.250462 0.000108902 
487 19.4369 0.0231099 401.35 0.929107 0.499938 0.00011587 0.25045 0.000116806 
488 19.4749 0.0250897 402.878 1.01165 0.499933 0.000114344 0.250444 0.000115299 
489 19.5126 0.0260233 404.404 1.05907 0.499915 0.000111329 0.250426 0.000112054 
490 19.5525 0.0248391 406.031 0.994774 0.499923 0.000116923 0.250432 0.000117447 
491 19.5922 0.0250525 407.637 1.01891 0.499923 0.000120887 0.250431 0.000121293 
492 19.6272 0.0223171 409.047 0.919422 0.499917 0.000126774 0.250425 0.000127001 
493 19.6683 0.0229453 410.704 0.934319 0.499922 0.000137292 0.250429 0.000137694 
494 19.7096 0.0218716 412.407 0.905978 0.499921 0.000129211 0.250426 0.000129477 
495 19.7502 0.0236272 414.073 0.955939 0.499926 0.000127712 0.25043 0.000128188 
496 19.7926 0.023003 415.794 0.933064 0.499939 0.00013145 0.250442 0.000131599 
497 19.8376 0.0213126 417.643 0.884929 0.499915 0.000129472 0.250418 0.000129808 
498 19.8777 0.0223993 419.298 0.916708 0.499916 0.000111002 0.250417 0.000111195 
499 19.9167 0.0218161 420.922 0.907667 0.499901 0.000114721 0.250401 0.000115171 
500 19.9548 0.0248727 422.474 0.966906 0.499892 0.000118138 0.250391 0.000118416 
501 19.9975 0.0254154 424.247 0.990682 0.499899 0.000121332 0.250397 0.000121999 
502 20.0392 0.0240099 425.976 0.957306 0.499898 0.000130023 0.250395 0.000131157 
503 20.0789 0.0229804 427.653 0.962583 0.499899 0.000121705 0.250395 0.00012301 
504 20.1154 0.0221348 429.175 0.937587 0.499898 0.000119621 0.250393 0.000119794 
505 20.1518 0.022964 430.713 0.950377 0.499895 0.000127823 0.25039 0.000127476 
506 20.1905 0.0249877 432.32 1.03383 0.499893 0.000120502 0.250387 0.000120654 
507 20.2334 0.0229594 434.128 0.955234 0.499894 0.00010569 0.250387 0.000105586 
508 20.2733 0.0220921 435.776 0.934075 0.499899 0.000100957 0.250392 0.000100677 
509 20.312 0.0232077 437.379 0.984886 0.499897 0.000104373 0.250388 0.000103919 
510 20.3527 0.0241706 439.095 1.00679 0.4999 0.00011146 0.25039 0.000110851 
511 20.3917 0.0261051 440.734 1.1041 0.499901 0.000106092 0.250391 0.000105595 
512 20.4299 0.0248018 442.338 1.04674 0.499901 0.000106072 0.250389 0.000106409 
513 20.4737 0.0264726 444.207 1.10141 0.499885 0.000111761 0.250373 0.000111387 
514 20.5117 0.0255945 445.81 1.07933 0.499905 0.000107699 0.250391 0.000107428 
515 20.5524 0.0247167 447.522 1.03226 0.49991 0.00010604 0.250396 0.000105311 
516 20.5927 0.0263824 449.225 1.10058 0.499905 0.000104084 0.250391 0.000104317 
517 20.6307 0.0250132 450.846 1.05489 0.499923 0.00010881 0.250407 0.000108144 
518 20.6718 0.0242222 452.572 1.0288 0.499905 0.000110132 0.250389 0.000109427 
519 20.7109 0.0242486 454.264 1.03284 0.499909 0.000109194 0.250392 0.000108848 
520 20.7541 0.0268898 456.083 1.14187 0.499921 0.000109788 0.250402 0.000109083 
521 20.7982 0.0262307 457.977 1.1182 0.499936 0.00012373 0.250415 0.000123244 
522 20.841 0.025397 459.8 1.08538 0.499921 0.000142112 0.250399 0.000141677 
523 20.8807 0.0231876 461.51 1.02446 0.499934 0.000143827 0.250412 0.000143432 
524 20.9227 0.0240701 463.319 1.05027 0.499958 0.000148335 0.250435 0.000147724 
525 20.9664 0.024629 465.209 1.06912 0.499955 0.000136585 0.25043 0.000136211 
526 21.0035 0.0253734 466.808 1.10383 0.499956 0.000121439 0.250431 0.000120356 
527 21.0423 0.025396 468.451 1.09956 0.49996 0.000115545 0.250434 0.00011473 
528 21.0811 0.0239212 470.135 1.04173 0.499968 0.000110384 0.25044 0.000109447 
529 21.121 0.024397 471.87 1.05855 0.499965 0.00011081 0.250436 0.000110371 
530 21.1643 0.0255847 473.735 1.09968 0.49998 0.000111559 0.25045 0.000111266 
531 21.2118 0.0266456 475.795 1.15875 0.499949 0.000108954 0.250418 0.00010839 
532 21.2491 0.0253605 477.421 1.11816 0.499959 0.00010636 0.250427 0.000105545 
533 21.2851 0.025597 478.988 1.112 0.499958 0.000120479 0.250425 0.000119857 
534 21.3263 0.0272617 480.805 1.19194 0.499977 0.00011928 0.250444 0.000118404 
535 21.3684 0.0254955 482.663 1.13777 0.499976 0.000122546 0.250442 0.000122159 
536 21.4069 0.0260925 484.365 1.13266 0.499963 0.00011627 0.250428 0.000115259 
537 21.4467 0.0252649 486.088 1.10318 0.499961 0.000110782 0.250424 0.000110308 
538 21.4866 0.0255122 487.851 1.09143 0.499948 0.000114428 0.250411 0.000114299 
539 21.5292 0.0273025 489.769 1.19497 0.499965 0.000117309 0.250427 0.000116158 
540 21.5729 0.0255934 491.682 1.10385 0.499972 0.0001227 0.250433 0.000121831 
541 21.6242 0.0250487 493.966 1.09054 0.499952 0.000125862 0.250412 0.00012518 
542 21.665 0.024817 495.784 1.08437 0.499958 0.000146716 0.250416 0.000145828 
543 21.7016 0.0252904 497.432 1.13046 0.499957 0.000151148 0.250414 0.000150011 
544 21.7449 0.027108 499.366 1.21709 0.499964 0.000156289 0.250421 0.000155311 
545 21.7913 0.0280665 501.438 1.25373 0.499968 0.000150191 0.250424 0.000149646 
546 21.826 0.0282056 502.989 1.23826 0.499971 0.000136049 0.250427 0.00013547 
547 21.8652 0.0320535 504.723 1.40629 0.499978 0.000138693 0.250434 0.000138075 
548 21.9027 0.0331039 506.387 1.42875 0.499972 0.000138399 0.250427 0.000137951 
549 21.9447 0.0326431 508.311 1.42228 0.499962 0.000128639 0.250416 0.000128272 
550 21.9882 0.0366294 510.261 1.61579 0.499961 0.000140255 0.250414 0.000139932 
551 22.0345 0.0393225 512.315 1.72301 0.499957 0.000150386 0.250409 0.000150615 
552 22.0761 0.0374103 514.251 1.65863 0.499962 0.000160131 0.250413 0.000160189 
553 22.115 0.038298 516.037 1.68994 0.499974 0.000157671 0.250425 0.000157844 
554 22.1548 0.0402706 517.858 1.79026 0.499975 0.00015224 0.250425 0.000152054 
555 22.1932 0.0382425 519.611 1.70095 0.499984 0.000149485 0.250434 0.000149172 
556 22.2303 0.0383556 521.318 1.7077 0.499994 0.000135709 0.250442 0.000134983 
557 22.2672 0.0377057 523.001 1.67911 0.499993 0.000136003 0.250441 0.000135258 
558 22.3069 0.0352118 524.797 1.55583 0.49998 0.000126362 0.250428 0.000125401 
559 22.3431 0.0344992 526.478 1.53 0.499979 0.000121115 0.250425 0.000120675 
560 22.3842 0.0342789 528.351 1.52425 0.499978 0.000125258 0.250423 0.000124726 
561 22.4264 0.029202 530.292 1.29375 0.499975 0.000121262 0.250419 0.000120514 
562 22.4713 0.0270534 532.332 1.25316 0.49995 0.000131347 0.250394 0.000130805 
563 22.5099 0.0281196 534.135 1.30005 0.499941 0.000126865 0.250385 0.00012621 
564 22.5489 0.0297845 535.946 1.36234 0.499952 0.000130339 0.250394 0.000129983 
565 22.5877 0.0308347 537.757 1.43514 0.49995 0.000132932 0.250393 0.000132741 
566 22.6309 0.0306098 539.793 1.42854 0.499965 0.000149634 0.250406 0.000149504 
567 22.665 0.030433 541.368 1.42758 0.49996 0.000155238 0.250401 0.00015558 
568 22.7031 0.0304193 543.185 1.43624 0.499942 0.000139478 0.250382 0.000139367 
569 22.7419 0.0299835 544.993 1.40564 0.499964 0.000145872 0.250403 0.000145804 
570 22.7763 0.0307251 546.587 1.44339 0.499937 0.00013445 0.250375 0.000134594 
571 22.8193 0.0310297 548.602 1.46199 0.499933 0.0001312 0.250369 0.00013129 
572 22.8588 0.0346835 550.432 1.64874 0.499934 0.000127921 0.250369 0.000128121 
573 22.9013 0.033608 552.369 1.64522 0.499887 0.000141444 0.250321 0.000142589 
574 22.948 0.0319224 554.551 1.56495 0.499906 0.000136679 0.25034 0.000137669 
575 22.9958 0.035046 556.848 1.64793 0.499921 0.000135048 0.250355 0.000135943 
576 23.0375 0.037157 558.872 1.7493 0.499925 0.000129783 0.250358 0.000130341 
577 23.0749 0.0337742 560.633 1.67001 0.499918 0.000136727 0.250349 0.000137393 
578 23.118 0.0334083 562.682 1.58988 0.499924 0.000149244 0.250355 0.000149774 
579 23.1525 0.032781 564.304 1.55284 0.499937 0.000149649 0.250368 0.000150458 
580 23.1934 0.0353583 566.258 1.75482 0.499938 0.000174467 0.250367 0.000175474 
581 23.2288 0.033297 567.925 1.6366 0.499933 0.000170285 0.250362 0.000171065 
582 23.264 0.0331699 569.592 1.63318 0.499941 0.000169473 0.250369 0.000170215 
583 23.3049 0.0343362 571.535 1.66159 0.499947 0.000175283 0.250375 0.000175968 
584 23.345 0.034275 573.487 1.65777 0.499956 0.000167286 0.250382 0.000167785 
585 23.3849 0.0346408 575.384 1.67829 0.499954 0.000169381 0.250378 0.000169999 
586 23.4275 0.0370703 577.408 1.73648 0.499918 0.000173138 0.250342 0.000173553 
587 23.4718 0.0399389 579.528 1.88752 0.499919 0.000163932 0.250342 0.000164946 
588 23.5174 0.03747 581.733 1.79072 0.499928 0.000161091 0.250352 0.000162295 
589 23.5591 0.0373487 583.753 1.79689 0.499929 0.000168205 0.250351 0.000169163 
590 23.6006 0.0390647 585.74 1.90134 0.499947 0.000171769 0.250368 0.000172257 
591 23.6357 0.0378179 587.428 1.83983 0.499938 0.000190616 0.250358 0.000191605 
592 23.6741 0.0375958 589.326 1.82517 0.499942 0.000200191 0.250361 0.000200116 
593 23.7135 0.036347 591.229 1.80015 0.499951 0.000195673 0.250369 0.000195524 
594 23.7516 0.036312 593.092 1.78535 0.499952 0.000166747 0.250369 0.00016652 
595 23.7905 0.0370989 595 1.80988 0.499944 0.000162978 0.250361 0.000163378 
596 23.8295 0.0384717 596.927 1.8859 0.499944 0.000165484 0.25036 0.000164734 
597 23.8704 0.0406707 598.934 1.97632 0.499926 0.000153118 0.25034 0.000152458 
598 23.9148 0.0407543 601.089 1.97673 0.499936 0.0001511 0.250349 0.000150334 
599 23.9631 0.0426221 603.452 2.05433 0.499912 0.000152527 0.250325 0.00015172 
600 23.9986 0.0416639 605.196 2.03826 0.499929 0.000154408 0.250341 0.000153671 
601 24.0426 0.041878 607.333 2.0322 0.499926 0.000139282 0.250338 0.000138777 
602 24.0901 0.0425792 609.694 2.06855 0.499944 0.000152581 0.250356 0.000151793 
603 24.1311 0.0417248 611.757 2.01704 0.499948 0.00014759 0.250359 0.000147221 
604 24.1694 0.0405962 613.64 1.9636 0.499958 0.000143351 0.250368 0.000143022 
605 24.2042 0.0383672 615.401 1.90672 0.499971 0.00013522 0.25038 0.000134591 
606 24.2485 0.0411663 617.602 2.02905 0.499987 0.000138245 0.250395 0.000137894 
607 24.2859 0.0401662 619.467 1.96823 0.499997 0.000140571 0.250405 0.000140188 
608 24.3222 0.040627 621.278 1.98327 0.500002 0.000129179 0.250409 0.000128804 
609 24.3612 0.0399066 623.213 1.95296 0.499997 0.000142877 0.250403 0.000142446 
610 24.3995 0.0398988 625.091 1.95896 0.499988 0.000141426 0.250394 0.000140967 
611 24.4388 0.0393301 627.088 1.95842 0.499972 0.000144352 0.250377 0.000143956 
612 24.4795 0.0386203 629.15 1.90957 0.499965 0.000141973 0.25037 0.000141828 
613 24.5343 0.0366633 631.933 1.7647 0.49992 0.000137189 0.250324 0.00013724 
614 24.5738 0.0392844 633.926 1.90598 0.499944 0.000133166 0.250347 0.000133126 
615 24.6141 0.0376269 636.008 1.8114 0.499958 0.000140749 0.25036 0.000140409 
616 24.6522 0.0388463 637.873 1.9006 0.499966 0.000137479 0.250368 0.000136704 
617 24.691 0.0417571 639.84 2.07417 0.499973 0.000136668 0.250374 0.000136417 
618 24.7326 0.0422257 641.935 2.11745 0.500002 0.000137026 0.250402 0.000136874 
619 24.775 0.0441652 644.15 2.21717 0.499999 0.000136087 0.250398 0.000135262 
620 24.8177 0.0448668 646.274 2.24655 0.500011 0.000140095 0.250409 0.000140509 
621 24.8582 0.0436375 648.351 2.20198 0.500027 0.000142192 0.250425 0.000142697 
622 24.9006 0.0421702 650.51 2.14544 0.500032 0.0001454 0.25043 0.000145397 
623 24.9406 0.0428863 652.518 2.20555 0.500041 0.00014148 0.250438 0.000141967 
624 24.9772 0.0404593 654.408 2.08326 0.500034 0.00013821 0.250431 0.000138456 
625 25.0096 0.0403135 656.077 2.0759 0.500043 0.000167293 0.250439 0.000167213 
626 25.0411 0.0430355 657.652 2.2459 0.500024 0.00016302 0.250419 0.000162929 
627 25.0854 0.0413596 659.947 2.16051 0.500006 0.000167621 0.2504 0.000167745 
628 25.1239 0.0407787 661.854 2.12947 0.500019 0.0001615 0.250412 0.000161324 
629 25.176 0.0423479 664.554 2.18461 0.500051 0.000159776 0.250443 0.000159084 
630 25.2174 0.0398709 666.685 2.0527 0.50006 0.000156755 0.250452 0.00015611 
631 25.2554 0.0428264 668.648 2.19105 0.500065 0.000161094 0.250456 0.000162535 
632 25.2952 0.0435321 670.72 2.26087 0.500044 0.000139691 0.250434 0.000141118 
633 25.3314 0.0442606 672.585 2.31093 0.500063 0.000138919 0.250454 0.000140576 
634 25.364 0.0440419 674.275 2.34059 0.50002 0.000137337 0.25041 0.000136938 
635 25.4048 0.0438473 676.417 2.31526 0.500012 0.000135708 0.250401 0.000135393 
636 25.4459 0.0404634 678.546 2.1202 0.500001 0.000137239 0.250389 0.000136899 
637 25.4982 0.0406852 681.248 2.16239 0.500011 0.000136741 0.250399 0.000135942 
638 25.5395 0.0452715 683.445 2.39559 0.500024 0.000136029 0.250411 0.000135607 
639 25.5793 0.049799 685.527 2.67547 0.500024 0.000149506 0.25041 0.000149329 
640 25.6152 0.0473919 687.387 2.54545 0.500016 0.000154345 0.250403 0.000154458 
641 25.6505 0.0500195 689.277 2.66645 0.50002 0.000160711 0.250405 0.000160294 
642 25.6879 0.0501447 691.193 2.65747 0.500034 0.000162742 0.250419 0.000162373 
643 25.726 0.0552467 693.2 2.93272 0.500018 0.000157269 0.250403 0.000156984 
644 25.7676 0.054387 695.432 2.85879 0.500027 0.00016309 0.250411 0.000162623 
645 25.8058 0.0556126 697.446 2.91678 0.500009 0.000161578 0.250392 0.000161163 
646 25.8633 0.0546423 700.522 2.81732 0.500031 0.00015723 0.250414 0.000156249 
647 25.897 0.0551493 702.309 2.83843 0.50005 0.000150263 0.250432 0.000150088 
648 25.9362 0.0548298 704.413 2.85647 0.500047 0.000164053 0.250429 0.000163981 
649 25.9759 0.0591551 706.485 3.05517 0.500068 0.000170115 0.250449 0.000169789 
650 26.0192 0.0557563 708.789 2.88713 0.50007 0.000162955 0.25045 0.00016302 
651 26.0523 0.0525387 710.542 2.73694 0.500053 0.000166215 0.250433 0.000166809 
652 26.0923 0.0530632 712.666 2.76812 0.500028 0.000179425 0.250408 0.000179915 
653 26.1295 0.0547562 714.707 2.86923 0.500005 0.000182958 0.250384 0.000183662 
654 26.1692 0.0490173 716.851 2.53678 0.49999 0.000186673 0.250367 0.000186937 
655 26.2104 0.0465053 719.029 2.38446 0.499969 0.000189087 0.250345 0.000189238 
656 26.2659 0.0484959 722.032 2.50068 0.499997 0.000179083 0.250374 0.00017863 
657 26.3081 0.0476655 724.315 2.45236 0.499999 0.000196633 0.250374 0.000196247 
658 26.3447 0.0479253 726.306 2.47264 0.499994 0.000195654 0.250369 0.000195665 
659 26.3762 0.0503609 727.997 2.58195 0.500004 0.000192836 0.250379 0.000193377 
660 26.4182 0.0526261 730.29 2.70101 0.500006 0.000175591 0.25038 0.000176507 
661 26.4479 0.0580846 731.851 3.02292 0.499999 0.000189767 0.250373 0.000190541 
662 26.4872 0.0562372 733.98 2.9642 0.499996 0.000193039 0.25037 0.000194157 
663 26.5237 0.0561366 736.018 2.97284 0.499984 0.000205434 0.250357 0.00020664 
664 26.5674 0.05737 738.392 3.02678 0.499977 0.000204234 0.250349 0.000205746 
665 26.6275 0.0590449 741.522 3.10981 0.500024 0.000219729 0.250395 0.000221279 
666 26.6686 0.0574696 743.792 2.9979 0.500025 0.000217302 0.250395 0.000218867 
667 26.7155 0.05982 746.342 3.13137 0.500053 0.000206907 0.250422 0.000208472 
668 26.7542 0.0558896 748.49 2.92024 0.500062 0.000220588 0.250431 0.000221817 
669 26.7972 0.0544129 750.89 2.83141 0.500064 0.00021414 0.250433 0.000215547 
670 26.8389 0.05109 753.162 2.69236 0.500053 0.000205278 0.250421 0.000206886 
671 26.8723 0.054925 755.036 2.90873 0.500052 0.000201741 0.25042 0.000202767 
672 26.903 0.0502104 756.725 2.70786 0.500044 0.000191644 0.250412 0.000192446 
673 26.9362 0.0531329 758.546 2.86226 0.500007 0.0001845 0.250374 0.000185236 
674 26.9826 0.0528271 761.048 2.8867 0.500008 0.000183404 0.250374 0.000184237 
675 27.0236 0.0515223 763.363 2.83567 0.499991 0.000181907 0.250357 0.000182649 
676 27.0789 0.0497026 766.334 2.75704 0.500013 0.00018719 0.250378 0.000186439 
677 27.1141 0.0463087 768.288 2.51698 0.499996 0.000182456 0.25036 0.000183634 
678 27.1541 0.0448893 770.523 2.42224 0.49999 0.000173482 0.250353 0.000174628 
679 27.1895 0.0429089 772.463 2.34861 0.499992 0.000164554 0.250353 0.000164281 
680 27.2283 0.0441836 774.684 2.39115 0.499985 0.000177344 0.250347 0.000178929 
681 27.2709 0.0414978 777.018 2.34356 0.499983 0.000183658 0.250344 0.000184109 
682 27.3058 0.0437986 778.978 2.4037 0.499968 0.000174621 0.250329 0.000176316 
683 27.3404 0.0485627 780.928 2.70569 0.499959 0.000175418 0.25032 0.000176301 
684 27.3794 0.0520492 783.09 2.92848 0.499938 0.00017024 0.250298 0.000171123 
685 27.4248 0.0531467 785.578 2.97399 0.499928 0.000164071 0.250287 0.000164728 
686 27.4654 0.0515245 787.838 2.91345 0.499916 0.000162617 0.250274 0.000163109 
687 27.5294 0.0507617 791.374 2.91744 0.499948 0.000178734 0.250305 0.000179966 
688 27.5675 0.0513702 793.521 2.98471 0.499935 0.000185104 0.250292 0.00018629 
689 27.6048 0.0515105 795.686 2.88466 0.49992 0.000171861 0.250277 0.000172302 
690 27.6357 0.053724 797.416 2.9825 0.499918 0.000171602 0.250274 0.000171823 
691 27.6744 0.0534689 799.66 2.94186 0.499917 0.000180234 0.250272 0.000179972 
692 27.7102 0.0462412 801.672 2.61337 0.499913 0.00018524 0.250269 0.000185205 
693 27.7556 0.0463131 804.238 2.64386 0.499925 0.000179949 0.250279 0.000180013 
694 27.789 0.0470948 806.166 2.61938 0.499925 0.000188439 0.250279 0.000188949 
695 27.8267 0.0518343 808.355 2.92091 0.499933 0.0002091 0.250286 0.00020953 
696 27.8636 0.0567018 810.513 3.17908 0.499927 0.000202722 0.250281 0.000203445 
697 27.9098 0.0606144 813.125 3.4113 0.499909 0.000199784 0.250261 0.00020024 
698 27.948 0.0623609 815.281 3.53676 0.499905 0.000214054 0.250257 0.000214473 
699 28.0084 0.064669 818.701 3.69343 0.499941 0.000195453 0.250291 0.000196197 
700 28.0499 0.0640415 821.063 3.69222 0.499927 0.000193208 0.250276 0.000193469 
701 28.091 0.062587 823.418 3.59432 0.499938 0.000187545 0.250286 0.000187368 
702 28.1273 0.0666808 825.604 3.7813 0.499926 0.000192134 0.250274 0.000191377 
703 28.1686 0.0690661 827.947 3.94441 0.499932 0.000200442 0.250279 0.000199629 
704 28.2014 0.0716559 829.864 4.1079 0.499937 0.000204318 0.250284 0.000205818 
705 28.2432 0.072594 832.281 4.19104 0.499937 0.000223318 0.250283 0.000224851 
706 28.2818 0.0758074 834.473 4.3697 0.499917 0.000232427 0.250262 0.000234425 
707 28.3146 0.0729994 836.439 4.19465 0.499913 0.000219394 0.250258 0.000219675 
708 28.3427 0.0725513 838.11 4.16173 0.49991 0.00021667 0.250255 0.000216038 
709 28.3788 0.0727528 840.193 4.19741 0.499887 0.000193455 0.250232 0.000193781 
710 28.4207 0.0639039 842.619 3.681 0.499872 0.000200925 0.250217 0.000200472 
711 28.4484 0.0613993 844.228 3.48938 0.499869 0.000202116 0.250212 0.000202037 
712 28.5101 0.0667164 847.82 3.77195 0.499904 0.000211114 0.250246 0.000212632 
713 28.5431 0.0733878 849.74 4.17306 0.499916 0.000194825 0.250257 0.000196376 
714 28.5835 0.0688826 852.073 3.91929 0.499901 0.000192845 0.250242 0.000194629 
715 28.635 0.0674088 855.111 3.86481 0.499876 0.000189231 0.250216 0.000190553 
716 28.6767 0.0622511 857.583 3.58321 0.499876 0.000184221 0.250216 0.00018601 
717 28.7159 0.0629765 859.842 3.59324 0.49987 0.000179347 0.250209 0.000178938 
718 28.7496 0.0679575 861.749 3.94663 0.499848 0.000178384 0.250186 0.000178025 
719 28.7913 0.0619699 864.237 3.51644 0.499855 0.000195848 0.250194 0.00019686 
720 28.8239 0.0615657 866.111 3.49719 0.499873 0.000206574 0.250212 0.000207866 
721 28.8712 0.0640921 868.909 3.69662 0.499869 0.000196274 0.250207 0.000196994 
722 28.907 0.0686937 871.062 3.93916 0.499866 0.0001869 0.250204 0.000186935 
723 28.9436 0.0652635 873.118 3.80225 0.49986 0.000197074 0.250198 0.000198782 
724 28.9813 0.0602435 875.418 3.49959 0.499851 0.000196608 0.250189 0.000199022 
725 29.0181 0.0628055 877.577 3.63724 0.49982 0.000193511 0.250157 0.000195766 
726 29.0924 0.0647716 881.869 3.75506 0.499842 0.000202932 0.250176 0.000204398 
727 29.1297 0.0672731 884.082 3.88927 0.49985 0.000202466 0.250183 0.000204408 
728 29.1677 0.069511 886.289 3.98788 0.499862 0.000212034 0.250195 0.000213651 
729 29.2021 0.0707613 888.353 4.05444 0.499871 0.000224014 0.250203 0.000225928 
730 29.2462 0.0658867 891.021 3.77461 0.499885 0.000226474 0.250217 0.000228169 
731 29.2883 0.0624593 893.572 3.6511 0.499863 0.000224194 0.250195 0.000225993 
732 29.3223 0.0621756 895.732 3.56654 0.499849 0.000217943 0.250181 0.000220119 
733 29.3677 0.0620409 898.471 3.56131 0.499843 0.000226102 0.250174 0.000228204 
734 29.4081 0.0626669 900.882 3.592 0.499858 0.000238171 0.25019 0.000240584 
735 29.4515 0.0605498 903.547 3.69129 0.499854 0.000230548 0.250185 0.000232466 
736 29.4905 0.0610322 905.861 3.69953 0.49985 0.000210638 0.250181 0.000210951 
737 29.5205 0.056893 907.706 3.4137 0.499849 0.000201748 0.25018 0.000202201 
738 29.5565 0.0656003 909.914 3.84958 0.499847 0.000217587 0.250177 0.000218134 
739 29.5927 0.067816 912.125 3.99789 0.499837 0.000216439 0.250167 0.000216225 
740 29.6282 0.0651499 914.303 3.88396 0.49984 0.000202077 0.25017 0.000202202 
741 29.6861 0.0644425 917.86 3.95177 0.499871 0.000222671 0.2502 0.000222897 
742 29.7256 0.0677849 920.231 4.11924 0.499878 0.000212783 0.250207 0.000213266 
743 29.7669 0.0650187 922.762 3.96697 0.499884 0.000218659 0.250213 0.000219402 
744 29.8071 0.0645239 925.206 3.92897 0.499865 0.00022145 0.250193 0.000222685 
745 29.8495 0.0644785 927.744 3.89254 0.499849 0.000245369 0.250177 0.000246203 
746 29.8857 0.0686787 929.96 4.19444 0.499866 0.000226684 0.250194 0.000227515 
747 29.9222 0.0757643 932.117 4.6118 0.499839 0.000218471 0.250167 0.000219105 
748 29.9607 0.0700211 934.51 4.20863 0.499842 0.000214474 0.25017 0.000214716 
749 29.9888 0.0696116 936.285 4.1793 0.499811 0.000199788 0.250139 0.00019994 
750 30.0431 0.0694907 939.551 4.20303 0.499879 0.00017984 0.250205 0.000179372 
751 30.0832 0.0752672 941.994 4.61915 0.499882 0.000180893 0.250208 0.00018126 
752 30.1167 0.0734439 944.042 4.56411 0.499878 0.000188498 0.250203 0.00019058 
753 30.1527 0.0717279 946.143 4.48717 0.49987 0.000185038 0.250194 0.000186032 
754 30.1975 0.0722161 948.947 4.4941 0.499849 0.000199203 0.250172 0.000200168 
755 30.2241 0.0773701 950.575 4.82789 0.499863 0.000200061 0.250186 0.000200638 
756 30.2615 0.0811709 952.943 5.03381 0.499836 0.000197629 0.25016 0.000197812 
757 30.298 0.0787981 955.18 4.89063 0.499812 0.000208192 0.250136 0.000208323 
758 30.3504 0.0812785 958.387 5.05631 0.499847 0.000204167 0.250169 0.000204768 
759 30.3899 0.0846749 960.89 5.25254 0.499846 0.000218974 0.250167 0.000219154 
760 30.424 0.0879517 963.021 5.45529 0.499831 0.000215508 0.250152 0.000216253 
761 30.4657 0.0928602 965.6 5.81205 0.499853 0.000212616 0.250174 0.000212704 
762 30.5065 0.0932643 968.08 5.84403 0.499858 0.000205787 0.250179 0.000205569 
763 30.5468 0.0916738 970.558 5.71899 0.499855 0.000208647 0.250175 0.000208276 
764 30.5855 0.0893201 972.969 5.61377 0.499874 0.000218117 0.250195 0.000217961 
765 30.6154 0.0976405 974.815 6.10475 0.499847 0.000217947 0.250168 0.000217876 
766 30.6522 0.0980213 977.133 6.08761 0.499821 0.000214094 0.250141 0.000213955 
767 30.6893 0.0949852 979.486 5.92517 0.499803 0.000223134 0.250123 0.000223186 
768 30.7504 0.0982107 983.307 6.12095 0.499856 0.000221673 0.250175 0.000221323 
769 30.7848 0.105692 985.485 6.54799 0.499846 0.000221009 0.250166 0.000219954 
770 30.8287 0.100697 988.253 6.26434 0.499848 0.000211408 0.250166 0.000210967 
771 30.8726 0.103577 991.074 6.43318 0.499835 0.000213253 0.250153 0.000212878 
772 30.9123 0.105047 993.502 6.52606 0.499858 0.000216769 0.250176 0.000216839 
773 30.9532 0.104831 996.001 6.4843 0.499862 0.000228875 0.250178 0.000228183 
774 30.9911 0.105717 998.382 6.63937 0.499886 0.000235283 0.250202 0.000234886 
775 31.023 0.109662 1000.43 6.93174 0.499846 0.000235721 0.250162 0.000235992 
776 31.0569 0.106675 1002.67 6.81323 0.499797 0.000246824 0.250112 0.000246381 
777 31.0922 0.109215 1004.95 7.03452 0.49975 0.000260547 0.250066 0.000260006 
778 31.1491 0.117109 1008.54 7.55721 0.499823 0.000291733 0.250138 0.000291464 
779 31.1813 0.120207 1010.71 7.75188 0.499818 0.000273745 0.250133 0.000272932 
780 31.2137 0.121866 1012.77 7.80221 0.499817 0.000280955 0.250132 0.000279983 
781 31.2573 0.120715 1015.61 7.76435 0.499819 0.000276221 0.250133 0.000275163 
782 31.3038 0.122572 1018.46 7.90047 0.499807 0.000289872 0.25012 0.000289133 
783 31.3357 0.119062 1020.52 7.66817 0.499804 0.000298167 0.250117 0.000297179 
784 31.3752 0.119228 1023.02 7.67991 0.499806 0.000268927 0.250119 0.000267494 
785 31.4126 0.117704 1025.47 7.61558 0.499798 0.000255495 0.250111 0.000253839 
786 31.4488 0.122985 1027.77 7.99599 0.499782 0.00024968 0.250094 0.000248187 
787 31.5083 0.118587 1031.54 7.69743 0.499853 0.000245091 0.250164 0.000243648 
788 31.5586 0.116683 1034.83 7.59172 0.499836 0.000252906 0.250147 0.000251567 
789 31.5891 0.116305 1036.89 7.55398 0.499818 0.000269051 0.250128 0.000268039 
790 31.6266 0.110338 1039.33 7.17488 0.499815 0.000257363 0.250125 0.000256618 
791 31.663 0.118723 1041.75 7.665 0.499812 0.000258219 0.250122 0.000257086 
792 31.7008 0.121649 1044.21 7.88005 0.499832 0.000256986 0.250142 0.000256297 
793 31.7406 0.117996 1046.73 7.6772 0.499779 0.000241101 0.250088 0.000240764 
794 31.7772 0.116966 1049.11 7.60686 0.499793 0.000239229 0.250103 0.000238859 
795 31.81 0.121373 1051.16 7.99653 0.499802 0.000246717 0.250112 0.000246581 
796 31.8473 0.119666 1053.55 7.83103 0.499794 0.000244637 0.250104 0.000244917 
797 31.8818 0.122583 1055.82 8.02514 0.499766 0.000253862 0.250076 0.00025446 
798 31.9418 0.118327 1059.59 7.85893 0.499858 0.000295512 0.250166 0.000296856 
