N J h steps 
7500 0.836 0 22000000000
-7178 10155
-7176 3718
-7174 7104
-7172 10875
-7170 5504
-7168 14472
-7166 2563
-7164 2480
-7162 984
-7160 2240
-7158 9546
-7156 5435
-7154 6181
-7152 314
-7150 196
-7148 3430
-7146 614
-7144 23525
-7142 8384
-7140 13890
-7138 10487
-7136 8429
-7134 8305
-7132 5147
-7130 10580
-7128 2347
-7126 7879
-7124 9012
-7122 4245
-7120 6006
-7118 4965
-7116 9550
-7114 16480
-7112 18212
-7110 10315
-7108 27323
-7106 9578
-7104 18968
-7102 17275
-7100 17156
-7098 21067
-7096 17382
-7094 21420
-7092 30310
-7090 42143
-7088 69710
-7086 56755
-7084 39031
-7082 59865
-7080 47190
-7078 38475
-7076 50982
-7074 50186
-7072 40918
-7070 50462
-7068 63700
-7066 63342
-7064 63032
-7062 64170
-7060 65231
-7058 82033
-7056 60310
-7054 70915
-7052 68040
-7050 65090
-7048 58378
-7046 78584
-7044 60370
-7042 48576
-7040 66120
-7038 49388
-7036 48437
-7034 58779
-7032 94996
-7030 87535
-7028 69099
-7026 62024
-7024 53719
-7022 65865
-7020 51451
-7018 42378
-7016 66929
-7014 63047
-7012 51901
-7010 60055
-7008 64541
-7006 83586
-7004 85298
-7002 100113
-7000 105078
-6998 116282
-6996 96939
-6994 120231
-6992 126089
-6990 104324
-6988 106764
-6986 89711
-6984 138090
-6982 154480
-6980 158274
-6978 161897
-6976 158359
-6974 142770
-6972 145990
-6970 155904
-6968 158411
-6966 153400
-6964 134466
-6962 185371
-6960 234623
-6958 215513
-6956 212824
-6954 238305
-6952 236047
-6950 216436
-6948 218301
-6946 188358
-6944 198954
-6942 186954
-6940 182477
-6938 203297
-6936 249483
-6934 273112
-6932 247246
-6930 298677
-6928 297706
-6926 325598
-6924 306817
-6922 284560
-6920 336883
-6918 287694
-6916 308720
-6914 255130
-6912 211575
-6910 230945
-6908 269585
-6906 284412
-6904 240755
-6902 258667
-6900 275906
-6898 316606
-6896 308774
-6894 328959
-6892 256700
-6890 269040
-6888 270986
-6886 261115
-6884 308586
-6882 305260
-6880 328982
-6878 325498
-6876 308337
-6874 239046
-6872 290704
-6870 289598
-6868 281983
-6866 275565
-6864 310210
-6862 267405
-6860 306517
-6858 374163
-6856 453054
-6854 401904
-6852 417973
-6850 438962
-6848 497845
-6846 435883
-6844 406989
-6842 434097
-6840 390808
-6838 416795
-6836 424901
-6834 501330
-6832 478593
-6830 390387
-6828 485842
-6826 456655
-6824 445387
-6822 455400
-6820 497308
-6818 543264
-6816 502974
-6814 518969
-6812 560312
-6810 521837
-6808 612904
-6806 589046
-6804 605702
-6802 586575
-6800 607589
-6798 679112
-6796 644541
-6794 598406
-6792 643180
-6790 662541
-6788 702688
-6786 710991
-6784 610318
-6782 682042
-6780 671168
-6778 589922
-6776 678141
-6774 793132
-6772 818346
-6770 762554
-6768 801423
-6766 778225
-6764 744746
-6762 731505
-6760 858465
-6758 843835
-6756 772541
-6754 768040
-6752 832664
-6750 830532
-6748 853933
-6746 858720
-6744 835578
-6742 784548
-6740 717887
-6738 692185
-6736 779044
-6734 685312
-6732 735337
-6730 786843
-6728 818901
-6726 824801
-6724 767520
-6722 840961
-6720 882937
-6718 888419
-6716 960045
-6714 999376
-6712 879738
-6710 899067
-6708 882517
-6706 927882
-6704 962230
-6702 955731
-6700 1018903
-6698 988156
-6696 1060173
-6694 1093538
-6692 1128318
-6690 1057065
-6688 981727
-6686 968763
-6684 1128867
-6682 1062844
-6680 1116502
-6678 1233730
-6676 1230241
-6674 1281793
-6672 1191762
-6670 1198068
-6668 1259453
-6666 1268008
-6664 1174365
-6662 1230439
-6660 1184031
-6658 1207624
-6656 1263169
-6654 1212114
-6652 1240244
-6650 1154951
-6648 1213685
-6646 1178637
-6644 1170534
-6642 1270299
-6640 1296127
-6638 1314905
-6636 1313204
-6634 1323342
-6632 1237905
-6630 1304711
-6628 1342747
-6626 1349636
-6624 1189765
-6622 1169109
-6620 1283678
-6618 1323220
-6616 1387079
-6614 1308900
-6612 1398558
-6610 1300833
-6608 1318246
-6606 1392726
-6604 1414486
-6602 1420638
-6600 1335426
-6598 1326585
-6596 1319651
-6594 1391386
-6592 1302532
-6590 1270773
-6588 1302582
-6586 1349388
-6584 1303359
-6582 1359081
-6580 1413982
-6578 1347523
-6576 1428831
-6574 1454431
-6572 1422223
-6570 1522021
-6568 1521669
-6566 1575235
-6564 1480915
-6562 1476969
-6560 1612670
-6558 1705154
-6556 1610967
-6554 1623186
-6552 1600229
-6550 1589489
-6548 1685589
-6546 1763244
-6544 1860884
-6542 1868868
-6540 1698969
-6538 1610425
-6536 1641167
-6534 1648528
-6532 1693158
-6530 1684882
-6528 1693151
-6526 1711877
-6524 1728976
-6522 1740958
-6520 1849136
-6518 1789671
-6516 1904309
-6514 1757145
-6512 1730020
-6510 1839340
-6508 1821030
-6506 1760764
-6504 1830499
-6502 1746911
-6500 1841919
-6498 1820799
-6496 1753763
-6494 1776049
-6492 1899110
-6490 1933140
-6488 1822570
-6486 1778555
-6484 1822464
-6482 1909839
-6480 1888992
-6478 1771481
-6476 1890933
-6474 1891230
-6472 1814437
-6470 1902950
-6468 1953431
-6466 2026843
-6464 1973217
-6462 1955605
-6460 1912646
-6458 1816161
-6456 1771291
-6454 1827498
-6452 1825469
-6450 1895186
-6448 1905267
-6446 2038256
-6444 2016589
-6442 1930509
-6440 1983130
-6438 2060272
-6436 2039445
-6434 1929772
-6432 2071111
-6430 2003605
-6428 2031022
-6426 1974342
-6424 1994342
-6422 1958737
-6420 2025040
-6418 1929360
-6416 1966967
-6414 2020443
-6412 2077249
-6410 2087943
-6408 2099936
-6406 2066037
-6404 2035332
-6402 1944459
-6400 2083229
-6398 2079819
-6396 2091807
-6394 2101693
-6392 2180181
-6390 2172115
-6388 2127820
-6386 2108054
-6384 2177809
-6382 2221781
-6380 2272574
-6378 2161138
-6376 2132430
-6374 2183467
-6372 2169431
-6370 2196303
-6368 2302332
-6366 2259975
-6364 2188780
-6362 2155128
-6360 2346503
-6358 2359362
-6356 2391485
-6354 2338110
-6352 2417516
-6350 2344539
-6348 2226825
-6346 2221042
-6344 2197833
-6342 2201315
-6340 2180706
-6338 2294055
-6336 2413783
-6334 2257425
-6332 2353709
-6330 2242747
-6328 2293992
-6326 2401480
-6324 2411641
-6322 2399199
-6320 2475719
-6318 2510407
-6316 2432509
-6314 2603776
-6312 2515647
-6310 2558451
-6308 2482732
-6306 2322222
-6304 2463296
-6302 2531236
-6300 2431047
-6298 2439875
-6296 2466404
-6294 2561867
-6292 2549272
-6290 2403530
-6288 2483264
-6286 2445580
-6284 2603939
-6282 2535059
-6280 2615530
-6278 2596111
-6276 2628931
-6274 2585201
-6272 2750406
-6270 2713261
-6268 2688785
-6266 2625043
-6264 2508149
-6262 2526409
-6260 2612786
-6258 2669881
-6256 2589602
-6254 2562272
-6252 2603854
-6250 2537061
-6248 2631505
-6246 2591639
-6244 2600633
-6242 2595536
-6240 2629048
-6238 2614937
-6236 2771803
-6234 2637717
-6232 2611033
-6230 2572650
-6228 2569866
-6226 2667684
-6224 2599616
-6222 2621004
-6220 2546118
-6218 2666781
-6216 2578039
-6214 2655848
-6212 2606571
-6210 2737133
-6208 2705549
-6206 2820724
-6204 2877702
-6202 2844576
-6200 2898036
-6198 2779964
-6196 2787477
-6194 2932156
-6192 3049612
-6190 3090766
-6188 3056020
-6186 2963646
-6184 3117125
-6182 2949380
-6180 2951130
-6178 2965256
-6176 3020554
-6174 3017722
-6172 2766740
-6170 2889571
-6168 2765454
-6166 2957772
-6164 3031431
-6162 2862189
-6160 2842898
-6158 2955681
-6156 3075656
-6154 3100119
-6152 3106488
-6150 2962378
-6148 2989430
-6146 2963329
-6144 3052392
-6142 3004610
-6140 3012971
-6138 2990099
-6136 2999368
-6134 2969296
-6132 3063715
-6130 3029765
-6128 2936530
-6126 2873284
-6124 2907809
-6122 2948894
-6120 3015824
-6118 2998151
-6116 3017830
-6114 2974035
-6112 3016705
-6110 3018842
-6108 3006472
-6106 2977772
-6104 3007084
-6102 3023229
-6100 3107156
-6098 2945706
-6096 3034253
-6094 3050887
-6092 3060771
-6090 3154458
-6088 3111484
-6086 3075565
-6084 3026657
-6082 2997772
-6080 3165930
-6078 3129585
-6076 3092106
-6074 3230531
-6072 3138727
-6070 3188690
-6068 3249189
-6066 3278459
-6064 3301653
-6062 3174412
-6060 3237469
-6058 3193138
-6056 3097765
-6054 3153699
-6052 3348886
-6050 3339167
-6048 3366934
-6046 3340464
-6044 3131529
-6042 3117847
-6040 3244588
-6038 3177109
-6036 3341878
-6034 3240500
-6032 3221030
-6030 3320276
-6028 3252419
-6026 3348658
-6024 3244416
-6022 3329170
-6020 3335355
-6018 3297331
-6016 3253162
-6014 3322702
-6012 3262138
-6010 3284161
-6008 3325326
-6006 3292586
-6004 3262756
-6002 3269064
-6000 3246548
-5998 3336087
-5996 3215597
-5994 3142354
-5992 3093768
-5990 3247802
-5988 3208798
-5986 3211264
-5984 3165495
-5982 3171582
-5980 3171978
-5978 3106701
-5976 3273435
-5974 3373119
-5972 3269531
-5970 3226462
-5968 3280685
-5966 3109627
-5964 3245329
-5962 3088820
-5960 3244963
-5958 3189977
-5956 3193928
-5954 3202998
-5952 3320714
-5950 3318961
-5948 3349780
-5946 3316867
-5944 3368928
-5942 3434247
-5940 3382119
-5938 3548805
-5936 3487682
-5934 3353822
-5932 3565610
-5930 3566973
-5928 3433681
-5926 3407918
-5924 3574009
-5922 3580129
-5920 3518404
-5918 3666357
-5916 3639397
-5914 3504448
-5912 3625191
-5910 3575129
-5908 3643448
-5906 3676723
-5904 3681371
-5902 3684760
-5900 3691994
-5898 3841253
-5896 3742063
-5894 3756066
-5892 3663859
-5890 3806630
-5888 3720502
-5886 3744239
-5884 3815552
-5882 3828765
-5880 3969260
-5878 3838253
-5876 3751684
-5874 3677309
-5872 3616930
-5870 3667172
-5868 3758102
-5866 3670615
-5864 3877831
-5862 3804428
-5860 3796176
-5858 3620690
-5856 3719491
-5854 3660938
-5852 3763535
-5850 3797528
-5848 3853590
-5846 3733533
-5844 3845655
-5842 3627317
-5840 3799319
-5838 3718276
-5836 3746255
-5834 3626616
-5832 3665005
-5830 3655213
-5828 3564334
-5826 3477168
-5824 3576376
-5822 3717271
-5820 3613890
-5818 3494265
-5816 3699544
-5814 3725225
-5812 3822158
-5810 3785245
-5808 3610255
-5806 3715983
-5804 3636103
-5802 3769350
-5800 3794577
-5798 3679358
-5796 3755074
-5794 3761520
-5792 3854214
-5790 3802564
-5788 3786853
-5786 3677627
-5784 3816792
-5782 3904040
-5780 3754935
-5778 3656056
-5776 3856997
-5774 3817381
-5772 3689602
-5770 3687281
-5768 3721868
-5766 3726957
-5764 3702696
-5762 3721083
-5760 3756877
-5758 3843611
-5756 3848203
-5754 3865980
-5752 3884132
-5750 3889221
-5748 3874643
-5746 4144523
-5744 4007930
-5742 4054821
-5740 3902265
-5738 3967432
-5736 3977310
-5734 4122369
-5732 3924940
-5730 3924311
-5728 3926116
-5726 3887277
-5724 4027976
-5722 4027753
-5720 4010391
-5718 4024111
-5716 3957785
-5714 4033809
-5712 4087561
-5710 3907503
-5708 3908917
-5706 3829340
-5704 3971771
-5702 3921853
-5700 4081541
-5698 3945772
-5696 3771213
-5694 3915970
-5692 4043416
-5690 3982606
-5688 3815568
-5686 3742429
-5684 3818775
-5682 3918962
-5680 4066307
-5678 3987210
-5676 3883490
-5674 3980278
-5672 4096782
-5670 4006141
-5668 3997787
-5666 3834340
-5664 3763828
-5662 3894932
-5660 3945849
-5658 4019216
-5656 4002596
-5654 3954537
-5652 3919026
-5650 3988834
-5648 3897266
-5646 3908432
-5644 3946802
-5642 4066713
-5640 4069638
-5638 3953693
-5636 3898089
-5634 3891369
-5632 3891711
-5630 3909263
-5628 3688973
-5626 3783871
-5624 3932546
-5622 3897798
-5620 3896063
-5618 3998285
-5616 3944503
-5614 4106706
-5612 4139045
-5610 4114590
-5608 4150301
-5606 4151370
-5604 4099305
-5602 4047511
-5600 4032645
-5598 4012578
-5596 4238197
-5594 4154724
-5592 4047287
-5590 4146289
-5588 4458855
-5586 4354209
-5584 4409638
-5582 4251272
-5580 4070657
-5578 4115870
-5576 4232954
-5574 4149959
-5572 4201772
-5570 4162313
-5568 4080522
-5566 4159625
-5564 4227752
-5562 4249946
-5560 4210027
-5558 4069142
-5556 4093385
-5554 4100786
-5552 4045237
-5550 3989298
-5548 3957730
-5546 4105762
-5544 4116273
-5542 4104920
-5540 4141932
-5538 4251857
-5536 4146300
-5534 4273781
-5532 4280684
-5530 4343764
-5528 4194857
-5526 4178557
-5524 4229905
-5522 4181381
-5520 4230283
-5518 4225952
-5516 4197622
-5514 4188834
-5512 4264083
-5510 4088489
-5508 4203734
-5506 4263722
-5504 4113646
-5502 4311772
-5500 4154152
-5498 4145395
-5496 4121777
-5494 4188034
-5492 4230215
-5490 4154248
-5488 4074591
-5486 4288781
-5484 4131651
-5482 4258143
-5480 4091866
-5478 4284763
-5476 4102442
-5474 4053623
-5472 4156636
-5470 4063975
-5468 4005876
-5466 4112051
-5464 4040049
-5462 4111092
-5460 4020247
-5458 4127869
-5456 4239980
-5454 4240167
-5452 4175651
-5450 4094619
-5448 4215105
-5446 4117115
-5444 4211477
-5442 4179319
-5440 4295754
-5438 4193369
-5436 4268393
-5434 4295758
-5432 4163483
-5430 4067819
-5428 4209314
-5426 4275694
-5424 4211540
-5422 4222051
-5420 4071604
-5418 4121414
-5416 4074653
-5414 4210035
-5412 4083742
-5410 4179135
-5408 4257595
-5406 4243587
-5404 4169045
-5402 4235038
-5400 4237121
-5398 4338188
-5396 4406884
-5394 4220904
-5392 4277215
-5390 4321124
-5388 4455366
-5386 4290657
-5384 4166912
-5382 4326228
-5380 4245267
-5378 4219316
-5376 4166355
-5374 4136545
-5372 4187957
-5370 4165420
-5368 4047798
-5366 4111420
-5364 4185474
-5362 4173182
-5360 4250463
-5358 4255589
-5356 4302335
-5354 4158556
-5352 4183536
-5350 4251483
-5348 4240847
-5346 4252900
-5344 4381073
-5342 4303987
-5340 4216831
-5338 4383787
-5336 4223979
-5334 4227839
-5332 4232510
-5330 4256294
-5328 4247200
-5326 4322540
-5324 4235519
-5322 4151885
-5320 4230185
-5318 4407000
-5316 4423298
-5314 4268862
-5312 4441111
-5310 4348442
-5308 4401704
-5306 4309503
-5304 4483912
-5302 4459708
-5300 4232901
-5298 4336795
-5296 4458324
-5294 4319133
-5292 4165343
-5290 4237116
-5288 4152540
-5286 4330795
-5284 4221742
-5282 4290100
-5280 4248663
-5278 4180515
-5276 4248808
-5274 4166034
-5272 4185995
-5270 4145625
-5268 4114869
-5266 4134652
-5264 4009239
-5262 3896324
-5260 3874538
-5258 3902421
-5256 3983772
-5254 3884861
-5252 3943181
-5250 4006087
-5248 4119782
-5246 4121472
-5244 4109933
-5242 4220584
-5240 4309521
-5238 4325106
-5236 4303446
-5234 4405463
-5232 4327096
-5230 4370144
-5228 4292707
-5226 4291648
-5224 4324767
-5222 4273910
-5220 4380659
-5218 4303483
-5216 4232850
-5214 4264322
-5212 4320278
-5210 4493174
-5208 4303151
-5206 4365585
-5204 4218995
-5202 4184585
-5200 4170307
-5198 4164175
-5196 4258336
-5194 4271379
-5192 4237142
-5190 4325657
-5188 4331565
-5186 4217882
-5184 4225066
-5182 4244376
-5180 4120749
-5178 4310054
-5176 4250138
-5174 4265922
-5172 4207272
-5170 4189055
-5168 4125207
-5166 4176312
-5164 4184518
-5162 4253695
-5160 4207427
-5158 4123522
-5156 4124981
-5154 4092249
-5152 4079578
-5150 4067649
-5148 4113740
-5146 4068344
-5144 4138620
-5142 4212372
-5140 4144984
-5138 4252832
-5136 4094398
-5134 4112668
-5132 4107225
-5130 4080227
-5128 4119061
-5126 4140439
-5124 4258043
-5122 4078820
-5120 4072102
-5118 4247245
-5116 4377395
-5114 4090340
-5112 4152133
-5110 4190498
-5108 4221558
-5106 4207501
-5104 4224620
-5102 4167377
-5100 4299992
-5098 4163538
-5096 4230214
-5094 4130941
-5092 4212476
-5090 4194046
-5088 4129690
-5086 4055889
-5084 4136496
-5082 4061665
-5080 4185381
-5078 4251794
-5076 3968924
-5074 4075973
-5072 4130063
-5070 4196373
-5068 4242731
-5066 4211116
-5064 4190557
-5062 4173671
-5060 4139357
-5058 4058628
-5056 3942211
-5054 4020232
-5052 4053794
-5050 3913166
-5048 3969346
-5046 3990046
-5044 4138402
-5042 4182479
-5040 4246433
-5038 4228542
-5036 4220645
-5034 4234233
-5032 4129799
-5030 4071854
-5028 4088648
-5026 4114442
-5024 4307290
-5022 4230651
-5020 4269869
-5018 4346252
-5016 4452261
-5014 4170863
-5012 4263453
-5010 4268719
-5008 4294627
-5006 4342266
-5004 4376576
-5002 4384082
-5000 4248976
-4998 4201295
-4996 4200034
-4994 4152657
-4992 4167383
-4990 4227184
-4988 4353921
-4986 4304647
-4984 4363953
-4982 4112157
-4980 4357657
-4978 4212583
-4976 4268869
-4974 4225514
-4972 4409745
-4970 4502730
-4968 4512499
-4966 4333750
-4964 4271301
-4962 4227724
-4960 4277471
-4958 4215014
-4956 4230795
-4954 4162635
-4952 4252754
-4950 4246898
-4948 4281275
-4946 4113752
-4944 4138094
-4942 4030032
-4940 4142334
-4938 4199137
-4936 4217868
-4934 4232146
-4932 4254996
-4930 4270655
-4928 4142374
-4926 4299454
-4924 4354007
-4922 4203581
-4920 4185412
-4918 4337325
-4916 4278570
-4914 4148150
-4912 4244274
-4910 4090699
-4908 4228424
-4906 4196721
-4904 4291501
-4902 4331234
-4900 4248818
-4898 4276746
-4896 4317677
-4894 4169669
-4892 4179879
-4890 4139914
-4888 4127710
-4886 4170453
-4884 4204241
-4882 4301588
-4880 4223282
-4878 4124174
-4876 4084284
-4874 4179569
-4872 4181582
-4870 4213096
-4868 4184234
-4866 4312468
-4864 4261947
-4862 4254280
-4860 4190694
-4858 4169310
-4856 4166552
-4854 4075567
-4852 4100168
-4850 4011097
-4848 4049317
-4846 4075258
-4844 3992926
-4842 3896663
-4840 3983221
-4838 4026262
-4836 3931011
-4834 3958921
-4832 4094680
-4830 3992185
-4828 3996724
-4826 3910800
-4824 3841658
-4822 3839110
-4820 3823648
-4818 3951185
-4816 4007315
-4814 4060151
-4812 4080288
-4810 4048089
-4808 4047707
-4806 4085826
-4804 4083847
-4802 4041697
-4800 4161089
-4798 4089832
-4796 4013606
-4794 4160606
-4792 4194313
-4790 4162534
-4788 4236524
-4786 4300265
-4784 4239913
-4782 4206398
-4780 4285429
-4778 4447819
-4776 4405099
-4774 4183308
-4772 4273784
-4770 4289020
-4768 4309045
-4766 4189970
-4764 4312113
-4762 4276223
-4760 4298224
-4758 4186492
-4756 4285586
-4754 4214210
-4752 4208513
-4750 4085273
-4748 4190753
-4746 4070255
-4744 4083381
-4742 4107518
-4740 4012485
-4738 4122673
-4736 4046676
-4734 3991307
-4732 3927851
-4730 4091231
-4728 4023756
-4726 3965191
-4724 4022380
-4722 3762214
-4720 3938150
-4718 3911467
-4716 3860111
-4714 3979934
-4712 3994603
-4710 4026418
-4708 3896177
-4706 3949761
-4704 3762435
-4702 3811914
-4700 3853046
-4698 3995047
-4696 3911122
-4694 3976887
-4692 3901676
-4690 4064560
-4688 4189689
-4686 4066315
-4684 4162448
-4682 4076742
-4680 4125259
-4678 4041318
-4676 4020581
-4674 4073748
-4672 4142976
-4670 4193535
-4668 4204667
-4666 4138694
-4664 4183456
-4662 4111025
-4660 4088047
-4658 4059598
-4656 3990356
-4654 3949825
-4652 3990853
-4650 3981328
-4648 3959155
-4646 3962636
-4644 3989831
-4642 4015249
-4640 4113154
-4638 4079456
-4636 3992571
-4634 3975367
-4632 4020302
-4630 4060287
-4628 4125403
-4626 4044674
-4624 4092673
-4622 4079357
-4620 4112005
-4618 4163511
-4616 4276107
-4614 4151802
-4612 4138621
-4610 3982967
-4608 4071603
-4606 4114376
-4604 4220322
-4602 4100976
-4600 3996980
-4598 4146396
-4596 4094102
-4594 4206990
-4592 4067736
-4590 4097008
-4588 4017521
-4586 4192141
-4584 4122812
-4582 4175011
-4580 4201266
-4578 4071046
-4576 4049962
-4574 4028091
-4572 4026043
-4570 4192345
-4568 4247446
-4566 4089569
-4564 4024688
-4562 4203604
-4560 4138426
-4558 4101831
-4556 4247437
-4554 4095442
-4552 4015399
-4550 3974969
-4548 3928535
-4546 4084465
-4544 4088582
-4542 4196192
-4540 4089035
-4538 4056798
-4536 4022856
-4534 4099291
-4532 4108406
-4530 4072451
-4528 3992489
-4526 4052774
-4524 4071422
-4522 4249632
-4520 4054039
-4518 4058833
-4516 4009449
-4514 4150128
-4512 4161962
-4510 4253046
-4508 4145586
-4506 4188383
-4504 4180470
-4502 4267223
-4500 4177175
-4498 4102406
-4496 4028601
-4494 4030358
-4492 3912956
-4490 3984244
-4488 3906182
-4486 3985821
-4484 4025462
-4482 3800438
-4480 3873276
-4478 3840008
-4476 3861204
-4474 4014710
-4472 3988960
-4470 3938350
-4468 3922800
-4466 3831402
-4464 3694311
-4462 3805324
-4460 3907964
-4458 3971342
-4456 4001350
-4454 3907493
-4452 4013460
-4450 4057131
-4448 3885514
-4446 4090348
-4444 4001874
-4442 3983616
-4440 3999045
-4438 3886071
-4436 3877712
-4434 3895163
-4432 4041301
-4430 4158808
-4428 4067889
-4426 3950290
-4424 3887790
-4422 3940804
-4420 3940439
-4418 3911295
-4416 3807470
-4414 3759748
-4412 3879757
-4410 3910564
-4408 3942567
-4406 3885911
-4404 3978651
-4402 4034610
-4400 4114979
-4398 4109511
-4396 4133885
-4394 4014894
-4392 3889398
-4390 4028703
-4388 3984339
-4386 3982234
-4384 3872705
-4382 3714697
-4380 3727477
-4378 3879396
-4376 3866361
-4374 3981928
-4372 4121368
-4370 4016107
-4368 3872527
-4366 3909237
-4364 3966590
-4362 3835320
-4360 3876307
-4358 3974664
-4356 3766512
-4354 3703362
-4352 3828182
-4350 3850504
-4348 3854246
-4346 3858544
-4344 3846861
-4342 3817086
-4340 3815775
-4338 3836796
-4336 3786802
-4334 3725868
-4332 3705038
-4330 3739567
-4328 3718534
-4326 3512553
-4324 3542881
-4322 3546276
-4320 3660997
-4318 3709776
-4316 3811574
-4314 3744378
-4312 3768212
-4310 3775447
-4308 3835475
-4306 3697726
-4304 3781818
-4302 3816070
-4300 3901594
-4298 3879518
-4296 3827938
-4294 3885895
-4292 3805234
-4290 3887126
-4288 3989705
-4286 3996636
-4284 3954056
-4282 4074512
-4280 3918537
-4278 3910661
-4276 3916394
-4274 3914705
-4272 3754821
-4270 3957797
-4268 3859169
-4266 3869857
-4264 3908403
-4262 3842345
-4260 3869617
-4258 3824693
-4256 3837383
-4254 3845836
-4252 3761567
-4250 3830642
-4248 3715859
-4246 3760309
-4244 3929964
-4242 3894674
-4240 3970736
-4238 3935644
-4236 3953491
-4234 3974933
-4232 3917154
-4230 3940082
-4228 3888161
-4226 3951651
-4224 4002827
-4222 3908179
-4220 3931269
-4218 3896176
-4216 3882555
-4214 3836538
-4212 3923988
-4210 3833443
-4208 3754088
-4206 3833907
-4204 3807863
-4202 3766901
-4200 3808294
-4198 3838251
-4196 3953218
-4194 3855453
-4192 3878904
-4190 3967176
-4188 3887715
-4186 3973198
-4184 4006369
-4182 4080179
-4180 4105357
-4178 3969463
-4176 3884909
-4174 3822823
-4172 3839812
-4170 3837942
-4168 3965684
-4166 3773291
-4164 3773960
-4162 3808592
-4160 3792243
-4158 3774466
-4156 3694433
-4154 3755481
-4152 4024171
-4150 3667048
-4148 3769583
-4146 3693942
-4144 3716517
-4142 3609431
-4140 3698351
-4138 3771969
-4136 3854587
-4134 3919097
-4132 3959682
-4130 3877176
-4128 3919240
-4126 3862565
-4124 3923730
-4122 3867835
-4120 3734155
-4118 3767190
-4116 3910215
-4114 3708512
-4112 3682007
-4110 3753089
-4108 3804101
-4106 3718644
-4104 3889283
-4102 3689190
-4100 3687399
-4098 3782578
-4096 3759324
-4094 3795705
-4092 3728563
-4090 3705649
-4088 3689346
-4086 3686008
-4084 3724635
-4082 3828674
-4080 3720152
-4078 3789675
-4076 3664911
-4074 3656010
-4072 3698175
-4070 3721953
-4068 3763233
-4066 3674938
-4064 3683113
-4062 3617250
-4060 3752164
-4058 3792835
-4056 3700349
-4054 3675916
-4052 3677737
-4050 3704038
-4048 3664922
-4046 3630253
-4044 3579687
-4042 3655999
-4040 3621097
-4038 3572202
-4036 3697267
-4034 3649591
-4032 3612903
-4030 3699923
-4028 3785746
-4026 3818713
-4024 3766195
-4022 3850244
-4020 3762006
-4018 3768934
-4016 3703348
-4014 3709432
-4012 3729488
-4010 3787199
-4008 3790503
-4006 3791359
-4004 3797045
-4002 3739746
-4000 3791480
-3998 3820536
-3996 3778684
-3994 3758393
-3992 3647293
-3990 3729087
-3988 3708926
-3986 3617751
-3984 3731964
-3982 3776160
-3980 3745134
-3978 3882620
-3976 3852238
-3974 3712247
-3972 3757635
-3970 3846485
-3968 3927542
-3966 3758329
-3964 3724281
-3962 3725973
-3960 3767486
-3958 3656977
-3956 3656516
-3954 3709888
-3952 3695857
-3950 3656783
-3948 3708974
-3946 3671603
-3944 3753253
-3942 3834302
-3940 3831100
-3938 3747181
-3936 3720180
-3934 3820270
-3932 3636645
-3930 3651026
-3928 3660403
-3926 3583633
-3924 3588360
-3922 3648721
-3920 3671671
-3918 3590064
-3916 3680795
-3914 3621513
-3912 3819249
-3910 3653922
-3908 3831487
-3906 3710987
-3904 3739015
-3902 3811224
-3900 3811020
-3898 3911716
-3896 3732008
-3894 3839074
-3892 3868431
-3890 3893099
-3888 3838341
-3886 3779515
-3884 3824904
-3882 3825005
-3880 3825831
-3878 3877603
-3876 3939124
-3874 3809236
-3872 3800153
-3870 3812464
-3868 3738340
-3866 3766636
-3864 3598449
-3862 3683602
-3860 3703921
-3858 3679051
-3856 3822815
-3854 3643370
-3852 3746006
-3850 3744045
-3848 3654139
-3846 3715062
-3844 3647444
-3842 3649812
-3840 3743894
-3838 3642134
-3836 3651601
-3834 3590952
-3832 3725325
-3830 3886761
-3828 3933645
-3826 3898023
-3824 3838027
-3822 3902535
-3820 3775867
-3818 3807822
-3816 3786789
-3814 3712716
-3812 3660528
-3810 3828929
-3808 3870608
-3806 3838099
-3804 3753517
-3802 3712758
-3800 3699979
-3798 3689131
-3796 3638998
-3794 3566036
-3792 3487673
-3790 3602139
-3788 3540896
-3786 3533609
-3784 3572501
-3782 3567857
-3780 3668099
-3778 3571108
-3776 3559461
-3774 3596496
-3772 3512430
-3770 3589031
-3768 3572527
-3766 3648215
-3764 3752003
-3762 3725209
-3760 3660554
-3758 3678538
-3756 3659809
-3754 3575190
-3752 3651684
-3750 3643993
-3748 3564902
-3746 3541514
-3744 3572258
-3742 3418369
-3740 3610479
-3738 3709110
-3736 3612450
-3734 3622092
-3732 3712435
-3730 3568593
-3728 3501323
-3726 3519144
-3724 3571592
-3722 3592231
-3720 3657966
-3718 3684611
-3716 3635438
-3714 3629900
-3712 3566063
-3710 3565762
-3708 3708490
-3706 3697547
-3704 3578231
-3702 3683681
-3700 3537213
-3698 3529031
-3696 3644620
-3694 3556197
-3692 3629103
-3690 3641330
-3688 3584215
-3686 3574313
-3684 3546977
-3682 3529880
-3680 3444313
-3678 3417560
-3676 3406631
-3674 3528188
-3672 3453225
-3670 3555013
-3668 3401868
-3666 3472831
-3664 3475982
-3662 3387665
-3660 3535425
-3658 3374476
-3656 3445777
-3654 3368850
-3652 3487744
-3650 3427304
-3648 3457743
-3646 3433908
-3644 3422698
-3642 3531348
-3640 3566327
-3638 3477700
-3636 3486096
-3634 3484846
-3632 3439858
-3630 3436736
-3628 3592440
-3626 3625552
-3624 3613185
-3622 3627362
-3620 3628204
-3618 3644183
-3616 3655698
-3614 3682994
-3612 3579458
-3610 3640130
-3608 3529146
-3606 3645433
-3604 3555616
-3602 3516531
-3600 3528767
-3598 3594887
-3596 3601450
-3594 3457118
-3592 3423242
-3590 3478509
-3588 3522852
-3586 3498864
-3584 3565192
-3582 3471413
-3580 3443506
-3578 3430756
-3576 3419111
-3574 3389930
-3572 3441738
-3570 3506760
-3568 3410524
-3566 3414054
-3564 3403924
-3562 3239668
-3560 3342412
-3558 3263013
-3556 3212805
-3554 3288931
-3552 3279989
-3550 3314231
-3548 3190106
-3546 3269200
-3544 3286528
-3542 3393586
-3540 3337415
-3538 3249124
-3536 3239533
-3534 3208531
-3532 3314982
-3530 3392714
-3528 3363034
-3526 3302333
-3524 3337661
-3522 3244666
-3520 3401211
-3518 3296859
-3516 3286608
-3514 3237176
-3512 3197820
-3510 3312888
-3508 3308376
-3506 3336852
-3504 3298651
-3502 3374021
-3500 3468740
-3498 3340984
-3496 3296030
-3494 3310107
-3492 3303792
-3490 3243377
-3488 3163429
-3486 3318284
-3484 3288150
-3482 3303641
-3480 3261833
-3478 3304726
-3476 3410532
-3474 3454907
-3472 3420326
-3470 3353375
-3468 3316765
-3466 3247925
-3464 3258612
-3462 3239612
-3460 3267181
-3458 3368227
-3456 3243824
-3454 3241661
-3452 3230771
-3450 3269136
-3448 3274079
-3446 3279317
-3444 3324050
-3442 3180691
-3440 3219389
-3438 3249839
-3436 3350616
-3434 3263454
-3432 3241550
-3430 3349142
-3428 3330150
-3426 3286417
-3424 3410223
-3422 3274893
-3420 3369143
-3418 3453210
-3416 3315308
-3414 3359017
-3412 3366936
-3410 3429852
-3408 3447405
-3406 3423525
-3404 3432928
-3402 3507124
-3400 3376612
-3398 3330143
-3396 3218868
-3394 3169064
-3392 3207524
-3390 3365393
-3388 3311418
-3386 3175639
-3384 3308481
-3382 3334323
-3380 3312186
-3378 3319570
-3376 3319097
-3374 3258706
-3372 3272321
-3370 3192735
-3368 3348276
-3366 3284141
-3364 3335368
-3362 3268880
-3360 3399550
-3358 3411371
-3356 3332411
-3354 3405026
-3352 3377657
-3350 3402932
-3348 3459170
-3346 3385542
-3344 3411843
-3342 3295057
-3340 3418548
-3338 3323884
-3336 3308627
-3334 3289030
-3332 3294210
-3330 3318562
-3328 3230636
-3326 3306108
-3324 3327723
-3322 3312714
-3320 3338454
-3318 3331271
-3316 3209328
-3314 3227264
-3312 3271561
-3310 3182181
-3308 3287472
-3306 3288088
-3304 3248396
-3302 3221204
-3300 3085715
-3298 3172144
-3296 3185560
-3294 3169409
-3292 3249374
-3290 3344919
-3288 3314414
-3286 3274971
-3284 3314905
-3282 3304403
-3280 3327471
-3278 3326087
-3276 3328218
-3274 3273774
-3272 3187666
-3270 3239472
-3268 3246551
-3266 3302559
-3264 3262728
-3262 3265983
-3260 3267476
-3258 3275049
-3256 3186578
-3254 3213117
-3252 3304732
-3250 3339463
-3248 3407017
-3246 3315128
-3244 3416454
-3242 3251750
-3240 3168242
-3238 3138927
-3236 3125162
-3234 3275821
-3232 3192673
-3230 3276090
-3228 3271577
-3226 3216267
-3224 3264990
-3222 3199265
-3220 3154569
-3218 3165028
-3216 3107537
-3214 3217614
-3212 3212427
-3210 3225618
-3208 3093413
-3206 3136201
-3204 3142776
-3202 3161792
-3200 3136424
-3198 3011332
-3196 3014989
-3194 3057344
-3192 3137636
-3190 3175631
-3188 3244244
-3186 3209721
-3184 3121319
-3182 3190878
-3180 3122296
-3178 3123252
-3176 3315894
-3174 3246176
-3172 3226755
-3170 3204957
-3168 3242094
-3166 3248583
-3164 3441259
-3162 3276329
-3160 3311188
-3158 3225343
-3156 3279531
-3154 3381435
-3152 3350490
-3150 3378760
-3148 3225791
-3146 3369697
-3144 3300669
-3142 3331963
-3140 3303108
-3138 3224194
-3136 3150586
-3134 3062817
-3132 3054853
-3130 3160166
-3128 3341810
-3126 3219913
-3124 3190247
-3122 3151942
-3120 3052862
-3118 3191704
-3116 3117867
-3114 3200040
-3112 3190820
-3110 3106126
-3108 3152595
-3106 3079396
-3104 3115813
-3102 3097273
-3100 3171340
-3098 3239567
-3096 3116732
-3094 3126437
-3092 3232178
-3090 3151940
-3088 3094197
-3086 3166942
-3084 3125729
-3082 3138110
-3080 3102780
-3078 3096527
-3076 3150008
-3074 3130760
-3072 3159693
-3070 3147797
-3068 3145803
-3066 3115452
-3064 3095296
-3062 2959422
-3060 3061306
-3058 3091925
-3056 3104634
-3054 3079352
-3052 3094129
-3050 3199509
-3048 3109114
-3046 3110657
-3044 3135984
-3042 3192255
-3040 3070184
-3038 3028497
-3036 3182354
-3034 3142642
-3032 3161600
-3030 3100091
-3028 3143294
-3026 3065595
-3024 3128476
-3022 3097587
-3020 3141380
-3018 3302872
-3016 3124872
-3014 3017167
-3012 3014766
-3010 3124055
-3008 3025905
-3006 3074896
-3004 3033830
-3002 3101892
-3000 2999363
-2998 3110234
-2996 3068774
-2994 3159050
-2992 3074829
-2990 2936624
-2988 3068657
-2986 3083118
-2984 3118718
-2982 3063943
-2980 3021511
-2978 3012273
-2976 3017249
-2974 3058619
-2972 3044321
-2970 3157258
-2968 3118809
-2966 3099130
-2964 3027729
-2962 2967263
-2960 2954429
-2958 3023989
-2956 3077662
-2954 3044100
-2952 2957559
-2950 2916338
-2948 2891366
-2946 2877870
-2944 2963753
-2942 2898671
-2940 2960425
-2938 3072684
-2936 3009249
-2934 3082751
-2932 3077592
-2930 3058261
-2928 2973524
-2926 3153102
-2924 3137681
-2922 2939348
-2920 2910365
-2918 2989527
-2916 2968788
-2914 3052541
-2912 3041449
-2910 2953964
-2908 2919332
-2906 2906381
-2904 2981383
-2902 2955262
-2900 2981575
-2898 2902236
-2896 2899518
-2894 2898448
-2892 2918101
-2890 3032618
-2888 3100046
-2886 3053347
-2884 2990609
-2882 2987881
-2880 3107528
-2878 3131367
-2876 3003979
-2874 2912511
-2872 2914230
-2870 2892687
-2868 2975571
-2866 3032051
-2864 2883066
-2862 2838520
-2860 2913115
-2858 2852644
-2856 2836394
-2854 2794142
-2852 2891899
-2850 2858454
-2848 2898897
-2846 2827213
-2844 3009448
-2842 2955812
-2840 3016636
-2838 3005091
-2836 3003475
-2834 3037439
-2832 3106012
-2830 3154515
-2828 3031542
-2826 3045283
-2824 3050306
-2822 2938824
-2820 2977163
-2818 2924834
-2816 3037300
-2814 2956393
-2812 2936562
-2810 2915770
-2808 2942618
-2806 2881662
-2804 2881595
-2802 2852697
-2800 2932706
-2798 2945005
-2796 2881675
-2794 2974008
-2792 2985262
-2790 3029836
-2788 3013207
-2786 2994671
-2784 3043631
-2782 3020943
-2780 2970138
-2778 3020623
-2776 3046409
-2774 2967891
-2772 3022114
-2770 2962792
-2768 3024918
-2766 3027385
-2764 2938565
-2762 2868308
-2760 2924008
-2758 2971689
-2756 2974809
-2754 2932877
-2752 2919180
-2750 2861393
-2748 2915465
-2746 2954015
-2744 2962646
-2742 2999737
-2740 2941746
-2738 3007738
-2736 2863607
-2734 2898391
-2732 2850884
-2730 2894695
-2728 2987233
-2726 2899405
-2724 2850272
-2722 2912998
-2720 2854929
-2718 2935165
-2716 2974754
-2714 2917306
-2712 2968196
-2710 2961284
-2708 2978149
-2706 3050332
-2704 2987631
-2702 2937447
-2700 3073427
-2698 3010341
-2696 3016745
-2694 2950550
-2692 3058814
-2690 2847805
-2688 2843498
-2686 2963557
-2684 2904320
-2682 2914737
-2680 2871651
-2678 2959892
-2676 3087863
-2674 3092355
-2672 3086872
-2670 3066408
-2668 2974776
-2666 2951816
-2664 2966000
-2662 2992472
-2660 3020017
-2658 3107796
-2656 3069573
-2654 3045100
-2652 2983686
-2650 2939954
-2648 3052622
-2646 3017810
-2644 2972944
-2642 2978284
-2640 2950812
-2638 3082673
-2636 3079791
-2634 3112358
-2632 3064797
-2630 3188708
-2628 3184313
-2626 3195203
-2624 3051454
-2622 3011438
-2620 3077965
-2618 3056839
-2616 2987075
-2614 2962251
-2612 3058318
-2610 3016689
-2608 3083626
-2606 2979322
-2604 2974957
-2602 3106644
-2600 3059003
-2598 3104063
-2596 3142342
-2594 3105401
-2592 3082243
-2590 3117452
-2588 3006494
-2586 2986803
-2584 2884822
-2582 2927259
-2580 2896612
-2578 2927138
-2576 3014605
-2574 3014850
-2572 3020376
-2570 3015355
-2568 3008753
-2566 3055415
-2564 2970120
-2562 3007246
-2560 2933406
-2558 3018813
-2556 3074738
-2554 2918191
-2552 2906208
-2550 2912393
-2548 2840885
-2546 3032876
-2544 3013114
-2542 3039251
-2540 2990304
-2538 3000615
-2536 3017074
-2534 3016062
-2532 3076336
-2530 3141481
-2528 2977676
-2526 2975779
-2524 3077810
-2522 3114904
-2520 3129276
-2518 3046750
-2516 3064580
-2514 3040106
-2512 2884048
-2510 2930307
-2508 2918407
-2506 2958268
-2504 2937421
-2502 2894089
-2500 2938156
-2498 2999072
-2496 3041738
-2494 2930221
-2492 2911556
-2490 2941869
-2488 2934453
-2486 2834602
-2484 2854175
-2482 2817689
-2480 2935823
-2478 2954536
-2476 2917958
-2474 2946001
-2472 2887653
-2470 2875351
-2468 2901329
-2466 2918069
-2464 2851563
-2462 2905630
-2460 2891684
-2458 2960544
-2456 2918375
-2454 2902152
-2452 2832800
-2450 2884896
-2448 2931396
-2446 2939735
-2444 3009993
-2442 3030248
-2440 2968360
-2438 2857399
-2436 2933648
-2434 2958669
-2432 2886833
-2430 2987118
-2428 2901308
-2426 2815354
-2424 2835083
-2422 2887316
-2420 2982509
-2418 2858702
-2416 2845820
-2414 2824597
-2412 2881794
-2410 2874937
-2408 2825431
-2406 2778122
-2404 2874886
-2402 2937526
-2400 2874653
-2398 2845895
-2396 2822672
-2394 2816337
-2392 2827721
-2390 2812864
-2388 2764567
-2386 2813624
-2384 2875272
-2382 2845155
-2380 2873856
-2378 2886283
-2376 2922869
-2374 2827339
-2372 2848008
-2370 2876345
-2368 2892013
-2366 2986930
-2364 2901523
-2362 2879644
-2360 2884447
-2358 2853216
-2356 2814317
-2354 2744007
-2352 2754316
-2350 2755869
-2348 2750780
-2346 2774186
-2344 2768879
-2342 2783322
-2340 2794838
-2338 2867049
-2336 2890881
-2334 2981992
-2332 2850740
-2330 2917874
-2328 2894868
-2326 2962378
-2324 3058553
-2322 3126077
-2320 3049977
-2318 2897728
-2316 3004625
-2314 2995453
-2312 3153356
-2310 3067887
-2308 3075943
-2306 3033736
-2304 2969348
-2302 2960336
-2300 2907730
-2298 2963948
-2296 3021501
-2294 2966453
-2292 2944685
-2290 2847272
-2288 2854513
-2286 2844342
-2284 2872658
-2282 2980495
-2280 2968509
-2278 2920214
-2276 2873504
-2274 2939325
-2272 2828570
-2270 2943125
-2268 2837949
-2266 2989349
-2264 3005956
-2262 2973312
-2260 2908233
-2258 2888311
-2256 2828825
-2254 2960000
-2252 2907687
-2250 2959591
-2248 2947955
-2246 2932596
-2244 3103987
-2242 3015242
-2240 2991340
-2238 3052334
-2236 3074744
-2234 2986257
-2232 3077124
-2230 2885116
-2228 2948084
-2226 3026488
-2224 2997444
-2222 3084720
-2220 3049788
-2218 3038629
-2216 3057097
-2214 2982138
-2212 3022348
-2210 3129627
-2208 3102085
-2206 3121894
-2204 3045354
-2202 2939685
-2200 2969448
-2198 2958666
-2196 2940646
-2194 2885825
-2192 2848931
-2190 2827139
-2188 2845500
-2186 2968271
-2184 2837580
-2182 2770392
-2180 2854922
-2178 2851611
-2176 2857688
-2174 2788303
-2172 2814278
-2170 2836845
-2168 2838170
-2166 2825695
-2164 2823694
-2162 2875206
-2160 2912215
-2158 2906052
-2156 2945805
-2154 2913038
-2152 2884170
-2150 2885522
-2148 2982417
-2146 2978399
-2144 3038478
-2142 2998997
-2140 3007257
-2138 3047634
-2136 2955592
-2134 3012055
-2132 2996413
-2130 2835759
-2128 2874822
-2126 2880446
-2124 2836300
-2122 2870063
-2120 2930607
-2118 2909258
-2116 3044547
-2114 2956194
-2112 2960140
-2110 2903701
-2108 2976696
-2106 2978726
-2104 2886557
-2102 2878498
-2100 2904396
-2098 2885913
-2096 2943678
-2094 2910395
-2092 2984932
-2090 2951058
-2088 2939072
-2086 2910651
-2084 2958475
-2082 2933512
-2080 2898295
-2078 3025856
-2076 2926700
-2074 2932574
-2072 2957839
-2070 2899283
-2068 2774042
-2066 2855153
-2064 2909137
-2062 2871719
-2060 2973796
-2058 2910614
-2056 2977907
-2054 2967506
-2052 2945241
-2050 2987632
-2048 2994271
-2046 2910741
-2044 2947374
-2042 2885385
-2040 2903487
-2038 2835853
-2036 2924714
-2034 2946028
-2032 2826928
-2030 2834726
-2028 2812736
-2026 2989676
-2024 3047382
-2022 2916550
-2020 2974448
-2018 3034935
-2016 3030212
-2014 3063895
-2012 3036354
-2010 3036539
-2008 3020128
-2006 2959235
-2004 2939862
-2002 2990349
-2000 2981909
-1998 2957004
-1996 2970202
-1994 3006949
-1992 2946491
-1990 2946123
-1988 2866681
-1986 2811487
-1984 2687340
-1982 2798411
-1980 2825064
-1978 2859948
-1976 2873033
-1974 2805119
-1972 2855917
-1970 2841441
-1968 2967207
-1966 2948373
-1964 2950480
-1962 2901444
-1960 2879202
-1958 2837608
-1956 2854815
-1954 2950986
-1952 2863406
-1950 2929642
-1948 2923639
-1946 2813399
-1944 2829303
-1942 2860955
-1940 2888330
-1938 2854543
-1936 2812877
-1934 2863447
-1932 2908746
-1930 2896214
-1928 2817210
-1926 2709367
-1924 2719374
-1922 2790480
-1920 2834694
-1918 2720344
-1916 2858730
-1914 2873818
-1912 2840855
-1910 2869083
-1908 2848525
-1906 2810484
-1904 2811585
-1902 2845797
-1900 2928220
-1898 2802416
-1896 2924147
-1894 2937494
-1892 2824328
-1890 2917870
-1888 2793195
-1886 2694097
-1884 2715986
-1882 2772500
-1880 2787047
-1878 2810727
-1876 2794985
-1874 2759063
-1872 2851417
-1870 2847952
-1868 2799568
-1866 2818624
-1864 2796808
-1862 2837637
-1860 2778010
-1858 2728518
-1856 2713453
-1854 2707126
-1852 2752334
-1850 2781326
-1848 2872656
-1846 2786033
-1844 2822655
-1842 2714976
-1840 2714520
-1838 2741867
-1836 2793116
-1834 2796038
-1832 2797612
-1830 2824201
-1828 2685983
-1826 2716747
-1824 2693303
-1822 2850986
-1820 2811102
-1818 2836910
-1816 2772015
-1814 2787946
-1812 2921633
-1810 2817919
-1808 2845676
-1806 2896629
-1804 2868436
-1802 2948344
-1800 2947725
-1798 2945760
-1796 2865671
-1794 2898356
-1792 3035318
-1790 3017849
-1788 3003450
-1786 2911794
-1784 2853320
-1782 2852635
-1780 2834736
-1778 2866225
-1776 2814799
-1774 2857434
-1772 2841032
-1770 2904822
-1768 3006086
-1766 3012395
-1764 3045542
-1762 3011981
-1760 2955838
-1758 2924253
-1756 2906698
-1754 2878079
-1752 2874892
-1750 2824826
-1748 2917159
-1746 2853862
-1744 2852050
-1742 2800178
-1740 2759148
-1738 2845280
-1736 2794752
-1734 2755345
-1732 2819807
-1730 2763108
-1728 2753909
-1726 2735332
-1724 2933839
-1722 2877766
-1720 2858041
-1718 2801291
-1716 2862688
-1714 2811173
-1712 2818599
-1710 2768192
-1708 2790270
-1706 2801778
-1704 2814806
-1702 2782472
-1700 2910621
-1698 2846183
-1696 2848325
-1694 2804176
-1692 2860465
-1690 2775287
-1688 2784077
-1686 2798854
-1684 2791227
-1682 2828737
-1680 2832796
-1678 2800223
-1676 2859796
-1674 2905705
-1672 2851563
-1670 2832386
-1668 2866684
-1666 2993307
-1664 2910657
-1662 2816383
-1660 2925870
-1658 2863440
-1656 2925915
-1654 2892871
-1652 2985528
-1650 2982958
-1648 2961624
-1646 2994314
-1644 3002078
-1642 2898947
-1640 2991037
-1638 2901294
-1636 2950178
-1634 3013076
-1632 2892682
-1630 3023686
-1628 2957237
-1626 3025830
-1624 3008327
-1622 2987768
-1620 2901817
-1618 2810289
-1616 2840263
-1614 2830579
-1612 2822978
-1610 2732657
-1608 2778240
-1606 2765444
-1604 2809059
-1602 2717082
-1600 2853613
-1598 2813042
-1596 2805653
-1594 2767206
-1592 2796138
-1590 2769272
-1588 2626628
-1586 2715543
-1584 2664737
-1582 2807076
-1580 2792284
-1578 2762245
-1576 2806594
-1574 2774151
-1572 2792584
-1570 2917780
-1568 2853831
-1566 2790415
-1564 2946846
-1562 2819454
-1560 2837480
-1558 2770273
-1556 2754782
-1554 2712946
-1552 2687616
-1550 2727546
-1548 2754952
-1546 2772973
-1544 2722034
-1542 2719021
-1540 2718114
-1538 2840076
-1536 2871476
-1534 2865275
-1532 2862985
-1530 2946266
-1528 2901470
-1526 2930242
-1524 2874153
-1522 2901914
-1520 2960337
-1518 2720624
-1516 2677205
-1514 2648542
-1512 2696661
-1510 2730923
-1508 2720267
-1506 2695619
-1504 2710571
-1502 2699333
-1500 2588268
-1498 2683035
-1496 2722407
-1494 2793366
-1492 2668014
-1490 2739241
-1488 2785336
-1486 2724663
-1484 2822280
-1482 2822140
-1480 2745317
-1478 2683365
-1476 2740225
-1474 2803478
-1472 2746077
-1470 2692237
-1468 2697468
-1466 2758085
-1464 2758563
-1462 2825112
-1460 2860168
-1458 2734121
-1456 2814211
-1454 2834495
-1452 2933552
-1450 2898942
-1448 2913088
-1446 2883269
-1444 2897434
-1442 2794844
-1440 2765306
-1438 2856583
-1436 2746969
-1434 2820798
-1432 2864734
-1430 2803761
-1428 2821476
-1426 2796334
-1424 2728572
-1422 2745467
-1420 2674906
-1418 2724913
-1416 2720736
-1414 2754926
-1412 2633984
-1410 2604435
-1408 2648020
-1406 2762824
-1404 2750795
-1402 2710363
-1400 2841839
-1398 2815143
-1396 2830026
-1394 2750987
-1392 2817109
-1390 2795831
-1388 2778382
-1386 2782699
-1384 2733547
-1382 2751627
-1380 2603865
-1378 2721198
-1376 2722589
-1374 2665539
-1372 2695549
-1370 2707445
-1368 2625059
-1366 2712490
-1364 2794135
-1362 2753972
-1360 2772160
-1358 2739832
-1356 2794212
-1354 2818919
-1352 2819094
-1350 2774376
-1348 2822964
-1346 2769803
-1344 2825580
-1342 2784777
-1340 2818861
-1338 2813071
-1336 2850076
-1334 2753692
-1332 2803641
-1330 2760096
-1328 2888644
-1326 2869173
-1324 2839781
-1322 2782465
-1320 2743996
-1318 2735968
-1316 2756142
-1314 2770066
-1312 2792508
-1310 2784890
-1308 2814730
-1306 2793440
-1304 2813844
-1302 2776773
-1300 2724909
-1298 2859305
-1296 2824677
-1294 2887217
-1292 2984803
-1290 2920469
-1288 2887960
-1286 2891486
-1284 2817123
-1282 2824010
-1280 2826481
-1278 2816789
-1276 2838318
-1274 2948656
-1272 2779308
-1270 2872541
-1268 2778319
-1266 2823391
-1264 2841709
-1262 2824328
-1260 2753941
-1258 2734602
-1256 2794697
-1254 2779718
-1252 2755544
-1250 2843539
-1248 2864648
-1246 2860545
-1244 2871874
-1242 2787866
-1240 2736581
-1238 2767733
-1236 2711483
-1234 2799609
-1232 2816000
-1230 2743136
-1228 2772022
-1226 2767846
-1224 2858295
-1222 2767499
-1220 2740992
-1218 2756313
-1216 2838560
-1214 2876201
-1212 2795062
-1210 2694979
-1208 2754998
-1206 2814071
-1204 2773764
-1202 2687795
-1200 2632740
-1198 2717816
-1196 2715983
-1194 2780925
-1192 2724079
-1190 2781811
-1188 2819352
-1186 2777951
-1184 2660860
-1182 2777762
-1180 2686559
-1178 2683905
-1176 2715505
-1174 2718367
-1172 2641880
-1170 2723929
-1168 2706606
-1166 2716980
-1164 2615984
-1162 2710529
-1160 2658487
-1158 2658134
-1156 2656775
-1154 2815770
-1152 2869396
-1150 2703949
-1148 2672563
-1146 2653908
-1144 2714283
-1142 2643506
-1140 2710010
-1138 2735253
-1136 2725844
-1134 2767372
-1132 2755903
-1130 2749900
-1128 2805310
-1126 2746219
-1124 2747979
-1122 2693631
-1120 2688222
-1118 2640902
-1116 2690185
-1114 2615661
-1112 2617622
-1110 2689395
-1108 2666557
-1106 2804493
-1104 2710856
-1102 2637066
-1100 2678516
-1098 2667416
-1096 2699588
-1094 2662536
-1092 2585058
-1090 2663702
-1088 2717437
-1086 2692892
-1084 2766570
-1082 2817290
-1080 2791388
-1078 2773789
-1076 2709145
-1074 2814955
-1072 2613054
-1070 2815682
-1068 2672687
-1066 2630194
-1064 2674372
-1062 2731223
-1060 2694184
-1058 2764586
-1056 2773787
-1054 2849065
-1052 2773109
-1050 2729300
-1048 2739884
-1046 2704670
-1044 2737144
-1042 2780958
-1040 2728897
-1038 2754494
-1036 2733807
-1034 2742379
-1032 2735738
-1030 2664885
-1028 2817065
-1026 2774958
-1024 2738479
-1022 2758605
-1020 2696104
-1018 2623424
-1016 2695900
-1014 2784866
-1012 2730650
-1010 2655730
-1008 2720540
-1006 2755809
-1004 2749825
-1002 2848259
-1000 2767949
-998 2745695
-996 2764578
-994 2825607
-992 2696323
-990 2723889
-988 2696763
-986 2746466
-984 2675336
-982 2811543
-980 2782061
-978 2692396
-976 2755159
-974 2709758
-972 2656534
-970 2727002
-968 2761248
-966 2860871
-964 2812886
-962 2733402
-960 3040764
-958 2967247
-956 2830449
-954 2862854
-952 2810617
-950 2782967
-948 2829252
-946 2791919
-944 2744600
-942 2701006
-940 2755795
-938 2663759
-936 2735856
-934 2767908
-932 2745941
-930 2680194
-928 2719935
-926 2721265
-924 2638945
-922 2628620
-920 2576547
-918 2624009
-916 2729203
-914 2712293
-912 2837505
-910 2815258
-908 2798791
-906 2836430
-904 2766810
-902 2758325
-900 2832053
-898 2855519
-896 2807701
-894 2861809
-892 2780888
-890 2745754
-888 2846913
-886 2912215
-884 2841218
-882 2775293
-880 2768968
-878 2774961
-876 2691069
-874 2669790
-872 2757388
-870 2815371
-868 2753852
-866 2774155
-864 2809211
-862 2904707
-860 2790450
-858 2751649
-856 2784290
-854 2662220
-852 2765161
-850 2791115
-848 2777118
-846 2787459
-844 2791537
-842 2737602
-840 2738837
-838 2760808
-836 2773144
-834 2852758
-832 2728923
-830 2738092
-828 2725034
-826 2748255
-824 2725368
-822 2848115
-820 2831725
-818 2863337
-816 2776519
-814 2791795
-812 2876704
-810 2779408
-808 2738205
-806 2738902
-804 2749788
-802 2696375
-800 2705856
-798 2721182
-796 2817561
-794 2894022
-792 2947794
-790 2861007
-788 2868242
-786 2841320
-784 2804133
-782 2814165
-780 2783596
-778 2640569
-776 2724471
-774 2709696
-772 2691935
-770 2688801
-768 2714510
-766 2620132
-764 2663864
-762 2630680
-760 2634456
-758 2608887
-756 2581933
-754 2676494
-752 2688856
-750 2628516
-748 2656567
-746 2658959
-744 2639650
-742 2641000
-740 2648566
-738 2647185
-736 2595750
-734 2653647
-732 2678372
-730 2638711
-728 2562712
-726 2569507
-724 2608089
-722 2621179
-720 2737408
-718 2601572
-716 2612569
-714 2628749
-712 2624335
-710 2755099
-708 2733047
-706 2708977
-704 2761883
-702 2785093
-700 2758177
-698 2700663
-696 2770360
-694 2777893
-692 2776770
-690 2705600
-688 2706178
-686 2695584
-684 2681106
-682 2670559
-680 2719903
-678 2752273
-676 2777068
-674 2660369
-672 2805365
-670 2744138
-668 2595690
-666 2700605
-664 2765071
-662 2693451
-660 2680112
-658 2775309
-656 2742771
-654 2833930
-652 2825475
-650 2754864
-648 2755015
-646 2725133
-644 2766494
-642 2763601
-640 2773467
-638 2731283
-636 2716790
-634 2763130
-632 2709905
-630 2788252
-628 2798015
-626 2802967
-624 2890587
-622 2884602
-620 2784610
-618 2823927
-616 2833873
-614 2812162
-612 2813054
-610 2746174
-608 2731269
-606 2752394
-604 2735079
-602 2833534
-600 2836636
-598 2729658
-596 2720992
-594 2813324
-592 2894555
-590 2926638
-588 2927142
-586 2925235
-584 2951022
-582 2909686
-580 2850843
-578 2863224
-576 2894828
-574 2862639
-572 2778759
-570 2901893
-568 2899612
-566 2925293
-564 2930350
-562 3081656
-560 3007166
-558 2876285
-556 2936732
-554 2919096
-552 2751688
-550 2898062
-548 2783400
-546 2751290
-544 2775192
-542 2756157
-540 2810570
-538 2760276
-536 2775265
-534 2710911
-532 2742706
-530 2837589
-528 2754582
-526 2879815
-524 2955871
-522 2906862
-520 2902274
-518 2839841
-516 2845151
-514 2926375
-512 2885250
-510 2912637
-508 2826999
-506 2736971
-504 2788920
-502 2716321
-500 2745534
-498 2741671
-496 2749774
-494 2780733
-492 2762068
-490 2728965
-488 2758051
-486 2804645
-484 2813616
-482 2820479
-480 2712164
-478 2739459
-476 2769859
-474 2751986
-472 2774902
-470 2750836
-468 2763121
-466 2814781
-464 2732361
-462 2764117
-460 2771744
-458 2715959
-456 2771969
-454 2732613
-452 2808332
-450 2645470
-448 2716359
-446 2790629
-444 2746785
-442 2715757
-440 2745506
-438 2716353
-436 2658263
-434 2551821
-432 2614497
-430 2618508
-428 2715058
-426 2637052
-424 2598555
-422 2696555
-420 2653202
-418 2688905
-416 2799053
-414 2709647
-412 2723155
-410 2666862
-408 2683336
-406 2602416
-404 2693666
-402 2780711
-400 2717223
-398 2677277
-396 2652132
-394 2681233
-392 2691779
-390 2711409
-388 2633708
-386 2817703
-384 2682606
-382 2734328
-380 2660221
-378 2727787
-376 2758481
-374 2781931
-372 2701902
-370 2732359
-368 2723854
-366 2765381
-364 2669491
-362 2720374
-360 2760151
-358 2717226
-356 2731987
-354 2601012
-352 2604689
-350 2646535
-348 2703150
-346 2725636
-344 2719662
-342 2732381
-340 2823923
-338 2800222
-336 2815926
-334 2837100
-332 2818113
-330 2829210
-328 2891024
-326 2910219
-324 2725868
-322 2723542
-320 2803145
-318 2725260
-316 2650042
-314 2779144
-312 2764090
-310 2695412
-308 2706500
-306 2674143
-304 2810716
-302 2787194
-300 2713752
-298 2810659
-296 2803880
-294 2799977
-292 2851372
-290 2867286
-288 2679473
-286 2707791
-284 2733620
-282 2729811
-280 2850663
-278 2772339
-276 2846926
-274 2736205
-272 2764308
-270 2853139
-268 2844907
-266 2888162
-264 2852434
-262 2775266
-260 2781017
-258 2922418
-256 2863798
-254 2831680
-252 2904908
-250 2787672
-248 2755547
-246 2750049
-244 2758374
-242 2817250
-240 2740372
-238 2795914
-236 2842779
-234 2880173
-232 3006720
-230 2936314
-228 2798336
-226 2895249
-224 2910858
-222 2808380
-220 2865772
-218 2932102
-216 2874543
-214 2854980
-212 2812705
-210 2838127
-208 2734479
-206 2769733
-204 2795747
-202 2850490
-200 2803127
-198 2859971
-196 2832116
-194 2811863
-192 2844900
-190 2839956
-188 2838612
-186 2845000
-184 2866231
-182 2807243
-180 2790813
-178 2826363
-176 2790858
-174 2783243
-172 2823326
-170 2761533
-168 2790442
-166 2814203
-164 2789555
-162 2783907
-160 2778154
-158 2835726
-156 2764570
-154 2704605
-152 2731715
-150 2685674
-148 2724126
-146 2643252
-144 2680809
-142 2706653
-140 2681698
-138 2681761
-136 2647487
-134 2581335
-132 2684499
-130 2655547
-128 2709850
-126 2771552
-124 2766677
-122 2660071
-120 2740339
-118 2797194
-116 2733870
-114 2814633
-112 2682260
-110 2750860
-108 2725188
-106 2681232
-104 2662727
-102 2766888
-100 2756859
-98 2836587
-96 2801706
-94 2714818
-92 2778534
-90 2750005
-88 2700746
-86 2626054
-84 2635417
-82 2611933
-80 2691624
-78 2645255
-76 2610009
-74 2761234
-72 2609428
-70 2649635
-68 2578363
-66 2646708
-64 2594731
-62 2593848
-60 2626600
-58 2542033
-56 2673303
-54 2654552
-52 2700448
-50 2613941
-48 2644388
-46 2742554
-44 2713066
-42 2750811
-40 2694677
-38 2680587
-36 2658977
-34 2644766
-32 2539323
-30 2604502
-28 2528765
-26 2672218
-24 2632893
-22 2675299
-20 2701260
-18 2784457
-16 2751098
-14 2838479
-12 2781098
-10 2823997
-8 2874779
-6 2800558
-4 2832829
-2 2880772
0 2783050
2 2759017
4 2831852
6 2809469
8 2820645
10 2818218
12 2850701
14 2734761
16 2741130
18 2736350
20 2729536
22 2711146
24 2713970
26 2765718
28 2836988
30 2717363
32 2693158
34 2678555
36 2698844
38 2632305
40 2691410
42 2699949
44 2705623
46 2624629
48 2654943
50 2589489
52 2592202
54 2639457
56 2642912
58 2643258
60 2722218
62 2649967
64 2614528
66 2645887
68 2522366
70 2686940
72 2664999
74 2702627
76 2707833
78 2672631
80 2726652
82 2596164
84 2691102
86 2723499
88 2714212
90 2733955
92 2633693
94 2634593
96 2643779
98 2768937
100 2716531
102 2741286
104 2795089
106 2840250
108 2767234
110 2841457
112 2768029
114 2783734
116 2813924
118 2743896
120 2735717
122 2650334
124 2690503
126 2661140
128 2686454
130 2698910
132 2689594
134 2653701
136 2685494
138 2712567
140 2700652
142 2668176
144 2775240
146 2735489
148 2650659
150 2701347
152 2759722
154 2775778
156 2672288
158 2697541
160 2744028
162 2720683
164 2749051
166 2727714
168 2740031
170 2731505
172 2783669
174 2729352
176 2715675
178 2850645
180 2869093
182 2928074
184 2830951
186 2847562
188 2821227
190 2819810
192 2739636
194 2706135
196 2772424
198 2747553
200 2841495
202 2744051
204 2789583
206 2791918
208 2829606
210 2764871
212 2806199
214 2890874
216 2846914
218 2871307
220 2724044
222 2780274
224 2690429
226 2672160
228 2769724
230 2750774
232 2765989
234 2711126
236 2646833
238 2758776
240 2827498
242 2797557
244 2854717
246 2887934
248 2918171
250 2820896
252 2802505
254 2777734
256 2866673
258 2821496
260 2788613
262 2755140
264 2766894
266 2731796
268 2825555
270 2840987
272 2842303
274 2803365
276 2816477
278 2869870
280 2761840
282 2806986
284 2799991
286 2769502
288 2865881
290 2796397
292 2705457
294 2733711
296 2727953
298 2662496
300 2716930
302 2615263
304 2678773
306 2682768
308 2676174
310 2706536
312 2695476
314 2770324
316 2777648
318 2758090
320 2745025
322 2707277
324 2699062
326 2671747
328 2787652
330 2724716
332 2722879
334 2646374
336 2681961
338 2639877
340 2659694
342 2756306
344 2709349
346 2624380
348 2599198
350 2652067
352 2743409
354 2735703
356 2801816
358 2761637
360 2749660
362 2766801
364 2638431
366 2719743
368 2799852
370 2819758
372 2789677
374 2779481
376 2711757
378 2716931
380 2771663
382 2815471
384 2752749
386 2789741
388 2870734
390 2809066
392 2849673
394 2817189
396 2796621
398 2783007
400 2732310
402 2797824
404 2723722
406 2728767
408 2743112
410 2758146
412 2790611
414 2922415
416 2792576
418 2728637
420 2744456
422 2691376
424 2712490
426 2701438
428 2674097
430 2795262
432 2865606
434 2859528
436 2678933
438 2719429
440 2822391
442 2754797
444 2799627
446 2712570
448 2710915
450 2703410
452 2731850
454 2643893
456 2612130
458 2668518
460 2655481
462 2715993
464 2671575
466 2671202
468 2586625
470 2662867
472 2726866
474 2601873
476 2685178
478 2662112
480 2589077
482 2573692
484 2611719
486 2604764
488 2658731
490 2638593
492 2588488
494 2638670
496 2669204
498 2662949
500 2766186
502 2808727
504 2834042
506 2789101
508 2751609
510 2642309
512 2739514
514 2783697
516 2719184
518 2734744
520 2731770
522 2617066
524 2615880
526 2656392
528 2689792
530 2662519
532 2755416
534 2785346
536 2770132
538 2698270
540 2708158
542 2713132
544 2731312
546 2648873
548 2630296
550 2709095
552 2629280
554 2673725
556 2603096
558 2575209
560 2590246
562 2688432
564 2833954
566 2746265
568 2746915
570 2703142
572 2722016
574 2760921
576 2732427
578 2721904
580 2789146
582 2836191
584 2755735
586 2758985
588 2740299
590 2699170
592 2720581
594 2640584
596 2626782
598 2601762
600 2719002
602 2734303
604 2726411
606 2696356
608 2660251
610 2759120
612 2737444
614 2696478
616 2761544
618 2721621
620 2668533
622 2622962
624 2712136
626 2725062
628 2826872
630 2708909
632 2759693
634 2811194
636 2733295
638 2718706
640 2688280
642 2629782
644 2631115
646 2692646
648 2766676
650 2842480
652 2762750
654 2743608
656 2715705
658 2698529
660 2751564
662 2787862
664 2735879
666 2841486
668 2751574
670 2779965
672 2821647
674 2870390
676 2714405
678 2764094
680 2791654
682 2671531
684 2743928
686 2819857
688 2701717
690 2695804
692 2748999
694 2770186
696 2792995
698 2752625
700 2694680
702 2765587
704 2799450
706 2755493
708 2813223
710 2805911
712 2752071
714 2886889
716 2799309
718 2792814
720 2810142
722 2841526
724 2848732
726 2792069
728 2731476
730 2857114
732 2801540
734 2767333
736 2764813
738 2842923
740 2763433
742 2874592
744 2705865
746 2725545
748 2784232
750 2830006
752 2844498
754 2880421
756 2797244
758 2802777
760 2817485
762 2817259
764 2829281
766 2806859
768 2846725
770 2854814
772 2860725
774 2916442
776 2898178
778 2890020
780 2879803
782 2821976
784 2820619
786 2780803
788 2786608
790 2880473
792 2857417
794 2757996
796 2782673
798 2708097
800 2776199
802 2901821
804 2824021
806 2760141
808 2812365
810 2737694
812 2693055
814 2780371
816 2710807
818 2704451
820 2725953
822 2786306
824 2856911
826 2829400
828 2863940
830 2873821
832 2849964
834 2799661
836 2831462
838 2699505
840 2827766
842 2798084
844 2864186
846 2809064
848 2804982
850 2764332
852 2647518
854 2761919
856 2751548
858 2850205
860 2869698
862 2812678
864 2789069
866 2747728
868 2724245
870 2774472
872 2836609
874 2835092
876 2957856
878 2962971
880 2932529
882 2932405
884 2885538
886 2953988
888 2882046
890 2894356
892 2894487
894 2981037
896 3037181
898 2850535
900 2861977
902 2832337
904 2749661
906 2817862
908 2820511
910 2846127
912 2902662
914 2825393
916 2834859
918 2784151
920 2758413
922 2773351
924 2823411
926 2694930
928 2728880
930 2636131
932 2691305
934 2629721
936 2673304
938 2633048
940 2774796
942 2676288
944 2646902
946 2697045
948 2642096
950 2702517
952 2697663
954 2770050
956 2759291
958 2765622
960 2697889
962 2697481
964 2815889
966 2876235
968 2801581
970 2789486
972 2787967
974 2739934
976 2823470
978 2824937
980 2833795
982 2918686
984 2873624
986 2787113
988 2729470
990 2836295
992 2757078
994 2785812
996 2763086
998 2745364
1000 2805792
1002 2819559
1004 2811537
1006 2855068
1008 2865030
1010 2838181
1012 2829289
1014 2752246
1016 2705509
1018 2650135
1020 2710345
1022 2596942
1024 2680099
1026 2609091
1028 2747047
1030 2789184
1032 2796974
1034 2920756
1036 2708618
1038 2700862
1040 2675719
1042 2657280
1044 2641727
1046 2698504
1048 2774454
1050 2643759
1052 2860441
1054 2915157
1056 2774415
1058 2806346
1060 2727765
1062 2740905
1064 2778218
1066 2904223
1068 2830293
1070 2773304
1072 2814247
1074 2740912
1076 2857945
1078 2851314
1080 2946977
1082 2907269
1084 2896480
1086 2796055
1088 2780539
1090 2791475
1092 2886323
1094 2864231
1096 2817159
1098 2793452
1100 2686088
1102 2760586
1104 2721155
1106 2664264
1108 2715853
1110 2679043
1112 2604526
1114 2686806
1116 2697703
1118 2679331
1120 2640972
1122 2616862
1124 2681536
1126 2737094
1128 2766239
1130 2818392
1132 2735877
1134 2689146
1136 2609116
1138 2648161
1140 2670945
1142 2724198
1144 2691955
1146 2702805
1148 2633310
1150 2743160
1152 2744766
1154 2824028
1156 2848892
1158 2841505
1160 2676223
1162 2714024
1164 2673643
1166 2666439
1168 2699322
1170 2705871
1172 2711626
1174 2659289
1176 2708922
1178 2836071
1180 2761045
1182 2715360
1184 2733621
1186 2829689
1188 2806830
1190 2852071
1192 2711127
1194 2739797
1196 2731555
1198 2811739
1200 2853013
1202 2846737
1204 2786733
1206 2777217
1208 2836313
1210 2818589
1212 2769427
1214 2814517
1216 2769370
1218 2722052
1220 2705367
1222 2745278
1224 2816296
1226 2824502
1228 2813556
1230 2809083
1232 2804415
1234 2837455
1236 2858948
1238 3001893
1240 2966046
1242 2833809
1244 2893130
1246 2853773
1248 2842404
1250 2866454
1252 2787165
1254 2840556
1256 2716136
1258 2819281
1260 2838274
1262 2776475
1264 2853558
1266 2811781
1268 2759230
1270 2774224
1272 2739225
1274 2749739
1276 2728777
1278 2785464
1280 2806687
1282 2752668
1284 2748558
1286 2847995
1288 2724063
1290 2787410
1292 2679351
1294 2687693
1296 2759126
1298 2711608
1300 2807863
1302 2805856
1304 2863530
1306 2826328
1308 2852788
1310 2857692
1312 2919271
1314 2902409
1316 2949197
1318 2902946
1320 2942679
1322 2983304
1324 2974110
1326 2893695
1328 2805275
1330 2811239
1332 2882973
1334 2788697
1336 2766840
1338 2804262
1340 2808367
1342 2730170
1344 2740346
1346 2751010
1348 2741291
1350 2692232
1352 2793775
1354 2743205
1356 2763151
1358 2798738
1360 2761925
1362 2785369
1364 2732513
1366 2790916
1368 2689522
1370 2754587
1372 2703006
1374 2676093
1376 2736023
1378 2741517
1380 2752971
1382 2694366
1384 2780729
1386 2815307
1388 2761007
1390 2840772
1392 2681927
1394 2742052
1396 2709732
1398 2778064
1400 2784455
1402 2734100
1404 2722850
1406 2691092
1408 2741444
1410 2722364
1412 2759486
1414 2746077
1416 2717442
1418 2794925
1420 2712677
1422 2671160
1424 2726434
1426 2628293
1428 2569818
1430 2631842
1432 2617538
1434 2661242
1436 2674019
1438 2683262
1440 2700483
1442 2708828
1444 2674478
1446 2715701
1448 2779555
1450 2700022
1452 2660598
1454 2671473
1456 2639053
1458 2707782
1460 2705525
1462 2742319
1464 2623791
1466 2622032
1468 2720500
1470 2689791
1472 2807211
1474 2730738
1476 2795002
1478 2831109
1480 2840643
1482 2744309
1484 2774168
1486 2780714
1488 2810001
1490 2754222
1492 2696462
1494 2797237
1496 2713206
1498 2705995
1500 2759157
1502 2767632
1504 2837154
1506 2946082
1508 2921232
1510 2864815
1512 3006000
1514 2893584
1516 2904702
1518 2855041
1520 2819713
1522 2851111
1524 2800462
1526 2751804
1528 2664556
1530 2689566
1532 2745671
1534 2819980
1536 2839887
1538 2787111
1540 2796874
1542 2729361
1544 2846689
1546 2781190
1548 2706262
1550 2763800
1552 2691065
1554 2802951
1556 2714466
1558 2845017
1560 2766676
1562 2713557
1564 2738482
1566 2796528
1568 2909601
1570 2815161
1572 2867942
1574 2842561
1576 2871683
1578 2829261
1580 2821876
1582 2837352
1584 2835955
1586 2748704
1588 2845404
1590 2812387
1592 2775560
1594 2834772
1596 2820785
1598 2743496
1600 2834927
1602 2785689
1604 2798071
1606 2750997
1608 2706731
1610 2697555
1612 2706625
1614 2841678
1616 2966579
1618 2774982
1620 2753376
1622 2734702
1624 2770870
1626 2813411
1628 2764512
1630 2752939
1632 2856432
1634 2849437
1636 2980545
1638 2855880
1640 2760730
1642 2743905
1644 2842799
1646 2899552
1648 2862814
1650 2878435
1652 2894059
1654 2826357
1656 2803106
1658 2784962
1660 2847405
1662 2882065
1664 2949880
1666 2946321
1668 2933251
1670 3039548
1672 3018103
1674 2981522
1676 2901756
1678 2951484
1680 2957270
1682 3015560
1684 2957776
1686 2910109
1688 2864273
1690 2839778
1692 2845668
1694 2822508
1696 2845207
1698 2753501
1700 2824260
1702 2918819
1704 2858121
1706 2845215
1708 2847056
1710 2810499
1712 2893613
1714 2910837
1716 2858963
1718 2859453
1720 2850968
1722 2811529
1724 2903097
1726 2878865
1728 2897269
1730 2903164
1732 2933020
1734 2846919
1736 2888395
1738 2834819
1740 2840117
1742 2824752
1744 2795766
1746 2797003
1748 2885818
1750 2853257
1752 2882101
1754 2741119
1756 2725320
1758 2742264
1760 2800177
1762 2763671
1764 2742352
1766 2798736
1768 2776129
1770 2916827
1772 2881630
1774 2915257
1776 2904203
1778 2868440
1780 2829802
1782 2809101
1784 2691099
1786 2816041
1788 2939316
1790 2858565
1792 2842451
1794 2859690
1796 2817403
1798 2843621
1800 2870424
1802 2913175
1804 2869563
1806 2862957
1808 2865552
1810 2811975
1812 2835954
1814 2874552
1816 2965780
1818 2885329
1820 2997242
1822 2983406
1824 2919423
1826 2923964
1828 2777955
1830 2866097
1832 2814219
1834 2895376
1836 2888737
1838 2915179
1840 2904617
1842 2924174
1844 2835355
1846 2910355
1848 2765235
1850 2787275
1852 2840185
1854 2829100
1856 2935226
1858 2859464
1860 2872555
1862 2886667
1864 2859826
1866 2841950
1868 2937141
1870 2845002
1872 2830342
1874 2788043
1876 2844439
1878 2819417
1880 2891578
1882 2795137
1884 2967661
1886 2905874
1888 2832918
1890 2840348
1892 2777501
1894 2765622
1896 2759234
1898 2768075
1900 2844294
1902 2869410
1904 2852521
1906 2889759
1908 2935641
1910 2975149
1912 2824380
1914 2847100
1916 2847861
1918 2852295
1920 2875491
1922 2861109
1924 2851786
1926 2824288
1928 2864413
1930 2800281
1932 2835644
1934 2879885
1936 2811104
1938 2759726
1940 2909533
1942 2890914
1944 2906346
1946 2915305
1948 2872019
1950 2940966
1952 2933762
1954 3012441
1956 2954938
1958 2877524
1960 2840460
1962 2911732
1964 2884589
1966 2888325
1968 2895002
1970 2822797
1972 2909260
1974 2919117
1976 2976674
1978 3037161
1980 2964083
1982 2934410
1984 2912439
1986 2945369
1988 2909458
1990 2954569
1992 2879806
1994 2854795
1996 2995331
1998 3006528
2000 3012269
2002 2971066
2004 3014207
2006 2941377
2008 3070228
2010 3048197
2012 3047478
2014 3026731
2016 2796790
2018 2858274
2020 2975736
2022 2990684
2024 2973367
2026 2973405
2028 3041930
2030 3020705
2032 3009716
2034 3013882
2036 2974691
2038 2893306
2040 2975316
2042 2869590
2044 2777231
2046 2812184
2048 2859446
2050 2771882
2052 2726237
2054 2702424
2056 2787326
2058 2831137
2060 2801015
2062 2795076
2064 2904991
2066 2818074
2068 2808642
2070 2764163
2072 2865447
2074 2776301
2076 2782049
2078 2870781
2080 2871257
2082 2779227
2084 2861607
2086 2792496
2088 2795631
2090 2840179
2092 2848551
2094 2828832
2096 2815720
2098 2906363
2100 2836049
2102 2784890
2104 2845005
2106 2848264
2108 2940750
2110 2830985
2112 2748631
2114 2826513
2116 2803827
2118 2787179
2120 2820947
2122 2837534
2124 2815008
2126 2873702
2128 2964873
2130 2812420
2132 2823475
2134 2768803
2136 2737561
2138 2780653
2140 2782839
2142 2828399
2144 2808037
2146 2890715
2148 2841624
2150 2852259
2152 2823464
2154 2791252
2156 2820556
2158 2756315
2160 2768394
2162 2876184
2164 2812551
2166 2791506
2168 2712452
2170 2784246
2172 2803911
2174 2792924
2176 2727354
2178 2798130
2180 2741783
2182 2744242
2184 2785046
2186 2830052
2188 2858554
2190 2904411
2192 2924004
2194 2889114
2196 2850542
2198 2868326
2200 2932258
2202 2772441
2204 2747264
2206 2667027
2208 2710926
2210 2760010
2212 2798855
2214 2773943
2216 2804379
2218 2746621
2220 2882782
2222 2764093
2224 2792423
2226 2772063
2228 2683781
2230 2809428
2232 2897221
2234 2930447
2236 2851730
2238 2836710
2240 2908933
2242 2965236
2244 2852406
2246 2811005
2248 2793497
2250 2936960
2252 2991705
2254 2957507
2256 2848640
2258 2904015
2260 2828506
2262 2863192
2264 2903229
2266 2860788
2268 2931014
2270 2833876
2272 2807445
2274 2733465
2276 2699261
2278 2703632
2280 2648720
2282 2649999
2284 2628577
2286 2736674
2288 2665181
2290 2764315
2292 2838242
2294 2753898
2296 2696469
2298 2772979
2300 2794837
2302 2870725
2304 2761432
2306 2896812
2308 2919677
2310 2845504
2312 2940627
2314 2963546
2316 2985458
2318 2939059
2320 3016072
2322 2976608
2324 3003405
2326 2870049
2328 2909946
2330 2861563
2332 2892148
2334 2773812
2336 2818115
2338 2850132
2340 2948219
2342 2910165
2344 2986312
2346 2979111
2348 2867535
2350 2864537
2352 2810274
2354 2778615
2356 2880127
2358 2939054
2360 2870802
2362 3001378
2364 2842785
2366 2876001
2368 2962862
2370 2877155
2372 2967318
2374 2955676
2376 2817442
2378 2805021
2380 2736631
2382 2811014
2384 2775999
2386 2870050
2388 2919740
2390 2837438
2392 2928577
2394 2841848
2396 2852369
2398 2823995
2400 2778007
2402 2756288
2404 2881116
2406 2876126
2408 2880486
2410 2876466
2412 2845892
2414 2921746
2416 2828369
2418 2862762
2420 2810534
2422 2960424
2424 2961275
2426 2873142
2428 2864819
2430 2913376
2432 2974099
2434 2993180
2436 3001401
2438 2908178
2440 2887439
2442 2786840
2444 2807447
2446 2830523
2448 2828007
2450 2863583
2452 2799032
2454 2831213
2456 2833615
2458 2905206
2460 2807242
2462 3023494
2464 2856406
2466 2893989
2468 2903277
2470 2874805
2472 2851435
2474 2857904
2476 2776636
2478 2825594
2480 2755160
2482 2810554
2484 2700695
2486 2763807
2488 2829936
2490 2881622
2492 2861849
2494 2826762
2496 2827775
2498 2772686
2500 2959129
2502 2857130
2504 2811998
2506 2960305
2508 2876157
2510 2900828
2512 2933611
2514 3010121
2516 2971194
2518 2939948
2520 2804134
2522 2884499
2524 2903981
2526 2846832
2528 2874129
2530 2912669
2532 2965933
2534 2974927
2536 2971342
2538 2996131
2540 3094568
2542 3032826
2544 2906006
2546 2914805
2548 2862334
2550 2838607
2552 2786524
2554 2837893
2556 2898323
2558 2840510
2560 2886786
2562 2944075
2564 2943703
2566 3036527
2568 3066271
2570 3026737
2572 2997734
2574 3039195
2576 3031559
2578 3009097
2580 3029495
2582 3067370
2584 3043684
2586 3031739
2588 2962005
2590 2972862
2592 2901968
2594 2895159
2596 2862088
2598 2852121
2600 2851159
2602 2796759
2604 2789699
2606 2872618
2608 2869358
2610 2856670
2612 2811507
2614 2759525
2616 2834844
2618 2814434
2620 2883478
2622 2756880
2624 2783268
2626 2811830
2628 2814626
2630 2794219
2632 2846922
2634 2830002
2636 2796628
2638 2796561
2640 2818349
2642 2783750
2644 2777136
2646 2871790
2648 2881853
2650 2977054
2652 2919191
2654 2895383
2656 2987557
2658 2921238
2660 2955685
2662 2899711
2664 2958659
2666 2850721
2668 2864964
2670 2917420
2672 2982461
2674 2903993
2676 2955190
2678 2923910
2680 2902713
2682 2928009
2684 2918468
2686 3027952
2688 3138817
2690 3123053
2692 3127642
2694 2972621
2696 3045718
2698 3068671
2700 3150072
2702 2980503
2704 2994265
2706 3073843
2708 2981335
2710 2960019
2712 2904891
2714 3065453
2716 2996592
2718 2982377
2720 2961555
2722 2910969
2724 2898673
2726 2883606
2728 2848206
2730 2789747
2732 2770566
2734 2753364
2736 2696379
2738 2791094
2740 2817961
2742 2841263
2744 2803237
2746 2776273
2748 2834108
2750 2782636
2752 2869760
2754 2834551
2756 2840851
2758 2920045
2760 2865107
2762 2907888
2764 2843317
2766 2898967
2768 2978722
2770 3017403
2772 3083380
2774 3080216
2776 3049660
2778 2996328
2780 2996175
2782 3009274
2784 3040899
2786 2988898
2788 3102696
2790 3160214
2792 3090501
2794 3038116
2796 3034374
2798 3021356
2800 3010866
2802 2995387
2804 3039205
2806 2994598
2808 2897087
2810 2961461
2812 2980313
2814 2969961
2816 2935798
2818 2826531
2820 2892137
2822 2921432
2824 2910021
2826 2902909
2828 2920296
2830 2929717
2832 3049968
2834 3024065
2836 2949563
2838 2949478
2840 2981188
2842 2980673
2844 2995726
2846 2984727
2848 2970900
2850 3053257
2852 2928600
2854 2968031
2856 2982863
2858 3055793
2860 3044195
2862 3111471
2864 3003131
2866 3024472
2868 2993600
2870 3039594
2872 3063353
2874 2991111
2876 3021850
2878 3061499
2880 3194997
2882 3233597
2884 3132956
2886 3150171
2888 3109627
2890 3149500
2892 3330310
2894 3217876
2896 3189605
2898 3170130
2900 3253601
2902 3125828
2904 3066313
2906 2989205
2908 3008121
2910 2939537
2912 3052290
2914 3064544
2916 3045967
2918 3104406
2920 3031605
2922 3065387
2924 3047218
2926 3008486
2928 2980085
2930 2978479
2932 3034260
2934 3077121
2936 3065701
2938 3017336
2940 3039607
2942 2960861
2944 2996663
2946 3119493
2948 3069334
2950 3141474
2952 3030441
2954 3156362
2956 3230139
2958 3154373
2960 2986633
2962 3057519
2964 3042319
2966 3105997
2968 3052407
2970 3103247
2972 3163326
2974 3160836
2976 3090971
2978 3126141
2980 3213495
2982 3158693
2984 3137687
2986 3108239
2988 3215958
2990 3086045
2992 3130611
2994 3115535
2996 3177480
2998 3156315
3000 3160300
3002 3147010
3004 3117879
3006 3081826
3008 3141293
3010 3132863
3012 3190800
3014 3193490
3016 3143657
3018 3018906
3020 3058627
3022 3012671
3024 3122542
3026 3078663
3028 3033378
3030 2884090
3032 2944006
3034 2827227
3036 2888777
3038 3012736
3040 2986643
3042 3009380
3044 2992922
3046 2885874
3048 2993049
3050 2981442
3052 3003644
3054 3071605
3056 3075773
3058 3008873
3060 3126286
3062 2973279
3064 3094924
3066 3097084
3068 3055841
3070 3005421
3072 2895728
3074 2948977
3076 3128751
3078 3151672
3080 3076975
3082 2977210
3084 3010374
3086 3048861
3088 3104697
3090 2965776
3092 2950643
3094 2983645
3096 3038427
3098 3051684
3100 3062092
3102 3200287
3104 3132540
3106 3050923
3108 3107027
3110 3086131
3112 3143051
3114 3220039
3116 3237559
3118 3236087
3120 3168609
3122 3162114
3124 3136407
3126 3124358
3128 3233281
3130 3220756
3132 3234335
3134 3247362
3136 3186953
3138 3150473
3140 3141603
3142 3125380
3144 3127198
3146 3214486
3148 3202030
3150 3187936
3152 3168077
3154 3130331
3156 3176790
3158 3135544
3160 3163699
3162 3143682
3164 3151986
3166 3145611
3168 3242052
3170 3284289
3172 3233371
3174 3181385
3176 3250559
3178 3144394
3180 3142617
3182 3076654
3184 3068452
3186 3151249
3188 3127203
3190 3106387
3192 3115114
3194 3149101
3196 3110988
3198 3220960
3200 3178149
3202 3077592
3204 3095051
3206 3124555
3208 3180411
3210 3239160
3212 3138820
3214 3087027
3216 3081157
3218 3280609
3220 3231087
3222 3236099
3224 3279904
3226 3167798
3228 3114216
3230 3098556
3232 3086590
3234 3059213
3236 3001072
3238 2962436
3240 3014053
3242 2964405
3244 3078729
3246 3113573
3248 3140360
3250 3073919
3252 3189548
3254 3208720
3256 3300149
3258 3228539
3260 3220848
3262 3252158
3264 3307391
3266 3191376
3268 3236869
3270 3259459
3272 3388966
3274 3279888
3276 3157719
3278 3099287
3280 3140518
3282 3117147
3284 3208399
3286 3177420
3288 3067878
3290 3089941
3292 3182048
3294 3147012
3296 3244699
3298 3271001
3300 3402670
3302 3341767
3304 3219103
3306 3164960
3308 3097497
3310 3261674
3312 3228088
3314 3296431
3316 3231908
3318 3109735
3320 3160112
3322 3187591
3324 3188487
3326 3322735
3328 3347808
3330 3354718
3332 3331081
3334 3268704
3336 3270618
3338 3248075
3340 3267768
3342 3279937
3344 3356641
3346 3361788
3348 3333710
3350 3258049
3352 3273921
3354 3263678
3356 3324380
3358 3198289
3360 3112273
3362 3213996
3364 3342723
3366 3240836
3368 3341246
3370 3335043
3372 3320792
3374 3263856
3376 3169897
3378 3256163
3380 3277223
3382 3235053
3384 3292638
3386 3349662
3388 3447732
3390 3283981
3392 3375072
3394 3339094
3396 3357031
3398 3413088
3400 3305827
3402 3349844
3404 3232000
3406 3219828
3408 3317050
3410 3357055
3412 3480247
3414 3367248
3416 3378031
3418 3321355
3420 3405083
3422 3378471
3424 3190240
3426 3240911
3428 3411138
3430 3405656
3432 3382982
3434 3337130
3436 3383986
3438 3379889
3440 3251292
3442 3235814
3444 3353923
3446 3309727
3448 3326865
3450 3246097
3452 3292375
3454 3260079
3456 3309276
3458 3261909
3460 3481086
3462 3253257
3464 3428409
3466 3328298
3468 3302257
3470 3231491
3472 3149012
3474 3176620
3476 3212855
3478 3157325
3480 3299353
3482 3253187
3484 3262442
3486 3235634
3488 3292162
3490 3390319
3492 3231413
3494 3252843
3496 3288749
3498 3282128
3500 3192883
3502 3094487
3504 3179007
3506 3208057
3508 3156520
3510 3286753
3512 3247638
3514 3146793
3516 3285748
3518 3294136
3520 3349732
3522 3339996
3524 3284909
3526 3214835
3528 3274694
3530 3330702
3532 3373342
3534 3513496
3536 3470352
3538 3484423
3540 3468197
3542 3371100
3544 3474691
3546 3317981
3548 3390873
3550 3463025
3552 3472713
3554 3391201
3556 3583942
3558 3563404
3560 3539306
3562 3542887
3564 3522317
3566 3423210
3568 3380508
3570 3425947
3572 3398383
3574 3445998
3576 3461533
3578 3549599
3580 3573415
3582 3484592
3584 3512191
3586 3538768
3588 3530619
3590 3563691
3592 3550625
3594 3583367
3596 3516292
3598 3583330
3600 3448198
3602 3481607
3604 3495823
3606 3340182
3608 3505988
3610 3468478
3612 3441812
3614 3493305
3616 3406460
3618 3409803
3620 3438692
3622 3482033
3624 3400875
3626 3354406
3628 3349732
3630 3453442
3632 3462506
3634 3592414
3636 3535365
3638 3487515
3640 3272159
3642 3259994
3644 3222745
3646 3228584
3648 3262893
3650 3333490
3652 3296355
3654 3315794
3656 3330475
3658 3272703
3660 3399556
3662 3303294
3664 3317128
3666 3236188
3668 3274340
3670 3268135
3672 3203020
3674 3247720
3676 3376715
3678 3364324
3680 3404043
3682 3467720
3684 3453599
3686 3403860
3688 3509467
3690 3547401
3692 3479108
3694 3461782
3696 3460043
3698 3451281
3700 3459195
3702 3410775
3704 3481304
3706 3508456
3708 3402031
3710 3437957
3712 3489349
3714 3432554
3716 3512763
3718 3335456
3720 3397560
3722 3424829
3724 3368918
3726 3522277
3728 3547702
3730 3577230
3732 3433203
3734 3470269
3736 3490589
3738 3463925
3740 3515784
3742 3599263
3744 3607617
3746 3484152
3748 3587526
3750 3478674
3752 3480762
3754 3536094
3756 3544049
3758 3630929
3760 3506851
3762 3420791
3764 3460626
3766 3484147
3768 3446425
3770 3446229
3772 3493580
3774 3438670
3776 3385987
3778 3402613
3780 3396771
3782 3505353
3784 3458866
3786 3550073
3788 3444522
3790 3486779
3792 3423613
3794 3462543
3796 3528973
3798 3469522
3800 3527434
3802 3562224
3804 3644511
3806 3590941
3808 3665093
3810 3648559
3812 3538699
3814 3479510
3816 3510685
3818 3583808
3820 3512142
3822 3584377
3824 3588600
3826 3575222
3828 3553241
3830 3561426
3832 3564328
3834 3446824
3836 3472776
3838 3501494
3840 3521053
3842 3460329
3844 3567746
3846 3682044
3848 3679153
3850 3562102
3852 3615459
3854 3475302
3856 3507171
3858 3496477
3860 3606400
3862 3549201
3864 3466132
3866 3600162
3868 3485526
3870 3385664
3872 3362743
3874 3397832
3876 3530316
3878 3421536
3880 3522112
3882 3499899
3884 3595128
3886 3542809
3888 3675794
3890 3680361
3892 3674096
3894 3639290
3896 3627802
3898 3614454
3900 3535901
3902 3669081
3904 3597826
3906 3558834
3908 3658232
3910 3414377
3912 3593616
3914 3563475
3916 3598700
3918 3645811
3920 3537800
3922 3515004
3924 3432205
3926 3429991
3928 3422019
3930 3506219
3932 3463370
3934 3628060
3936 3529919
3938 3472766
3940 3576564
3942 3585497
3944 3548541
3946 3584108
3948 3584508
3950 3743547
3952 3621914
3954 3750100
3956 3603603
3958 3557097
3960 3569931
3962 3595910
3964 3556696
3966 3679363
3968 3693477
3970 3646424
3972 3740101
3974 3799977
3976 3701433
3978 3707141
3980 3745533
3982 3791552
3984 3702583
3986 3695400
3988 3734132
3990 3839998
3992 3834580
3994 3870654
3996 3717666
3998 3698615
4000 3579748
4002 3693588
4004 3572691
4006 3598425
4008 3478188
4010 3434701
4012 3516968
4014 3513870
4016 3526617
4018 3508070
4020 3594024
4022 3658730
4024 3527936
4026 3591610
4028 3553515
4030 3507824
4032 3599474
4034 3626410
4036 3687885
4038 3675828
4040 3651151
4042 3648842
4044 3578697
4046 3653476
4048 3664358
4050 3744226
4052 3643035
4054 3645033
4056 3535553
4058 3589006
4060 3563543
4062 3525149
4064 3650815
4066 3586386
4068 3685622
4070 3692370
4072 3576466
4074 3568321
4076 3634629
4078 3631391
4080 3734577
4082 3718726
4084 3772437
4086 3822086
4088 3789870
4090 3773641
4092 3732627
4094 3852687
4096 3886762
4098 3981289
4100 3874029
4102 4006863
4104 3930998
4106 3823786
4108 3728202
4110 3806021
4112 3775467
4114 3894477
4116 3852747
4118 3801673
4120 3885065
4122 3850812
4124 3891789
4126 3951159
4128 3860466
4130 3821472
4132 3727520
4134 3680491
4136 3672268
4138 3721333
4140 3799154
4142 3748755
4144 3730701
4146 3766648
4148 3755181
4150 3743417
4152 3615613
4154 3804500
4156 3641463
4158 3869431
4160 3832130
4162 3699742
4164 3618475
4166 3687305
4168 3739915
4170 3797443
4172 3789264
4174 3864635
4176 3714146
4178 3733869
4180 3723462
4182 3797479
4184 3915218
4186 3880022
4188 3789222
4190 3677051
4192 3675299
4194 3776563
4196 3733702
4198 3737375
4200 3730903
4202 3871155
4204 3856980
4206 3848058
4208 3910958
4210 3786985
4212 3814695
4214 4030758
4216 3905087
4218 3827345
4220 3791700
4222 3808889
4224 3857711
4226 3901763
4228 3870287
4230 3878459
4232 3796585
4234 3753480
4236 3756532
4238 3771244
4240 3684059
4242 3678971
4244 3534084
4246 3504256
4248 3531903
4250 3504765
4252 3601084
4254 3674512
4256 3741242
4258 3742036
4260 3833775
4262 3952804
4264 3974911
4266 3889072
4268 3941429
4270 3797326
4272 3889459
4274 3926231
4276 3934694
4278 3818927
4280 3782102
4282 3864276
4284 3934301
4286 3882076
4288 3978393
4290 3980233
4292 3989021
4294 3939610
4296 3815069
4298 3994183
4300 4021638
4302 3939432
4304 3982936
4306 4095582
4308 3906487
4310 4013990
4312 4126950
4314 4058769
4316 4087859
4318 4048733
4320 4075550
4322 3964794
4324 3970282
4326 3965886
4328 4075275
4330 4013575
4332 4003055
4334 3876657
4336 3815223
4338 3873793
4340 3914312
4342 3969115
4344 3961743
4346 3978972
4348 3952673
4350 3927530
4352 3989268
4354 3905879
4356 3918222
4358 3902861
4360 4051282
4362 3905259
4364 4007599
4366 3892340
4368 4028147
4370 3911375
4372 3908338
4374 3909343
4376 3838321
4378 4114513
4380 4032518
4382 3939789
4384 4000915
4386 3991682
4388 3965423
4390 3904713
4392 4054918
4394 3982107
4396 4026568
4398 4069380
4400 3983039
4402 3977149
4404 4049341
4406 4019383
4408 3957018
4410 4040113
4412 4023451
4414 4043877
4416 3992607
4418 3965031
4420 3935678
4422 3856506
4424 3916166
4426 3937129
4428 3905245
4430 3917333
4432 3899187
4434 3942951
4436 3930288
4438 3923933
4440 3870113
4442 3953314
4444 4081056
4446 3904148
4448 3900139
4450 3820247
4452 3914518
4454 3752701
4456 3774278
4458 3775811
4460 3779285
4462 3800841
4464 3858627
4466 3883540
4468 3876010
4470 3978134
4472 4051563
4474 4254199
4476 3988370
4478 4032797
4480 4186283
4482 4242183
4484 4075410
4486 4128594
4488 3971286
4490 4075119
4492 4004963
4494 4019347
4496 4033373
4498 3939634
4500 4087704
4502 4087784
4504 4096695
4506 4234018
4508 4117460
4510 4032613
4512 4050113
4514 4063835
4516 4143740
4518 4137012
4520 4024337
4522 3979662
4524 4126625
4526 4128649
4528 4059723
4530 4085941
4532 4053716
4534 3951430
4536 3986667
4538 3959945
4540 3956438
4542 3980111
4544 3901331
4546 3938967
4548 3908873
4550 3923974
4552 3907549
4554 3951991
4556 3917221
4558 3991136
4560 3996714
4562 4026225
4564 3990289
4566 3919333
4568 4054676
4570 3987265
4572 3967607
4574 3831840
4576 3916817
4578 3867961
4580 3813806
4582 3878900
4584 3863934
4586 3865423
4588 3860346
4590 3919594
4592 4026065
4594 4080521
4596 3982356
4598 3916362
4600 3922462
4602 3985696
4604 3959132
4606 4127003
4608 4052972
4610 3993519
4612 4014482
4614 4115378
4616 3987684
4618 3924758
4620 3962593
4622 4082478
4624 4010346
4626 4012770
4628 3937971
4630 3914931
4632 4081580
4634 4004522
4636 3890531
4638 4029262
4640 4009147
4642 4114244
4644 4135197
4646 4167024
4648 4113312
4650 4142833
4652 4051594
4654 4160026
4656 4103326
4658 4011249
4660 3969950
4662 4024653
4664 4076601
4666 4138728
4668 4164219
4670 4199654
4672 4082981
4674 4092334
4676 4081909
4678 4062088
4680 4062469
4682 4043152
4684 4004967
4686 4089853
4688 4145993
4690 4156781
4692 4128634
4694 4148088
4696 4045787
4698 3939401
4700 3948345
4702 3902437
4704 3920122
4706 3959810
4708 4048736
4710 3909157
4712 4093613
4714 4009118
4716 3943581
4718 4064235
4720 4103867
4722 4080574
4724 4003543
4726 4064960
4728 4055226
4730 4192194
4732 4015144
4734 4065450
4736 3959399
4738 4088158
4740 3912499
4742 4050659
4744 4217344
4746 4116466
4748 4035424
4750 4100218
4752 3983052
4754 3919812
4756 3967031
4758 3977921
4760 3957771
4762 3876903
4764 3855377
4766 3911198
4768 3869389
4770 3975395
4772 4074953
4774 3978808
4776 4001517
4778 3996557
4780 3998572
4782 4059985
4784 4070797
4786 4129954
4788 4206134
4790 4199169
4792 4254767
4794 4056157
4796 4118790
4798 4099112
4800 4033596
4802 3989350
4804 4085763
4806 4132041
4808 4136756
4810 4028605
4812 4057527
4814 4060688
4816 4155655
4818 4092023
4820 4158658
4822 4151647
4824 3868619
4826 3978978
4828 3986180
4830 3873847
4832 3928937
4834 3703656
4836 3722391
4838 3815828
4840 3879691
4842 3773948
4844 3826640
4846 3847758
4848 3901958
4850 3916132
4852 4079237
4854 4036967
4856 4022917
4858 4009089
4860 4077152
4862 4133488
4864 3989802
4866 3959285
4868 4077648
4870 4041429
4872 4136374
4874 4085451
4876 4146488
4878 4301044
4880 4171925
4882 4171796
4884 4057233
4886 3941168
4888 4029943
4890 4035214
4892 4017697
4894 4178014
4896 4308712
4898 4279316
4900 4206390
4902 4223001
4904 4108632
4906 4231902
4908 4147392
4910 4165696
4912 4211785
4914 4334836
4916 4090055
4918 4083641
4920 3950371
4922 3944446
4924 4151255
4926 4247476
4928 4066898
4930 4177300
4932 4024590
4934 4127568
4936 3994389
4938 4139624
4940 4078929
4942 4014770
4944 4138075
4946 4280786
4948 4238225
4950 4161406
4952 4055616
4954 4052635
4956 3883721
4958 4015762
4960 3942389
4962 3870438
4964 3954782
4966 4046073
4968 3946317
4970 4010409
4972 3891632
4974 4055280
4976 4068740
4978 4111363
4980 4080685
4982 3876958
4984 3911038
4986 4053955
4988 4070902
4990 4059962
4992 4198637
4994 4160292
4996 4183803
4998 4013398
5000 4054786
5002 4176789
5004 4121699
5006 4118755
5008 4164655
5010 4116835
5012 4115098
5014 4009202
5016 4146994
5018 4053839
5020 4001674
5022 4086780
5024 4096286
5026 3969003
5028 4095326
5030 4120614
5032 4041159
5034 4167558
5036 4172734
5038 4065564
5040 4008633
5042 4053293
5044 4033306
5046 4021613
5048 4130399
5050 4140589
5052 4210035
5054 4155350
5056 4167829
5058 4156106
5060 4135899
5062 4066930
5064 4092589
5066 4080155
5068 3959787
5070 4109237
5072 4034755
5074 3995040
5076 4021415
5078 4050595
5080 4009505
5082 3984552
5084 4004961
5086 4019115
5088 4110321
5090 4140543
5092 4212400
5094 4246387
5096 4221695
5098 4211572
5100 4274118
5102 4207136
5104 4274010
5106 4231908
5108 4305232
5110 4290990
5112 4150363
5114 4334896
5116 4205581
5118 4179667
5120 4066463
5122 4231991
5124 4086590
5126 4015535
5128 3978693
5130 3997845
5132 3990668
5134 4071387
5136 4005661
5138 4220139
5140 4159927
5142 4256510
5144 3997489
5146 3940461
5148 3998878
5150 3960870
5152 4039988
5154 4102851
5156 4229614
5158 4040662
5160 4041859
5162 4167703
5164 4161817
5166 4163076
5168 4155557
5170 4141340
5172 4151905
5174 4008631
5176 4175324
5178 3958086
5180 4166927
5182 4067752
5184 4180823
5186 4138969
5188 3969787
5190 4061088
5192 4154200
5194 4112889
5196 4113443
5198 4174955
5200 4222870
5202 4216119
5204 4081602
5206 4099605
5208 4262217
5210 4243885
5212 4323267
5214 4198002
5216 4331423
5218 4421573
5220 4218868
5222 4200554
5224 4361170
5226 4223790
5228 4222770
5230 4330970
5232 4296516
5234 4366411
5236 4321075
5238 4387740
5240 4439169
5242 4135331
5244 4088562
5246 4236333
5248 4337682
5250 4407926
5252 4387302
5254 4531098
5256 4272795
5258 4206057
5260 4286675
5262 4226905
5264 4229026
5266 4192028
5268 4191349
5270 4297069
5272 4326004
5274 4258342
5276 4199053
5278 4204267
5280 4097418
5282 4220064
5284 4060300
5286 4033230
5288 4057188
5290 4015343
5292 3989032
5294 4074756
5296 3981670
5298 4014468
5300 4097446
5302 4072605
5304 4123253
5306 4255610
5308 4169381
5310 4040024
5312 4021986
5314 3997658
5316 3993046
5318 4147221
5320 4206846
5322 4335990
5324 4212437
5326 4195850
5328 4170533
5330 4154965
5332 4157872
5334 4191803
5336 4245098
5338 4323696
5340 4272227
5342 4102412
5344 3929018
5346 4060358
5348 4176601
5350 4181347
5352 4087001
5354 4065899
5356 4100312
5358 4115728
5360 4054974
5362 4076792
5364 3910995
5366 3948277
5368 4142525
5370 4134274
5372 4010639
5374 3833645
5376 3934138
5378 3783714
5380 3921099
5382 3967398
5384 3968776
5386 3901859
5388 3933383
5390 3902711
5392 3777148
5394 3917430
5396 3984856
5398 4123784
5400 3925314
5402 4022910
5404 4010085
5406 3943285
5408 4040149
5410 4057543
5412 4058212
5414 4172256
5416 4130374
5418 4258819
5420 4178192
5422 4160581
5424 4156072
5426 4118525
5428 4218041
5430 4123473
5432 4222610
5434 4080381
5436 4225411
5438 4085333
5440 3991081
5442 4087465
5444 3990756
5446 4199178
5448 4191300
5450 4191679
5452 4216986
5454 4188674
5456 4300171
5458 4343611
5460 4310045
5462 4367462
5464 4438169
5466 4240656
5468 4120748
5470 4052442
5472 4096108
5474 3955116
5476 4023483
5478 4154792
5480 4184629
5482 4125143
5484 4237900
5486 4153958
5488 3999878
5490 4079463
5492 4048310
5494 4141816
5496 4061978
5498 3992531
5500 3998423
5502 4051899
5504 4074014
5506 4191867
5508 4058811
5510 4125842
5512 3995729
5514 4153196
5516 4132779
5518 4098691
5520 4031690
5522 3918757
5524 3919569
5526 3899257
5528 3969179
5530 4095268
5532 4081738
5534 4072590
5536 4008680
5538 4140669
5540 4208286
5542 4154763
5544 4257251
5546 4229276
5548 4120009
5550 4083010
5552 4016856
5554 4033812
5556 4169092
5558 4178131
5560 4266730
5562 4113334
5564 4154888
5566 4082864
5568 4158274
5570 4164802
5572 4179871
5574 4167627
5576 4128980
5578 4148701
5580 4162384
5582 4092682
5584 4139284
5586 4304978
5588 4148056
5590 4146196
5592 4063120
5594 4086090
5596 4108533
5598 4125833
5600 4031628
5602 4170136
5604 4137038
5606 4217782
5608 4114519
5610 4121546
5612 4147892
5614 3971443
5616 3958273
5618 4026920
5620 3979884
5622 3962333
5624 4000004
5626 3867783
5628 3977625
5630 3871769
5632 3985361
5634 4019957
5636 3879035
5638 3838849
5640 3815370
5642 3746348
5644 3749427
5646 3809288
5648 3741627
5650 3853877
5652 3908832
5654 3902532
5656 3862278
5658 3874683
5660 3821885
5662 3777298
5664 3754910
5666 3644336
5668 3879233
5670 3823425
5672 3864397
5674 3973350
5676 3912309
5678 3949445
5680 3963015
5682 3951929
5684 3986016
5686 3994665
5688 3971236
5690 4075298
5692 3833571
5694 3892964
5696 3976780
5698 3960549
5700 4009548
5702 3982357
5704 3958316
5706 3951089
5708 3975457
5710 3934979
5712 4002587
5714 3855087
5716 3879138
5718 3733104
5720 3748435
5722 3750860
5724 3720050
5726 3746625
5728 3762706
5730 3908819
5732 3934936
5734 3897680
5736 3821083
5738 4008702
5740 4014952
5742 3945521
5744 4009289
5746 4062116
5748 4021491
5750 4030000
5752 3953565
5754 3870732
5756 4016417
5758 4045160
5760 3909918
5762 3946050
5764 4101349
5766 4181925
5768 4077138
5770 3875621
5772 3866611
5774 3869310
5776 3776880
5778 3812131
5780 3892808
5782 3928011
5784 3797477
5786 3747533
5788 3732485
5790 3814265
5792 3779992
5794 3705405
5796 3784131
5798 3851937
5800 3898714
5802 3980061
5804 3988762
5806 3986816
5808 3969050
5810 3931531
5812 4109560
5814 4108179
5816 4000705
5818 4003913
5820 3894323
5822 3788749
5824 3818701
5826 3684494
5828 3718158
5830 3594766
5832 3556919
5834 3725516
5836 3698730
5838 3469179
5840 3480094
5842 3475459
5844 3668730
5846 3656898
5848 3830036
5850 3735639
5852 3699952
5854 3776796
5856 3705714
5858 3661940
5860 3757939
5862 3914908
5864 3849155
5866 3816234
5868 3710279
5870 3703826
5872 3671996
5874 3713333
5876 3746905
5878 3814291
5880 3917707
5882 3892590
5884 3822712
5886 3775408
5888 3864852
5890 3670460
5892 3582076
5894 3703616
5896 3700606
5898 3724833
5900 3749334
5902 3794604
5904 3679259
5906 3791599
5908 3794769
5910 3700808
5912 3685220
5914 3599487
5916 3608761
5918 3748298
5920 3769359
5922 3698966
5924 3599014
5926 3537020
5928 3652821
5930 3664750
5932 3590686
5934 3551260
5936 3617765
5938 3671591
5940 3667864
5942 3828095
5944 3659813
5946 3545878
5948 3653817
5950 3702148
5952 3666412
5954 3648607
5956 3567908
5958 3640851
5960 3594736
5962 3564422
5964 3676889
5966 3690129
5968 3559778
5970 3522260
5972 3449526
5974 3431277
5976 3348524
5978 3574113
5980 3518716
5982 3539178
5984 3493593
5986 3598844
5988 3479298
5990 3434071
5992 3422771
5994 3480601
5996 3646169
5998 3573736
6000 3541403
6002 3434729
6004 3531115
6006 3403679
6008 3426530
6010 3485661
6012 3479967
6014 3393952
6016 3426380
6018 3412552
6020 3502003
6022 3381309
6024 3464111
6026 3481939
6028 3447704
6030 3375975
6032 3439751
6034 3382659
6036 3423035
6038 3513573
6040 3379507
6042 3483560
6044 3387074
6046 3205800
6048 3290558
6050 3324208
6052 3263384
6054 3210831
6056 3261592
6058 3251832
6060 3301769
6062 3218224
6064 3296601
6066 3152898
6068 3194347
6070 3168764
6072 3187779
6074 3118738
6076 3174640
6078 3115056
6080 3267273
6082 3360243
6084 3375427
6086 3333801
6088 3310236
6090 3279753
6092 3287837
6094 3358562
6096 3265135
6098 3224882
6100 3196983
6102 3086222
6104 2914361
6106 3028815
6108 3085641
6110 3110324
6112 3082614
6114 3010368
6116 3019856
6118 3181106
6120 3106574
6122 3085261
6124 3044332
6126 3060645
6128 2896407
6130 2982381
6132 3042923
6134 3063506
6136 2947949
6138 3001703
6140 3017769
6142 3074952
6144 3010016
6146 2929058
6148 2944676
6150 2907392
6152 2859566
6154 2854175
6156 2828820
6158 2919169
6160 2861496
6162 2798692
6164 2985967
6166 2955261
6168 2987301
6170 3004157
6172 2975922
6174 2969548
6176 2959752
6178 3083844
6180 3045269
6182 2803686
6184 2871634
6186 2891615
6188 2930630
6190 2965368
6192 2957080
6194 2946925
6196 3113672
6198 3081831
6200 3036064
6202 3090129
6204 2933710
6206 2935638
6208 2912912
6210 2837701
6212 2843987
6214 2788799
6216 2836624
6218 2773830
6220 2789773
6222 2878512
6224 2854869
6226 2831852
6228 2898893
6230 2842453
6232 2704314
6234 2830524
6236 2875030
6238 2840746
6240 2845019
6242 2919435
6244 2863283
6246 2792641
6248 2751326
6250 2936834
6252 2855515
6254 2783782
6256 2763137
6258 2971675
6260 2808137
6262 3029338
6264 2822229
6266 2817360
6268 2814024
6270 2755602
6272 2699250
6274 2720189
6276 2672502
6278 2728731
6280 2695873
6282 2711501
6284 2626172
6286 2536185
6288 2448813
6290 2534874
6292 2528093
6294 2640504
6296 2718176
6298 2835396
6300 2822301
6302 2785311
6304 2659974
6306 2482007
6308 2653864
6310 2594287
6312 2624979
6314 2679986
6316 2694825
6318 2690985
6320 2665028
6322 2744796
6324 2677301
6326 2587332
6328 2514964
6330 2560333
6332 2520873
6334 2511656
6336 2545732
6338 2533125
6340 2726287
6342 2691762
6344 2620145
6346 2541143
6348 2588680
6350 2551510
6352 2532679
6354 2565906
6356 2454544
6358 2493726
6360 2469712
6362 2402228
6364 2327878
6366 2302818
6368 2468246
6370 2412801
6372 2418723
6374 2397208
6376 2408837
6378 2405513
6380 2408638
6382 2347959
6384 2460010
6386 2475454
6388 2430624
6390 2343560
6392 2336583
6394 2370683
6396 2303461
6398 2329788
6400 2093757
6402 2354338
6404 2402726
6406 2352267
6408 2331892
6410 2201913
6412 2192230
6414 2303580
6416 2296711
6418 2290523
6420 2274523
6422 2310552
6424 2244853
6426 2186357
6428 2200114
6430 2237928
6432 2130298
6434 2093895
6436 2112443
6438 2104527
6440 2204083
6442 2126215
6444 2013570
6446 1993586
6448 1933602
6450 1966802
6452 2045684
6454 2014192
6456 2064475
6458 2110620
6460 1966065
6462 2099416
6464 1979270
6466 2029409
6468 1995353
6470 2171340
6472 2143960
6474 2147114
6476 2071608
6478 2123073
6480 2107326
6482 2109158
6484 2119939
6486 1971981
6488 1888494
6490 1861554
6492 1822135
6494 1686988
6496 1886438
6498 1847661
6500 1709506
6502 1732945
6504 1806390
6506 1813264
6508 1861577
6510 1821336
6512 1854530
6514 1797879
6516 1754029
6518 1742203
6520 1790705
6522 1675068
6524 1674962
6526 1620911
6528 1704595
6530 1717633
6532 1633030
6534 1612616
6536 1566772
6538 1658796
6540 1773245
6542 1695257
6544 1717902
6546 1658924
6548 1635719
6550 1568757
6552 1527704
6554 1583293
6556 1529913
6558 1615828
6560 1640326
6562 1574416
6564 1576046
6566 1587440
6568 1553171
6570 1489515
6572 1487345
6574 1463407
6576 1393239
6578 1431302
6580 1502467
6582 1505872
6584 1430221
6586 1359248
6588 1320652
6590 1369311
6592 1227794
6594 1431654
6596 1327828
6598 1336667
6600 1320552
6602 1306941
6604 1346273
6606 1365960
6608 1280839
6610 1278661
6612 1378019
6614 1228196
6616 1213543
6618 1233366
6620 1155147
6622 1189759
6624 1230990
6626 1233787
6628 1220432
6630 1243013
6632 1291614
6634 1165963
6636 1187405
6638 1133547
6640 1086561
6642 1077271
6644 1229822
6646 1160715
6648 1183022
6650 1195708
6652 1213986
6654 1068316
6656 1183379
6658 1117605
6660 1056392
6662 1081421
6664 1093996
6666 1164687
6668 1142445
6670 1063038
6672 1003953
6674 969458
6676 1049908
6678 1088992
6680 1119969
6682 1063182
6684 1207649
6686 1176285
6688 1110645
6690 1024415
6692 923642
6694 971848
6696 896596
6698 920713
6700 931924
6702 917415
6704 935884
6706 990784
6708 867471
6710 782354
6712 873088
6714 910568
6716 838565
6718 829894
6720 964093
6722 930669
6724 873968
6726 905650
6728 732918
6730 760748
6732 744872
6734 798553
6736 787702
6738 764099
6740 769073
6742 885480
6744 830783
6746 797571
6748 735629
6750 730399
6752 773259
6754 790574
6756 790527
6758 756888
6760 707214
6762 805434
6764 708386
6766 710236
6768 725889
6770 784515
6772 821733
6774 817711
6776 707967
6778 652677
6780 650798
6782 650679
6784 580603
6786 705241
6788 679361
6790 699358
6792 659655
6794 619688
6796 648425
6798 612157
6800 586705
6802 621613
6804 588145
6806 659747
6808 581574
6810 577174
6812 613854
6814 612476
6816 559493
6818 575061
6820 487858
6822 519090
6824 478039
6826 540886
6828 467648
6830 475246
6832 483599
6834 550934
6836 448490
6838 473454
6840 446977
6842 417151
6844 423748
6846 431796
6848 380141
6850 389890
6852 352606
6854 387854
6856 390484
6858 377717
6860 366401
6862 343008
6864 337094
6866 358909
6868 314440
6870 318194
6872 282369
6874 311650
6876 316884
6878 356019
6880 345185
6882 367945
6884 311863
6886 302119
6888 288449
6890 270228
6892 269123
6894 342307
6896 310917
6898 329342
6900 351382
6902 354487
6904 329229
6906 331290
6908 336844
6910 342768
6912 332156
6914 286244
6916 265280
6918 262902
6920 311899
6922 229646
6924 239028
6926 298387
6928 221973
6930 217749
6932 245870
6934 212448
6936 193301
6938 200131
6940 200862
6942 207743
6944 210707
6946 193398
6948 202752
6950 204944
6952 203786
6954 171644
6956 173322
6958 150910
6960 133859
6962 190695
6964 186042
6966 183070
6968 154326
6970 135093
6972 144925
6974 147661
6976 142066
6978 135911
6980 118038
6982 129526
6984 106255
6986 100595
6988 130590
6990 122911
6992 136854
6994 114793
6996 103347
6998 110252
7000 95652
7002 93925
7004 93306
7006 98055
7008 87775
7010 81343
7012 90475
7014 90801
7016 65321
7018 79801
7020 83065
7022 36307
7024 36859
7026 35365
7028 52365
7030 84375
7032 50017
7034 69888
7036 56965
7038 60153
7040 36607
7042 42813
7044 46560
7046 48348
7048 37984
7050 37064
7052 40256
7054 49192
7056 62203
7058 43975
7060 36180
7062 37689
7064 28599
7066 38587
7068 34645
7070 34611
7072 39795
7074 42302
7076 45044
7078 30917
7080 25365
7082 13150
7084 24911
7086 19809
7088 13120
7090 14602
7092 17385
7094 26130
7096 27216
7098 16894
7100 26590
7102 14566
7104 13799
7106 14195
7108 11187
7110 14922
7112 15518
7114 11803
7116 29703
7118 17255
7120 16039
7122 9740
7124 11351
7126 3906
7128 1576
7130 1882
7132 3926
7134 3918
7136 1284
7138 3649
7140 7916
7142 3275
7144 13497
7146 8973
7148 9726
7150 4147
7152 4035
7154 6907
7156 4727
7158 2817
7160 2016
7162 4091
7164 7367
7166 5739
7168 7412
7170 85
7174 19
7176 4086
7178 428
7180 493
7182 3647
