N J h steps 
4000 0.827 0 31000000000
-6585 1
-6584 5
-6583 9
-6582 18
-6579 2
-6578 2
-6577 5
-6576 7
-6575 33
-6574 76
-6573 152
-6572 76
-6571 195
-6570 681
-6569 805
-6568 395
-6567 402
-6566 728
-6565 429
-6564 1307
-6563 1568
-6562 813
-6561 418
-6560 455
-6559 730
-6558 1732
-6557 1194
-6556 1073
-6555 1953
-6554 555
-6553 500
-6552 1134
-6551 1281
-6550 1026
-6549 667
-6548 722
-6547 390
-6546 579
-6545 347
-6544 807
-6543 566
-6542 746
-6541 1046
-6540 995
-6539 1066
-6538 2067
-6537 411
-6536 983
-6535 1276
-6534 1099
-6533 1456
-6532 1227
-6531 1476
-6530 1400
-6529 1402
-6528 1255
-6527 2648
-6526 1359
-6525 1068
-6524 1118
-6523 1751
-6522 1529
-6521 1527
-6520 1524
-6519 947
-6518 3417
-6517 1553
-6516 1925
-6515 2085
-6514 1986
-6513 2419
-6512 3444
-6511 1310
-6510 2547
-6509 4136
-6508 3096
-6507 3804
-6506 3830
-6505 7209
-6504 5262
-6503 5434
-6502 5428
-6501 6245
-6500 4652
-6499 5000
-6498 4553
-6497 4950
-6496 5902
-6495 8445
-6494 9005
-6493 8550
-6492 7830
-6491 8303
-6490 8532
-6489 8135
-6488 9533
-6487 9245
-6486 9683
-6485 9153
-6484 9007
-6483 9162
-6482 9415
-6481 9216
-6480 9711
-6479 11491
-6478 13862
-6477 8982
-6476 9882
-6475 10936
-6474 10911
-6473 12158
-6472 13153
-6471 14781
-6470 14387
-6469 16567
-6468 16425
-6467 21208
-6466 22667
-6465 19117
-6464 23325
-6463 22619
-6462 21147
-6461 23420
-6460 21174
-6459 21875
-6458 21632
-6457 19813
-6456 21874
-6455 23910
-6454 22685
-6453 26993
-6452 27323
-6451 24895
-6450 25198
-6449 25994
-6448 29370
-6447 29513
-6446 27014
-6445 26049
-6444 25837
-6443 30495
-6442 30114
-6441 30541
-6440 31669
-6439 32969
-6438 33467
-6437 33679
-6436 33071
-6435 31049
-6434 30848
-6433 33948
-6432 30942
-6431 36215
-6430 32526
-6429 33012
-6428 36658
-6427 38433
-6426 34022
-6425 37331
-6424 34429
-6423 36873
-6422 40008
-6421 37988
-6420 37930
-6419 35990
-6418 43350
-6417 42859
-6416 42338
-6415 46104
-6414 45659
-6413 41576
-6412 45985
-6411 46659
-6410 45986
-6409 45626
-6408 51198
-6407 53183
-6406 52623
-6405 53297
-6404 48393
-6403 52047
-6402 52900
-6401 54171
-6400 60348
-6399 55651
-6398 61565
-6397 67327
-6396 62249
-6395 67545
-6394 69352
-6393 69087
-6392 67335
-6391 73067
-6390 72727
-6389 77296
-6388 67754
-6387 72384
-6386 69505
-6385 79604
-6384 81799
-6383 78665
-6382 79775
-6381 86803
-6380 76264
-6379 82598
-6378 81783
-6377 82718
-6376 77755
-6375 79484
-6374 78626
-6373 79817
-6372 78972
-6371 86810
-6370 88097
-6369 87254
-6368 90532
-6367 88225
-6366 90035
-6365 89513
-6364 95240
-6363 97142
-6362 97063
-6361 102401
-6360 102677
-6359 92274
-6358 96330
-6357 110812
-6356 111017
-6355 106983
-6354 113601
-6353 119274
-6352 117766
-6351 126954
-6350 128620
-6349 125189
-6348 127148
-6347 123419
-6346 126210
-6345 125225
-6344 124044
-6343 128438
-6342 127891
-6341 135380
-6340 143048
-6339 146081
-6338 156723
-6337 163357
-6336 176837
-6335 175084
-6334 182869
-6333 185039
-6332 191787
-6331 190560
-6330 196173
-6329 197577
-6328 198060
-6327 202078
-6326 214009
-6325 207970
-6324 216656
-6323 223129
-6322 206098
-6321 224045
-6320 212153
-6319 225566
-6318 223041
-6317 232507
-6316 250485
-6315 239679
-6314 243032
-6313 254415
-6312 255208
-6311 269616
-6310 276397
-6309 276982
-6308 275908
-6307 285971
-6306 280616
-6305 278969
-6304 295533
-6303 287954
-6302 290678
-6301 290211
-6300 297374
-6299 310485
-6298 333966
-6297 325808
-6296 327426
-6295 338550
-6294 334932
-6293 334200
-6292 333485
-6291 343201
-6290 355457
-6289 357169
-6288 361793
-6287 375441
-6286 356710
-6285 386903
-6284 396295
-6283 404120
-6282 410331
-6281 402983
-6280 412609
-6279 428754
-6278 444570
-6277 454575
-6276 464537
-6275 473846
-6274 493011
-6273 513853
-6272 518005
-6271 516897
-6270 505507
-6269 511546
-6268 532620
-6267 537371
-6266 564611
-6265 569780
-6264 566887
-6263 561277
-6262 588955
-6261 584398
-6260 610401
-6259 620576
-6258 639804
-6257 651668
-6256 643052
-6255 653055
-6254 656202
-6253 649614
-6252 675683
-6251 689939
-6250 712421
-6249 689400
-6248 700881
-6247 735768
-6246 742352
-6245 741958
-6244 757852
-6243 779451
-6242 811379
-6241 794213
-6240 814430
-6239 820085
-6238 847354
-6237 842675
-6236 859134
-6235 882443
-6234 865332
-6233 901720
-6232 903125
-6231 937497
-6230 946464
-6229 939712
-6228 989892
-6227 986874
-6226 986526
-6225 1001561
-6224 1039338
-6223 1053417
-6222 1073690
-6221 1120937
-6220 1127166
-6219 1136787
-6218 1136371
-6217 1174470
-6216 1202870
-6215 1214339
-6214 1233873
-6213 1229146
-6212 1267459
-6211 1255198
-6210 1301184
-6209 1313417
-6208 1322734
-6207 1334391
-6206 1335537
-6205 1355836
-6204 1386793
-6203 1411778
-6202 1461808
-6201 1463031
-6200 1480903
-6199 1519968
-6198 1548758
-6197 1537919
-6196 1578928
-6195 1613988
-6194 1642596
-6193 1666945
-6192 1636400
-6191 1674676
-6190 1722438
-6189 1732997
-6188 1766049
-6187 1772526
-6186 1794424
-6185 1865662
-6184 1881269
-6183 1873553
-6182 1918887
-6181 1926529
-6180 1917083
-6179 1967639
-6178 1979421
-6177 2064225
-6176 2098385
-6175 2084071
-6174 2092233
-6173 2089981
-6172 2110882
-6171 2129599
-6170 2173581
-6169 2228379
-6168 2221971
-6167 2240009
-6166 2255659
-6165 2285554
-6164 2304013
-6163 2313620
-6162 2354562
-6161 2375695
-6160 2383784
-6159 2412330
-6158 2436609
-6157 2454067
-6156 2459430
-6155 2529969
-6154 2557107
-6153 2613382
-6152 2678788
-6151 2683861
-6150 2773470
-6149 2764915
-6148 2824884
-6147 2792680
-6146 2833940
-6145 2886189
-6144 2896771
-6143 2907561
-6142 2967362
-6141 3002852
-6140 3059182
-6139 3059689
-6138 3122075
-6137 3213256
-6136 3215715
-6135 3270651
-6134 3323764
-6133 3337370
-6132 3349374
-6131 3425706
-6130 3428491
-6129 3481034
-6128 3523548
-6127 3476957
-6126 3561514
-6125 3600151
-6124 3671794
-6123 3673315
-6122 3709944
-6121 3748572
-6120 3739715
-6119 3833442
-6118 3837834
-6117 3953358
-6116 4008051
-6115 4032431
-6114 4089577
-6113 4080656
-6112 4156717
-6111 4228805
-6110 4252589
-6109 4373038
-6108 4396221
-6107 4511170
-6106 4489906
-6105 4555705
-6104 4560514
-6103 4651273
-6102 4662385
-6101 4774674
-6100 4758596
-6099 4787493
-6098 4895015
-6097 4910006
-6096 4979592
-6095 5014426
-6094 5103810
-6093 5131466
-6092 5236731
-6091 5232042
-6090 5291026
-6089 5399709
-6088 5471528
-6087 5496955
-6086 5565574
-6085 5596005
-6084 5680243
-6083 5784563
-6082 5772656
-6081 5861271
-6080 5886190
-6079 5994283
-6078 6018348
-6077 6124153
-6076 6151050
-6075 6284317
-6074 6385011
-6073 6483344
-6072 6493023
-6071 6560702
-6070 6670289
-6069 6725917
-6068 6863083
-6067 6888219
-6066 6940748
-6065 7057386
-6064 7141496
-6063 7180171
-6062 7265324
-6061 7272407
-6060 7312593
-6059 7470392
-6058 7553895
-6057 7683525
-6056 7768689
-6055 7814709
-6054 7845170
-6053 7963975
-6052 8065793
-6051 8096393
-6050 8243070
-6049 8336557
-6048 8414610
-6047 8483991
-6046 8545947
-6045 8651906
-6044 8656527
-6043 8815002
-6042 8932655
-6041 9018864
-6040 9174865
-6039 9347540
-6038 9349294
-6037 9486890
-6036 9605800
-6035 9674860
-6034 9835289
-6033 9869661
-6032 9980469
-6031 10126340
-6030 10222624
-6029 10329584
-6028 10514088
-6027 10556541
-6026 10617108
-6025 10772951
-6024 10862590
-6023 10905407
-6022 11020454
-6021 11062479
-6020 11213041
-6019 11239524
-6018 11315361
-6017 11477364
-6016 11533873
-6015 11720736
-6014 11843952
-6013 11909088
-6012 12101070
-6011 12296476
-6010 12379029
-6009 12483498
-6008 12738295
-6007 12784785
-6006 12912279
-6005 13069811
-6004 13257891
-6003 13301516
-6002 13542055
-6001 13654305
-6000 13780189
-5999 13976099
-5998 14051567
-5997 14194576
-5996 14275659
-5995 14457605
-5994 14558146
-5993 14725503
-5992 14832146
-5991 15071629
-5990 15142521
-5989 15243917
-5988 15413357
-5987 15507467
-5986 15686010
-5985 15812141
-5984 16036483
-5983 16227292
-5982 16356539
-5981 16438432
-5980 16675712
-5979 16749588
-5978 16911871
-5977 17093235
-5976 17204190
-5975 17369705
-5974 17571156
-5973 17830277
-5972 17928924
-5971 18122377
-5970 18332697
-5969 18515130
-5968 18487800
-5967 18684448
-5966 18805815
-5965 18942832
-5964 19021092
-5963 19248599
-5962 19353313
-5961 19411554
-5960 19535404
-5959 19690970
-5958 19846758
-5957 20049948
-5956 20289990
-5955 20409451
-5954 20588292
-5953 20799064
-5952 20944932
-5951 21159596
-5950 21286643
-5949 21438271
-5948 21624893
-5947 21868831
-5946 21971434
-5945 22117475
-5944 22358085
-5943 22429504
-5942 22704420
-5941 22911122
-5940 22889645
-5939 23210211
-5938 23219394
-5937 23401980
-5936 23630037
-5935 23847693
-5934 23959806
-5933 24157905
-5932 24247540
-5931 24558791
-5930 24639227
-5929 24848795
-5928 25122712
-5927 25282816
-5926 25490998
-5925 25582472
-5924 25754551
-5923 26051254
-5922 26112982
-5921 26311699
-5920 26582414
-5919 26746901
-5918 26925206
-5917 27242161
-5916 27323179
-5915 27537609
-5914 27703127
-5913 28040423
-5912 28029315
-5911 28391612
-5910 28516404
-5909 28605479
-5908 28956775
-5907 29163258
-5906 29395212
-5905 29676587
-5904 29700253
-5903 30128156
-5902 30169351
-5901 30386479
-5900 30475109
-5899 30703496
-5898 30951287
-5897 31154203
-5896 31407462
-5895 31533891
-5894 31780965
-5893 32049527
-5892 32189259
-5891 32376044
-5890 32559739
-5889 32820071
-5888 33080899
-5887 33256701
-5886 33390150
-5885 33432152
-5884 33648054
-5883 33858591
-5882 34172401
-5881 34323119
-5880 34450390
-5879 34871615
-5878 34947125
-5877 35011208
-5876 35257478
-5875 35357009
-5874 35644168
-5873 35784404
-5872 36082528
-5871 36134540
-5870 36334117
-5869 36660581
-5868 36714170
-5867 36910659
-5866 37285286
-5865 37353423
-5864 37528194
-5863 37824842
-5862 38017760
-5861 38180325
-5860 38525368
-5859 38541940
-5858 38877697
-5857 39040819
-5856 39255747
-5855 39480433
-5854 39556997
-5853 39923988
-5852 40045938
-5851 40280734
-5850 40447194
-5849 40781587
-5848 41014941
-5847 41094395
-5846 41308562
-5845 41548260
-5844 41714280
-5843 42047911
-5842 42172610
-5841 42393615
-5840 42523084
-5839 42869267
-5838 43112981
-5837 43234490
-5836 43467329
-5835 43613289
-5834 43799188
-5833 44127541
-5832 44369011
-5831 44573531
-5830 44651622
-5829 44816357
-5828 44934338
-5827 45306568
-5826 45563347
-5825 45722729
-5824 45893103
-5823 46077064
-5822 46229996
-5821 46549605
-5820 46679888
-5819 46990803
-5818 47117823
-5817 47451718
-5816 47540404
-5815 47663588
-5814 47885285
-5813 48104578
-5812 48567466
-5811 48708810
-5810 48717088
-5809 48795404
-5808 49218636
-5807 49289776
-5806 49645547
-5805 49983243
-5804 50107768
-5803 50274820
-5802 50482044
-5801 50684907
-5800 50805692
-5799 51283054
-5798 51271058
-5797 51517344
-5796 51635657
-5795 51856314
-5794 52040109
-5793 52267832
-5792 52375668
-5791 52643166
-5790 52775592
-5789 52975313
-5788 53059234
-5787 53255771
-5786 53462080
-5785 53644875
-5784 53858796
-5783 53919801
-5782 54078665
-5781 54358761
-5780 54385617
-5779 54517501
-5778 54770504
-5777 54842056
-5776 54896516
-5775 55043667
-5774 55080728
-5773 55372415
-5772 55406067
-5771 55603443
-5770 55920416
-5769 56094738
-5768 56285131
-5767 56440622
-5766 56565211
-5765 56647552
-5764 56916637
-5763 57084359
-5762 57137789
-5761 57289789
-5760 57460194
-5759 57783442
-5758 57819210
-5757 58045001
-5756 57990225
-5755 58119946
-5754 58411716
-5753 58318697
-5752 58557204
-5751 58815870
-5750 58895577
-5749 58961309
-5748 59251305
-5747 59403698
-5746 59406887
-5745 59481482
-5744 59526005
-5743 59777835
-5742 59991797
-5741 60207584
-5740 60201431
-5739 60394238
-5738 60493012
-5737 60593639
-5736 60709465
-5735 60650095
-5734 61010739
-5733 60905174
-5732 61091668
-5731 61321413
-5730 61315941
-5729 61571376
-5728 61920616
-5727 61888694
-5726 62166129
-5725 62047120
-5724 62028505
-5723 62323507
-5722 62304623
-5721 62370608
-5720 62508189
-5719 62609090
-5718 62856118
-5717 63010145
-5716 63155357
-5715 63173242
-5714 63342253
-5713 63541802
-5712 63512831
-5711 63727142
-5710 63837740
-5709 63699166
-5708 63936449
-5707 64072892
-5706 64088750
-5705 64173684
-5704 64388275
-5703 64401989
-5702 64683690
-5701 64710959
-5700 64693511
-5699 64841531
-5698 64813754
-5697 64799917
-5696 64931319
-5695 64974161
-5694 65047181
-5693 65061909
-5692 65241053
-5691 65293103
-5690 65505327
-5689 65654084
-5688 65561514
-5687 65717952
-5686 65851764
-5685 66026566
-5684 66114791
-5683 66271436
-5682 66241349
-5681 66280646
-5680 66361975
-5679 66373115
-5678 66392595
-5677 66330944
-5676 66496318
-5675 66513223
-5674 66803784
-5673 66733212
-5672 66875240
-5671 67076267
-5670 67045139
-5669 67205278
-5668 66967902
-5667 66978591
-5666 67151412
-5665 67126694
-5664 67051903
-5663 67316378
-5662 67178851
-5661 67217109
-5660 67094814
-5659 67101482
-5658 67276216
-5657 67184657
-5656 67329155
-5655 67041940
-5654 67154651
-5653 67140814
-5652 67215360
-5651 67358276
-5650 67351897
-5649 67301850
-5648 67344961
-5647 67449570
-5646 67490727
-5645 67403166
-5644 67594816
-5643 67472517
-5642 67492505
-5641 67371121
-5640 67503213
-5639 67691903
-5638 67685845
-5637 67619761
-5636 67561703
-5635 67431914
-5634 67493999
-5633 67336956
-5632 67206058
-5631 67333695
-5630 67176718
-5629 67301440
-5628 67217634
-5627 67206530
-5626 67099563
-5625 66977882
-5624 67077494
-5623 66874984
-5622 67185428
-5621 66982911
-5620 66845155
-5619 66940498
-5618 66961413
-5617 66893677
-5616 66763237
-5615 66559513
-5614 66654146
-5613 66356987
-5612 66619550
-5611 66232113
-5610 66317880
-5609 66244990
-5608 66291802
-5607 66339969
-5606 66210008
-5605 66094142
-5604 66095234
-5603 66009841
-5602 65853464
-5601 65744000
-5600 65721010
-5599 65579044
-5598 65379669
-5597 65352999
-5596 65205196
-5595 65273085
-5594 65160242
-5593 64891900
-5592 64943398
-5591 64836650
-5590 64827500
-5589 64676298
-5588 64563951
-5587 64397601
-5586 64284416
-5585 64242081
-5584 63946137
-5583 63834313
-5582 63656914
-5581 63636059
-5580 63444956
-5579 63382206
-5578 63136663
-5577 63076514
-5576 62902465
-5575 62709338
-5574 62657715
-5573 62514383
-5572 62417638
-5571 62360399
-5570 62150485
-5569 61959794
-5568 61823449
-5567 61654795
-5566 61265115
-5565 61220267
-5564 61000138
-5563 60769895
-5562 60626347
-5561 60438870
-5560 60334733
-5559 60276060
-5558 60080775
-5557 59784237
-5556 59509145
-5555 59291249
-5554 58874655
-5553 58809002
-5552 58740405
-5551 58391352
-5550 58203910
-5549 57803004
-5548 57635141
-5547 57484705
-5546 57243394
-5545 57311198
-5544 56877257
-5543 56625586
-5542 56536554
-5541 56204697
-5540 56086201
-5539 55855500
-5538 55700786
-5537 55285941
-5536 55324675
-5535 55120923
-5534 54870930
-5533 54562026
-5532 54402291
-5531 54228235
-5530 53897822
-5529 53660863
-5528 53623895
-5527 53269969
-5526 53186342
-5525 52862541
-5524 52679066
-5523 52448056
-5522 52231140
-5521 51752225
-5520 51518629
-5519 51334281
-5518 51140088
-5517 50809401
-5516 50642883
-5515 50369916
-5514 50197947
-5513 50126743
-5512 49741692
-5511 49539416
-5510 49430063
-5509 49247735
-5508 48993311
-5507 48700952
-5506 48527397
-5505 48377594
-5504 48065970
-5503 47833911
-5502 47349420
-5501 47223320
-5500 46984415
-5499 46716142
-5498 46433067
-5497 46146316
-5496 45673059
-5495 45535782
-5494 45354118
-5493 45042939
-5492 44725492
-5491 44389152
-5490 44184079
-5489 43871562
-5488 43719982
-5487 43449135
-5486 43144101
-5485 42859005
-5484 42731001
-5483 42370528
-5482 42178311
-5481 41817825
-5480 41473732
-5479 41295040
-5478 41031474
-5477 40684562
-5476 40502185
-5475 40021106
-5474 39852995
-5473 39557419
-5472 39295932
-5471 39026963
-5470 38692828
-5469 38571950
-5468 38194580
-5467 37698062
-5466 37483692
-5465 37224071
-5464 36919468
-5463 36597656
-5462 36377127
-5461 36096565
-5460 35813063
-5459 35580199
-5458 35347978
-5457 35125250
-5456 34834701
-5455 34639877
-5454 34354167
-5453 34083008
-5452 33755174
-5451 33543063
-5450 33270743
-5449 33005698
-5448 32749331
-5447 32384239
-5446 32233398
-5445 31932271
-5444 31654958
-5443 31427026
-5442 31075745
-5441 30864557
-5440 30519793
-5439 30397817
-5438 30025998
-5437 29685429
-5436 29451609
-5435 29294072
-5434 29007532
-5433 28722319
-5432 28582918
-5431 28211707
-5430 28008192
-5429 27736033
-5428 27541748
-5427 27354137
-5426 26921279
-5425 26779649
-5424 26566187
-5423 26213065
-5422 26069846
-5421 25714866
-5420 25507697
-5419 25210236
-5418 24985606
-5417 24676740
-5416 24357842
-5415 24176306
-5414 23887641
-5413 23657579
-5412 23389858
-5411 23162692
-5410 22833917
-5409 22755439
-5408 22480142
-5407 22328908
-5406 22103129
-5405 21884498
-5404 21623165
-5403 21503383
-5402 21343862
-5401 21064158
-5400 20919118
-5399 20624522
-5398 20523758
-5397 20194990
-5396 20092858
-5395 19749027
-5394 19630887
-5393 19439307
-5392 19291763
-5391 19002356
-5390 18793125
-5389 18500737
-5388 18335335
-5387 18149090
-5386 17959035
-5385 17604818
-5384 17375586
-5383 17252414
-5382 17074589
-5381 16947862
-5380 16678936
-5379 16520757
-5378 16321469
-5377 16013677
-5376 15879106
-5375 15629241
-5374 15410262
-5373 15309904
-5372 15152075
-5371 15030639
-5370 14866607
-5369 14707088
-5368 14570079
-5367 14346917
-5366 14208019
-5365 14058164
-5364 13878373
-5363 13671700
-5362 13550369
-5361 13308153
-5360 13313247
-5359 13015891
-5358 12895060
-5357 12701592
-5356 12499521
-5355 12397050
-5354 12196764
-5353 12088415
-5352 11886313
-5351 11702554
-5350 11536096
-5349 11371716
-5348 11157360
-5347 11059212
-5346 10914643
-5345 10798668
-5344 10591294
-5343 10515396
-5342 10365730
-5341 10275666
-5340 10136323
-5339 10022040
-5338 9849922
-5337 9616734
-5336 9548476
-5335 9362789
-5334 9292158
-5333 9135224
-5332 9082258
-5331 8928083
-5330 8832230
-5329 8720461
-5328 8583509
-5327 8445798
-5326 8312005
-5325 8180686
-5324 8077882
-5323 7942454
-5322 7800796
-5321 7674243
-5320 7579786
-5319 7514954
-5318 7371226
-5317 7243088
-5316 7201288
-5315 7119047
-5314 6973995
-5313 6904707
-5312 6808918
-5311 6685728
-5310 6550128
-5309 6530770
-5308 6379676
-5307 6318636
-5306 6177351
-5305 6120016
-5304 6020366
-5303 5921341
-5302 5832842
-5301 5730207
-5300 5661845
-5299 5595179
-5298 5457914
-5297 5393642
-5296 5276451
-5295 5169707
-5294 5146809
-5293 5018954
-5292 4904563
-5291 4859982
-5290 4764251
-5289 4676099
-5288 4567404
-5287 4470580
-5286 4396511
-5285 4313611
-5284 4266396
-5283 4169743
-5282 4107937
-5281 4042108
-5280 3990439
-5279 3929733
-5278 3847536
-5277 3779758
-5276 3686537
-5275 3641680
-5274 3576785
-5273 3527660
-5272 3461120
-5271 3458965
-5270 3359498
-5269 3332523
-5268 3245962
-5267 3215491
-5266 3175315
-5265 3086013
-5264 3034001
-5263 3012147
-5262 2955604
-5261 2903055
-5260 2793048
-5259 2775521
-5258 2727152
-5257 2691113
-5256 2640089
-5255 2581888
-5254 2540234
-5253 2547728
-5252 2457209
-5251 2427288
-5250 2402570
-5249 2354289
-5248 2318926
-5247 2284801
-5246 2253751
-5245 2225716
-5244 2155202
-5243 2144129
-5242 2072746
-5241 2046158
-5240 2000998
-5239 1962802
-5238 1962440
-5237 1908522
-5236 1861674
-5235 1817116
-5234 1771032
-5233 1756727
-5232 1707925
-5231 1696418
-5230 1649062
-5229 1627207
-5228 1578709
-5227 1548293
-5226 1525000
-5225 1489546
-5224 1456085
-5223 1406261
-5222 1387279
-5221 1354139
-5220 1336014
-5219 1317683
-5218 1293716
-5217 1271787
-5216 1246899
-5215 1192867
-5214 1179826
-5213 1153910
-5212 1133892
-5211 1110341
-5210 1086130
-5209 1083744
-5208 1045100
-5207 1041133
-5206 1004293
-5205 987182
-5204 958987
-5203 947084
-5202 922153
-5201 893358
-5200 872054
-5199 862962
-5198 853563
-5197 823332
-5196 804266
-5195 798199
-5194 788025
-5193 757718
-5192 736471
-5191 750384
-5190 719432
-5189 711018
-5188 707074
-5187 684098
-5186 671817
-5185 654676
-5184 642412
-5183 624316
-5182 630168
-5181 601066
-5180 596713
-5179 599416
-5178 598665
-5177 574212
-5176 566570
-5175 545459
-5174 533489
-5173 522034
-5172 525070
-5171 515994
-5170 510844
-5169 483407
-5168 471979
-5167 468191
-5166 453715
-5165 454337
-5164 440176
-5163 434973
-5162 420676
-5161 419537
-5160 420300
-5159 384145
-5158 386333
-5157 396100
-5156 375962
-5155 370530
-5154 362970
-5153 350995
-5152 335537
-5151 328581
-5150 310646
-5149 307196
-5148 310354
-5147 308646
-5146 292320
-5145 295792
-5144 291464
-5143 273767
-5142 269199
-5141 251526
-5140 253000
-5139 241434
-5138 241605
-5137 224946
-5136 222848
-5135 216288
-5134 218318
-5133 207621
-5132 207787
-5131 205504
-5130 200151
-5129 194522
-5128 185677
-5127 178834
-5126 183270
-5125 181610
-5124 170346
-5123 167505
-5122 162409
-5121 153854
-5120 157482
-5119 146347
-5118 148821
-5117 142347
-5116 136602
-5115 129807
-5114 127010
-5113 120864
-5112 119398
-5111 113300
-5110 109718
-5109 104484
-5108 103255
-5107 97465
-5106 94784
-5105 93351
-5104 91674
-5103 90142
-5102 91891
-5101 85385
-5100 85358
-5099 86262
-5098 90853
-5097 83311
-5096 83013
-5095 75400
-5094 80065
-5093 76026
-5092 76044
-5091 67581
-5090 70994
-5089 65773
-5088 62712
-5087 59500
-5086 60540
-5085 59023
-5084 56164
-5083 56768
-5082 50915
-5081 52684
-5080 48351
-5079 44229
-5078 47447
-5077 44419
-5076 41531
-5075 42253
-5074 38687
-5073 38862
-5072 41196
-5071 37818
-5070 36272
-5069 33060
-5068 34897
-5067 31706
-5066 33673
-5065 33471
-5064 34702
-5063 33596
-5062 35352
-5061 32538
-5060 32507
-5059 33382
-5058 30534
-5057 26425
-5056 24877
-5055 25087
-5054 28187
-5053 23922
-5052 24684
-5051 22560
-5050 20111
-5049 20160
-5048 20371
-5047 14919
-5046 16116
-5045 14046
-5044 13397
-5043 10979
-5042 11394
-5041 9691
-5040 9371
-5039 8380
-5038 7653
-5037 9682
-5036 9207
-5035 6894
-5034 8233
-5033 6966
-5032 4697
-5031 4104
-5030 2967
-5029 2310
-5028 2470
-5027 2387
-5026 1847
-5025 2035
-5024 1811
-5023 1721
-5022 2100
-5021 1511
-5020 1441
-5019 1058
-5018 1447
-5017 578
-5016 573
-5015 321
-5014 156
-5013 55
-5012 39
-5010 3
-5009 10
