N J h steps 
5000 0.833 0 48000000000
-4818 332
-4816 1647
-4814 2463
-4812 906
-4810 383
-4808 752
-4806 4605
-4804 1795
-4802 296
-4800 7859
-4798 6220
-4796 3462
-4794 2391
-4792 1099
-4790 1066
-4788 4547
-4786 537
-4784 284
-4782 498
-4780 1364
-4778 1512
-4776 2703
-4774 7676
-4772 1677
-4770 1621
-4768 5019
-4766 8025
-4764 14505
-4762 4294
-4760 1801
-4758 2713
-4756 9728
-4754 8311
-4752 3686
-4750 264
-4748 1079
-4746 2255
-4744 5155
-4742 11453
-4740 20913
-4738 28726
-4736 25466
-4734 16046
-4732 10147
-4730 16653
-4728 14441
-4726 37620
-4724 19598
-4722 14713
-4720 15763
-4718 13219
-4716 15409
-4714 15065
-4712 21905
-4710 19544
-4708 28698
-4706 47409
-4704 23533
-4702 33144
-4700 24125
-4698 25511
-4696 45589
-4694 57763
-4692 44511
-4690 23682
-4688 16818
-4686 44279
-4684 50625
-4682 31817
-4680 36394
-4678 66107
-4676 64928
-4674 65723
-4672 52784
-4670 86049
-4668 100329
-4666 68067
-4664 102424
-4662 74402
-4660 89450
-4658 78408
-4656 93051
-4654 98552
-4652 82667
-4650 90793
-4648 104864
-4646 80684
-4644 102351
-4642 86185
-4640 76237
-4638 77943
-4636 86584
-4634 96342
-4632 80284
-4630 74324
-4628 109561
-4626 108691
-4624 109043
-4622 135462
-4620 139742
-4618 125414
-4616 114673
-4614 137169
-4612 138417
-4610 121022
-4608 123595
-4606 126733
-4604 169078
-4602 130956
-4600 126406
-4598 167055
-4596 203249
-4594 194183
-4592 170807
-4590 199793
-4588 211215
-4586 154756
-4584 151710
-4582 147345
-4580 240020
-4578 227301
-4576 198262
-4574 211855
-4572 199159
-4570 208243
-4568 226202
-4566 227251
-4564 239439
-4562 237663
-4560 238038
-4558 228714
-4556 242893
-4554 230045
-4552 259055
-4550 320161
-4548 289944
-4546 295432
-4544 333275
-4542 322239
-4540 270884
-4538 272036
-4536 337035
-4534 343996
-4532 305648
-4530 281208
-4528 320031
-4526 332386
-4524 331420
-4522 308169
-4520 310526
-4518 328874
-4516 296170
-4514 356473
-4512 360596
-4510 383861
-4508 355751
-4506 372942
-4504 369993
-4502 429111
-4500 503193
-4498 434466
-4496 488979
-4494 449538
-4492 458426
-4490 424972
-4488 441381
-4486 467087
-4484 460418
-4482 411090
-4480 448231
-4478 476173
-4476 438423
-4474 440614
-4472 463979
-4470 532439
-4468 588906
-4466 609527
-4464 571821
-4462 534069
-4460 599724
-4458 623671
-4456 583533
-4454 613676
-4452 654013
-4450 614109
-4448 602838
-4446 599071
-4444 594410
-4442 638920
-4440 647241
-4438 641785
-4436 577627
-4434 657618
-4432 667369
-4430 711247
-4428 773557
-4426 739690
-4424 726120
-4422 712497
-4420 741204
-4418 748854
-4416 654879
-4414 699376
-4412 726946
-4410 716604
-4408 770137
-4406 763828
-4404 711942
-4402 763745
-4400 740935
-4398 760318
-4396 747333
-4394 761670
-4392 742235
-4390 705897
-4388 724671
-4386 729422
-4384 818901
-4382 799661
-4380 878543
-4378 872445
-4376 976032
-4374 914331
-4372 891302
-4370 875109
-4368 864513
-4366 847722
-4364 863931
-4362 979818
-4360 1000480
-4358 1026388
-4356 961736
-4354 954482
-4352 1048853
-4350 1051328
-4348 1035255
-4346 1100554
-4344 1058856
-4342 1012556
-4340 981535
-4338 1067321
-4336 1103698
-4334 1118518
-4332 1152440
-4330 1102600
-4328 1052642
-4326 1064222
-4324 1099777
-4322 1126367
-4320 1106105
-4318 1187588
-4316 1164997
-4314 1253010
-4312 1261862
-4310 1289523
-4308 1267201
-4306 1246529
-4304 1348357
-4302 1208068
-4300 1272756
-4298 1212746
-4296 1313011
-4294 1378890
-4292 1334693
-4290 1470240
-4288 1445714
-4286 1443870
-4284 1396895
-4282 1389034
-4280 1320128
-4278 1447007
-4276 1438757
-4274 1386492
-4272 1392255
-4270 1417537
-4268 1451948
-4266 1409837
-4264 1382843
-4262 1460619
-4260 1400366
-4258 1479343
-4256 1534722
-4254 1574882
-4252 1563312
-4250 1544385
-4248 1527641
-4246 1567786
-4244 1555393
-4242 1698058
-4240 1662641
-4238 1643109
-4236 1704009
-4234 1621155
-4232 1609368
-4230 1588232
-4228 1589924
-4226 1685720
-4224 1711587
-4222 1669204
-4220 1694417
-4218 1721329
-4216 1627300
-4214 1650238
-4212 1742818
-4210 1647301
-4208 1639501
-4206 1666748
-4204 1595994
-4202 1682830
-4200 1733331
-4198 1682913
-4196 1632446
-4194 1602179
-4192 1723623
-4190 1817471
-4188 1832534
-4186 1801722
-4184 1897493
-4182 1903420
-4180 1852835
-4178 1925062
-4176 1830253
-4174 1917818
-4172 1838507
-4170 1791052
-4168 1890919
-4166 1845328
-4164 1811899
-4162 1954863
-4160 1980707
-4158 1943061
-4156 2016481
-4154 1899041
-4152 1976027
-4150 1932654
-4148 1957370
-4146 1980838
-4144 2013248
-4142 1980833
-4140 2087837
-4138 2076321
-4136 1979621
-4134 1944268
-4132 1982351
-4130 2080849
-4128 2212746
-4126 2158256
-4124 2085381
-4122 2258462
-4120 2250672
-4118 2351131
-4116 2202125
-4114 2163157
-4112 2123184
-4110 2265847
-4108 2290538
-4106 2280966
-4104 2335488
-4102 2352707
-4100 2380767
-4098 2305124
-4096 2425480
-4094 2389182
-4092 2383406
-4090 2586446
-4088 2596902
-4086 2494800
-4084 2458577
-4082 2487804
-4080 2410490
-4078 2497955
-4076 2448614
-4074 2437868
-4072 2479284
-4070 2320747
-4068 2434154
-4066 2427767
-4064 2394294
-4062 2391962
-4060 2428153
-4058 2521974
-4056 2486711
-4054 2587182
-4052 2504911
-4050 2452992
-4048 2436198
-4046 2600638
-4044 2570002
-4042 2638326
-4040 2650207
-4038 2630371
-4036 2676056
-4034 2716093
-4032 2681451
-4030 2741841
-4028 2676306
-4026 2664162
-4024 2594040
-4022 2727373
-4020 2674822
-4018 2604749
-4016 2661252
-4014 2761726
-4012 2801107
-4010 2752874
-4008 2692456
-4006 2790268
-4004 2752456
-4002 2814520
-4000 2868487
-3998 2933279
-3996 2935037
-3994 2910106
-3992 2906419
-3990 2893362
-3988 2844145
-3986 2916393
-3984 2883826
-3982 2943678
-3980 2936723
-3978 3049727
-3976 2920667
-3974 2990688
-3972 2940767
-3970 2964040
-3968 3017834
-3966 3017703
-3964 2926023
-3962 3010240
-3960 3074995
-3958 3011883
-3956 3024966
-3954 3036874
-3952 3086225
-3950 2960669
-3948 2954911
-3946 2962154
-3944 3024300
-3942 3077309
-3940 3119291
-3938 3094365
-3936 3108432
-3934 2977494
-3932 3128899
-3930 3136426
-3928 3154609
-3926 3052719
-3924 3132874
-3922 3188510
-3920 3094762
-3918 3192787
-3916 3166708
-3914 3135488
-3912 3292831
-3910 3216267
-3908 3249256
-3906 3327138
-3904 3273078
-3902 3475479
-3900 3484035
-3898 3331549
-3896 3447673
-3894 3383585
-3892 3399545
-3890 3297145
-3888 3411487
-3886 3451990
-3884 3495113
-3882 3606609
-3880 3353326
-3878 3431851
-3876 3472376
-3874 3671346
-3872 3501855
-3870 3597986
-3868 3540830
-3866 3438057
-3864 3614161
-3862 3559855
-3860 3535020
-3858 3471647
-3856 3578939
-3854 3670595
-3852 3584426
-3850 3694102
-3848 3704609
-3846 3650205
-3844 3692486
-3842 3788452
-3840 3659611
-3838 3590208
-3836 3589288
-3834 3649625
-3832 3682343
-3830 3765217
-3828 3672668
-3826 3739429
-3824 3742424
-3822 3709090
-3820 3819638
-3818 3731747
-3816 3594075
-3814 3700827
-3812 3717491
-3810 3832803
-3808 3834162
-3806 3846976
-3804 3822760
-3802 3758630
-3800 3699335
-3798 3870568
-3796 3847614
-3794 3789838
-3792 3944463
-3790 3978791
-3788 3876148
-3786 3884828
-3784 3940171
-3782 4004469
-3780 4036237
-3778 4002581
-3776 3949738
-3774 3926663
-3772 3990900
-3770 3992448
-3768 3962965
-3766 4033102
-3764 3957008
-3762 4141864
-3760 4163516
-3758 4031232
-3756 4042962
-3754 4201387
-3752 4116807
-3750 3981732
-3748 4037694
-3746 4112016
-3744 4036211
-3742 4019027
-3740 3920586
-3738 3981186
-3736 4165312
-3734 4112379
-3732 4212033
-3730 4173723
-3728 4336937
-3726 4265977
-3724 4276939
-3722 4281385
-3720 4372707
-3718 4359744
-3716 4541574
-3714 4424054
-3712 4417385
-3710 4568160
-3708 4486202
-3706 4480881
-3704 4394023
-3702 4548272
-3700 4493110
-3698 4558752
-3696 4528992
-3694 4645767
-3692 4592575
-3690 4619432
-3688 4513060
-3686 4720037
-3684 4767176
-3682 4700662
-3680 4701305
-3678 4598988
-3676 4654104
-3674 4662467
-3672 4665810
-3670 4637519
-3668 4510359
-3666 4580348
-3664 4642323
-3662 4528256
-3660 4566490
-3658 4568805
-3656 4725736
-3654 4806228
-3652 4582964
-3650 4659549
-3648 4665680
-3646 4633094
-3644 4598590
-3642 4575686
-3640 4672398
-3638 4730553
-3636 4728046
-3634 4832801
-3632 4906052
-3630 4769375
-3628 4851401
-3626 4863561
-3624 4840851
-3622 4898290
-3620 4840229
-3618 4884429
-3616 5074126
-3614 4888854
-3612 4913450
-3610 4939632
-3608 4987236
-3606 4901600
-3604 4993231
-3602 4958063
-3600 4818792
-3598 4913207
-3596 4900632
-3594 4861301
-3592 4803120
-3590 4924755
-3588 5002572
-3586 5038742
-3584 4935072
-3582 5078081
-3580 5143285
-3578 5163700
-3576 5122144
-3574 4929215
-3572 5000364
-3570 4850413
-3568 4721960
-3566 4915081
-3564 5010455
-3562 5013315
-3560 4993648
-3558 5131318
-3556 5169635
-3554 5074336
-3552 5054402
-3550 5052192
-3548 5084113
-3546 5002306
-3544 5031159
-3542 4980401
-3540 5046091
-3538 5007371
-3536 5135799
-3534 5367587
-3532 5366065
-3530 5238990
-3528 5424280
-3526 5322967
-3524 5338425
-3522 5530687
-3520 5507271
-3518 5415287
-3516 5216110
-3514 5292397
-3512 5366264
-3510 5412392
-3508 5301719
-3506 5383270
-3504 5344818
-3502 5368918
-3500 5293928
-3498 5449229
-3496 5576188
-3494 5617260
-3492 5480592
-3490 5529360
-3488 5571955
-3486 5532594
-3484 5557501
-3482 5614914
-3480 5606810
-3478 5553390
-3476 5626877
-3474 5745815
-3472 5726532
-3470 5717015
-3468 5686635
-3466 5949584
-3464 5761068
-3462 5669693
-3460 5791528
-3458 5713634
-3456 5748442
-3454 5771880
-3452 5656695
-3450 5727822
-3448 5745298
-3446 5639977
-3444 5623227
-3442 5664797
-3440 5694155
-3438 5714372
-3436 5712016
-3434 5771716
-3432 5731633
-3430 5852393
-3428 5819204
-3426 5824120
-3424 5840342
-3422 5987696
-3420 6007244
-3418 6081557
-3416 5818698
-3414 5984171
-3412 5909042
-3410 5813104
-3408 5832412
-3406 5825551
-3404 5934999
-3402 5970402
-3400 5781925
-3398 5800398
-3396 5741427
-3394 5786145
-3392 5840744
-3390 5966854
-3388 6040229
-3386 5884233
-3384 5849663
-3382 5836209
-3380 6018699
-3378 5889613
-3376 6019848
-3374 5967278
-3372 5949612
-3370 6033322
-3368 5998216
-3366 6040080
-3364 6111035
-3362 6046685
-3360 6102709
-3358 5946116
-3356 5922283
-3354 5873656
-3352 5883588
-3350 6084960
-3348 6214326
-3346 6148805
-3344 6375620
-3342 6270828
-3340 6332901
-3338 6357893
-3336 6240719
-3334 6256028
-3332 6114243
-3330 6251332
-3328 6303267
-3326 6084350
-3324 6059355
-3322 6208691
-3320 6021565
-3318 6111617
-3316 6151343
-3314 6065101
-3312 6111390
-3310 6227577
-3308 6095170
-3306 6057403
-3304 6182326
-3302 6119149
-3300 6269345
-3298 6334576
-3296 6227086
-3294 6084928
-3292 6202610
-3290 6218036
-3288 6211416
-3286 6363700
-3284 6304876
-3282 6545530
-3280 6565351
-3278 6615362
-3276 6528402
-3274 6549551
-3272 6647234
-3270 6599216
-3268 6573092
-3266 6477539
-3264 6391450
-3262 6421209
-3260 6558345
-3258 6644735
-3256 6704587
-3254 6906317
-3252 6842061
-3250 6809005
-3248 6942574
-3246 6914256
-3244 6990757
-3242 6774829
-3240 6911909
-3238 7006700
-3236 6898379
-3234 6904476
-3232 6783947
-3230 6831404
-3228 6695537
-3226 6831660
-3224 6815682
-3222 6740452
-3220 6984847
-3218 6943233
-3216 6891308
-3214 6873161
-3212 6975549
-3210 7054825
-3208 7132488
-3206 7150924
-3204 7008398
-3202 6910272
-3200 6987719
-3198 6965582
-3196 6899199
-3194 6947528
-3192 6747588
-3190 6954689
-3188 7023816
-3186 6922657
-3184 6895277
-3182 6845998
-3180 7088241
-3178 7144459
-3176 6999429
-3174 7012803
-3172 7012996
-3170 7049086
-3168 6989230
-3166 7028155
-3164 6922630
-3162 7065741
-3160 7156817
-3158 7033329
-3156 7273316
-3154 7324252
-3152 7143482
-3150 7209115
-3148 7028620
-3146 7305186
-3144 7221659
-3142 7210527
-3140 7146583
-3138 7138301
-3136 7050243
-3134 7131839
-3132 7119165
-3130 7316859
-3128 7392886
-3126 7265396
-3124 7173826
-3122 7200938
-3120 7326784
-3118 7195315
-3116 7212998
-3114 7290413
-3112 7385571
-3110 7466688
-3108 7461303
-3106 7516420
-3104 7447782
-3102 7445744
-3100 7495177
-3098 7392924
-3096 7502105
-3094 7519184
-3092 7602494
-3090 7475517
-3088 7570448
-3086 7621670
-3084 7628793
-3082 7526315
-3080 7511275
-3078 7602065
-3076 7633964
-3074 7629283
-3072 7567152
-3070 7542154
-3068 7681028
-3066 7711806
-3064 7598369
-3062 7680951
-3060 7562936
-3058 7563521
-3056 7599014
-3054 7675683
-3052 7609399
-3050 7736056
-3048 7730398
-3046 7717188
-3044 7695163
-3042 7693061
-3040 7568790
-3038 7745151
-3036 7680486
-3034 7707060
-3032 7779506
-3030 7621647
-3028 7670930
-3026 7900923
-3024 7941780
-3022 7630586
-3020 7926720
-3018 7762371
-3016 7675641
-3014 7700500
-3012 7776224
-3010 7744438
-3008 7875324
-3006 7749048
-3004 7818919
-3002 7805901
-3000 8014865
-2998 7792209
-2996 7855930
-2994 7849181
-2992 7900814
-2990 7874890
-2988 7840884
-2986 7866415
-2984 7829952
-2982 7960928
-2980 8047854
-2978 7954343
-2976 7983863
-2974 8081252
-2972 8065709
-2970 8000269
-2968 7890488
-2966 7836560
-2964 7995266
-2962 7926831
-2960 7770893
-2958 7779477
-2956 7697115
-2954 7997319
-2952 7961026
-2950 7977506
-2948 8047796
-2946 7974741
-2944 7999531
-2942 8190608
-2940 8064980
-2938 8059972
-2936 8097970
-2934 8010001
-2932 8105581
-2930 8010776
-2928 8075425
-2926 8188703
-2924 8336415
-2922 8343496
-2920 8468393
-2918 8305601
-2916 8369670
-2914 8395569
-2912 8251179
-2910 8364677
-2908 8391746
-2906 8441986
-2904 8470546
-2902 8478285
-2900 8541942
-2898 8514747
-2896 8482246
-2894 8458123
-2892 8438411
-2890 8319177
-2888 8440435
-2886 8533579
-2884 8545867
-2882 8507503
-2880 8596240
-2878 8517954
-2876 8462128
-2874 8355913
-2872 8474191
-2870 8443037
-2868 8541181
-2866 8714906
-2864 8682890
-2862 8934389
-2860 8650813
-2858 8543620
-2856 8544393
-2854 8689514
-2852 8588430
-2850 8499580
-2848 8531080
-2846 8409576
-2844 8587063
-2842 8473815
-2840 8602517
-2838 8669918
-2836 8707587
-2834 8713801
-2832 8757855
-2830 8594615
-2828 8517403
-2826 8568162
-2824 8632360
-2822 8647244
-2820 8764320
-2818 8684172
-2816 8611414
-2814 8751736
-2812 8857524
-2810 8876324
-2808 8928341
-2806 9019906
-2804 8911330
-2802 8753077
-2800 8813229
-2798 8751156
-2796 8768872
-2794 8748649
-2792 8675191
-2790 8782275
-2788 8736749
-2786 8968101
-2784 8901211
-2782 8851887
-2780 9051318
-2778 8937214
-2776 8811454
-2774 8973862
-2772 8935414
-2770 8973537
-2768 9017589
-2766 9083860
-2764 9178229
-2762 9069684
-2760 9220183
-2758 9140457
-2756 9058931
-2754 8957987
-2752 8808162
-2750 8779207
-2748 8935417
-2746 8952042
-2744 9312441
-2742 9197972
-2740 9225686
-2738 9204670
-2736 8937538
-2734 9118149
-2732 9153335
-2730 9080158
-2728 9084736
-2726 9178051
-2724 9205917
-2722 9401968
-2720 9418289
-2718 9178412
-2716 9198356
-2714 9374692
-2712 9355887
-2710 9339634
-2708 9401096
-2706 9233537
-2704 9223139
-2702 9128240
-2700 9142939
-2698 9294610
-2696 9514639
-2694 9436483
-2692 9293410
-2690 9217015
-2688 9093229
-2686 9244465
-2684 9253536
-2682 9325245
-2680 9236821
-2678 9313314
-2676 9344034
-2674 9359391
-2672 9251438
-2670 9542928
-2668 9321658
-2666 9336108
-2664 9460685
-2662 9674311
-2660 9713587
-2658 9606531
-2656 9638359
-2654 9466936
-2652 9541397
-2650 9474712
-2648 9544490
-2646 9562397
-2644 9706686
-2642 9560836
-2640 9538979
-2638 9674035
-2636 9668147
-2634 9579710
-2632 9444587
-2630 9449766
-2628 9572246
-2626 9732914
-2624 9615481
-2622 9643025
-2620 9881383
-2618 9781748
-2616 9732246
-2614 9700182
-2612 9642141
-2610 9700636
-2608 9858440
-2606 9913814
-2604 9882888
-2602 9834356
-2600 9698976
-2598 9877887
-2596 9717258
-2594 9613382
-2592 9622897
-2590 9729092
-2588 9743738
-2586 9808934
-2584 9607677
-2582 9721086
-2580 9688572
-2578 9827191
-2576 9774723
-2574 9677507
-2572 9836942
-2570 9840139
-2568 9932323
-2566 9836695
-2564 9851579
-2562 9835702
-2560 10171643
-2558 9994257
-2556 10079441
-2554 9968399
-2552 10156652
-2550 10027826
-2548 10062386
-2546 10200282
-2544 10112371
-2542 9980403
-2540 10021481
-2538 9971320
-2536 9977508
-2534 10284286
-2532 10434079
-2530 10234085
-2528 10242347
-2526 10217164
-2524 10013505
-2522 10168448
-2520 10428887
-2518 10233692
-2516 10271797
-2514 10295033
-2512 10252356
-2510 10108988
-2508 10053347
-2506 10047355
-2504 9961961
-2502 10299560
-2500 10293859
-2498 10332038
-2496 10314561
-2494 10398392
-2492 10346460
-2490 10475039
-2488 10387115
-2486 10404245
-2484 10473599
-2482 10457009
-2480 10637293
-2478 10595700
-2476 10834178
-2474 10750008
-2472 10613095
-2470 10597273
-2468 10637933
-2466 10582345
-2464 10589130
-2462 10737908
-2460 10708049
-2458 10617130
-2456 10494160
-2454 10630910
-2452 10698951
-2450 10539729
-2448 10457326
-2446 10420116
-2444 10460984
-2442 10488680
-2440 10726217
-2438 10630919
-2436 10469936
-2434 10511762
-2432 10626345
-2430 10658219
-2428 10514200
-2426 10649766
-2424 10617178
-2422 10547527
-2420 10551111
-2418 10634010
-2416 10779346
-2414 10672532
-2412 10626532
-2410 10728118
-2408 10824894
-2406 10821692
-2404 10850479
-2402 10852599
-2400 10762896
-2398 10642806
-2396 10571372
-2394 10565961
-2392 10820549
-2390 10716220
-2388 10833185
-2386 10951523
-2384 10708338
-2382 10844054
-2380 10934316
-2378 10895572
-2376 10810904
-2374 10769729
-2372 10907983
-2370 10827056
-2368 10767353
-2366 11090373
-2364 11010701
-2362 11100370
-2360 11050212
-2358 11113283
-2356 11169631
-2354 11048166
-2352 11083588
-2350 11234195
-2348 11062359
-2346 11021750
-2344 10907682
-2342 10916969
-2340 11012799
-2338 10875596
-2336 10854130
-2334 11084736
-2332 11038664
-2330 11089855
-2328 11128412
-2326 11012585
-2324 10911878
-2322 11054162
-2320 10909137
-2318 11123554
-2316 11149482
-2314 11255283
-2312 11119899
-2310 11187506
-2308 11217207
-2306 11059280
-2304 11107190
-2302 11296055
-2300 11316332
-2298 11246107
-2296 11452548
-2294 11340678
-2292 11169662
-2290 11110633
-2288 11290087
-2286 11312952
-2284 11310393
-2282 11249810
-2280 11312725
-2278 11263184
-2276 11179591
-2274 11171934
-2272 11284117
-2270 11226775
-2268 11239358
-2266 11287428
-2264 11076407
-2262 11050620
-2260 11080265
-2258 11106793
-2256 11139033
-2254 11157519
-2252 11515932
-2250 11434277
-2248 11471289
-2246 11520898
-2244 11592413
-2242 11507510
-2240 11514851
-2238 11429889
-2236 11404410
-2234 11404201
-2232 11433410
-2230 11369863
-2228 11474776
-2226 11406623
-2224 11420030
-2222 11413498
-2220 11283172
-2218 11339149
-2216 11334766
-2214 11298579
-2212 11346932
-2210 11176610
-2208 11183012
-2206 11505225
-2204 11652791
-2202 11640444
-2200 11493856
-2198 11591557
-2196 11483096
-2194 11424914
-2192 11604529
-2190 11671701
-2188 11541823
-2186 11675516
-2184 11565113
-2182 11738392
-2180 11635713
-2178 11804054
-2176 11908521
-2174 11764104
-2172 11932332
-2170 11950371
-2168 12077651
-2166 12019467
-2164 11955667
-2162 11807093
-2160 11676381
-2158 11602153
-2156 11651153
-2154 11685756
-2152 11557555
-2150 11703780
-2148 11617651
-2146 11725687
-2144 11702705
-2142 11767278
-2140 11769273
-2138 11910076
-2136 11916841
-2134 11849522
-2132 11915263
-2130 12022797
-2128 12032810
-2126 11972973
-2124 11956933
-2122 11962127
-2120 11986696
-2118 11921452
-2116 11870240
-2114 11929772
-2112 11843098
-2110 12011659
-2108 12207818
-2106 12095855
-2104 11874981
-2102 12235644
-2100 11992927
-2098 11984731
-2096 11792635
-2094 11660813
-2092 11671151
-2090 11605207
-2088 11685420
-2086 11777172
-2084 11852261
-2082 11741200
-2080 11761514
-2078 12007726
-2076 11888909
-2074 11853164
-2072 11912400
-2070 12025439
-2068 11746052
-2066 11744519
-2064 11914905
-2062 12035639
-2060 12143433
-2058 12162990
-2056 12054922
-2054 12123729
-2052 12243136
-2050 12145571
-2048 12301217
-2046 12105495
-2044 12118319
-2042 12073885
-2040 12136035
-2038 12151736
-2036 12182731
-2034 12052595
-2032 11861289
-2030 11910662
-2028 12015667
-2026 11987398
-2024 12068051
-2022 12074831
-2020 12145443
-2018 12183785
-2016 12037783
-2014 12231552
-2012 11917833
-2010 12273561
-2008 12340731
-2006 12205748
-2004 12376497
-2002 12304974
-2000 12330768
-1998 12177453
-1996 12326932
-1994 12282989
-1992 12469200
-1990 12395234
-1988 12620636
-1986 12592713
-1984 12793819
-1982 12700191
-1980 12646321
-1978 12789688
-1976 12646208
-1974 12645437
-1972 12581602
-1970 12687393
-1968 12722397
-1966 12576838
-1964 12570533
-1962 12717160
-1960 12832997
-1958 12674694
-1956 12648016
-1954 12628240
-1952 12675192
-1950 12647625
-1948 12651279
-1946 12672897
-1944 12781205
-1942 12581190
-1940 12690358
-1938 12575801
-1936 12609628
-1934 12673244
-1932 12701427
-1930 12469876
-1928 12551163
-1926 12534587
-1924 12724705
-1922 12776729
-1920 12705608
-1918 12934274
-1916 12889941
-1914 12601027
-1912 12355998
-1910 12504114
-1908 12579612
-1906 12693378
-1904 12735453
-1902 12854214
-1900 12753269
-1898 12749678
-1896 12708293
-1894 12730255
-1892 12827713
-1890 12995510
-1888 12959917
-1886 13033076
-1884 12919518
-1882 13058826
-1880 13078396
-1878 13196384
-1876 13104983
-1874 13126045
-1872 13134181
-1870 13047033
-1868 13216955
-1866 13220509
-1864 13242632
-1862 13324278
-1860 13453830
-1858 13295348
-1856 13223999
-1854 13332064
-1852 13268273
-1850 13358347
-1848 13310781
-1846 13087303
-1844 13230070
-1842 13036780
-1840 13131881
-1838 12972092
-1836 12843166
-1834 12792389
-1832 12946181
-1830 13213737
-1828 13302152
-1826 13189418
-1824 13290895
-1822 13297477
-1820 13247030
-1818 13348215
-1816 13394964
-1814 13421830
-1812 13439802
-1810 13646570
-1808 13535487
-1806 13309128
-1804 13294361
-1802 13407837
-1800 13457796
-1798 13252229
-1796 13354578
-1794 13387185
-1792 13405807
-1790 13317136
-1788 13201492
-1786 13218663
-1784 13364406
-1782 13200995
-1780 13434171
-1778 13467056
-1776 13381046
-1774 13462793
-1772 13246886
-1770 13374448
-1768 13346964
-1766 13336775
-1764 13258914
-1762 13279947
-1760 13161152
-1758 13090383
-1756 13267501
-1754 13327558
-1752 13222794
-1750 13382143
-1748 13439301
-1746 13392953
-1744 13381094
-1742 13483030
-1740 13511826
-1738 13433672
-1736 13451161
-1734 13551094
-1732 13665527
-1730 13495833
-1728 13460502
-1726 13437448
-1724 13499109
-1722 13526479
-1720 13507841
-1718 13534927
-1716 13640560
-1714 13707731
-1712 13749562
-1710 13662162
-1708 13513277
-1706 13400778
-1704 13567862
-1702 13674768
-1700 13625280
-1698 13710562
-1696 13381135
-1694 13544167
-1692 13647297
-1690 13820355
-1688 13696233
-1686 13659903
-1684 13755870
-1682 13763164
-1680 13554732
-1678 13705030
-1676 13738870
-1674 13707093
-1672 13696504
-1670 13722417
-1668 13874998
-1666 13631176
-1664 13616538
-1662 13637496
-1660 13758265
-1658 13697282
-1656 13790689
-1654 13853689
-1652 13750003
-1650 13812341
-1648 13931028
-1646 13853994
-1644 13955477
-1642 13655423
-1640 13808750
-1638 13942419
-1636 14047067
-1634 14224019
-1632 13929085
-1630 14186786
-1628 14157285
-1626 14107537
-1624 14115005
-1622 14059971
-1620 14081989
-1618 14017193
-1616 13963156
-1614 14244959
-1612 14013642
-1610 13949170
-1608 14134713
-1606 14148790
-1604 14065987
-1602 14228590
-1600 14151582
-1598 14317229
-1596 14398916
-1594 14314841
-1592 14279037
-1590 14169661
-1588 14355441
-1586 14152578
-1584 14301806
-1582 14319544
-1580 14446853
-1578 14462497
-1576 14385996
-1574 14136077
-1572 14195494
-1570 14194863
-1568 14028587
-1566 13995120
-1564 14152303
-1562 14079553
-1560 14097320
-1558 14313637
-1556 14253463
-1554 14066776
-1552 14241935
-1550 14104683
-1548 14048223
-1546 14041352
-1544 14021245
-1542 14118817
-1540 14314868
-1538 14586291
-1536 14551830
-1534 14649232
-1532 14517906
-1530 14499845
-1528 14526348
-1526 14528494
-1524 14621912
-1522 14540412
-1520 14738554
-1518 14647142
-1516 14600719
-1514 14563453
-1512 14453275
-1510 14616687
-1508 14641449
-1506 14547978
-1504 14578720
-1502 14645872
-1500 14770292
-1498 14659028
-1496 14533474
-1494 14668556
-1492 14531437
-1490 14595190
-1488 14579315
-1486 14522625
-1484 14675422
-1482 14443065
-1480 14527926
-1478 14595205
-1476 14855966
-1474 14792929
-1472 14665524
-1470 14524897
-1468 14612127
-1466 14758128
-1464 14676635
-1462 14680616
-1460 14814781
-1458 14671956
-1456 14992437
-1454 14976188
-1452 14771494
-1450 14844549
-1448 15008991
-1446 14900902
-1444 15021753
-1442 14850072
-1440 14712174
-1438 14933675
-1436 14911254
-1434 14924973
-1432 15022230
-1430 14903527
-1428 15072349
-1426 15111380
-1424 14981666
-1422 15058850
-1420 14940132
-1418 14871563
-1416 14932243
-1414 15056939
-1412 14965974
-1410 14853370
-1408 14817558
-1406 15073904
-1404 15008373
-1402 14808177
-1400 14899229
-1398 15152839
-1396 15169586
-1394 15141173
-1392 15245037
-1390 15126933
-1388 15088058
-1386 15013949
-1384 14919662
-1382 15001982
-1380 14856570
-1378 15049545
-1376 14998529
-1374 15001543
-1372 14794727
-1370 14852742
-1368 14997565
-1366 14935276
-1364 14936138
-1362 15039356
-1360 14850608
-1358 15032366
-1356 14895038
-1354 14857079
-1352 14949307
-1350 14853548
-1348 15083914
-1346 14914472
-1344 14854627
-1342 14876818
-1340 14953063
-1338 14863360
-1336 15094467
-1334 14921014
-1332 14958509
-1330 15081798
-1328 15034730
-1326 15034751
-1324 15084325
-1322 15057122
-1320 15337081
-1318 15140668
-1316 15138677
-1314 15028738
-1312 15453936
-1310 15375067
-1308 15274801
-1306 15251595
-1304 15266390
-1302 15455608
-1300 15334432
-1298 15396777
-1296 15143334
-1294 15274049
-1292 15305000
-1290 15305117
-1288 15477112
-1286 15489590
-1284 15410312
-1282 15379101
-1280 15282727
-1278 15423766
-1276 15327255
-1274 15297313
-1272 15571138
-1270 15389103
-1268 15735668
-1266 15576186
-1264 15462200
-1262 15421999
-1260 15578890
-1258 15643507
-1256 15459487
-1254 15564712
-1252 15400680
-1250 15395769
-1248 15333974
-1246 15602348
-1244 15879208
-1242 15666165
-1240 15566179
-1238 15499243
-1236 15547891
-1234 15323531
-1232 15227678
-1230 15274513
-1228 15158712
-1226 15233929
-1224 15274522
-1222 15256565
-1220 15437980
-1218 15422045
-1216 15315770
-1214 15403974
-1212 15412424
-1210 15302487
-1208 15425711
-1206 15477810
-1204 15448191
-1202 15522201
-1200 15642736
-1198 15496396
-1196 15519028
-1194 15572245
-1192 15434287
-1190 15566756
-1188 15510179
-1186 15375835
-1184 15547500
-1182 15505171
-1180 15468874
-1178 15683245
-1176 15476678
-1174 15407211
-1172 15483063
-1170 15414557
-1168 15465764
-1166 15336648
-1164 15451738
-1162 15339814
-1160 15531494
-1158 15311230
-1156 15527140
-1154 15514006
-1152 15472904
-1150 15340441
-1148 15533843
-1146 15379993
-1144 15411362
-1142 15397888
-1140 15289290
-1138 15465101
-1136 15545511
-1134 15656970
-1132 15579568
-1130 15687342
-1128 15319763
-1126 15713516
-1124 15790852
-1122 15755465
-1120 15788461
-1118 15893332
-1116 15736482
-1114 15618316
-1112 15590663
-1110 15397094
-1108 15427634
-1106 15585595
-1104 15639626
-1102 15733812
-1100 15604161
-1098 15507643
-1096 15551165
-1094 15696212
-1092 15559395
-1090 15646443
-1088 15787920
-1086 15654656
-1084 15737274
-1082 15608444
-1080 15750680
-1078 15743395
-1076 15690800
-1074 15681264
-1072 15590659
-1070 15582476
-1068 15555091
-1066 15756892
-1064 15907843
-1062 15819622
-1060 15842182
-1058 16097199
-1056 16279904
-1054 16031320
-1052 16013798
-1050 16100445
-1048 16116102
-1046 16177964
-1044 16195638
-1042 16260404
-1040 16160407
-1038 16119678
-1036 16107870
-1034 16126793
-1032 15889254
-1030 15833532
-1028 15994396
-1026 16177580
-1024 16054097
-1022 16223077
-1020 16040553
-1018 16245520
-1016 16146618
-1014 16178847
-1012 16108345
-1010 16200717
-1008 16130724
-1006 16313031
-1004 16215984
-1002 16297672
-1000 16077681
-998 16242873
-996 16082997
-994 16102350
-992 15972556
-990 16089690
-988 16086315
-986 16083673
-984 15959941
-982 15960664
-980 15918352
-978 15999838
-976 15987722
-974 15819528
-972 16141191
-970 16001307
-968 15795886
-966 15904920
-964 15974235
-962 15978188
-960 16031450
-958 15945351
-956 16045489
-954 16202539
-952 15973619
-950 16011797
-948 15938496
-946 16095384
-944 16181432
-942 16285453
-940 16462196
-938 16503480
-936 16372164
-934 16260791
-932 16330420
-930 16209197
-928 16078770
-926 16313889
-924 16218889
-922 16296538
-920 16269787
-918 16452420
-916 16414153
-914 16472172
-912 16674595
-910 16445736
-908 16434208
-906 16473844
-904 16252356
-902 16271240
-900 16242222
-898 16351623
-896 16055162
-894 16257204
-892 16240179
-890 16156639
-888 16177018
-886 16387172
-884 16268528
-882 16276380
-880 16509750
-878 16393556
-876 16224044
-874 16217783
-872 16240932
-870 16363169
-868 16397307
-866 16256877
-864 16261621
-862 16210304
-860 16348173
-858 16198620
-856 15957973
-854 15987689
-852 16076670
-850 16165041
-848 15907697
-846 16071320
-844 16129077
-842 16285289
-840 16200617
-838 16383383
-836 16398844
-834 16467563
-832 16407788
-830 16590619
-828 16637489
-826 16468782
-824 16487489
-822 16563480
-820 16624726
-818 16476539
-816 16363740
-814 16246511
-812 16170937
-810 16341692
-808 16268580
-806 16440348
-804 16487649
-802 16562721
-800 16454889
-798 16344128
-796 16542470
-794 16388928
-792 16467591
-790 16470256
-788 16402975
-786 16313073
-784 16469542
-782 16344870
-780 16660604
-778 16547954
-776 16462196
-774 16600767
-772 16377225
-770 16469791
-768 16499839
-766 16474713
-764 16373269
-762 16483910
-760 16616686
-758 16597747
-756 16674826
-754 16678362
-752 16666727
-750 16609210
-748 16720949
-746 16851735
-744 16844909
-742 16880403
-740 16916012
-738 17056966
-736 16785336
-734 16541605
-732 16383641
-730 16527614
-728 16424321
-726 16483192
-724 16551804
-722 16564018
-720 16717361
-718 16659511
-716 16530804
-714 16633806
-712 16393396
-710 16660573
-708 16699132
-706 16623830
-704 16495201
-702 16806034
-700 16505921
-698 16751597
-696 16608924
-694 16500395
-692 16612966
-690 16648965
-688 16617112
-686 16835647
-684 16435834
-682 16442239
-680 16561781
-678 16631751
-676 16535872
-674 16620118
-672 16900803
-670 16880078
-668 16879255
-666 16827833
-664 16692789
-662 16577831
-660 16674229
-658 16633297
-656 16832792
-654 16890187
-652 16682773
-650 16639461
-648 16503108
-646 16625244
-644 16538213
-642 16856978
-640 16821390
-638 16676258
-636 16853853
-634 16660574
-632 16754653
-630 16648379
-628 16661859
-626 16829497
-624 16745554
-622 16796375
-620 16909718
-618 16780426
-616 16839457
-614 16855006
-612 16769508
-610 16833220
-608 16797717
-606 16866690
-604 16810409
-602 16965611
-600 16832529
-598 16947311
-596 17011126
-594 16937728
-592 17025236
-590 17200520
-588 17090552
-586 17241884
-584 17000340
-582 17001596
-580 16984958
-578 16908201
-576 16915618
-574 16860344
-572 16639680
-570 16773728
-568 16645127
-566 16695830
-564 16652068
-562 16483670
-560 16475812
-558 16536087
-556 16623687
-554 16865782
-552 16999921
-550 17016336
-548 16750729
-546 16828021
-544 16879084
-542 17071388
-540 16975010
-538 16958208
-536 17064333
-534 16840210
-532 16857656
-530 16524103
-528 16653126
-526 16863604
-524 16918798
-522 16870265
-520 16760224
-518 16511345
-516 16519598
-514 16841665
-512 16783456
-510 16870109
-508 16795030
-506 16940674
-504 16984386
-502 16975056
-500 17014960
-498 17037279
-496 16887116
-494 17075657
-492 17100643
-490 17010847
-488 17234339
-486 17139080
-484 17219994
-482 17203863
-480 17142130
-478 17281268
-476 17081927
-474 17238947
-472 17217306
-470 17033064
-468 17143728
-466 17290689
-464 17215999
-462 17379855
-460 17361230
-458 17264095
-456 17196897
-454 16921072
-452 17100977
-450 17048902
-448 17083351
-446 17219398
-444 17099025
-442 17305819
-440 17166827
-438 17177514
-436 17176564
-434 17093987
-432 17035474
-430 17098744
-428 17155903
-426 17284096
-424 17109335
-422 17118587
-420 17140527
-418 17024807
-416 17050904
-414 17034500
-412 17236492
-410 17192066
-408 17113487
-406 17267958
-404 17181103
-402 17020617
-400 17074288
-398 17100969
-396 17091929
-394 17038877
-392 17205362
-390 17099594
-388 17284767
-386 17178050
-384 16969582
-382 17123137
-380 17228057
-378 17313713
-376 17330815
-374 17055464
-372 17243557
-370 17025981
-368 17221389
-366 17211670
-364 17334301
-362 17199078
-360 17195906
-358 17165546
-356 17188909
-354 17200099
-352 16983752
-350 17221056
-348 17037825
-346 17095003
-344 17237798
-342 17047823
-340 17312474
-338 17050632
-336 17288411
-334 17318175
-332 17078106
-330 17006846
-328 17159874
-326 17001928
-324 17323208
-322 17221969
-320 17109032
-318 16819679
-316 17007382
-314 16884413
-312 16993149
-310 17015021
-308 16992211
-306 16975379
-304 17125448
-302 17031772
-300 17014086
-298 17029818
-296 17136963
-294 17014880
-292 17273150
-290 17160855
-288 17060329
-286 17124102
-284 16985455
-282 17133394
-280 17020767
-278 16988659
-276 17263880
-274 17333520
-272 17167283
-270 17129778
-268 17216401
-266 17146594
-264 17370580
-262 17339905
-260 17342878
-258 17201010
-256 17368561
-254 17203951
-252 17520842
-250 17411500
-248 17399462
-246 17454906
-244 17567934
-242 17597163
-240 17335525
-238 17238856
-236 17304515
-234 17224149
-232 17362825
-230 17271481
-228 17339713
-226 17129595
-224 17169004
-222 17047570
-220 17298706
-218 17123255
-216 17058192
-214 17204965
-212 17088445
-210 17252924
-208 17294842
-206 17253790
-204 17189265
-202 17343270
-200 17060710
-198 17163347
-196 17027549
-194 17131452
-192 17012016
-190 17274764
-188 17344641
-186 17284634
-184 17107896
-182 17286196
-180 17278663
-178 17143804
-176 17340857
-174 17276156
-172 17438013
-170 17197980
-168 17281989
-166 17274924
-164 16968101
-162 17080730
-160 17232818
-158 17196050
-156 17199599
-154 17214892
-152 17575539
-150 17301148
-148 17432905
-146 17403242
-144 17412135
-142 17467149
-140 17516764
-138 17306016
-136 17262948
-134 17417491
-132 17291347
-130 17441439
-128 17425795
-126 17354509
-124 17582448
-122 17499764
-120 17426921
-118 17359481
-116 17408062
-114 17375077
-112 17745816
-110 17362362
-108 17360791
-106 17514413
-104 17436739
-102 17443447
-100 17342178
-98 17120301
-96 17569213
-94 17459113
-92 17550811
-90 17242746
-88 17348357
-86 17314053
-84 17051794
-82 17274859
-80 17305644
-78 17023869
-76 16982479
-74 17014471
-72 17309591
-70 17078706
-68 17404752
-66 17461022
-64 17475826
-62 17504576
-60 17605032
-58 17433618
-56 17565320
-54 17438022
-52 17459189
-50 17539821
-48 17442759
-46 17320920
-44 17352680
-42 17353791
-40 17222354
-38 17253467
-36 17388965
-34 17242764
-32 17459884
-30 17280573
-28 17339379
-26 17346075
-24 17466327
-22 17372172
-20 17415766
-18 17351001
-16 17339461
-14 17345018
-12 17293401
-10 17357406
-8 17432745
-6 17506294
-4 17475748
-2 17354814
0 17260473
2 17101195
4 17279486
6 17107762
8 17386351
10 17350263
12 17333897
14 17226846
16 17297326
18 17365684
20 17213226
22 17144382
24 17069084
26 17255979
28 17311702
30 17275568
32 17289190
34 17211460
36 17214802
38 17163652
40 17275336
42 17356535
44 17370248
46 17335253
48 17248134
50 17470562
52 17102013
54 17105019
56 17169762
58 17202530
60 17160105
62 17308977
64 17251787
66 17438795
68 16996200
70 17215617
72 17262080
74 17040148
76 16864727
78 16940840
80 16904352
82 16852073
84 16931221
86 17210961
88 17177339
90 17085848
92 17258442
94 17345365
96 17269041
98 17162516
100 17276992
102 17312084
104 17295003
106 17391594
108 17384927
110 17281788
112 17340090
114 17342722
116 17380422
118 17486006
120 17335337
122 17490699
124 17257978
126 17387001
128 17226408
130 17291517
132 17194039
134 17203613
136 17387294
138 17409666
140 17604334
142 17431908
144 17390384
146 17283034
148 17420557
150 17507991
152 17551728
154 17594738
156 17536138
158 17706347
160 17683855
162 17599438
164 17678311
166 17507984
168 17660958
170 17659894
172 17714197
174 17477721
176 17558204
178 17698692
180 17720887
182 17436290
184 17476343
186 17413895
188 17415031
190 17234726
192 17384793
194 17278544
196 17468855
198 17031568
200 17215274
202 17485299
204 17424977
206 17550051
208 17494693
210 17343676
212 17571093
214 17439115
216 17511781
218 17594214
220 17620141
222 17442116
224 17706542
226 17319315
228 17377329
230 17059579
232 17110032
234 17220770
236 17239510
238 17423430
240 17095889
242 17340978
244 17314507
246 17252726
248 17186503
250 17146616
252 16992954
254 17143402
256 17103220
258 17124956
260 17187904
262 17198957
264 17072446
266 16985801
268 17176751
270 17236389
272 17143762
274 17237877
276 17269242
278 17105694
280 17259356
282 17152963
284 16910812
286 17165046
288 16951072
290 17000684
292 16937663
294 16991068
296 16962521
298 16995077
300 17044479
302 17127789
304 16967418
306 16860781
308 16811165
310 16848547
312 16825817
314 16669837
316 16641062
318 16911308
320 16996402
322 17018153
324 16814425
326 16915571
328 17168804
330 16946222
332 17007319
334 17467171
336 17432410
338 17528879
340 17126545
342 17140546
344 17073331
346 17179015
348 17163050
350 17065622
352 17184307
354 17125115
356 17149081
358 17358119
360 17015916
362 17073576
364 17260056
366 17201458
368 17272378
370 17212020
372 17212635
374 16989549
376 16782608
378 16849678
380 16855586
382 16772356
384 16771347
386 16847039
388 17136814
390 16985213
392 17127051
394 17041442
396 16919151
398 17033627
400 16854986
402 16895934
404 17058131
406 17001565
408 16896724
410 16774163
412 16863205
414 17057439
416 16930364
418 16990470
420 16959276
422 16805893
424 17117970
426 17037127
428 17030047
430 17088528
432 17007985
434 16955634
436 17145564
438 16843627
440 16715589
442 16992607
444 16926557
446 17024762
448 17032194
450 16957617
452 16868144
454 16885146
456 16861340
458 16756017
460 16898875
462 16766052
464 16552409
466 16933472
468 16907320
470 16747590
472 16953855
474 16837787
476 16749688
478 16979531
480 16734004
482 16842542
484 16862188
486 16905050
488 16711587
490 16968817
492 16849338
494 16861726
496 16888616
498 16959913
500 16973770
502 17203432
504 17210820
506 17186316
508 16968912
510 17009011
512 16974541
514 16985580
516 16982549
518 16796251
520 16803330
522 16677783
524 16739762
526 16812022
528 16735769
530 16813397
532 16712917
534 16636444
536 16741941
538 16669105
540 16858233
542 16658559
544 16622298
546 16880556
548 16950249
550 16783229
552 16955147
554 16881003
556 16744352
558 16535264
560 16750098
562 16692136
564 16752784
566 16738041
568 16639093
570 16528873
572 16600905
574 16646478
576 16556475
578 16636818
580 16706049
582 16902274
584 16785810
586 16742593
588 16847602
590 16885730
592 17025607
594 16870093
596 16826622
598 16706560
600 16824205
602 16811968
604 16994854
606 16810538
608 16758638
610 16534359
612 16920563
614 16787052
616 16799692
618 16744990
620 16743720
622 16798186
624 16746898
626 16764153
628 16912389
630 16843941
632 16683135
634 16766784
636 16821148
638 16863258
640 16815991
642 16800178
644 16712440
646 17002722
648 17034872
650 17032110
652 17131588
654 17027918
656 17191094
658 17186773
660 16876045
662 17008589
664 16979254
666 16830861
668 16788933
670 16872025
672 16970089
674 16809640
676 16993271
678 17087772
680 17001080
682 16930663
684 17018804
686 16989432
688 17115899
690 17065180
692 17089867
694 17135182
696 17142576
698 16884593
700 16879867
702 16796477
704 16892507
706 16894303
708 16753148
710 16632945
712 16665091
714 16472425
716 16693270
718 16802143
720 16764234
722 16975200
724 16914578
726 16718985
728 16559361
730 16610570
732 16638441
734 16390766
736 16619324
738 16527609
740 16431951
742 16600155
744 16459467
746 16402011
748 16593695
750 16297345
752 16381840
754 16405346
756 16705696
758 16555925
760 16760499
762 16622200
764 16507937
766 16377180
768 16392241
770 16490153
772 16426000
774 16433796
776 16509396
778 16466434
780 16407633
782 16484729
784 16395635
786 16317704
788 16471973
790 16327281
792 16192533
794 16437965
796 16570808
798 16529860
800 16635155
802 16797422
804 16423265
806 16222350
808 16252405
810 16330936
812 16445475
814 16486579
816 16539582
818 16570100
820 16385263
822 16356364
824 16438520
826 16398120
828 16416566
830 16339498
832 16417077
834 16394536
836 16498835
838 16540074
840 16284708
842 16425802
844 16472153
846 16863921
848 16728561
850 16398661
852 16471657
854 16253717
856 16472437
858 16365339
860 16309878
862 16299577
864 16284661
866 16331687
868 16154271
870 16384594
872 16496171
874 16332570
876 16176292
878 16255183
880 16191500
882 16160980
884 15941928
886 16033109
888 16229995
890 16108483
892 16011925
894 16053744
896 16424030
898 16339759
900 16206844
902 16281591
904 16188093
906 16250349
908 16303522
910 16226909
912 16227281
914 16269541
916 16409441
918 16409357
920 16292722
922 16194551
924 16321101
926 16283607
928 16500285
930 16417179
932 16438458
934 16302931
936 16360279
938 16606339
940 16391478
942 16213454
944 16350156
946 16425865
948 16401063
950 16313109
952 16335335
954 16160341
956 16328866
958 16293302
960 16374677
962 16373110
964 16162496
966 16058808
968 16031573
970 16107227
972 15919409
974 16042913
976 15920756
978 16000507
980 16206326
982 16102956
984 15939822
986 16128150
988 16238944
990 15967861
992 15936725
994 16133780
996 16177746
998 16221805
1000 16112249
1002 16034036
1004 16138106
1006 16183805
1008 16380956
1010 16504524
1012 16486497
1014 16314078
1016 16057895
1018 16243960
1020 16080777
1022 16196824
1024 16065061
1026 15854290
1028 15820292
1030 15758506
1032 16002164
1034 15931185
1036 15856836
1038 15782768
1040 15830449
1042 15894430
1044 15963932
1046 15866246
1048 15896265
1050 15968800
1052 15910687
1054 16036557
1056 16259573
1058 15788563
1060 15833431
1062 15773799
1064 15609170
1066 15919544
1068 16069582
1070 15887042
1072 16008897
1074 15973499
1076 16054909
1078 15999470
1080 15966906
1082 16252713
1084 16065987
1086 16127999
1088 15964518
1090 15853293
1092 15971869
1094 15954849
1096 16169208
1098 16116144
1100 15902612
1102 15801310
1104 15921042
1106 15988578
1108 15819195
1110 15692683
1112 15738312
1114 15508313
1116 15683667
1118 15768303
1120 15619848
1122 15785211
1124 15767876
1126 15724900
1128 15772170
1130 15555032
1132 15539197
1134 15619270
1136 15745391
1138 15698236
1140 15722796
1142 15969861
1144 15779876
1146 15643289
1148 15652904
1150 15554912
1152 15672510
1154 15529811
1156 15700345
1158 15709691
1160 15465780
1162 15567638
1164 15552052
1166 15671312
1168 15593099
1170 15579348
1172 15297748
1174 15422171
1176 15313989
1178 15481315
1180 15499610
1182 15326099
1184 15369685
1186 15393153
1188 15292503
1190 15399050
1192 15189147
1194 15294629
1196 15296754
1198 15068632
1200 15144677
1202 15282700
1204 15082195
1206 15385611
1208 15251602
1210 15389773
1212 15112353
1214 15167695
1216 15123538
1218 15219309
1220 15256676
1222 15390443
1224 15409052
1226 15194996
1228 15227275
1230 15349261
1232 15376797
1234 15143080
1236 15139137
1238 15167893
1240 14980753
1242 14942940
1244 14941730
1246 14878671
1248 14926329
1250 15052093
1252 15086968
1254 15019546
1256 15120240
1258 15082154
1260 15116780
1262 14992374
1264 14869542
1266 15202439
1268 15138833
1270 14963737
1272 15022078
1274 15079139
1276 15086960
1278 15067261
1280 15196747
1282 14963477
1284 15050640
1286 14884489
1288 14955749
1290 14948014
1292 14920913
1294 14769795
1296 14867745
1298 14827677
1300 14745196
1302 14910385
1304 14938926
1306 14675175
1308 14839668
1310 14842841
1312 14868098
1314 14640842
1316 14641493
1318 14666707
1320 14687501
1322 14911348
1324 15080941
1326 14850051
1328 15007154
1330 14909686
1332 14859712
1334 14918850
1336 15104931
1338 15021020
1340 14924139
1342 15062392
1344 14959012
1346 14893308
1348 15072479
1350 15077135
1352 14992078
1354 14855433
1356 14936033
1358 14947632
1360 14732652
1362 14914532
1364 14998468
1366 14871861
1368 14992985
1370 14721070
1372 14745040
1374 14925075
1376 14615050
1378 14417235
1380 14460197
1382 14406805
1384 14456314
1386 14382700
1388 14558229
1390 14730262
1392 14675267
1394 14822662
1396 14692252
1398 14548904
1400 14725939
1402 14726172
1404 14796095
1406 14545118
1408 14837295
1410 14648398
1412 14792633
1414 14657947
1416 14692853
1418 14717688
1420 14727899
1422 14599328
1424 14654728
1426 14775379
1428 14756386
1430 14719476
1432 14711932
1434 14452361
1436 14565231
1438 14582940
1440 14555653
1442 14557028
1444 14449255
1446 14524665
1448 14558255
1450 14487234
1452 14535850
1454 14348736
1456 14176695
1458 14488626
1460 14525904
1462 14613029
1464 14587750
1466 14267994
1468 14420499
1470 14518479
1472 14372717
1474 14163016
1476 14330024
1478 14308560
1480 14298605
1482 14577407
1484 14514256
1486 14284841
1488 14207418
1490 14414473
1492 14454714
1494 14297787
1496 14424845
1498 14043125
1500 14062134
1502 14202451
1504 14107557
1506 14417976
1508 14249811
1510 14157794
1512 14091400
1514 14351850
1516 14055121
1518 14013387
1520 13993047
1522 13986935
1524 14030560
1526 14144703
1528 13991638
1530 14187569
1532 14270197
1534 14009221
1536 13969199
1538 14241708
1540 14177059
1542 13897589
1544 14169529
1546 14330471
1548 14313038
1550 14225977
1552 14345461
1554 14370493
1556 14115467
1558 14162844
1560 14295538
1562 14226392
1564 14285756
1566 14164623
1568 14185712
1570 14227968
1572 14137818
1574 14048522
1576 13929486
1578 14316054
1580 14082750
1582 14076609
1584 14260852
1586 14099647
1588 13983704
1590 14099937
1592 14019692
1594 13949065
1596 14009406
1598 14029477
1600 13934936
1602 14079474
1604 14093181
1606 13837377
1608 13960079
1610 14024383
1612 13950589
1614 14170179
1616 13953753
1618 13880500
1620 13932759
1622 13846664
1624 13908992
1626 13819637
1628 13938811
1630 13982070
1632 13644886
1634 13788185
1636 13953236
1638 13859880
1640 13920811
1642 13764386
1644 13498731
1646 13584995
1648 13631699
1650 13660795
1652 13620260
1654 13704172
1656 13822009
1658 13613738
1660 13472178
1662 13864877
1664 13709109
1666 13649168
1668 13565691
1670 13363248
1672 13474048
1674 13525749
1676 13608481
1678 13583702
1680 13803046
1682 13764087
1684 13565950
1686 13766275
1688 13597363
1690 13649127
1692 13465488
1694 13586401
1696 13391848
1698 13371441
1700 13296585
1702 13411836
1704 13548548
1706 13570763
1708 13396299
1710 13337715
1712 13359758
1714 13508620
1716 13369738
1718 13566330
1720 13633456
1722 13558082
1724 13365301
1726 13329477
1728 13188066
1730 13418811
1732 13442474
1734 13604028
1736 13362150
1738 13234321
1740 13194397
1742 13156459
1744 13287924
1746 13233025
1748 13368931
1750 13389270
1752 13485423
1754 13326826
1756 13519642
1758 13535442
1760 13392529
1762 13447285
1764 13506318
1766 13623673
1768 13633263
1770 13326302
1772 13521281
1774 13351350
1776 13151734
1778 13165031
1780 13397799
1782 13477611
1784 13300511
1786 13248560
1788 13225761
1790 13426376
1792 13422208
1794 13567098
1796 13420948
1798 13663446
1800 13553173
1802 13493938
1804 13404051
1806 13156005
1808 13418443
1810 13149998
1812 13108235
1814 13156318
1816 13305544
1818 13252849
1820 13231362
1822 13287704
1824 13099226
1826 13429371
1828 13129325
1830 13329498
1832 13146969
1834 13170162
1836 13370914
1838 13354703
1840 13333510
1842 13256280
1844 13303507
1846 13191733
1848 13144401
1850 13064636
1852 13134782
1854 13219486
1856 13221570
1858 12840374
1860 12974208
1862 12986224
1864 12795115
1866 12873916
1868 12838281
1870 13007135
1872 12872749
1874 13026942
1876 12876655
1878 12929239
1880 13004874
1882 12868200
1884 12689694
1886 12689448
1888 12630543
1890 12872035
1892 12686563
1894 12896512
1896 12653568
1898 12741411
1900 12813415
1902 12595511
1904 12810006
1906 12738761
1908 12740207
1910 12795594
1912 12699154
1914 12753202
1916 12749656
1918 12777907
1920 12574653
1922 12756434
1924 12606382
1926 12718790
1928 12670862
1930 12582798
1932 12560062
1934 12713008
1936 12628447
1938 12579808
1940 12568548
1942 12678725
1944 12693247
1946 12600520
1948 12875378
1950 12523836
1952 12530149
1954 12474111
1956 12450517
1958 12382290
1960 12422688
1962 12532946
1964 12562014
1966 12561699
1968 12680186
1970 12689635
1972 12531740
1974 12421572
1976 12452261
1978 12356840
1980 12443375
1982 12484189
1984 12648202
1986 12723883
1988 12352760
1990 12231212
1992 12345379
1994 12318968
1996 12279295
1998 12398515
2000 12275432
2002 12266611
2004 12256002
2006 12273481
2008 12299708
2010 12310813
2012 12314144
2014 12309068
2016 12248105
2018 12280002
2020 12121465
2022 12109194
2024 12146283
2026 12257394
2028 12170849
2030 12227534
2032 12302132
2034 12199973
2036 11851743
2038 12067462
2040 11871977
2042 11943594
2044 11823447
2046 11903246
2048 11969047
2050 11854456
2052 11874485
2054 11902596
2056 11808609
2058 11892367
2060 12035875
2062 11954431
2064 11958989
2066 11783496
2068 11927613
2070 11858399
2072 11885414
2074 11874644
2076 11808952
2078 11811032
2080 12151523
2082 11875247
2084 11932536
2086 11724932
2088 11885282
2090 11788647
2092 11719621
2094 11653450
2096 11616292
2098 11750409
2100 11856271
2102 12006108
2104 11849884
2106 11838862
2108 11832049
2110 11607536
2112 11955230
2114 11809407
2116 11788364
2118 11904436
2120 11770971
2122 11654471
2124 11650868
2126 11719166
2128 11620713
2130 11484682
2132 11617518
2134 11674809
2136 11752931
2138 11814995
2140 11836809
2142 11567403
2144 11821785
2146 11738889
2148 11703327
2150 11685011
2152 11584101
2154 11834401
2156 11649009
2158 11561528
2160 11705839
2162 11771678
2164 11889790
2166 11920586
2168 11745989
2170 11843290
2172 11669505
2174 11833139
2176 11733304
2178 11815577
2180 11889217
2182 11830669
2184 11664346
2186 11775800
2188 11764339
2190 11706666
2192 11598416
2194 11686942
2196 11725429
2198 11948521
2200 11850256
2202 11612485
2204 11701839
2206 11671219
2208 11650338
2210 11478597
2212 11415067
2214 11417183
2216 11541453
2218 11180109
2220 11294597
2222 11589891
2224 11555841
2226 11360098
2228 11418048
2230 11409648
2232 11185891
2234 11121371
2236 11409162
2238 11386904
2240 11421282
2242 11165668
2244 11239651
2246 11374192
2248 11369391
2250 11306420
2252 11262229
2254 11394469
2256 11321888
2258 11564781
2260 11403866
2262 11377689
2264 11578438
2266 11462469
2268 11522138
2270 11287053
2272 11330712
2274 11235733
2276 11276622
2278 11168150
2280 11239697
2282 11449186
2284 11381686
2286 11531116
2288 11427008
2290 11424223
2292 11312218
2294 11252705
2296 11257359
2298 11415426
2300 11230324
2302 11131303
2304 11239658
2306 11227192
2308 11035797
2310 11113340
2312 11165681
2314 10974228
2316 10878064
2318 10866109
2320 10944007
2322 10852207
2324 10963295
2326 10893047
2328 11024654
2330 10940196
2332 10810993
2334 10884061
2336 11003488
2338 11116832
2340 10948691
2342 11083256
2344 11055139
2346 10994955
2348 11036933
2350 10976836
2352 10941949
2354 10913060
2356 11040704
2358 10991276
2360 10917905
2362 10956089
2364 11148155
2366 11059975
2368 10911086
2370 11007589
2372 10866692
2374 10710279
2376 10853601
2378 10736918
2380 10810557
2382 10696880
2384 10908668
2386 10760177
2388 10733926
2390 10698611
2392 10742003
2394 10697383
2396 10743058
2398 10800639
2400 10836348
2402 10606115
2404 10527570
2406 10650945
2408 10529503
2410 10566799
2412 10545236
2414 10383975
2416 10491839
2418 10378574
2420 10491064
2422 10516534
2424 10721794
2426 10607158
2428 10816848
2430 10703974
2432 10711670
2434 10657298
2436 10583960
2438 10532025
2440 10590601
2442 10735267
2444 10602930
2446 10496793
2448 10360033
2450 10689673
2452 10546670
2454 10584507
2456 10462265
2458 10485725
2460 10386877
2462 10308197
2464 10257672
2466 10078343
2468 10362936
2470 10372644
2472 10490793
2474 10345727
2476 10486615
2478 10415600
2480 10599886
2482 10602622
2484 10480020
2486 10372481
2488 10415668
2490 10315109
2492 10344562
2494 10032404
2496 10123871
2498 10012134
2500 10312259
2502 10095948
2504 10182685
2506 10196109
2508 10156963
2510 10038131
2512 10024630
2514 10065417
2516 10076893
2518 10025875
2520 10073664
2522 10117510
2524 10074794
2526 10107799
2528 10229699
2530 10107206
2532 10114749
2534 10036261
2536 9973315
2538 9994670
2540 10129538
2542 9870999
2544 9851811
2546 9763094
2548 9767282
2550 9544384
2552 9674797
2554 9894684
2556 9661381
2558 9763940
2560 9831487
2562 9748151
2564 9587780
2566 9924519
2568 9773414
2570 9883928
2572 9675723
2574 9791049
2576 9597799
2578 9622392
2580 9623006
2582 9642145
2584 9466924
2586 9592936
2588 9750309
2590 9953366
2592 9774529
2594 9789978
2596 9708915
2598 9858044
2600 9591133
2602 9652695
2604 9634906
2606 9744603
2608 9631322
2610 9608955
2612 9587643
2614 9621346
2616 9617599
2618 9676832
2620 9723486
2622 9916087
2624 9708087
2626 9562590
2628 9562331
2630 9693561
2632 9522335
2634 9512086
2636 9757155
2638 9515038
2640 9646853
2642 9812706
2644 9863243
2646 9900336
2648 9709232
2650 9791128
2652 9577717
2654 9484255
2656 9436273
2658 9574360
2660 9634117
2662 9567872
2664 9466424
2666 9446648
2668 9343563
2670 9407188
2672 9343172
2674 9297618
2676 9382102
2678 9335555
2680 9390992
2682 9557270
2684 9266503
2686 9250206
2688 9364713
2690 9385329
2692 9321170
2694 9228531
2696 9213052
2698 9353691
2700 9370755
2702 9333473
2704 9324147
2706 9440024
2708 9289221
2710 9357987
2712 9340738
2714 9264804
2716 9297671
2718 9271787
2720 9277165
2722 9303387
2724 9300544
2726 9224653
2728 9351731
2730 9415939
2732 9386159
2734 9324708
2736 9179296
2738 9181140
2740 9242537
2742 9250039
2744 9163458
2746 9349400
2748 9088094
2750 9124772
2752 9095650
2754 9237937
2756 9070021
2758 9063729
2760 9142950
2762 9140541
2764 9135448
2766 9337150
2768 9294359
2770 9356924
2772 9136250
2774 9035064
2776 8971072
2778 9043728
2780 9017876
2782 8954325
2784 9184652
2786 9069614
2788 8878575
2790 8972523
2792 8899618
2794 8912460
2796 8851141
2798 8922537
2800 9044651
2802 8856273
2804 9052944
2806 8943428
2808 9008856
2810 8836823
2812 8960338
2814 8984065
2816 8873055
2818 8919193
2820 8828265
2822 8821894
2824 8706951
2826 8682030
2828 8854532
2830 8809746
2832 8795091
2834 8546840
2836 8649141
2838 8455658
2840 8572290
2842 8675294
2844 8647407
2846 8721574
2848 8772988
2850 8764786
2852 8749142
2854 8674357
2856 8374809
2858 8520982
2860 8644446
2862 8715788
2864 8721477
2866 8488988
2868 8542049
2870 8426412
2872 8485033
2874 8635606
2876 8256577
2878 8342864
2880 8474437
2882 8336424
2884 8555719
2886 8583651
2888 8491584
2890 8177428
2892 8307461
2894 8108915
2896 7913992
2898 7969883
2900 8267206
2902 8174958
2904 8258525
2906 8277246
2908 8420924
2910 8458693
2912 8322931
2914 8261314
2916 8261558
2918 8170150
2920 8088827
2922 8156609
2924 8161811
2926 8187229
2928 8321575
2930 8196336
2932 8169420
2934 8294350
2936 8273851
2938 8189100
2940 8158898
2942 8098690
2944 7978377
2946 8079776
2948 8109922
2950 8168814
2952 8085344
2954 7940173
2956 7998423
2958 8071183
2960 7976348
2962 8017843
2964 8046681
2966 7909184
2968 7964323
2970 7861336
2972 7859547
2974 7635833
2976 7619263
2978 7608036
2980 7736869
2982 7776082
2984 7683855
2986 7598626
2988 7509881
2990 7523195
2992 7537713
2994 7598885
2996 7710762
2998 7762492
3000 7867528
3002 7764875
3004 7849479
3006 7724463
3008 7716933
3010 7677942
3012 7580777
3014 7469041
3016 7507619
3018 7644171
3020 7630898
3022 7687033
3024 7710767
3026 7733448
3028 7935299
3030 7857687
3032 7852209
3034 7834049
3036 7528944
3038 7773791
3040 7706194
3042 7721702
3044 7675770
3046 7563085
3048 7560147
3050 7500637
3052 7550651
3054 7663217
3056 7446089
3058 7469116
3060 7339487
3062 7391027
3064 7553319
3066 7488475
3068 7319422
3070 7287812
3072 7511495
3074 7432658
3076 7432441
3078 7564038
3080 7531912
3082 7441303
3084 7370974
3086 7418920
3088 7575485
3090 7479521
3092 7315953
3094 7403261
3096 7395528
3098 7340366
3100 7359491
3102 7422318
3104 7321182
3106 7193207
3108 7277062
3110 7349426
3112 7500602
3114 7611650
3116 7213354
3118 7249668
3120 7260046
3122 7295396
3124 7189244
3126 7332598
3128 7246818
3130 7260093
3132 7277942
3134 7348183
3136 7241483
3138 7168328
3140 7311293
3142 7398605
3144 7358806
3146 7360970
3148 7272266
3150 7347024
3152 7222549
3154 7263945
3156 7269313
3158 7199707
3160 7183375
3162 7124591
3164 7036524
3166 7129687
3168 7058123
3170 7059216
3172 6963815
3174 6938211
3176 7139493
3178 7086235
3180 7095536
3182 7022335
3184 7065808
3186 7183557
3188 6999814
3190 6850865
3192 6859864
3194 6873002
3196 6776901
3198 6899192
3200 6857179
3202 6785746
3204 6857501
3206 6845822
3208 6765891
3210 6895137
3212 6948315
3214 6905650
3216 6916269
3218 6834197
3220 6892339
3222 6923211
3224 6957205
3226 6887147
3228 6836817
3230 6922871
3232 6699134
3234 6832331
3236 6908950
3238 6888761
3240 6923603
3242 6851432
3244 6838854
3246 6763682
3248 6636289
3250 6603523
3252 6765963
3254 6752877
3256 6718401
3258 6840650
3260 6736035
3262 6783858
3264 6599908
3266 6696869
3268 6632385
3270 6532117
3272 6369956
3274 6309628
3276 6424222
3278 6441753
3280 6453990
3282 6357401
3284 6298317
3286 6337686
3288 6455329
3290 6230246
3292 6306988
3294 6203925
3296 6365608
3298 6455608
3300 6296075
3302 6204083
3304 6187586
3306 6307112
3308 6217944
3310 6288564
3312 6276803
3314 6292231
3316 6154802
3318 6246099
3320 6411905
3322 6267007
3324 6273068
3326 6377386
3328 6308934
3330 6290031
3332 6268249
3334 6311589
3336 6421497
3338 6267284
3340 6135888
3342 6116792
3344 6027053
3346 6123473
3348 6078286
3350 6158129
3352 6091201
3354 6051843
3356 6208673
3358 6108237
3360 5962379
3362 6092209
3364 5960618
3366 6045434
3368 5993015
3370 6032033
3372 6071204
3374 6077115
3376 6139094
3378 6071482
3380 6052768
3382 5956060
3384 5960546
3386 5812254
3388 5818649
3390 5892530
3392 6023365
3394 5942073
3396 6037602
3398 6145070
3400 5954001
3402 5927119
3404 5771783
3406 5799570
3408 5898954
3410 5874122
3412 5715924
3414 5716858
3416 5684556
3418 5737093
3420 5807158
3422 5849613
3424 5801236
3426 5813456
3428 5847714
3430 5605292
3432 5738112
3434 5816975
3436 5739148
3438 5801835
3440 5628170
3442 5693505
3444 5707428
3446 5741410
3448 5637703
3450 5485059
3452 5482177
3454 5557686
3456 5615164
3458 5594210
3460 5611164
3462 5555571
3464 5472159
3466 5566497
3468 5483314
3470 5660220
3472 5366412
3474 5499657
3476 5544030
3478 5497101
3480 5544908
3482 5682975
3484 5705157
3486 5533575
3488 5614449
3490 5494015
3492 5568538
3494 5523309
3496 5452158
3498 5492213
3500 5458804
3502 5589864
3504 5404435
3506 5390942
3508 5338600
3510 5487690
3512 5545949
3514 5436047
3516 5369267
3518 5310082
3520 5333095
3522 5361229
3524 5265691
3526 5257896
3528 5267873
3530 5376589
3532 5425664
3534 5364206
3536 5268816
3538 5221942
3540 5177984
3542 5275477
3544 5202386
3546 5212764
3548 5166485
3550 5157472
3552 5082072
3554 5164407
3556 5248349
3558 5310999
3560 5191554
3562 5066700
3564 5166220
3566 4954716
3568 5079918
3570 5182567
3572 5129531
3574 4993533
3576 4946915
3578 4941800
3580 4995542
3582 4913829
3584 4835826
3586 5018032
3588 5015339
3590 5124989
3592 5027192
3594 5148936
3596 5021959
3598 4905745
3600 4842830
3602 4949772
3604 4844230
3606 4795796
3608 4849884
3610 4840108
3612 4814496
3614 4857618
3616 4697090
3618 4755013
3620 4755856
3622 4727155
3624 4665451
3626 4557647
3628 4623365
3630 4581904
3632 4523331
3634 4537452
3636 4458011
3638 4435438
3640 4417019
3642 4413303
3644 4574572
3646 4547038
3648 4703934
3650 4611342
3652 4480460
3654 4623854
3656 4418045
3658 4326069
3660 4338255
3662 4440123
3664 4530956
3666 4597310
3668 4616361
3670 4530409
3672 4462142
3674 4272846
3676 4323472
3678 4300557
3680 4370228
3682 4335148
3684 4206098
3686 4193199
3688 4383510
3690 4336195
3692 4243270
3694 4244168
3696 4310181
3698 4171513
3700 4162078
3702 4216745
3704 4351649
3706 4241001
3708 4353627
3710 4351438
3712 4184626
3714 4203255
3716 4084575
3718 4090975
3720 4066475
3722 4123507
3724 4108369
3726 4091587
3728 4081763
3730 4112458
3732 4180796
3734 4162076
3736 4043272
3738 3984363
3740 3982727
3742 4086322
3744 4004663
3746 4082185
3748 3954891
3750 3938868
3752 3910685
3754 4010679
3756 4190902
3758 4043396
3760 4094025
3762 4009492
3764 3943250
3766 4159074
3768 3917035
3770 3948939
3772 3978964
3774 3952918
3776 4016717
3778 4027973
3780 3984508
3782 3944744
3784 4018611
3786 3919295
3788 4011034
3790 4016351
3792 3989363
3794 4111262
3796 4043411
3798 4029238
3800 3839595
3802 3881946
3804 3891977
3806 3882564
3808 3906849
3810 3864717
3812 3777695
3814 3827624
3816 3784607
3818 3770024
3820 3824860
3822 3726825
3824 3659173
3826 3661536
3828 3756618
3830 3719780
3832 3764794
3834 3719484
3836 3628721
3838 3467560
3840 3567958
3842 3430716
3844 3527620
3846 3558844
3848 3638961
3850 3459212
3852 3457124
3854 3477579
3856 3510769
3858 3600523
3860 3685822
3862 3657952
3864 3545559
3866 3573390
3868 3488946
3870 3544246
3872 3531136
3874 3550697
3876 3581325
3878 3537239
3880 3488115
3882 3445218
3884 3598113
3886 3290007
3888 3281233
3890 3340276
3892 3475384
3894 3436177
3896 3392888
3898 3330228
3900 3254379
3902 3339341
3904 3377272
3906 3410564
3908 3367364
3910 3407858
3912 3196826
3914 3188100
3916 3281815
3918 3117662
3920 3106220
3922 3166064
3924 3232878
3926 3150919
3928 3147584
3930 3158170
3932 3133727
3934 2974434
3936 3050181
3938 3003951
3940 2988138
3942 3039941
3944 2940117
3946 3072900
3948 3141917
3950 3273361
3952 3043501
3954 2939851
3956 2911989
3958 2873987
3960 2874172
3962 3020566
3964 3043185
3966 2930730
3968 3048424
3970 2957406
3972 2823069
3974 2707858
3976 2792793
3978 2826502
3980 2818225
3982 2810661
3984 2918392
3986 2857020
3988 2823520
3990 2842846
3992 2823377
3994 2770901
3996 2812242
3998 2812162
4000 2809525
4002 2708566
4004 2763850
4006 2681406
4008 2795027
4010 2699888
4012 2657748
4014 2650265
4016 2592686
4018 2648431
4020 2536212
4022 2582534
4024 2620694
4026 2610007
4028 2725085
4030 2714743
4032 2593954
4034 2410954
4036 2476696
4038 2381761
4040 2469037
4042 2628142
4044 2572809
4046 2494931
4048 2448294
4050 2418539
4052 2444508
4054 2470397
4056 2336379
4058 2361319
4060 2380081
4062 2326595
4064 2437292
4066 2437913
4068 2384702
4070 2307414
4072 2447665
4074 2393156
4076 2287655
4078 2345199
4080 2298217
4082 2289263
4084 2274986
4086 2430453
4088 2405386
4090 2341120
4092 2281306
4094 2218075
4096 2228716
4098 2306673
4100 2212742
4102 2349296
4104 2241086
4106 2250718
4108 2309072
4110 2350385
4112 2243815
4114 2106980
4116 2173686
4118 2162506
4120 2228825
4122 2124311
4124 2194895
4126 2214782
4128 2167080
4130 2208635
4132 2098281
4134 1984007
4136 2011531
4138 2022081
4140 2044742
4142 2140258
4144 1995639
4146 1911338
4148 1988337
4150 1975005
4152 1953934
4154 1879704
4156 1832712
4158 1841305
4160 1766836
4162 1744080
4164 1805296
4166 1983784
4168 1912568
4170 1926740
4172 1804132
4174 1889603
4176 1817105
4178 1902476
4180 1868401
4182 1870521
4184 1853995
4186 1784132
4188 1721728
4190 1674217
4192 1630844
4194 1692951
4196 1631120
4198 1554978
4200 1660060
4202 1802639
4204 1762175
4206 1789649
4208 1817105
4210 1756734
4212 1750749
4214 1777442
4216 1715594
4218 1582376
4220 1540208
4222 1639361
4224 1567635
4226 1516136
4228 1511726
4230 1537304
4232 1518060
4234 1529110
4236 1492975
4238 1452454
4240 1479689
4242 1492400
4244 1572548
4246 1553595
4248 1469962
4250 1537433
4252 1401708
4254 1396919
4256 1384803
4258 1377918
4260 1415120
4262 1483897
4264 1468032
4266 1381617
4268 1486666
4270 1526975
4272 1441609
4274 1405406
4276 1433710
4278 1324612
4280 1352334
4282 1384497
4284 1355562
4286 1331926
4288 1303906
4290 1301571
4292 1286525
4294 1211312
4296 1227519
4298 1225844
4300 1287258
4302 1162512
4304 1169969
4306 1177493
4308 1187031
4310 1207786
4312 1163170
4314 1063658
4316 1223648
4318 1123905
4320 1178580
4322 1173349
4324 1146714
4326 1132717
4328 1165547
4330 1123001
4332 1138258
4334 1139817
4336 1103472
4338 1116198
4340 1197699
4342 1188787
4344 1036477
4346 1061889
4348 1160831
4350 1088853
4352 954086
4354 961203
4356 923893
4358 961444
4360 963955
4362 1017234
4364 930472
4366 968443
4368 878187
4370 885651
4372 876829
4374 883871
4376 895873
4378 887875
4380 898513
4382 881992
4384 820685
4386 874830
4388 864628
4390 880702
4392 821358
4394 754006
4396 757273
4398 723806
4400 771158
4402 703063
4404 691955
4406 675707
4408 709105
4410 770463
4412 792573
4414 732277
4416 790626
4418 725026
4420 760265
4422 672419
4424 661372
4426 657626
4428 611651
4430 630213
4432 651195
4434 633244
4436 643446
4438 670326
4440 654131
4442 637016
4444 629130
4446 639193
4448 645901
4450 604538
4452 639431
4454 639691
4456 586189
4458 565417
4460 555814
4462 563531
4464 534019
4466 513517
4468 530087
4470 526222
4472 538044
4474 510768
4476 545205
4478 486707
4480 447254
4482 493367
4484 436934
4486 468243
4488 437041
4490 505060
4492 471591
4494 460040
4496 442991
4498 505926
4500 415533
4502 428049
4504 473478
4506 418821
4508 371123
4510 457520
4512 396747
4514 356587
4516 399084
4518 330490
4520 356839
4522 362607
4524 393178
4526 324344
4528 326702
4530 303608
4532 307575
4534 316730
4536 324866
4538 266511
4540 259583
4542 249050
4544 235761
4546 223201
4548 212452
4550 261909
4552 246047
4554 290411
4556 275469
4558 281478
4560 280200
4562 230420
4564 232438
4566 230119
4568 259874
4570 219375
4572 220786
4574 227062
4576 246360
4578 224061
4580 203044
4582 176603
4584 168270
4586 168811
4588 189202
4590 167208
4592 184079
4594 191322
4596 187577
4598 212549
4600 166067
4602 176326
4604 100203
4606 115786
4608 107018
4610 132121
4612 121114
4614 137749
4616 116762
4618 126587
4620 104319
4622 126279
4624 115199
4626 103170
4628 126269
4630 125630
4632 102439
4634 96272
4636 76545
4638 93461
4640 94391
4642 96679
4644 82794
4646 80856
4648 69212
4650 92822
4652 89740
4654 87334
4656 75447
4658 70927
4660 52978
4662 44411
4664 69821
4666 78257
4668 59556
4670 82237
4672 55110
4674 58482
4676 39975
4678 34770
4680 38777
4682 52284
4684 30950
4686 28373
4688 29552
4690 28465
4692 35555
4694 38782
4696 44087
4698 41663
4700 44160
4702 26275
4704 27724
4706 18969
4708 20753
4710 17990
4712 23070
4714 14831
4716 11732
4718 15970
4720 15259
4722 20697
4724 22313
4726 21937
4728 12339
4730 9933
4732 11260
4734 13403
4736 17987
4738 6462
4740 11399
4742 4169
4744 5900
4746 9066
4748 5323
4750 4582
4752 3156
4754 11551
4756 4406
4758 4724
4760 3367
4762 7151
4764 1278
4766 377
4768 85
4770 178
4772 322
4774 412
4776 118
4778 249
4780 263
4782 1257
4784 1174
4786 719
4788 543
4790 1385
4792 274
4794 2316
4796 4414
