N J h steps 
4000 0.83 0 47000000000
-3854 647
-3852 470
-3850 469
-3848 222
-3846 208
-3844 840
-3842 5575
-3840 1189
-3838 476
-3836 1149
-3834 1768
-3832 1359
-3830 467
-3828 345
-3826 37
-3814 3972
-3812 50
-3810 54
-3796 898
-3776 2
-3774 1512
-3772 391
-3770 89
-3768 235
-3766 492
-3764 1476
-3762 1920
-3760 950
-3758 81
-3756 3256
-3754 426
-3752 221
-3750 2579
-3748 566
-3746 1071
-3744 196
-3742 2047
-3740 743
-3738 924
-3736 3476
-3734 266
-3732 2312
-3730 1422
-3728 1326
-3726 1834
-3724 638
-3722 211
-3720 863
-3718 5763
-3716 4627
-3714 2072
-3712 5833
-3710 6270
-3708 8057
-3706 20513
-3704 12082
-3702 8955
-3700 13778
-3698 25001
-3696 32382
-3694 26161
-3692 13183
-3690 15736
-3688 23699
-3686 36523
-3684 32747
-3682 16725
-3680 24577
-3678 21766
-3676 20222
-3674 15567
-3672 16585
-3670 17839
-3668 32124
-3666 35508
-3664 43546
-3662 38416
-3660 33892
-3658 28799
-3656 50599
-3654 53235
-3652 47585
-3650 58611
-3648 63362
-3646 43652
-3644 34862
-3642 46889
-3640 41767
-3638 42090
-3636 45413
-3634 49907
-3632 55147
-3630 45940
-3628 44924
-3626 59486
-3624 72670
-3622 76248
-3620 75072
-3618 67166
-3616 60498
-3614 66595
-3612 66912
-3610 66042
-3608 69475
-3606 78932
-3604 77993
-3602 105848
-3600 130995
-3598 106667
-3596 114204
-3594 90897
-3592 148226
-3590 122944
-3588 125725
-3586 124773
-3584 127231
-3582 136612
-3580 132744
-3578 145978
-3576 116780
-3574 140156
-3572 129787
-3570 121941
-3568 137398
-3566 142579
-3564 153215
-3562 142827
-3560 157651
-3558 177465
-3556 146490
-3554 126072
-3552 134818
-3550 144533
-3548 142732
-3546 137784
-3544 146960
-3542 141165
-3540 187195
-3538 181770
-3536 205634
-3534 198817
-3532 197044
-3530 219041
-3528 220261
-3526 246903
-3524 206466
-3522 213443
-3520 213672
-3518 208138
-3516 215395
-3514 224158
-3512 186528
-3510 228500
-3508 206850
-3506 275450
-3504 237650
-3502 247785
-3500 259264
-3498 246339
-3496 244325
-3494 278949
-3492 274471
-3490 241053
-3488 254730
-3486 244570
-3484 228642
-3482 239477
-3480 301848
-3478 272292
-3476 273204
-3474 272328
-3472 275680
-3470 306055
-3468 309124
-3466 359659
-3464 352492
-3462 402277
-3460 409498
-3458 399142
-3456 436262
-3454 401344
-3452 445136
-3450 367184
-3448 348204
-3446 343343
-3444 383518
-3442 380013
-3440 436573
-3438 412561
-3436 443252
-3434 430148
-3432 430206
-3430 513033
-3428 437558
-3426 410738
-3424 405990
-3422 426869
-3420 424751
-3418 417271
-3416 444062
-3414 428115
-3412 420349
-3410 469909
-3408 499103
-3406 471776
-3404 505983
-3402 551705
-3400 532491
-3398 518809
-3396 494780
-3394 511215
-3392 502216
-3390 478027
-3388 552674
-3386 576219
-3384 547341
-3382 494503
-3380 509591
-3378 525683
-3376 507341
-3374 611931
-3372 656081
-3370 645123
-3368 601350
-3366 611775
-3364 601439
-3362 665296
-3360 662591
-3358 683397
-3356 662637
-3354 674324
-3352 662795
-3350 690132
-3348 629691
-3346 632937
-3344 661169
-3342 649647
-3340 678876
-3338 731377
-3336 711462
-3334 662049
-3332 672706
-3330 701843
-3328 714557
-3326 694344
-3324 684253
-3322 740684
-3320 733464
-3318 696647
-3316 751916
-3314 730170
-3312 801382
-3310 821767
-3308 881955
-3306 832549
-3304 837384
-3302 821543
-3300 850798
-3298 910849
-3296 888504
-3294 919114
-3292 866474
-3290 894517
-3288 881825
-3286 880535
-3284 879659
-3282 990002
-3280 967296
-3278 969982
-3276 933611
-3274 980217
-3272 1046904
-3270 1095777
-3268 1122823
-3266 1147350
-3264 1133482
-3262 1112119
-3260 1099071
-3258 1122145
-3256 1105582
-3254 1026532
-3252 1024952
-3250 1025582
-3248 1034698
-3246 1048452
-3244 993113
-3242 1032882
-3240 1043359
-3238 1082655
-3236 1119936
-3234 1135493
-3232 1129666
-3230 1143199
-3228 1104169
-3226 1108036
-3224 1147685
-3222 1138543
-3220 1101031
-3218 1211609
-3216 1153230
-3214 1200575
-3212 1182281
-3210 1172921
-3208 1167801
-3206 1271800
-3204 1285663
-3202 1274739
-3200 1283662
-3198 1319646
-3196 1277153
-3194 1277071
-3192 1285781
-3190 1317653
-3188 1370828
-3186 1319068
-3184 1392917
-3182 1388224
-3180 1348179
-3178 1357267
-3176 1380683
-3174 1407694
-3172 1449077
-3170 1391586
-3168 1387891
-3166 1406967
-3164 1464242
-3162 1422757
-3160 1349235
-3158 1415601
-3156 1445677
-3154 1525051
-3152 1522581
-3150 1466431
-3148 1450697
-3146 1524375
-3144 1479406
-3142 1498842
-3140 1504414
-3138 1488649
-3136 1470734
-3134 1448651
-3132 1518940
-3130 1493248
-3128 1592771
-3126 1577974
-3124 1567268
-3122 1633627
-3120 1723710
-3118 1676307
-3116 1614386
-3114 1613601
-3112 1658289
-3110 1665207
-3108 1732604
-3106 1721705
-3104 1706924
-3102 1682351
-3100 1764654
-3098 1768923
-3096 1700580
-3094 1742500
-3092 1773980
-3090 1795615
-3088 1687098
-3086 1707462
-3084 1721200
-3082 1706797
-3080 1773001
-3078 1830931
-3076 1882268
-3074 1816864
-3072 1867703
-3070 1830571
-3068 1886057
-3066 1942361
-3064 1827850
-3062 1831044
-3060 1850736
-3058 1908363
-3056 2028785
-3054 1980509
-3052 1967827
-3050 2020112
-3048 1966112
-3046 2023443
-3044 1980811
-3042 2123187
-3040 2159331
-3038 2062757
-3036 2099690
-3034 2093151
-3032 2096465
-3030 2173896
-3028 2166428
-3026 2254648
-3024 2237196
-3022 2178502
-3020 2165697
-3018 2151360
-3016 2110198
-3014 2203482
-3012 2151626
-3010 2170957
-3008 2157161
-3006 2097061
-3004 2176374
-3002 2209078
-3000 2204626
-2998 2207310
-2996 2210798
-2994 2260023
-2992 2336887
-2990 2471143
-2988 2372810
-2986 2465635
-2984 2397339
-2982 2363603
-2980 2320737
-2978 2421239
-2976 2324122
-2974 2434449
-2972 2426690
-2970 2541720
-2968 2487417
-2966 2357067
-2964 2295441
-2962 2424529
-2960 2448480
-2958 2448631
-2956 2451728
-2954 2398323
-2952 2359845
-2950 2341928
-2948 2401864
-2946 2350802
-2944 2369010
-2942 2445146
-2940 2514970
-2938 2387643
-2936 2485722
-2934 2457967
-2932 2551602
-2930 2561214
-2928 2507542
-2926 2621537
-2924 2572315
-2922 2584692
-2920 2738691
-2918 2646904
-2916 2632653
-2914 2768467
-2912 2754187
-2910 2719789
-2908 2663421
-2906 2593488
-2904 2653837
-2902 2739050
-2900 2819002
-2898 2829287
-2896 2744321
-2894 2757266
-2892 2767099
-2890 2722812
-2888 2802211
-2886 2788525
-2884 2818560
-2882 2817424
-2880 2997170
-2878 2954098
-2876 2921945
-2874 2944417
-2872 2814651
-2870 2776274
-2868 2906625
-2866 2930398
-2864 2855574
-2862 2916109
-2860 3096173
-2858 3021185
-2856 3082430
-2854 3030697
-2852 3034480
-2850 3054165
-2848 3125430
-2846 3216225
-2844 3176686
-2842 3123783
-2840 3216899
-2838 3234125
-2836 3163904
-2834 3286396
-2832 3244423
-2830 3356097
-2828 3250238
-2826 3225246
-2824 3172899
-2822 3167389
-2820 3296048
-2818 3258288
-2816 3260663
-2814 3249916
-2812 3274752
-2810 3270916
-2808 3291698
-2806 3350105
-2804 3397349
-2802 3399338
-2800 3503819
-2798 3439414
-2796 3376746
-2794 3380647
-2792 3400113
-2790 3411690
-2788 3531150
-2786 3483433
-2784 3541247
-2782 3530406
-2780 3480269
-2778 3503629
-2776 3484263
-2774 3582701
-2772 3529113
-2770 3394994
-2768 3544377
-2766 3564010
-2764 3549894
-2762 3599891
-2760 3586009
-2758 3589449
-2756 3712364
-2754 3623768
-2752 3729720
-2750 3779310
-2748 3744378
-2746 3849397
-2744 3801622
-2742 3887176
-2740 3889107
-2738 3899637
-2736 3859973
-2734 3921962
-2732 3873391
-2730 3801553
-2728 3890612
-2726 3959282
-2724 3845563
-2722 3837640
-2720 3867646
-2718 3800910
-2716 3816622
-2714 3849408
-2712 3824225
-2710 3882566
-2708 3915427
-2706 3916207
-2704 3967529
-2702 3946891
-2700 3892692
-2698 3964396
-2696 4024727
-2694 4155504
-2692 4211553
-2690 4193720
-2688 4227943
-2686 4257702
-2684 4193934
-2682 4053140
-2680 4232272
-2678 4150352
-2676 4248021
-2674 4256187
-2672 4307254
-2670 4274692
-2668 4191318
-2666 4305269
-2664 4346300
-2662 4457084
-2660 4351971
-2658 4283203
-2656 4317238
-2654 4405026
-2652 4300995
-2650 4281483
-2648 4321289
-2646 4332945
-2644 4275280
-2642 4344672
-2640 4261605
-2638 4527372
-2636 4473269
-2634 4497408
-2632 4385000
-2630 4412237
-2628 4395389
-2626 4236164
-2624 4326052
-2622 4416126
-2620 4429193
-2618 4479083
-2616 4507805
-2614 4434741
-2612 4589371
-2610 4595651
-2608 4604399
-2606 4684980
-2604 4663218
-2602 4632924
-2600 4638913
-2598 4816009
-2596 4853686
-2594 4844960
-2592 4910194
-2590 4841169
-2588 4813645
-2586 4891795
-2584 4932300
-2582 4808255
-2580 4856751
-2578 4801247
-2576 4782191
-2574 4784182
-2572 4756623
-2570 4746388
-2568 4865741
-2566 4939916
-2564 4814277
-2562 4743472
-2560 4723778
-2558 4836598
-2556 4781301
-2554 4904393
-2552 4967810
-2550 4996797
-2548 5025754
-2546 5115354
-2544 5164162
-2542 5158106
-2540 5232729
-2538 5179658
-2536 5234351
-2534 5086665
-2532 5253865
-2530 5305968
-2528 5440057
-2526 5379838
-2524 5377151
-2522 5434952
-2520 5276729
-2518 5320567
-2516 5399459
-2514 5393981
-2512 5391760
-2510 5443360
-2508 5410005
-2506 5451529
-2504 5366419
-2502 5459216
-2500 5488702
-2498 5578993
-2496 5628710
-2494 5416225
-2492 5570684
-2490 5610114
-2488 5537199
-2486 5605667
-2484 5610978
-2482 5671061
-2480 5575455
-2478 5537089
-2476 5587069
-2474 5562581
-2472 5654569
-2470 5685864
-2468 5705817
-2466 5824199
-2464 5783472
-2462 5777712
-2460 5765614
-2458 5739719
-2456 5611359
-2454 5754415
-2452 5792764
-2450 5834418
-2448 5910926
-2446 5786833
-2444 5909496
-2442 5895952
-2440 5992311
-2438 5891568
-2436 5941886
-2434 6087701
-2432 6056436
-2430 6182303
-2428 6196446
-2426 6138895
-2424 6024372
-2422 6073343
-2420 6123232
-2418 6159966
-2416 6263016
-2414 6261294
-2412 6224839
-2410 6309093
-2408 6221625
-2406 6396375
-2404 6147536
-2402 6210424
-2400 6278583
-2398 6312622
-2396 6223548
-2394 6351949
-2392 6177522
-2390 6166899
-2388 6290564
-2386 6258708
-2384 6249357
-2382 6236979
-2380 6400446
-2378 6353106
-2376 6478090
-2374 6527618
-2372 6418789
-2370 6395983
-2368 6396425
-2366 6465249
-2364 6480441
-2362 6419547
-2360 6398231
-2358 6468143
-2356 6484950
-2354 6513471
-2352 6505074
-2350 6622253
-2348 6681088
-2346 6744616
-2344 6677948
-2342 6622201
-2340 6598402
-2338 6753549
-2336 6765707
-2334 6617842
-2332 6726830
-2330 6915899
-2328 6921057
-2326 6914797
-2324 6928830
-2322 6984459
-2320 6923379
-2318 7013712
-2316 6855550
-2314 6942355
-2312 7101405
-2310 7001343
-2308 7015179
-2306 7042184
-2304 7142525
-2302 7259572
-2300 7253402
-2298 7288422
-2296 7265015
-2294 7230568
-2292 7096317
-2290 7163263
-2288 7117949
-2286 7284356
-2284 7309521
-2282 7159349
-2280 7117874
-2278 7139618
-2276 7157860
-2274 7264398
-2272 7416195
-2270 7280719
-2268 7379142
-2266 7307979
-2264 7248279
-2262 7311435
-2260 7349551
-2258 7367723
-2256 7345329
-2254 7446045
-2252 7382529
-2250 7339827
-2248 7260131
-2246 7617406
-2244 7555352
-2242 7680032
-2240 7508942
-2238 7750304
-2236 7742783
-2234 7713510
-2232 7793219
-2230 7785273
-2228 7752518
-2226 7800215
-2224 7681582
-2222 7842119
-2220 7969364
-2218 8037591
-2216 8041795
-2214 7939810
-2212 8028824
-2210 8081833
-2208 8124792
-2206 8008215
-2204 8122307
-2202 8040892
-2200 7988270
-2198 8074770
-2196 8032220
-2194 8161957
-2192 8162826
-2190 8146370
-2188 8054047
-2186 8330360
-2184 8274591
-2182 8172636
-2180 8346423
-2178 8296078
-2176 8199760
-2174 8421864
-2172 8227809
-2170 8309935
-2168 8427758
-2166 8364500
-2164 8375191
-2162 8586382
-2160 8491092
-2158 8580169
-2156 8670018
-2154 8629239
-2152 8663956
-2150 8596646
-2148 8764569
-2146 8695534
-2144 8818239
-2142 8644145
-2140 8785732
-2138 8733667
-2136 8685062
-2134 8872258
-2132 8700417
-2130 8671078
-2128 8751827
-2126 8755934
-2124 8828109
-2122 8827597
-2120 8921918
-2118 8969161
-2116 8821203
-2114 9026696
-2112 8964056
-2110 9215826
-2108 9041140
-2106 9114581
-2104 9049262
-2102 9255066
-2100 9152185
-2098 9357813
-2096 9133249
-2094 9206731
-2092 9158530
-2090 9211603
-2088 9182262
-2086 9229398
-2084 9251836
-2082 9403899
-2080 9234006
-2078 9317914
-2076 9289812
-2074 9532222
-2072 9561447
-2070 9268987
-2068 9246849
-2066 9261395
-2064 9226794
-2062 9421026
-2060 9368525
-2058 9420136
-2056 9610545
-2054 9586130
-2052 9575451
-2050 9615705
-2048 9710103
-2046 9853725
-2044 9749475
-2042 9765799
-2040 9572803
-2038 9735454
-2036 9863411
-2034 9797675
-2032 9848096
-2030 10025977
-2028 9870401
-2026 9861598
-2024 10101492
-2022 9928739
-2020 9980793
-2018 9792404
-2016 9921841
-2014 9950075
-2012 9930189
-2010 9959441
-2008 10047105
-2006 10112221
-2004 10088001
-2002 10078224
-2000 10053791
-1998 10099626
-1996 10058257
-1994 10137185
-1992 10106473
-1990 10162535
-1988 10158350
-1986 10194936
-1984 10297972
-1982 10286140
-1980 10225255
-1978 10120700
-1976 10145312
-1974 10176268
-1972 10220644
-1970 10194004
-1968 10190912
-1966 10237553
-1964 10330978
-1962 10207801
-1960 10291240
-1958 10440571
-1956 10384850
-1954 10370240
-1952 10545377
-1950 10365427
-1948 10567800
-1946 10482221
-1944 10657352
-1942 10710337
-1940 10580636
-1938 10771435
-1936 10833675
-1934 10799781
-1932 10903204
-1930 10786254
-1928 10783136
-1926 10874487
-1924 10998126
-1922 10899957
-1920 10997089
-1918 11154540
-1916 11115327
-1914 10867958
-1912 10886882
-1910 11146273
-1908 11076168
-1906 11087559
-1904 11081950
-1902 11107367
-1900 11280896
-1898 11275730
-1896 11257554
-1894 11236038
-1892 11318301
-1890 11324676
-1888 11334312
-1886 11136164
-1884 11367992
-1882 11242014
-1880 11406146
-1878 11273653
-1876 11299652
-1874 11453595
-1872 11486382
-1870 11425601
-1868 11593137
-1866 11465330
-1864 11710340
-1862 11583187
-1860 11497169
-1858 11676692
-1856 11584172
-1854 11504588
-1852 11546901
-1850 11609107
-1848 11624088
-1846 11855176
-1844 11693967
-1842 12017038
-1840 11713679
-1838 11891010
-1836 11871644
-1834 12046033
-1832 12107863
-1830 12203873
-1828 12120055
-1826 12277898
-1824 12215235
-1822 12122477
-1820 12183494
-1818 12259749
-1816 12428492
-1814 12408492
-1812 12243002
-1810 12243576
-1808 12116429
-1806 12250299
-1804 12146558
-1802 12270147
-1800 12149479
-1798 12212727
-1796 12147262
-1794 12187105
-1792 12244770
-1790 12512504
-1788 12670516
-1786 12624181
-1784 12636848
-1782 12486480
-1780 12783241
-1778 12594715
-1776 12678045
-1774 12681306
-1772 12729708
-1770 12694408
-1768 12551766
-1766 12549329
-1764 12634742
-1762 12559517
-1760 12620685
-1758 12488888
-1756 12759234
-1754 12816565
-1752 12689154
-1750 12784556
-1748 12926101
-1746 12842434
-1744 12908034
-1742 13082526
-1740 12957016
-1738 13023859
-1736 13081158
-1734 12769325
-1732 12955890
-1730 12881921
-1728 13119760
-1726 13130802
-1724 13221023
-1722 13305129
-1720 13286742
-1718 13156965
-1716 13309498
-1714 13299659
-1712 13382386
-1710 13478153
-1708 13378209
-1706 13415619
-1704 13628100
-1702 13598369
-1700 13687239
-1698 13583116
-1696 13876099
-1694 13619324
-1692 13663435
-1690 13663470
-1688 13736830
-1686 13947482
-1684 13628449
-1682 13390995
-1680 13549545
-1678 13531721
-1676 13770914
-1674 13769184
-1672 13917467
-1670 14030766
-1668 13955438
-1666 13900135
-1664 13678354
-1662 13952459
-1660 14014356
-1658 14186641
-1656 14021646
-1654 13796488
-1652 13833658
-1650 13813145
-1648 14086687
-1646 14219957
-1644 14087041
-1642 14124405
-1640 13998545
-1638 14188260
-1636 14221601
-1634 14284292
-1632 14256254
-1630 14522127
-1628 14336989
-1626 14351297
-1624 14385818
-1622 14302932
-1620 14464411
-1618 14425949
-1616 14641677
-1614 14505391
-1612 14554387
-1610 14463620
-1608 14694731
-1606 14701587
-1604 14726892
-1602 14620770
-1600 14691319
-1598 14675559
-1596 14729171
-1594 14577853
-1592 14785599
-1590 14770754
-1588 14663725
-1586 14923102
-1584 14635284
-1582 14677036
-1580 14791238
-1578 14973059
-1576 14859957
-1574 14842351
-1572 14952859
-1570 15046690
-1568 15118809
-1566 14990766
-1564 15170490
-1562 15107797
-1560 15006228
-1558 15104494
-1556 15284599
-1554 15213921
-1552 15324243
-1550 15419827
-1548 15450908
-1546 15351554
-1544 15331535
-1542 15423131
-1540 15359652
-1538 15346540
-1536 15552157
-1534 15598496
-1532 15318960
-1530 15364708
-1528 15585380
-1526 15443247
-1524 15522229
-1522 15435057
-1520 15529357
-1518 15677775
-1516 15663246
-1514 15644716
-1512 15673600
-1510 15559162
-1508 15567273
-1506 15689865
-1504 15663425
-1502 15754399
-1500 15872280
-1498 15742532
-1496 15928369
-1494 15742134
-1492 15765834
-1490 15888246
-1488 15800329
-1486 16027001
-1484 15953686
-1482 15822797
-1480 15914426
-1478 15953503
-1476 15884265
-1474 15875902
-1472 15947659
-1470 16094890
-1468 16294732
-1466 16187309
-1464 16153972
-1462 16358014
-1460 16347815
-1458 16383127
-1456 16066200
-1454 16314413
-1452 16468209
-1450 16330341
-1448 16225037
-1446 16307081
-1444 16322607
-1442 16387930
-1440 16547082
-1438 16475345
-1436 16523020
-1434 16713438
-1432 16467359
-1430 16605010
-1428 16617248
-1426 16548817
-1424 16804842
-1422 16788913
-1420 16711900
-1418 16601990
-1416 16725527
-1414 16819843
-1412 16836008
-1410 16763553
-1408 16736090
-1406 16693402
-1404 16747754
-1402 16859162
-1400 16949437
-1398 16792736
-1396 17069266
-1394 16951574
-1392 16973470
-1390 17189809
-1388 17275708
-1386 17314848
-1384 17202345
-1382 17417385
-1380 17442764
-1378 17337826
-1376 17440955
-1374 17241950
-1372 17379641
-1370 17225916
-1368 17178690
-1366 17445496
-1364 17486190
-1362 17518665
-1360 17411541
-1358 17306887
-1356 17723272
-1354 18021743
-1352 17630622
-1350 17399612
-1348 17561310
-1346 17791469
-1344 17670200
-1342 17692611
-1340 17605564
-1338 17645442
-1336 17491479
-1334 17918946
-1332 17749422
-1330 17837840
-1328 17713448
-1326 17874209
-1324 17861433
-1322 17954011
-1320 18021638
-1318 17961373
-1316 17656147
-1314 17852754
-1312 18037992
-1310 17887305
-1308 17966221
-1306 17862003
-1304 18115112
-1302 18017234
-1300 17980621
-1298 18078325
-1296 18035435
-1294 18051055
-1292 18097365
-1290 17965984
-1288 18162982
-1286 18209988
-1284 18351462
-1282 18368350
-1280 18279795
-1278 18376981
-1276 18391824
-1274 18348563
-1272 18637029
-1270 18607978
-1268 18528966
-1266 18588099
-1264 18413309
-1262 18476711
-1260 18653124
-1258 18525221
-1256 18765941
-1254 18753178
-1252 18834694
-1250 18669632
-1248 18504439
-1246 18789892
-1244 18737110
-1242 18908773
-1240 18884865
-1238 18935713
-1236 18917036
-1234 18828752
-1232 18923100
-1230 18906496
-1228 18908291
-1226 18764052
-1224 18818678
-1222 18805261
-1220 18863477
-1218 18722002
-1216 18784605
-1214 19018235
-1212 19004943
-1210 18888108
-1208 19063729
-1206 19083456
-1204 18975502
-1202 18781868
-1200 18899019
-1198 19199916
-1196 19193703
-1194 19228790
-1192 19295350
-1190 19372508
-1188 19598858
-1186 19427687
-1184 19599465
-1182 19551502
-1180 19512613
-1178 19415281
-1176 19326864
-1174 19460806
-1172 19343528
-1170 19568931
-1168 19456532
-1166 19391677
-1164 19683751
-1162 19510106
-1160 19643687
-1158 19714407
-1156 19816386
-1154 19864412
-1152 19810815
-1150 19768159
-1148 19892793
-1146 19928354
-1144 19799596
-1142 20027989
-1140 19974276
-1138 19971564
-1136 19971227
-1134 19903611
-1132 20036469
-1130 19861998
-1128 19877178
-1126 20296546
-1124 20024147
-1122 20112920
-1120 20026413
-1118 20066715
-1116 20049785
-1114 19995044
-1112 20114040
-1110 20077245
-1108 20186224
-1106 20042022
-1104 20254233
-1102 20267297
-1100 20257658
-1098 20276586
-1096 20253756
-1094 20378779
-1092 20240974
-1090 20068864
-1088 20359243
-1086 20530544
-1084 20162780
-1082 20247921
-1080 20237931
-1078 20300306
-1076 20487359
-1074 20540030
-1072 20366970
-1070 20533190
-1068 20593620
-1066 20550861
-1064 20638417
-1062 20727201
-1060 20825882
-1058 20513851
-1056 20705888
-1054 20822919
-1052 20750544
-1050 21018561
-1048 20869195
-1046 21050016
-1044 20812092
-1042 20803189
-1040 20888260
-1038 20993251
-1036 21023321
-1034 21127355
-1032 21095099
-1030 21118837
-1028 21218492
-1026 21211321
-1024 20959224
-1022 21153227
-1020 20901941
-1018 21069317
-1016 21244852
-1014 21216472
-1012 21344502
-1010 21167671
-1008 21250282
-1006 21257970
-1004 21178985
-1002 21061731
-1000 21152442
-998 21155567
-996 21208539
-994 20957343
-992 20954833
-990 20936793
-988 21078247
-986 21177541
-984 21227734
-982 21217354
-980 21302251
-978 21547562
-976 21475071
-974 21439564
-972 21446509
-970 21567124
-968 21495548
-966 21439633
-964 21674909
-962 21598816
-960 21500287
-958 21791776
-956 21646739
-954 21828398
-952 21969142
-950 21985717
-948 21969638
-946 22048433
-944 21867624
-942 21908681
-940 22108281
-938 22084848
-936 22181575
-934 22018286
-932 22133945
-930 21918372
-928 21911192
-926 21957792
-924 22072054
-922 21958570
-920 21969627
-918 21902260
-916 21865321
-914 21857628
-912 22031003
-910 22124790
-908 22016126
-906 22184715
-904 22310438
-902 22076738
-900 22154970
-898 22367840
-896 22167553
-894 22183853
-892 22235573
-890 22460750
-888 22650989
-886 22677950
-884 22512757
-882 22563512
-880 22463107
-878 22471849
-876 22669974
-874 22408295
-872 22156049
-870 22112131
-868 22221416
-866 22408400
-864 22648865
-862 22471507
-860 22628657
-858 22457189
-856 22408477
-854 22471542
-852 22476115
-850 22714308
-848 22788580
-846 22748121
-844 22743712
-842 22912412
-840 22699266
-838 22607740
-836 22798191
-834 22766873
-832 22934946
-830 22958503
-828 22918983
-826 23007833
-824 23002660
-822 23193846
-820 23124658
-818 22915765
-816 22889985
-814 22813869
-812 22819264
-810 23174221
-808 23119003
-806 23130319
-804 22873115
-802 23130729
-800 22862868
-798 22833408
-796 22902121
-794 22997248
-792 22758654
-790 22984385
-788 23039183
-786 23040796
-784 22975276
-782 22979274
-780 22850695
-778 22863435
-776 23043935
-774 23147913
-772 23066908
-770 23048260
-768 23022429
-766 23287007
-764 23381900
-762 23354088
-760 23368108
-758 23542661
-756 23261282
-754 23464957
-752 23391009
-750 23145959
-748 23023297
-746 23043773
-744 23245899
-742 23336694
-740 23259199
-738 23652358
-736 23496963
-734 23428959
-732 23300337
-730 23379921
-728 23419633
-726 23277841
-724 23287764
-722 23605250
-720 23644338
-718 23651443
-716 23760378
-714 23823032
-712 23739334
-710 23983433
-708 23901360
-706 23752925
-704 23933126
-702 23793769
-700 23717942
-698 23809252
-696 23743552
-694 23769609
-692 24121305
-690 23998396
-688 24136027
-686 24088538
-684 24191644
-682 24089585
-680 24258681
-678 24333203
-676 24317406
-674 24125694
-672 23961150
-670 24261412
-668 24288147
-666 24564979
-664 24421971
-662 24225235
-660 24378767
-658 24313480
-656 24149354
-654 24178162
-652 24094169
-650 24101536
-648 24167830
-646 24161653
-644 24376133
-642 24241102
-640 24375285
-638 24358069
-636 24334758
-634 24117635
-632 24210477
-630 24085912
-628 24447885
-626 24516904
-624 24552549
-622 24307184
-620 24143042
-618 24185768
-616 24178860
-614 24361872
-612 24464179
-610 24381192
-608 24490595
-606 24251215
-604 24329073
-602 24248249
-600 24471401
-598 24570212
-596 24525202
-594 24371824
-592 24326420
-590 24348089
-588 24240525
-586 24356945
-584 24520302
-582 24288745
-580 24272234
-578 24300796
-576 24401278
-574 24180485
-572 24193499
-570 24150461
-568 23948949
-566 24168511
-564 24174169
-562 23959200
-560 24299211
-558 24425891
-556 24452920
-554 24362419
-552 24762331
-550 24369185
-548 24208475
-546 24357105
-544 24510471
-542 24657470
-540 24812120
-538 24766542
-536 24942119
-534 25059484
-532 24913772
-530 24881235
-528 24886310
-526 24810240
-524 24916699
-522 24822594
-520 24807103
-518 24911240
-516 25108487
-514 25303325
-512 24956338
-510 24895431
-508 24776439
-506 24959293
-504 24980149
-502 25233291
-500 25178797
-498 25341825
-496 25127408
-494 25058548
-492 25069770
-490 25293237
-488 25248475
-486 25139658
-484 25065120
-482 24998512
-480 25108987
-478 25368724
-476 25137171
-474 25281674
-472 25231783
-470 25410283
-468 25370460
-466 25493007
-464 25275121
-462 25262080
-460 25122376
-458 25201072
-456 25172268
-454 25040524
-452 25219391
-450 25096191
-448 25251499
-446 25349282
-444 25325236
-442 25678607
-440 25322544
-438 25585945
-436 25530636
-434 25087695
-432 25385271
-430 25110698
-428 25353936
-426 25507012
-424 25252148
-422 25167939
-420 25167644
-418 25186461
-416 25165968
-414 25309532
-412 25206445
-410 25306744
-408 25195218
-406 25106941
-404 25401354
-402 25302485
-400 25539753
-398 25622664
-396 25628363
-394 25705979
-392 25352562
-390 25440005
-388 25593867
-386 25457818
-384 25292581
-382 25116210
-380 25318427
-378 25542859
-376 25516295
-374 25553313
-372 25630511
-370 25673077
-368 25468577
-366 25781391
-364 25731664
-362 25600505
-360 25632912
-358 25605013
-356 25592792
-354 25481042
-352 25448458
-350 25506940
-348 25642529
-346 25643752
-344 25743301
-342 25590624
-340 25783073
-338 25696015
-336 25565631
-334 25696531
-332 25701027
-330 25822848
-328 25601704
-326 25671395
-324 25837598
-322 25808754
-320 25751031
-318 25648683
-316 25664797
-314 25845346
-312 25992462
-310 26109367
-308 25988623
-306 26046814
-304 25988361
-302 25793034
-300 25777440
-298 25816492
-296 25829583
-294 25867113
-292 25777888
-290 25803492
-288 25838056
-286 25786996
-284 25697523
-282 25774494
-280 25897698
-278 25881330
-276 25786925
-274 25603295
-272 25540560
-270 25415501
-268 25714156
-266 25983389
-264 26013566
-262 25908917
-260 26074858
-258 26312940
-256 25761171
-254 25754013
-252 25805775
-250 25681154
-248 25689192
-246 25888842
-244 25956409
-242 25907074
-240 25837336
-238 25881735
-236 26064411
-234 26078826
-232 26249913
-230 26435990
-228 26333937
-226 26384415
-224 26231803
-222 26012950
-220 26162910
-218 26252052
-216 26152269
-214 26105997
-212 26204114
-210 26054853
-208 26062787
-206 26052174
-204 25919024
-202 26117246
-200 26120104
-198 25995808
-196 26006521
-194 25717639
-192 25976767
-190 25998233
-188 25929596
-186 26101569
-184 25973250
-182 26221958
-180 26072038
-178 26127237
-176 26152887
-174 26215691
-172 26164842
-170 26479147
-168 26114210
-166 26214442
-164 26069129
-162 26263513
-160 26162924
-158 26343216
-156 26334802
-154 26226202
-152 26090351
-150 26277306
-148 26115783
-146 26041345
-144 26062851
-142 25988880
-140 25965637
-138 26032371
-136 26125973
-134 26054426
-132 26037922
-130 25909669
-128 26280800
-126 26258560
-124 26194446
-122 26009149
-120 26239021
-118 26508388
-116 26160020
-114 26178679
-112 26023099
-110 26013285
-108 26149910
-106 25991740
-104 26019109
-102 26052434
-100 25864404
-98 26147867
-96 26139305
-94 26157207
-92 26177331
-90 26058975
-88 26122030
-86 26276739
-84 26256728
-82 26187985
-80 26243910
-78 26278066
-76 26216319
-74 26471970
-72 26346258
-70 26383298
-68 26474310
-66 26442782
-64 26261556
-62 26336351
-60 26296652
-58 26286587
-56 26296730
-54 26049655
-52 26076670
-50 25943305
-48 26013238
-46 25768802
-44 25866856
-42 25844829
-40 25930285
-38 25784471
-36 25796598
-34 26035647
-32 25850344
-30 25968001
-28 26154705
-26 26023217
-24 25849550
-22 26213288
-20 25987218
-18 25917569
-16 25984384
-14 25992892
-12 26160773
-10 26094592
-8 25927870
-6 26114979
-4 26133234
-2 26064858
0 26210417
2 26175289
4 26090844
6 26027384
8 26062570
10 26143573
12 26437338
14 26334032
16 26131320
18 26095209
20 26145655
22 26093124
24 26301681
26 26251514
28 26294996
30 25956433
32 26129030
34 26011171
36 26064528
38 26256219
40 26153570
42 26329814
44 26316048
46 26149567
48 26024739
50 26118240
52 26041159
54 25945494
56 25923965
58 26005683
60 26063808
62 26257435
64 26409698
66 26248315
68 26500510
70 26348567
72 26342505
74 26179149
76 26307066
78 26121321
80 26259986
82 26358058
84 26311423
86 26396959
88 26242383
90 26432487
92 26043976
94 26191778
96 26327048
98 26388877
100 26183315
102 26223303
104 26224654
106 26351915
108 26399725
110 26267099
112 26176209
114 26394231
116 26464005
118 26350750
120 26446262
122 26375583
124 26510549
126 26305211
128 26096258
130 25958631
132 26029671
134 26005918
136 25713784
138 25838375
140 25904644
142 25908038
144 25970184
146 26043867
148 26055139
150 26017791
152 25850704
154 26108441
156 25940637
158 26266680
160 26163591
162 26135730
164 26018384
166 25964726
168 25971450
170 25774416
172 26002898
174 26100901
176 26117533
178 25771917
180 25763639
182 25778462
184 25848646
186 25801441
188 25792877
190 25876476
192 25981739
194 25589400
196 25843641
198 25863670
200 26005263
202 26034602
204 26009667
206 26114640
208 26112318
210 26232866
212 26447476
214 26262010
216 26097742
218 26231647
220 26204403
222 26275770
224 26177459
226 26164204
228 26169940
230 25810807
232 25748539
234 25748529
236 26104674
238 26038123
240 25878440
242 26102967
244 25989841
246 25803414
248 26014051
250 26023245
252 25998472
254 26138203
256 26050091
258 26228925
260 26022435
262 25975722
264 25799278
266 25937807
268 26043260
270 26094515
272 25793221
274 25793704
276 25950183
278 25829302
280 26097342
282 25835547
284 25650775
286 25800014
288 25694786
290 25744686
292 25496501
294 25854565
296 25840257
298 25881495
300 25847490
302 25602544
304 25586427
306 25855762
308 25775966
310 25950337
312 25739264
314 25637133
316 25687694
318 25826397
320 25562194
322 25669094
324 25647491
326 25561922
328 25413086
330 25655527
332 25627751
334 25511627
336 25496862
338 25476763
340 25321134
342 25426696
344 25452953
346 25555198
348 25499886
350 25660098
352 25586032
354 25605384
356 25805535
358 25706457
360 25740708
362 25829618
364 25824007
366 25952164
368 25914528
370 25782049
372 25840465
374 25695456
376 25591303
378 25845702
380 25659879
382 25729653
384 25782649
386 26072305
388 25944159
390 25817452
392 25727706
394 25601816
396 25451408
398 25457824
400 25574329
402 25513141
404 25277935
406 25362010
408 25275563
410 25314532
412 25249155
414 25292130
416 25528300
418 25626368
420 25470227
422 25461892
424 25395851
426 25638242
428 25334801
430 25349600
432 25367377
434 25605213
436 25493385
438 25642250
440 25409402
442 25066856
444 25337298
446 24973886
448 25301240
450 24998629
452 25195412
454 25375585
456 25041655
458 25249094
460 25364820
462 25307485
464 25225328
466 25114196
468 25292576
470 25018982
472 25105960
474 25063811
476 25054954
478 24727296
480 24923344
482 25280346
484 24963544
486 25092992
488 24987657
490 25237937
492 25247971
494 25190670
496 25079060
498 25081457
500 24890144
502 25033388
504 25134937
506 24999134
508 24796425
510 24875716
512 24721215
514 24647138
516 24708566
518 24706549
520 24594141
522 24604132
524 24780410
526 24729702
528 24876185
530 24886126
532 24723197
534 24843190
536 24717129
538 24696590
540 24706148
542 24675508
544 24459041
546 24521210
548 24688797
550 24762111
552 24502399
554 24526346
556 24696600
558 24741281
560 24503935
562 24276101
564 24434608
566 24320052
568 24653209
570 24601871
572 24528109
574 24391970
576 24365700
578 24437370
580 24418166
582 24246660
584 24320225
586 24465586
588 24406896
590 24563078
592 24333374
594 24499333
596 24473080
598 24245218
600 24440884
602 24303606
604 24124936
606 24022027
608 24199311
610 24345077
612 24309808
614 24148089
616 24377090
618 24153266
620 24273450
622 24094678
624 24016034
626 23888368
628 24220501
630 24166655
632 24270046
634 24489495
636 24447354
638 24487730
640 24604187
642 24707695
644 24586366
646 24536454
648 24370979
650 24261977
652 24317674
654 24281223
656 24420062
658 24302530
660 24625839
662 24279339
664 24227318
666 24206941
668 24113239
670 24340190
672 24438969
674 24243657
676 24197607
678 23927663
680 23944900
682 24038912
684 23991744
686 23922442
688 23725423
690 23801333
692 23987649
694 23748257
696 23810059
698 23722317
700 23769801
702 23646159
704 23552882
706 23857558
708 23730943
710 23673973
712 23692369
714 23772803
716 23465574
718 23705814
720 23627359
722 23498591
724 23506718
726 23451107
728 23671677
730 23400313
732 23473870
734 23428329
736 23554125
738 23658849
740 23605022
742 23691518
744 23565851
746 23489958
748 23769762
750 23525244
752 23488894
754 23417479
756 23370017
758 23685867
760 23665463
762 23413210
764 23477117
766 23423651
768 23220443
770 23301664
772 23533205
774 23539767
776 23548275
778 23260784
780 23257726
782 22927235
784 23150092
786 22886990
788 22965636
790 23019626
792 23285289
794 23126289
796 22965454
798 22908067
800 22953704
802 23125368
804 23057693
806 23142754
808 23132904
810 22786862
812 22969397
814 22803860
816 22843706
818 23019695
820 22773073
822 22781234
824 22937628
826 22704693
828 22669845
830 22858967
832 22793106
834 22631876
836 22722824
838 22565357
840 22633343
842 22769048
844 22750158
846 22620573
848 22669195
850 22786028
852 22552633
854 22506048
856 22427981
858 22484952
860 22359309
862 22511879
864 22518685
866 22731390
868 22621728
870 22441119
872 22383216
874 22570360
876 22476183
878 22374576
880 22399865
882 22310448
884 22315497
886 22309147
888 22169108
890 22037591
892 22089054
894 21963224
896 22171290
898 22130844
900 21806509
902 21770939
904 21896453
906 21970861
908 21989422
910 21940546
912 21815160
914 21816574
916 21727861
918 21744630
920 22030298
922 21840639
924 21742460
926 21857111
928 21994537
930 22075503
932 21908060
934 21920541
936 22060345
938 21845977
940 21572172
942 21726630
944 21871382
946 21862958
948 21918584
950 21693406
952 21786921
954 21597197
956 21738644
958 21528247
960 21641377
962 21623808
964 21505274
966 21383939
968 21482385
970 21550042
972 21356440
974 21323335
976 21397155
978 21488005
980 21051125
982 21371387
984 21299119
986 21089289
988 21176032
990 21095240
992 21414977
994 21351634
996 21309638
998 21141779
1000 21205675
1002 21362542
1004 21176686
1006 21007442
1008 21013869
1010 20852800
1012 20931206
1014 21063984
1016 20896743
1018 20661671
1020 20754950
1022 20684305
1024 20625730
1026 20546368
1028 20576927
1030 20531168
1032 20732752
1034 20465005
1036 20345082
1038 20369708
1040 20527608
1042 20424554
1044 20495471
1046 20509369
1048 20545914
1050 20764706
1052 20601963
1054 20411912
1056 20349354
1058 20836432
1060 20561947
1062 20557098
1064 20513896
1066 20440961
1068 20425747
1070 20522391
1072 20514022
1074 20511172
1076 20419059
1078 20480775
1080 20335910
1082 20231179
1084 20312902
1086 20189076
1088 20097773
1090 20053528
1092 20104427
1094 20028591
1096 20054056
1098 20443315
1100 20237215
1102 20038117
1104 20037048
1106 20086559
1108 19984926
1110 20042470
1112 19973553
1114 19954744
1116 19918802
1118 20015549
1120 19946822
1122 19905774
1124 20053337
1126 19900047
1128 19832421
1130 20040894
1132 19918667
1134 19982766
1136 20174664
1138 20061005
1140 19799296
1142 19999133
1144 19928452
1146 19817397
1148 19776491
1150 19603271
1152 19605032
1154 19619094
1156 19215001
1158 19225871
1160 19255244
1162 19318510
1164 19500807
1166 19563786
1168 19574226
1170 19358719
1172 19307939
1174 19384802
1176 19327470
1178 19446610
1180 19319221
1182 19097286
1184 19343939
1186 19075948
1188 19001343
1190 18907203
1192 18956052
1194 19044359
1196 18813710
1198 19000085
1200 19181569
1202 18998348
1204 18855759
1206 18855617
1208 18993083
1210 18964196
1212 18963839
1214 19057772
1216 18836852
1218 18844128
1220 19032765
1222 19048648
1224 18759668
1226 18777963
1228 18660975
1230 18758589
1232 18885237
1234 19068498
1236 18688896
1238 18955062
1240 18991994
1242 19006593
1244 18877159
1246 18722602
1248 18647134
1250 18827469
1252 18743159
1254 18699326
1256 18617530
1258 18602674
1260 18406005
1262 18662441
1264 18619496
1266 18421747
1268 18296618
1270 18392533
1272 18278534
1274 18409822
1276 18442968
1278 18604027
1280 18731669
1282 18385691
1284 18478588
1286 18506868
1288 18351500
1290 18112988
1292 18216519
1294 18174819
1296 18163760
1298 17968509
1300 18046140
1302 18120077
1304 17994253
1306 17966484
1308 17941565
1310 17923690
1312 18078974
1314 17913499
1316 18015623
1318 17696344
1320 17789812
1322 17807957
1324 17795856
1326 17704705
1328 18019467
1330 17953834
1332 17818000
1334 17534039
1336 17726818
1338 17536485
1340 17580208
1342 17716336
1344 17786220
1346 17919721
1348 17552502
1350 17460427
1352 17396829
1354 17421410
1356 17392557
1358 17289769
1360 17402294
1362 17334895
1364 17129807
1366 16901661
1368 17255532
1370 17211070
1372 17374330
1374 17165701
1376 17216446
1378 17210797
1380 17304924
1382 17450516
1384 17340275
1386 17179966
1388 17409877
1390 17184906
1392 17118124
1394 17096899
1396 16798932
1398 16977981
1400 16945295
1402 16901441
1404 16865042
1406 16663184
1408 16651766
1410 16440181
1412 16592919
1414 16420144
1416 16531426
1418 16387768
1420 16500912
1422 16577274
1424 16561007
1426 16540215
1428 16456829
1430 16456824
1432 16514186
1434 16586710
1436 16625426
1438 16565930
1440 16246837
1442 16305565
1444 16487655
1446 16492968
1448 16498622
1450 16388630
1452 16609830
1454 16328685
1456 16324813
1458 16338053
1460 16236963
1462 16340360
1464 16408989
1466 16266590
1468 16260854
1470 16226095
1472 16170808
1474 16011708
1476 16143499
1478 15892376
1480 15972809
1482 15886242
1484 16108970
1486 16117912
1488 16166258
1490 16010916
1492 15643244
1494 16018964
1496 15821135
1498 15793002
1500 15835263
1502 15932824
1504 15900438
1506 15867601
1508 15754621
1510 15816546
1512 15908704
1514 15809627
1516 15988505
1518 15840579
1520 15749107
1522 15548432
1524 15278704
1526 15556255
1528 15400076
1530 15452390
1532 15438920
1534 15460800
1536 15354092
1538 15245299
1540 15254259
1542 15301041
1544 15289955
1546 15270651
1548 15243784
1550 15255475
1552 15297832
1554 15404263
1556 15282911
1558 15201595
1560 15183245
1562 15122717
1564 14956741
1566 15172107
1568 15167548
1570 15288187
1572 15119585
1574 15111409
1576 15286803
1578 15245705
1580 15391271
1582 15335250
1584 15340442
1586 15149727
1588 14985019
1590 14860807
1592 14727955
1594 14533832
1596 14690204
1598 14817500
1600 14662276
1602 14588361
1604 14566108
1606 14617867
1608 14611366
1610 14626761
1612 14587489
1614 14415214
1616 14326618
1618 14297063
1620 14173437
1622 14295635
1624 14491183
1626 14522201
1628 14569055
1630 14438952
1632 14245773
1634 14301520
1636 14339232
1638 14431818
1640 14412003
1642 14410364
1644 14253522
1646 14233014
1648 14043069
1650 13982609
1652 13948686
1654 14002956
1656 13871852
1658 13773274
1660 13834755
1662 13799024
1664 13887711
1666 13940533
1668 13851434
1670 13817585
1672 13813996
1674 13747486
1676 13589719
1678 13549675
1680 13539687
1682 13708931
1684 13648015
1686 13488414
1688 13403229
1690 13392271
1692 13444018
1694 13350580
1696 13416220
1698 13556321
1700 13370408
1702 13354608
1704 13350947
1706 13363162
1708 13379918
1710 13428314
1712 13318972
1714 13476842
1716 13536135
1718 13476613
1720 13196051
1722 13342339
1724 13175829
1726 13010923
1728 13115439
1730 12957423
1732 12981990
1734 12998266
1736 13047615
1738 13055066
1740 12920453
1742 13008875
1744 13042469
1746 13133632
1748 13094077
1750 12971572
1752 12934763
1754 12918706
1756 12810269
1758 13071818
1760 12753881
1762 12730594
1764 12725472
1766 12570259
1768 12649439
1770 12439938
1772 12463659
1774 12606582
1776 12389705
1778 12560323
1780 12448372
1782 12414102
1784 12564985
1786 12514486
1788 12543671
1790 12609263
1792 12671416
1794 12758547
1796 12616454
1798 12478987
1800 12591106
1802 12626926
1804 12591949
1806 12350333
1808 12297117
1810 12321963
1812 12327216
1814 12421260
1816 12276439
1818 12254278
1820 12229928
1822 12161602
1824 12075631
1826 12064498
1828 11844182
1830 12048360
1832 12014125
1834 11775019
1836 11685580
1838 11820466
1840 11788771
1842 11926659
1844 11740041
1846 11689751
1848 11689420
1850 11697107
1852 11605800
1854 11574046
1856 11707040
1858 11724777
1860 11590633
1862 11699856
1864 11499629
1866 11526657
1868 11505316
1870 11651145
1872 11658003
1874 11601329
1876 11520740
1878 11264697
1880 11199392
1882 11461201
1884 11266454
1886 11169423
1888 11307230
1890 11338896
1892 11371502
1894 11294243
1896 11213748
1898 11321852
1900 11459938
1902 11216955
1904 11184076
1906 11232458
1908 11320727
1910 11203032
1912 11077381
1914 11174251
1916 11266359
1918 11039568
1920 11012083
1922 10985913
1924 11010489
1926 11058330
1928 10878081
1930 10839009
1932 10837429
1934 10916605
1936 10915876
1938 10938866
1940 10888168
1942 10745181
1944 10821308
1946 10627750
1948 10602495
1950 10616502
1952 10396092
1954 10454018
1956 10614369
1958 10447617
1960 10559411
1962 10437117
1964 10516221
1966 10491477
1968 10561663
1970 10568213
1972 10446287
1974 10520740
1976 10527001
1978 10534582
1980 10298371
1982 10302737
1984 10274598
1986 10219450
1988 10261256
1990 10273163
1992 10408479
1994 10327389
1996 10147638
1998 10113848
2000 10278440
2002 10301971
2004 10212577
2006 10183935
2008 10245106
2010 10021879
2012 10214200
2014 9910766
2016 10137447
2018 10056069
2020 10153991
2022 9847223
2024 9840224
2026 9789905
2028 9910118
2030 9906692
2032 9707031
2034 9754702
2036 9883487
2038 9815386
2040 9964542
2042 9879464
2044 9921984
2046 9926959
2048 9829951
2050 9728739
2052 9878460
2054 9764711
2056 9779739
2058 9600291
2060 9602787
2062 9500299
2064 9561949
2066 9653925
2068 9562961
2070 9543893
2072 9581395
2074 9555504
2076 9521896
2078 9464139
2080 9453096
2082 9353016
2084 9397612
2086 9403781
2088 9483259
2090 9454399
2092 9400055
2094 9361684
2096 9294154
2098 9297131
2100 9234733
2102 9260751
2104 9205575
2106 9222692
2108 9057462
2110 8962312
2112 8886188
2114 8909362
2116 9116009
2118 9106773
2120 8989818
2122 9106624
2124 9252933
2126 9131093
2128 9183149
2130 8911289
2132 8842750
2134 8933868
2136 8829238
2138 8749661
2140 8824377
2142 8857261
2144 8898244
2146 8834528
2148 8710361
2150 8595926
2152 8619596
2154 8683741
2156 8509364
2158 8754684
2160 8670859
2162 8751029
2164 8727687
2166 8654321
2168 8546909
2170 8628897
2172 8570878
2174 8466778
2176 8471014
2178 8380624
2180 8481360
2182 8401295
2184 8323086
2186 8216319
2188 8202899
2190 8192204
2192 8077774
2194 8108139
2196 8126091
2198 8247425
2200 8157952
2202 8034496
2204 8061571
2206 8032524
2208 8019915
2210 8137929
2212 8032167
2214 8002506
2216 7973134
2218 7992601
2220 7871579
2222 7805372
2224 7866060
2226 7696326
2228 7852641
2230 7795897
2232 7655784
2234 7726589
2236 7659626
2238 7789769
2240 7641603
2242 7699612
2244 7589552
2246 7595417
2248 7588314
2250 7677260
2252 7538075
2254 7494960
2256 7444732
2258 7557798
2260 7394789
2262 7666767
2264 7563942
2266 7557638
2268 7621615
2270 7579601
2272 7530757
2274 7489890
2276 7526693
2278 7307187
2280 7348156
2282 7183037
2284 7359872
2286 7418185
2288 7275350
2290 7236072
2292 7150533
2294 7086103
2296 7129668
2298 7001195
2300 7020754
2302 6981863
2304 7145397
2306 7165723
2308 7052908
2310 6937214
2312 6876890
2314 6852981
2316 6891718
2318 6875096
2320 6916399
2322 6731224
2324 6802736
2326 6834155
2328 6821354
2330 6911561
2332 6907559
2334 6901870
2336 6882127
2338 6793848
2340 6802875
2342 6791858
2344 6881343
2346 6804992
2348 6841093
2350 6858471
2352 6899122
2354 6857708
2356 6821822
2358 6648497
2360 6651541
2362 6740982
2364 6632599
2366 6594652
2368 6658220
2370 6616272
2372 6688242
2374 6572162
2376 6471717
2378 6547855
2380 6538330
2382 6459664
2384 6332428
2386 6297890
2388 6397426
2390 6381122
2392 6332676
2394 6282325
2396 6358990
2398 6321423
2400 6252287
2402 6127971
2404 6215928
2406 6236965
2408 6231677
2410 6197449
2412 6255070
2414 6074149
2416 6102874
2418 6197797
2420 6130352
2422 6070355
2424 6074160
2426 6175016
2428 6150423
2430 6106246
2432 6188480
2434 6071266
2436 5983586
2438 5909891
2440 5840670
2442 5852199
2444 5912841
2446 5837354
2448 6072900
2450 6019014
2452 5985199
2454 6155119
2456 6039760
2458 6074940
2460 5982846
2462 6068347
2464 5893495
2466 6007481
2468 5839094
2470 5861255
2472 5905849
2474 5802954
2476 5670376
2478 5600489
2480 5724026
2482 5694608
2484 5661348
2486 5659778
2488 5569936
2490 5640365
2492 5603524
2494 5658515
2496 5754325
2498 5593381
2500 5623731
2502 5535820
2504 5572607
2506 5630810
2508 5430980
2510 5456571
2512 5448002
2514 5307361
2516 5369313
2518 5339446
2520 5445223
2522 5387533
2524 5399792
2526 5181875
2528 5180348
2530 5132248
2532 5129585
2534 5097244
2536 5099677
2538 4966448
2540 4934804
2542 4961743
2544 4977305
2546 5061082
2548 5104895
2550 5008831
2552 5004896
2554 4829148
2556 4910608
2558 4975676
2560 5018045
2562 4973642
2564 4847719
2566 5010082
2568 4976109
2570 5035883
2572 4782673
2574 4779619
2576 4874800
2578 4970875
2580 4807237
2582 4920978
2584 4814108
2586 5025857
2588 4743423
2590 4761040
2592 4778584
2594 4704979
2596 4642017
2598 4590949
2600 4665986
2602 4567572
2604 4705714
2606 4683890
2608 4584876
2610 4565858
2612 4573875
2614 4485727
2616 4674465
2618 4430725
2620 4528628
2622 4440807
2624 4412674
2626 4530953
2628 4404063
2630 4381272
2632 4392264
2634 4228907
2636 4281258
2638 4250678
2640 4244930
2642 4212375
2644 4287588
2646 4316027
2648 4255069
2650 4118703
2652 4165343
2654 4116269
2656 4147790
2658 4202513
2660 4142407
2662 4174931
2664 4165521
2666 4232936
2668 4302273
2670 4252442
2672 4185000
2674 4148301
2676 4137231
2678 4164019
2680 4091960
2682 4165628
2684 4024406
2686 4126934
2688 4064843
2690 4127330
2692 3976536
2694 4041053
2696 4100030
2698 3930316
2700 4122550
2702 4091748
2704 4050102
2706 3994809
2708 3946168
2710 3892663
2712 3901817
2714 3843577
2716 3842603
2718 3847979
2720 3874042
2722 3891659
2724 3950935
2726 3915041
2728 3769321
2730 3774506
2732 3797689
2734 3752310
2736 3727008
2738 3668428
2740 3676137
2742 3623677
2744 3628438
2746 3570482
2748 3486798
2750 3469535
2752 3514620
2754 3491530
2756 3549799
2758 3552335
2760 3607195
2762 3620688
2764 3580608
2766 3549131
2768 3519718
2770 3502551
2772 3353606
2774 3450609
2776 3430092
2778 3347232
2780 3298400
2782 3317836
2784 3295893
2786 3377535
2788 3363005
2790 3387376
2792 3283672
2794 3435657
2796 3370828
2798 3297250
2800 3236617
2802 3336895
2804 3345763
2806 3228721
2808 3218079
2810 3273468
2812 3291870
2814 3187143
2816 3178280
2818 3175763
2820 3084557
2822 3154347
2824 3157106
2826 3100126
2828 3073105
2830 3040405
2832 2998562
2834 2876390
2836 3075128
2838 3022562
2840 3005330
2842 3036358
2844 3038548
2846 3045375
2848 2998140
2850 2939848
2852 3000996
2854 3018568
2856 2984065
2858 2956782
2860 2947248
2862 2999534
2864 2921813
2866 2904656
2868 2875754
2870 2886845
2872 2871650
2874 2803848
2876 2841698
2878 2748247
2880 2738495
2882 2787348
2884 2672352
2886 2677608
2888 2703891
2890 2716987
2892 2679718
2894 2814086
2896 2764710
2898 2729108
2900 2709145
2902 2779409
2904 2782902
2906 2795534
2908 2683964
2910 2848381
2912 2799090
2914 2780666
2916 2691602
2918 2595504
2920 2581724
2922 2653755
2924 2571948
2926 2540810
2928 2513661
2930 2583849
2932 2531534
2934 2589632
2936 2595232
2938 2572426
2940 2609229
2942 2574928
2944 2625632
2946 2564790
2948 2598810
2950 2622161
2952 2497739
2954 2545324
2956 2612728
2958 2517171
2960 2555978
2962 2479256
2964 2413559
2966 2440183
2968 2495015
2970 2451437
2972 2308105
2974 2289667
2976 2331332
2978 2298380
2980 2304060
2982 2265606
2984 2311032
2986 2280020
2988 2332724
2990 2292929
2992 2322180
2994 2262679
2996 2221138
2998 2198154
3000 2213508
3002 2193427
3004 2187109
3006 2101043
3008 2055974
3010 2057681
3012 2119396
3014 2175767
3016 2174589
3018 2103271
3020 2146862
3022 2148560
3024 2066969
3026 1989989
3028 2004829
3030 2047349
3032 2052351
3034 2031323
3036 1927797
3038 1924182
3040 1974464
3042 2011428
3044 1970977
3046 2040302
3048 2033204
3050 2092322
3052 2007403
3054 1898595
3056 1883527
3058 1942355
3060 1817141
3062 1831073
3064 1837156
3066 1871948
3068 1884687
3070 1820934
3072 1778909
3074 1762437
3076 1662059
3078 1676639
3080 1669066
3082 1682816
3084 1713645
3086 1687762
3088 1746202
3090 1826757
3092 1825928
3094 1851185
3096 1764182
3098 1728110
3100 1719377
3102 1744419
3104 1779341
3106 1722259
3108 1668717
3110 1719452
3112 1721760
3114 1693410
3116 1746947
3118 1717504
3120 1665640
3122 1609737
3124 1618414
3126 1696842
3128 1621187
3130 1595028
3132 1585011
3134 1568592
3136 1548248
3138 1552695
3140 1674336
3142 1582840
3144 1545003
3146 1548195
3148 1547549
3150 1478944
3152 1487754
3154 1442394
3156 1441256
3158 1457534
3160 1496300
3162 1479798
3164 1447600
3166 1341834
3168 1490344
3170 1468934
3172 1458941
3174 1476269
3176 1482109
3178 1435770
3180 1391293
3182 1375221
3184 1396734
3186 1380125
3188 1349221
3190 1204729
3192 1364250
3194 1438255
3196 1461677
3198 1345111
3200 1204478
3202 1122750
3204 1152737
3206 1107526
3208 1138990
3210 1203768
3212 1273752
3214 1238064
3216 1260309
3218 1196092
3220 1195253
3222 1223544
3224 1154808
3226 1133489
3228 1158230
3230 1173060
3232 1135504
3234 1120868
3236 1126571
3238 1113484
3240 1096159
3242 1121663
3244 1081750
3246 1138137
3248 1197957
3250 1160805
3252 1165379
3254 1107496
3256 1112126
3258 1062677
3260 1047003
3262 1093442
3264 948592
3266 907903
3268 916065
3270 894649
3272 946123
3274 876716
3276 932620
3278 955669
3280 903913
3282 846243
3284 910269
3286 877376
3288 882875
3290 894070
3292 835482
3294 841161
3296 813968
3298 849094
3300 857483
3302 826184
3304 776003
3306 825290
3308 853034
3310 890210
3312 844971
3314 750447
3316 805219
3318 783036
3320 736665
3322 802286
3324 775661
3326 813060
3328 809652
3330 747124
3332 798044
3334 783210
3336 741054
3338 707161
3340 709473
3342 679218
3344 726854
3346 719422
3348 703140
3350 690991
3352 732819
3354 700578
3356 722831
3358 688887
3360 692244
3362 600662
3364 548932
3366 546316
3368 555183
3370 512768
3372 517656
3374 604742
3376 664004
3378 599306
3380 637377
3382 605390
3384 525474
3386 565715
3388 621086
3390 545738
3392 564415
3394 610193
3396 618915
3398 625091
3400 560907
3402 510507
3404 521193
3406 462586
3408 478506
3410 453468
3412 450686
3414 480861
3416 466470
3418 471920
3420 451134
3422 513752
3424 462354
3426 469824
3428 478708
3430 424637
3432 444633
3434 455783
3436 443889
3438 462579
3440 474039
3442 433634
3444 416361
3446 401063
3448 407365
3450 402158
3452 350032
3454 340031
3456 337024
3458 340626
3460 326341
3462 409647
3464 416803
3466 403159
3468 407418
3470 373043
3472 341099
3474 323723
3476 307423
3478 341385
3480 268033
3482 315897
3484 301484
3486 289594
3488 276221
3490 283620
3492 246347
3494 277882
3496 274290
3498 253689
3500 270317
3502 273743
3504 225069
3506 243530
3508 192469
3510 217116
3512 244819
3514 182400
3516 190333
3518 228415
3520 241683
3522 210519
3524 212530
3526 191321
3528 222232
3530 166313
3532 186151
3534 167619
3536 157623
3538 202730
3540 172760
3542 191662
3544 154168
3546 154052
3548 167532
3550 152494
3552 129846
3554 143894
3556 162668
3558 158543
3560 158520
3562 156738
3564 139414
3566 116124
3568 120207
3570 136069
3572 118886
3574 104483
3576 121749
3578 97301
3580 113150
3582 111429
3584 129766
3586 116642
3588 110451
3590 105291
3592 133592
3594 111647
3596 89201
3598 78036
3600 92961
3602 104057
3604 95996
3606 96679
3608 92654
3610 84623
3612 80019
3614 78310
3616 81741
3618 76098
3620 114343
3622 101407
3624 100940
3626 77728
3628 75052
3630 82934
3632 74826
3634 38351
3636 63174
3638 43215
3640 45974
3642 40702
3644 38224
3646 33698
3648 42901
3650 39239
3652 71780
3654 49725
3656 46471
3658 48987
3660 39243
3662 41067
3664 31374
3666 32490
3668 31946
3670 43289
3672 30610
3674 34748
3676 20401
3678 29232
3680 26288
3682 21413
3684 20793
3686 12572
3688 28195
3690 10175
3692 12310
3694 20693
3696 18905
3698 22203
3700 14033
3702 8746
3704 10884
3706 8592
3708 13540
3710 12564
3712 10664
3714 10900
3716 13883
3718 2286
3720 2305
3722 1229
3724 4124
3726 8332
3728 8913
3730 19361
3732 10279
3734 20315
3736 15417
3738 6947
3740 5756
3742 1570
3744 1259
3746 3967
3748 1975
3750 1460
3752 1031
3754 2337
3756 8229
3758 8078
3760 2004
3762 947
3764 3276
3766 1275
3768 1102
3770 1481
3772 1
3774 39
3776 436
3778 113
3832 109
3834 746
3836 1400
3838 2506
3840 15
3842 106
3844 729
3846 2798
