N J h steps 
10000 0.836 0 17000000000
-16627 4
-16624 34
-16623 158
-16622 38
-16621 135
-16620 173
-16619 187
-16618 252
-16617 195
-16616 197
-16615 700
-16614 713
-16613 322
-16612 812
-16611 506
-16610 507
-16609 506
-16608 438
-16607 664
-16606 644
-16605 833
-16604 1200
-16603 1121
-16602 860
-16601 1610
-16600 1007
-16599 1051
-16598 700
-16597 865
-16596 766
-16595 1021
-16594 756
-16593 656
-16592 1215
-16591 882
-16590 695
-16589 1197
-16588 684
-16587 823
-16586 1084
-16585 1332
-16584 1384
-16583 1305
-16582 1879
-16581 1814
-16580 1682
-16579 960
-16578 1193
-16577 1495
-16576 1494
-16575 1502
-16574 1743
-16573 1194
-16572 838
-16571 1688
-16570 1031
-16569 516
-16568 820
-16567 645
-16566 679
-16565 1115
-16564 1344
-16563 2405
-16562 1377
-16561 1173
-16560 1293
-16559 1011
-16558 1344
-16557 1441
-16556 825
-16555 827
-16554 818
-16553 519
-16552 808
-16551 357
-16550 567
-16549 661
-16548 423
-16547 419
-16546 504
-16545 92
-16544 608
-16543 93
-16542 193
-16541 124
-16540 110
-16539 212
-16538 201
-16537 205
-16536 564
-16535 580
-16534 417
-16533 342
-16532 646
-16531 634
-16530 755
-16529 644
-16528 732
-16527 286
-16526 885
-16525 1172
-16524 778
-16523 951
-16522 2028
-16521 2326
-16520 1243
-16519 687
-16518 1444
-16517 821
-16516 1008
-16515 1265
-16514 1116
-16513 1246
-16512 1312
-16511 2071
-16510 2252
-16509 2927
-16508 2416
-16507 1681
-16506 2649
-16505 2333
-16504 2126
-16503 2232
-16502 2563
-16501 3607
-16500 5317
-16499 6400
-16498 7268
-16497 6657
-16496 8293
-16495 6883
-16494 5488
-16493 6975
-16492 6706
-16491 7700
-16490 10059
-16489 11632
-16488 9920
-16487 10479
-16486 10540
-16485 11709
-16484 12653
-16483 9884
-16482 10100
-16481 12861
-16480 11363
-16479 10595
-16478 14697
-16477 14156
-16476 13541
-16475 15329
-16474 15770
-16473 16614
-16472 18471
-16471 16139
-16470 13352
-16469 17648
-16468 16237
-16467 16494
-16466 19200
-16465 17610
-16464 18951
-16463 19220
-16462 22174
-16461 21253
-16460 23210
-16459 22216
-16458 23598
-16457 20738
-16456 21818
-16455 23083
-16454 19945
-16453 20478
-16452 20452
-16451 21416
-16450 21142
-16449 26153
-16448 27340
-16447 25811
-16446 29112
-16445 26630
-16444 32391
-16443 26584
-16442 27189
-16441 29413
-16440 29146
-16439 28138
-16438 34348
-16437 33916
-16436 34506
-16435 38093
-16434 36125
-16433 36884
-16432 37728
-16431 41875
-16430 36424
-16429 38471
-16428 36268
-16427 39530
-16426 42017
-16425 43435
-16424 39553
-16423 42455
-16422 41956
-16421 42669
-16420 45411
-16419 53348
-16418 45253
-16417 52228
-16416 48627
-16415 54095
-16414 52372
-16413 51018
-16412 52145
-16411 49848
-16410 54406
-16409 58646
-16408 52393
-16407 60832
-16406 55984
-16405 61441
-16404 65575
-16403 64378
-16402 62134
-16401 69208
-16400 67657
-16399 69377
-16398 72668
-16397 80449
-16396 79329
-16395 77602
-16394 68068
-16393 72182
-16392 72360
-16391 83059
-16390 83242
-16389 81650
-16388 90405
-16387 86043
-16386 97115
-16385 99838
-16384 99256
-16383 107839
-16382 102245
-16381 113016
-16380 106056
-16379 110902
-16378 109777
-16377 110970
-16376 111000
-16375 107199
-16374 109789
-16373 110315
-16372 124069
-16371 120181
-16370 117067
-16369 119397
-16368 111748
-16367 123860
-16366 124584
-16365 128153
-16364 136007
-16363 131318
-16362 138668
-16361 145976
-16360 144164
-16359 143445
-16358 149380
-16357 150318
-16356 152952
-16355 165271
-16354 161792
-16353 177425
-16352 177419
-16351 176952
-16350 190739
-16349 190858
-16348 191359
-16347 197360
-16346 202196
-16345 212121
-16344 212065
-16343 209988
-16342 203676
-16341 219787
-16340 229493
-16339 228187
-16338 223422
-16337 220497
-16336 225075
-16335 226862
-16334 232120
-16333 242294
-16332 239631
-16331 230264
-16330 240343
-16329 237453
-16328 238859
-16327 247047
-16326 251808
-16325 256801
-16324 256688
-16323 260658
-16322 256644
-16321 263291
-16320 284276
-16319 286223
-16318 298568
-16317 311322
-16316 315923
-16315 311193
-16314 301049
-16313 319042
-16312 318878
-16311 328534
-16310 340678
-16309 346758
-16308 348912
-16307 365807
-16306 364743
-16305 370407
-16304 388867
-16303 385817
-16302 399346
-16301 399238
-16300 395947
-16299 384461
-16298 409946
-16297 417998
-16296 402248
-16295 410918
-16294 418325
-16293 421135
-16292 443841
-16291 440312
-16290 435191
-16289 449459
-16288 458894
-16287 469194
-16286 445843
-16285 464951
-16284 459514
-16283 472904
-16282 459411
-16281 464111
-16280 468532
-16279 485145
-16278 496956
-16277 487905
-16276 492472
-16275 510479
-16274 533998
-16273 548663
-16272 556607
-16271 561273
-16270 586797
-16269 576354
-16268 584655
-16267 601519
-16266 634961
-16265 624361
-16264 629380
-16263 617077
-16262 623888
-16261 628576
-16260 661174
-16259 647542
-16258 648577
-16257 661609
-16256 670029
-16255 715141
-16254 718718
-16253 710022
-16252 748348
-16251 740604
-16250 733006
-16249 752607
-16248 768750
-16247 779123
-16246 794086
-16245 804480
-16244 787270
-16243 806263
-16242 808970
-16241 833504
-16240 828638
-16239 831418
-16238 812017
-16237 828623
-16236 845583
-16235 858971
-16234 851521
-16233 874138
-16232 862601
-16231 866041
-16230 852997
-16229 895690
-16228 879128
-16227 893354
-16226 867828
-16225 909543
-16224 915667
-16223 923300
-16222 907711
-16221 921866
-16220 896316
-16219 899747
-16218 901541
-16217 921631
-16216 935420
-16215 921114
-16214 919465
-16213 925037
-16212 898065
-16211 918442
-16210 947102
-16209 930861
-16208 971977
-16207 974914
-16206 979742
-16205 1013288
-16204 1013070
-16203 1026925
-16202 1018093
-16201 1040985
-16200 1038794
-16199 1035111
-16198 1025407
-16197 1032747
-16196 1047281
-16195 1075941
-16194 1075657
-16193 1106401
-16192 1090381
-16191 1158256
-16190 1161272
-16189 1143426
-16188 1166608
-16187 1192619
-16186 1205367
-16185 1192532
-16184 1199001
-16183 1191902
-16182 1238747
-16181 1277764
-16180 1291985
-16179 1338748
-16178 1321088
-16177 1319133
-16176 1334250
-16175 1355412
-16174 1376664
-16173 1367391
-16172 1419305
-16171 1423142
-16170 1404809
-16169 1463950
-16168 1469517
-16167 1465118
-16166 1494840
-16165 1511231
-16164 1530336
-16163 1551875
-16162 1540259
-16161 1524065
-16160 1548477
-16159 1543592
-16158 1543997
-16157 1583593
-16156 1611257
-16155 1636584
-16154 1557494
-16153 1587387
-16152 1630623
-16151 1634400
-16150 1663145
-16149 1679043
-16148 1703721
-16147 1722634
-16146 1735717
-16145 1730204
-16144 1756730
-16143 1731162
-16142 1784924
-16141 1846043
-16140 1844075
-16139 1836311
-16138 1865991
-16137 1866092
-16136 1871901
-16135 1883759
-16134 1888084
-16133 1902315
-16132 1865288
-16131 1950198
-16130 1928597
-16129 1903766
-16128 1919013
-16127 1947172
-16126 1953890
-16125 1973391
-16124 1973280
-16123 1977889
-16122 2010274
-16121 2035634
-16120 2056132
-16119 2048194
-16118 2059481
-16117 2063164
-16116 2081594
-16115 2126548
-16114 2135523
-16113 2160453
-16112 2108406
-16111 2113658
-16110 2156068
-16109 2140209
-16108 2153479
-16107 2185985
-16106 2177366
-16105 2195429
-16104 2199200
-16103 2278239
-16102 2241341
-16101 2277301
-16100 2320996
-16099 2328235
-16098 2391977
-16097 2341247
-16096 2376026
-16095 2396997
-16094 2429547
-16093 2393917
-16092 2435488
-16091 2453262
-16090 2484053
-16089 2491676
-16088 2479851
-16087 2529462
-16086 2538411
-16085 2508111
-16084 2509976
-16083 2556999
-16082 2629580
-16081 2616094
-16080 2623600
-16079 2679477
-16078 2642968
-16077 2634835
-16076 2630838
-16075 2683855
-16074 2734100
-16073 2771783
-16072 2766281
-16071 2779403
-16070 2768074
-16069 2803978
-16068 2817796
-16067 2827840
-16066 2843807
-16065 2836564
-16064 2860979
-16063 2923969
-16062 2884148
-16061 2985289
-16060 2999407
-16059 2984839
-16058 3050526
-16057 3072856
-16056 3145976
-16055 3131978
-16054 3121453
-16053 3176361
-16052 3182979
-16051 3245145
-16050 3298034
-16049 3303745
-16048 3289138
-16047 3351621
-16046 3360365
-16045 3373369
-16044 3398612
-16043 3452930
-16042 3471399
-16041 3496148
-16040 3486595
-16039 3538694
-16038 3544653
-16037 3533603
-16036 3622414
-16035 3605394
-16034 3660380
-16033 3645914
-16032 3643665
-16031 3644654
-16030 3644292
-16029 3673789
-16028 3692100
-16027 3690973
-16026 3730123
-16025 3771897
-16024 3810330
-16023 3760539
-16022 3857888
-16021 3833386
-16020 3884738
-16019 3897445
-16018 3918961
-16017 3936593
-16016 3949009
-16015 3961166
-16014 3972888
-16013 4048861
-16012 4058917
-16011 4079433
-16010 4054188
-16009 4069900
-16008 4090116
-16007 4111696
-16006 4146915
-16005 4184408
-16004 4181837
-16003 4183168
-16002 4271541
-16001 4299650
-16000 4321408
-15999 4328997
-15998 4373254
-15997 4366054
-15996 4391264
-15995 4405598
-15994 4440010
-15993 4458054
-15992 4452750
-15991 4519831
-15990 4546249
-15989 4622517
-15988 4626951
-15987 4635819
-15986 4578079
-15985 4667480
-15984 4706403
-15983 4767049
-15982 4798337
-15981 4784836
-15980 4804622
-15979 4829115
-15978 4814650
-15977 4843348
-15976 4831629
-15975 4862807
-15974 4923378
-15973 4996388
-15972 4947369
-15971 4987264
-15970 4958121
-15969 5023376
-15968 4990004
-15967 5032317
-15966 5080315
-15965 5077817
-15964 5059179
-15963 5148964
-15962 5114799
-15961 5195483
-15960 5241594
-15959 5267065
-15958 5275937
-15957 5289837
-15956 5282951
-15955 5334927
-15954 5360782
-15953 5451491
-15952 5512067
-15951 5500488
-15950 5506272
-15949 5493524
-15948 5543311
-15947 5604863
-15946 5560150
-15945 5666913
-15944 5633181
-15943 5730629
-15942 5662348
-15941 5713658
-15940 5763820
-15939 5756137
-15938 5751054
-15937 5852092
-15936 5856625
-15935 5860666
-15934 5851299
-15933 5884803
-15932 5913419
-15931 5820430
-15930 5810498
-15929 5858123
-15928 5910583
-15927 5918662
-15926 5928407
-15925 6029567
-15924 6064957
-15923 6023958
-15922 6042073
-15921 6077681
-15920 6096838
-15919 6133276
-15918 6145805
-15917 6189202
-15916 6218646
-15915 6244664
-15914 6184606
-15913 6252099
-15912 6323490
-15911 6303667
-15910 6412603
-15909 6423459
-15908 6459536
-15907 6499540
-15906 6555240
-15905 6585028
-15904 6581685
-15903 6614822
-15902 6699771
-15901 6729689
-15900 6752615
-15899 6724355
-15898 6801846
-15897 6889982
-15896 6913358
-15895 7023126
-15894 6998557
-15893 7130131
-15892 7092256
-15891 7209484
-15890 7229857
-15889 7260025
-15888 7219956
-15887 7317684
-15886 7344472
-15885 7304628
-15884 7364813
-15883 7386942
-15882 7462266
-15881 7465885
-15880 7592247
-15879 7537641
-15878 7562075
-15877 7560596
-15876 7605038
-15875 7697212
-15874 7702236
-15873 7733752
-15872 7795908
-15871 7779902
-15870 7810482
-15869 7812272
-15868 7824464
-15867 7889098
-15866 7862209
-15865 7791483
-15864 7893535
-15863 7898193
-15862 7893882
-15861 7916030
-15860 7961728
-15859 7920057
-15858 8011142
-15857 7959871
-15856 8017491
-15855 8051645
-15854 8065445
-15853 8097130
-15852 8189563
-15851 8173761
-15850 8207883
-15849 8208539
-15848 8149244
-15847 8310783
-15846 8307106
-15845 8301526
-15844 8381643
-15843 8505692
-15842 8496186
-15841 8389384
-15840 8428122
-15839 8525869
-15838 8595554
-15837 8666140
-15836 8665215
-15835 8626852
-15834 8767722
-15833 8758120
-15832 8807863
-15831 8716962
-15830 8762179
-15829 8791396
-15828 8824292
-15827 8844643
-15826 8892426
-15825 8872276
-15824 8907101
-15823 8977262
-15822 9060635
-15821 9021423
-15820 9116887
-15819 9026994
-15818 9149448
-15817 9172286
-15816 9258441
-15815 9254751
-15814 9295222
-15813 9373809
-15812 9359173
-15811 9449341
-15810 9478271
-15809 9581377
-15808 9548650
-15807 9661141
-15806 9627049
-15805 9620209
-15804 9677131
-15803 9756758
-15802 9821966
-15801 9811715
-15800 9897521
-15799 9895019
-15798 9892875
-15797 9961171
-15796 9979602
-15795 9980871
-15794 10058921
-15793 10064923
-15792 10161150
-15791 10212214
-15790 10208426
-15789 10212686
-15788 10271510
-15787 10212677
-15786 10275494
-15785 10330749
-15784 10396638
-15783 10536896
-15782 10480610
-15781 10535429
-15780 10645772
-15779 10654581
-15778 10754537
-15777 10716033
-15776 10756481
-15775 10703364
-15774 10793770
-15773 10777296
-15772 10725580
-15771 10747082
-15770 10774029
-15769 10815941
-15768 10826232
-15767 10856280
-15766 10845502
-15765 10901292
-15764 10989923
-15763 11001827
-15762 11002293
-15761 11018614
-15760 11046513
-15759 11195244
-15758 11147964
-15757 11171432
-15756 11200552
-15755 11272973
-15754 11251441
-15753 11278185
-15752 11217649
-15751 11324862
-15750 11323096
-15749 11335191
-15748 11461911
-15747 11471352
-15746 11451285
-15745 11503053
-15744 11596447
-15743 11686279
-15742 11644482
-15741 11783790
-15740 11718159
-15739 11770132
-15738 11881239
-15737 11889720
-15736 11903661
-15735 11925801
-15734 11905169
-15733 11943142
-15732 11962416
-15731 11970976
-15730 12017960
-15729 12073923
-15728 12099099
-15727 12180974
-15726 12244528
-15725 12246678
-15724 12310507
-15723 12358765
-15722 12419952
-15721 12380649
-15720 12490671
-15719 12543929
-15718 12547588
-15717 12597238
-15716 12657955
-15715 12677113
-15714 12756278
-15713 12668656
-15712 12710620
-15711 12682075
-15710 12862075
-15709 12860568
-15708 12889928
-15707 12880179
-15706 12950314
-15705 12961887
-15704 12948428
-15703 13013634
-15702 12987857
-15701 13039857
-15700 13056106
-15699 12972517
-15698 13062432
-15697 13087542
-15696 13165242
-15695 13154367
-15694 13212716
-15693 13227915
-15692 13203695
-15691 13329548
-15690 13274476
-15689 13277589
-15688 13334870
-15687 13353504
-15686 13425504
-15685 13508741
-15684 13542985
-15683 13597469
-15682 13716647
-15681 13591911
-15680 13639644
-15679 13649025
-15678 13651393
-15677 13774002
-15676 13806115
-15675 13828037
-15674 13828414
-15673 13883715
-15672 13992655
-15671 13948743
-15670 14080225
-15669 14086338
-15668 14122351
-15667 14193952
-15666 14280834
-15665 14324269
-15664 14293834
-15663 14459104
-15662 14378223
-15661 14461131
-15660 14573937
-15659 14565187
-15658 14574088
-15657 14652765
-15656 14738152
-15655 14768205
-15654 14804227
-15653 14853558
-15652 14810168
-15651 14833416
-15650 14814981
-15649 14858456
-15648 14837914
-15647 14968733
-15646 14813068
-15645 15009607
-15644 14863323
-15643 14893831
-15642 14855783
-15641 14956192
-15640 15013069
-15639 14933911
-15638 15013417
-15637 15139313
-15636 15043053
-15635 15174829
-15634 15182340
-15633 15209872
-15632 15271055
-15631 15190202
-15630 15254821
-15629 15289879
-15628 15292196
-15627 15327115
-15626 15372949
-15625 15340533
-15624 15300869
-15623 15274089
-15622 15199975
-15621 15263737
-15620 15361968
-15619 15429469
-15618 15389287
-15617 15443219
-15616 15473461
-15615 15556694
-15614 15649753
-15613 15610737
-15612 15743247
-15611 15730427
-15610 15729879
-15609 15823555
-15608 15854121
-15607 15924104
-15606 15845712
-15605 15921888
-15604 15934275
-15603 15886118
-15602 15936087
-15601 16003044
-15600 15991426
-15599 16046033
-15598 16105174
-15597 15993970
-15596 15943343
-15595 16184103
-15594 16157344
-15593 16291044
-15592 16199049
-15591 16279045
-15590 16171991
-15589 16164426
-15588 16209332
-15587 16256594
-15586 16236437
-15585 16245572
-15584 16205285
-15583 16290939
-15582 16273446
-15581 16408606
-15580 16337585
-15579 16460916
-15578 16345305
-15577 16352163
-15576 16430990
-15575 16416705
-15574 16411399
-15573 16527337
-15572 16628868
-15571 16605173
-15570 16636765
-15569 16502165
-15568 16587755
-15567 16598850
-15566 16558916
-15565 16644474
-15564 16734520
-15563 16826823
-15562 16875639
-15561 17091591
-15560 17050474
-15559 16997193
-15558 17088765
-15557 17062039
-15556 17274876
-15555 17239229
-15554 17415895
-15553 17411774
-15552 17518389
-15551 17412465
-15550 17475290
-15549 17528093
-15548 17758530
-15547 17730383
-15546 17796895
-15545 17854306
-15544 17910011
-15543 17850793
-15542 17943822
-15541 17863986
-15540 18167153
-15539 18013929
-15538 17992691
-15537 17913748
-15536 17824088
-15535 17818033
-15534 17942528
-15533 18009463
-15532 17982729
-15531 18196483
-15530 18099486
-15529 18138686
-15528 18100271
-15527 18172530
-15526 18191894
-15525 18264320
-15524 18207110
-15523 18278103
-15522 18264528
-15521 18206767
-15520 18331817
-15519 18228137
-15518 18296062
-15517 18274426
-15516 18303969
-15515 18267614
-15514 18236679
-15513 18230236
-15512 18264965
-15511 18346350
-15510 18317669
-15509 18304057
-15508 18441745
-15507 18600234
-15506 18496803
-15505 18679545
-15504 18737073
-15503 18740309
-15502 18804953
-15501 18790372
-15500 18920535
-15499 18938366
-15498 18900404
-15497 18999288
-15496 18952882
-15495 18920683
-15494 18926011
-15493 18966004
-15492 18965410
-15491 19030142
-15490 19003718
-15489 19223743
-15488 19224231
-15487 19282545
-15486 19268835
-15485 19324080
-15484 19325241
-15483 19371179
-15482 19530049
-15481 19449441
-15480 19400456
-15479 19411550
-15478 19546091
-15477 19520906
-15476 19597004
-15475 19709474
-15474 19707271
-15473 19875234
-15472 19890496
-15471 19971663
-15470 19961539
-15469 19969269
-15468 19951685
-15467 20055842
-15466 20081805
-15465 20112965
-15464 20252949
-15463 20252254
-15462 20453681
-15461 20213562
-15460 20237517
-15459 20294948
-15458 20410148
-15457 20357331
-15456 20463670
-15455 20484441
-15454 20492120
-15453 20430457
-15452 20457102
-15451 20439260
-15450 20450602
-15449 20392724
-15448 20474316
-15447 20604220
-15446 20646820
-15445 20637313
-15444 20659391
-15443 20669795
-15442 20714767
-15441 20566137
-15440 20621728
-15439 20587797
-15438 20750617
-15437 20746144
-15436 20695864
-15435 20787222
-15434 20935647
-15433 20990138
-15432 21053505
-15431 21121825
-15430 21103035
-15429 21171814
-15428 21146031
-15427 21185362
-15426 21324099
-15425 21214678
-15424 21221071
-15423 21315651
-15422 21372288
-15421 21339694
-15420 21309025
-15419 21486653
-15418 21468015
-15417 21542217
-15416 21553557
-15415 21772945
-15414 21743265
-15413 21806826
-15412 21777185
-15411 21767883
-15410 21703534
-15409 21677419
-15408 21685737
-15407 21828202
-15406 21875342
-15405 21823420
-15404 21877466
-15403 21931664
-15402 21858325
-15401 21953634
-15400 21940419
-15399 21866200
-15398 21946912
-15397 22072418
-15396 22068492
-15395 22142145
-15394 22140655
-15393 22137560
-15392 22303419
-15391 22204188
-15390 22316246
-15389 22254020
-15388 22168758
-15387 22219849
-15386 22148845
-15385 22073440
-15384 22116965
-15383 22099073
-15382 21989815
-15381 22087385
-15380 22081458
-15379 22123639
-15378 22123502
-15377 22122607
-15376 22179533
-15375 22008626
-15374 22104070
-15373 22007396
-15372 22024451
-15371 22065482
-15370 21964981
-15369 21984202
-15368 21915619
-15367 22077105
-15366 22033599
-15365 22103117
-15364 22075895
-15363 22058561
-15362 22025128
-15361 22031083
-15360 21917204
-15359 22046793
-15358 21981979
-15357 21929136
-15356 22001597
-15355 21960612
-15354 21771090
-15353 21918345
-15352 21800077
-15351 21790194
-15350 21881461
-15349 21684382
-15348 21756526
-15347 21736165
-15346 21882672
-15345 21782976
-15344 21925687
-15343 21763865
-15342 21709599
-15341 21667127
-15340 21763730
-15339 21564860
-15338 21599677
-15337 21622958
-15336 21729547
-15335 21648325
-15334 21575768
-15333 21563478
-15332 21552912
-15331 21482439
-15330 21450554
-15329 21462287
-15328 21317542
-15327 21376370
-15326 21476855
-15325 21379667
-15324 21252438
-15323 21126593
-15322 21184790
-15321 21226022
-15320 21045589
-15319 21071362
-15318 21105106
-15317 21082078
-15316 21061618
-15315 21023366
-15314 20927932
-15313 20972279
-15312 20996474
-15311 20942406
-15310 20783446
-15309 20716328
-15308 20806803
-15307 20713890
-15306 20619369
-15305 20410016
-15304 20442754
-15303 20482562
-15302 20410270
-15301 20281482
-15300 20255912
-15299 20207510
-15298 20137232
-15297 20170248
-15296 20166950
-15295 20140306
-15294 20253517
-15293 20153076
-15292 20164256
-15291 20109963
-15290 19923573
-15289 19925957
-15288 19990916
-15287 19815379
-15286 19781408
-15285 19658163
-15284 19591139
-15283 19525348
-15282 19478908
-15281 19557423
-15280 19467219
-15279 19512369
-15278 19544671
-15277 19530332
-15276 19574072
-15275 19441605
-15274 19501107
-15273 19375158
-15272 19151986
-15271 19319594
-15270 19241171
-15269 19227926
-15268 19176009
-15267 19155353
-15266 19229007
-15265 19213063
-15264 19149104
-15263 19009296
-15262 19042563
-15261 18949206
-15260 18858151
-15259 18908149
-15258 18920050
-15257 18899850
-15256 18994357
-15255 18872734
-15254 18863087
-15253 18779472
-15252 18763774
-15251 18650330
-15250 18621151
-15249 18532850
-15248 18572676
-15247 18583051
-15246 18476444
-15245 18368633
-15244 18380633
-15243 18292175
-15242 18179259
-15241 18206070
-15240 18147419
-15239 18212182
-15238 18144072
-15237 18036754
-15236 17991722
-15235 17964216
-15234 18098219
-15233 17941273
-15232 18030512
-15231 17933567
-15230 17894922
-15229 17836589
-15228 17777136
-15227 17725183
-15226 17812196
-15225 17784414
-15224 17575402
-15223 17595910
-15222 17481812
-15221 17452247
-15220 17413472
-15219 17363310
-15218 17244373
-15217 17195493
-15216 17195884
-15215 17170112
-15214 17079987
-15213 17049192
-15212 17032616
-15211 16929628
-15210 16835955
-15209 16835846
-15208 16787774
-15207 16688160
-15206 16725362
-15205 16620836
-15204 16511379
-15203 16634833
-15202 16547721
-15201 16484459
-15200 16396846
-15199 16414545
-15198 16230119
-15197 16302933
-15196 16210664
-15195 16094590
-15194 16010817
-15193 15920600
-15192 15806245
-15191 15785970
-15190 15830271
-15189 15718821
-15188 15659287
-15187 15578174
-15186 15637807
-15185 15487812
-15184 15554407
-15183 15517516
-15182 15599482
-15181 15517624
-15180 15596378
-15179 15507495
-15178 15587115
-15177 15454646
-15176 15422166
-15175 15367895
-15174 15362078
-15173 15215940
-15172 15214441
-15171 15121718
-15170 15170965
-15169 15159221
-15168 15042340
-15167 15035001
-15166 15003995
-15165 14896828
-15164 15031026
-15163 14866587
-15162 14799936
-15161 14880207
-15160 14807056
-15159 14768971
-15158 14748622
-15157 14650252
-15156 14612185
-15155 14439871
-15154 14379770
-15153 14280881
-15152 14245768
-15151 14250503
-15150 14246323
-15149 14213874
-15148 14174970
-15147 14095102
-15146 14072022
-15145 14034471
-15144 14030361
-15143 13940364
-15142 13899184
-15141 13848620
-15140 13778758
-15139 13797068
-15138 13707220
-15137 13578161
-15136 13497447
-15135 13454534
-15134 13447087
-15133 13358694
-15132 13409955
-15131 13358641
-15130 13287029
-15129 13283443
-15128 13272343
-15127 13165237
-15126 13164811
-15125 13150256
-15124 13060262
-15123 13092115
-15122 13011367
-15121 12959429
-15120 12931017
-15119 12960332
-15118 12886904
-15117 12835989
-15116 12815511
-15115 12783460
-15114 12652055
-15113 12617016
-15112 12569079
-15111 12481316
-15110 12433392
-15109 12388751
-15108 12400271
-15107 12347668
-15106 12411108
-15105 12262548
-15104 12246207
-15103 12107783
-15102 12182432
-15101 12145137
-15100 12108910
-15099 11965779
-15098 11973612
-15097 12010648
-15096 11904273
-15095 11847739
-15094 11811728
-15093 11848908
-15092 11815433
-15091 11787878
-15090 11735521
-15089 11644086
-15088 11653830
-15087 11584717
-15086 11537676
-15085 11571121
-15084 11577740
-15083 11502786
-15082 11535345
-15081 11483974
-15080 11382422
-15079 11361869
-15078 11323215
-15077 11184912
-15076 11197765
-15075 11158063
-15074 11212391
-15073 11111110
-15072 11061695
-15071 10990916
-15070 10850455
-15069 10846216
-15068 10756823
-15067 10665362
-15066 10684650
-15065 10618921
-15064 10611009
-15063 10508354
-15062 10478198
-15061 10349470
-15060 10382006
-15059 10376086
-15058 10377495
-15057 10366741
-15056 10361272
-15055 10316843
-15054 10232549
-15053 10249738
-15052 10193973
-15051 10247569
-15050 10195407
-15049 10160305
-15048 10209127
-15047 10109994
-15046 10065159
-15045 10070234
-15044 10071103
-15043 10003254
-15042 9936809
-15041 9893792
-15040 9842057
-15039 9809253
-15038 9731331
-15037 9721960
-15036 9701566
-15035 9669307
-15034 9694893
-15033 9592721
-15032 9679483
-15031 9699248
-15030 9695296
-15029 9714807
-15028 9682227
-15027 9669665
-15026 9586460
-15025 9537651
-15024 9488415
-15023 9463799
-15022 9343310
-15021 9341862
-15020 9308288
-15019 9304950
-15018 9186440
-15017 9198534
-15016 9181686
-15015 9126075
-15014 9070412
-15013 9123682
-15012 9022171
-15011 9035067
-15010 8914960
-15009 8890550
-15008 8817177
-15007 8725378
-15006 8780764
-15005 8821893
-15004 8793839
-15003 8739242
-15002 8634727
-15001 8586877
-15000 8576172
-14999 8650951
-14998 8556713
-14997 8544019
-14996 8594975
-14995 8516980
-14994 8446658
-14993 8411124
-14992 8310477
-14991 8345845
-14990 8288930
-14989 8185266
-14988 8171119
-14987 8196567
-14986 8114478
-14985 8176444
-14984 8136454
-14983 8137890
-14982 8033129
-14981 8070439
-14980 8042974
-14979 8043073
-14978 8035585
-14977 8071318
-14976 8038056
-14975 7979449
-14974 7979368
-14973 7951376
-14972 7928762
-14971 7931739
-14970 7869837
-14969 7873058
-14968 7936140
-14967 7897461
-14966 7844458
-14965 7866661
-14964 7912921
-14963 7869532
-14962 7862784
-14961 7816384
-14960 7756988
-14959 7806621
-14958 7748002
-14957 7723848
-14956 7662837
-14955 7672486
-14954 7623037
-14953 7667107
-14952 7571506
-14951 7512821
-14950 7465288
-14949 7435932
-14948 7423851
-14947 7395112
-14946 7358347
-14945 7444831
-14944 7412408
-14943 7425461
-14942 7385684
-14941 7351451
-14940 7319067
-14939 7346908
-14938 7313731
-14937 7310660
-14936 7245735
-14935 7202741
-14934 7181326
-14933 7090291
-14932 7007028
-14931 7042331
-14930 7051163
-14929 7014412
-14928 7034739
-14927 6967171
-14926 6904463
-14925 6861402
-14924 6840042
-14923 6812874
-14922 6801241
-14921 6796468
-14920 6781934
-14919 6728347
-14918 6784329
-14917 6649265
-14916 6603787
-14915 6693233
-14914 6671308
-14913 6627156
-14912 6558718
-14911 6583753
-14910 6500303
-14909 6506140
-14908 6461343
-14907 6401736
-14906 6349144
-14905 6383163
-14904 6325863
-14903 6317143
-14902 6325594
-14901 6290581
-14900 6234846
-14899 6278646
-14898 6207170
-14897 6188818
-14896 6161232
-14895 6144968
-14894 6110073
-14893 6035041
-14892 6080179
-14891 6003858
-14890 6033815
-14889 6005985
-14888 5945799
-14887 5910404
-14886 5880391
-14885 5898708
-14884 5838640
-14883 5835386
-14882 5792429
-14881 5745835
-14880 5713493
-14879 5660466
-14878 5676699
-14877 5603408
-14876 5520722
-14875 5469525
-14874 5428835
-14873 5449752
-14872 5484335
-14871 5423209
-14870 5416922
-14869 5418419
-14868 5373989
-14867 5359725
-14866 5289947
-14865 5243978
-14864 5293091
-14863 5290538
-14862 5260950
-14861 5244651
-14860 5190659
-14859 5142368
-14858 5135037
-14857 5075055
-14856 5059249
-14855 5059881
-14854 4933759
-14853 4994008
-14852 4906339
-14851 4968097
-14850 4850456
-14849 4860890
-14848 4813204
-14847 4832910
-14846 4815196
-14845 4839885
-14844 4751827
-14843 4760464
-14842 4724790
-14841 4720765
-14840 4649822
-14839 4643240
-14838 4597370
-14837 4561050
-14836 4484070
-14835 4447232
-14834 4441053
-14833 4366400
-14832 4409561
-14831 4298159
-14830 4275809
-14829 4236063
-14828 4243532
-14827 4168676
-14826 4126364
-14825 4128045
-14824 4085869
-14823 4029703
-14822 4058423
-14821 4023488
-14820 3977426
-14819 3959360
-14818 3877987
-14817 3888741
-14816 3884728
-14815 3857909
-14814 3831024
-14813 3820589
-14812 3720187
-14811 3725742
-14810 3735334
-14809 3735903
-14808 3700308
-14807 3734078
-14806 3704765
-14805 3673112
-14804 3655054
-14803 3646490
-14802 3624444
-14801 3641538
-14800 3641747
-14799 3527430
-14798 3531696
-14797 3541706
-14796 3482285
-14795 3479028
-14794 3518675
-14793 3423254
-14792 3414014
-14791 3410468
-14790 3350969
-14789 3317887
-14788 3336530
-14787 3329995
-14786 3306630
-14785 3252232
-14784 3288296
-14783 3243723
-14782 3243761
-14781 3161537
-14780 3229801
-14779 3134820
-14778 3160332
-14777 3140961
-14776 3087333
-14775 3055051
-14774 3024586
-14773 2995244
-14772 2991868
-14771 2936657
-14770 2965626
-14769 2912588
-14768 2930446
-14767 2954733
-14766 2906062
-14765 2912262
-14764 2867046
-14763 2903825
-14762 2888205
-14761 2841916
-14760 2829440
-14759 2834912
-14758 2833623
-14757 2805725
-14756 2781352
-14755 2726693
-14754 2769122
-14753 2728955
-14752 2766906
-14751 2698025
-14750 2712943
-14749 2678826
-14748 2616694
-14747 2661066
-14746 2581969
-14745 2545002
-14744 2533638
-14743 2519692
-14742 2462752
-14741 2457985
-14740 2448400
-14739 2460386
-14738 2438906
-14737 2423905
-14736 2420566
-14735 2377708
-14734 2341118
-14733 2312984
-14732 2303206
-14731 2282579
-14730 2257634
-14729 2244396
-14728 2226762
-14727 2208515
-14726 2170650
-14725 2208085
-14724 2175256
-14723 2135673
-14722 2124483
-14721 2127364
-14720 2130991
-14719 2070592
-14718 2055105
-14717 2047002
-14716 2018299
-14715 2024802
-14714 2022652
-14713 2013106
-14712 1977491
-14711 1973866
-14710 1975211
-14709 1925509
-14708 1938673
-14707 1904582
-14706 1944794
-14705 1903255
-14704 1920170
-14703 1877995
-14702 1877779
-14701 1850965
-14700 1814479
-14699 1793505
-14698 1815028
-14697 1796306
-14696 1790343
-14695 1773635
-14694 1754512
-14693 1787179
-14692 1780854
-14691 1785689
-14690 1751347
-14689 1757973
-14688 1757046
-14687 1724195
-14686 1741182
-14685 1750842
-14684 1753415
-14683 1714386
-14682 1720155
-14681 1693036
-14680 1719101
-14679 1705605
-14678 1642124
-14677 1649652
-14676 1645647
-14675 1634888
-14674 1648146
-14673 1645682
-14672 1644173
-14671 1598446
-14670 1597825
-14669 1582837
-14668 1577925
-14667 1583853
-14666 1570324
-14665 1568746
-14664 1587409
-14663 1604779
-14662 1571879
-14661 1564198
-14660 1553042
-14659 1534287
-14658 1498779
-14657 1524551
-14656 1503013
-14655 1476256
-14654 1499739
-14653 1496165
-14652 1506676
-14651 1505313
-14650 1487605
-14649 1468771
-14648 1469655
-14647 1492555
-14646 1465589
-14645 1440717
-14644 1466441
-14643 1435421
-14642 1422877
-14641 1386197
-14640 1395562
-14639 1399360
-14638 1400401
-14637 1400033
-14636 1370198
-14635 1386225
-14634 1373505
-14633 1375715
-14632 1372757
-14631 1377123
-14630 1351393
-14629 1352393
-14628 1325310
-14627 1310510
-14626 1293550
-14625 1296581
-14624 1259352
-14623 1273936
-14622 1230620
-14621 1227666
-14620 1236867
-14619 1207923
-14618 1218070
-14617 1177088
-14616 1205149
-14615 1180648
-14614 1165393
-14613 1159830
-14612 1140748
-14611 1133926
-14610 1152142
-14609 1133891
-14608 1138628
-14607 1102455
-14606 1117135
-14605 1130768
-14604 1085708
-14603 1092994
-14602 1079631
-14601 1071752
-14600 1071368
-14599 1090341
-14598 1048453
-14597 1038808
-14596 1041259
-14595 1050865
-14594 994709
-14593 1023469
-14592 990773
-14591 1009209
-14590 998267
-14589 1000580
-14588 990448
-14587 981155
-14586 967851
-14585 971989
-14584 954811
-14583 966564
-14582 942718
-14581 918182
-14580 920974
-14579 899507
-14578 897831
-14577 903564
-14576 861914
-14575 874863
-14574 838776
-14573 868020
-14572 845475
-14571 844388
-14570 816162
-14569 828248
-14568 820916
-14567 851101
-14566 819259
-14565 809130
-14564 826153
-14563 806668
-14562 816478
-14561 791545
-14560 772356
-14559 798919
-14558 780992
-14557 776527
-14556 775767
-14555 745135
-14554 746007
-14553 758600
-14552 763705
-14551 751059
-14550 725948
-14549 721708
-14548 700266
-14547 704449
-14546 713138
-14545 709189
-14544 686285
-14543 686923
-14542 680088
-14541 697975
-14540 698331
-14539 705409
-14538 696257
-14537 694628
-14536 672611
-14535 687111
-14534 669473
-14533 665789
-14532 644607
-14531 653610
-14530 620237
-14529 631128
-14528 619269
-14527 633925
-14526 629079
-14525 638106
-14524 605009
-14523 618813
-14522 610329
-14521 614209
-14520 601804
-14519 603499
-14518 600198
-14517 595280
-14516 585048
-14515 582795
-14514 580665
-14513 591634
-14512 593751
-14511 577943
-14510 577691
-14509 573702
-14508 568969
-14507 558090
-14506 560300
-14505 563029
-14504 549864
-14503 571843
-14502 572643
-14501 552492
-14500 554720
-14499 553702
-14498 559206
-14497 547583
-14496 565234
-14495 539928
-14494 541630
-14493 537083
-14492 527891
-14491 524898
-14490 518952
-14489 510820
-14488 520530
-14487 507890
-14486 504947
-14485 488945
-14484 483515
-14483 489688
-14482 481975
-14481 470465
-14480 469998
-14479 456522
-14478 469335
-14477 455707
-14476 437281
-14475 433355
-14474 450943
-14473 471083
-14472 470155
-14471 464346
-14470 471936
-14469 462095
-14468 466484
-14467 449955
-14466 424120
-14465 425526
-14464 417533
-14463 414523
-14462 417408
-14461 393130
-14460 377618
-14459 401396
-14458 403761
-14457 389525
-14456 400750
-14455 379434
-14454 377168
-14453 372134
-14452 363779
-14451 352709
-14450 359719
-14449 346145
-14448 338483
-14447 345515
-14446 349529
-14445 353081
-14444 352753
-14443 332891
-14442 329133
-14441 324487
-14440 321551
-14439 315550
-14438 307532
-14437 301706
-14436 287965
-14435 293359
-14434 304971
-14433 287054
-14432 288852
-14431 285689
-14430 287722
-14429 281050
-14428 284505
-14427 276936
-14426 279389
-14425 278837
-14424 287495
-14423 277783
-14422 289605
-14421 271854
-14420 262654
-14419 261939
-14418 277826
-14417 267112
-14416 256784
-14415 263573
-14414 269236
-14413 241075
-14412 256464
-14411 244103
-14410 246100
-14409 246283
-14408 251585
-14407 250867
-14406 251994
-14405 248102
-14404 258437
-14403 246574
-14402 241802
-14401 243999
-14400 250228
-14399 239586
-14398 240594
-14397 232584
-14396 229943
-14395 224747
-14394 221393
-14393 216028
-14392 208702
-14391 203660
-14390 192522
-14389 200485
-14388 197799
-14387 212685
-14386 200839
-14385 191249
-14384 194920
-14383 183826
-14382 193660
-14381 196240
-14380 193361
-14379 193686
-14378 199046
-14377 196938
-14376 197521
-14375 199535
-14374 186530
-14373 183924
-14372 188223
-14371 177602
-14370 181427
-14369 181229
-14368 187679
-14367 174133
-14366 167220
-14365 160890
-14364 165044
-14363 166782
-14362 164570
-14361 166610
-14360 159674
-14359 166942
-14358 166573
-14357 162999
-14356 171033
-14355 163570
-14354 157270
-14353 150199
-14352 138232
-14351 140204
-14350 142443
-14349 136906
-14348 128714
-14347 129276
-14346 137865
-14345 137374
-14344 128813
-14343 123841
-14342 125954
-14341 132776
-14340 132015
-14339 123154
-14338 135357
-14337 128988
-14336 131890
-14335 133920
-14334 129175
-14333 129750
-14332 126722
-14331 133948
-14330 136542
-14329 130206
-14328 131903
-14327 132417
-14326 125927
-14325 129312
-14324 133275
-14323 138000
-14322 141506
-14321 133832
-14320 135555
-14319 132029
-14318 132123
-14317 138563
-14316 132241
-14315 134196
-14314 128214
-14313 126540
-14312 127310
-14311 121667
-14310 119601
-14309 119051
-14308 119200
-14307 118802
-14306 126456
-14305 121578
-14304 129125
-14303 134254
-14302 125127
-14301 119455
-14300 110255
-14299 118171
-14298 119629
-14297 107541
-14296 114937
-14295 111757
-14294 105826
-14293 105672
-14292 104571
-14291 103192
-14290 101692
-14289 99927
-14288 92484
-14287 98645
-14286 95735
-14285 85810
-14284 83843
-14283 75381
-14282 80291
-14281 78591
-14280 76579
-14279 79771
-14278 79426
-14277 81617
-14276 85284
-14275 77490
-14274 88318
-14273 85295
-14272 85730
-14271 76217
-14270 73713
-14269 70844
-14268 69042
-14267 66041
-14266 72204
-14265 64850
-14264 63155
-14263 60428
-14262 62371
-14261 63175
-14260 60680
-14259 62792
-14258 57839
-14257 55615
-14256 51165
-14255 54862
-14254 54048
-14253 47135
-14252 45238
-14251 44479
-14250 49535
-14249 45981
-14248 51160
-14247 45427
-14246 46749
-14245 46093
-14244 49967
-14243 50411
-14242 54092
-14241 51270
-14240 49883
-14239 49627
-14238 42279
-14237 46280
-14236 39351
-14235 45637
-14234 39062
-14233 39991
-14232 39107
-14231 37980
-14230 35247
-14229 35660
-14228 33727
-14227 32077
-14226 33084
-14225 29540
-14224 31376
-14223 26204
-14222 27868
-14221 26343
-14220 31485
-14219 24547
-14218 27758
-14217 25361
-14216 23838
-14215 22145
-14214 25119
-14213 27798
-14212 30105
-14211 31051
-14210 31955
-14209 28562
-14208 23208
-14207 29163
-14206 22966
-14205 22185
-14204 19265
-14203 21819
-14202 18217
-14201 14719
-14200 14782
-14199 11449
-14198 13382
-14197 12361
-14196 12452
-14195 9051
-14194 7325
-14193 7208
-14192 7250
-14191 7254
-14190 8301
-14189 6846
-14188 7406
-14187 6458
-14186 6254
-14185 6180
-14184 7795
-14183 8210
-14182 7130
-14181 8213
-14180 8544
-14179 7877
-14178 7823
-14177 8470
-14176 7985
-14175 6758
-14174 8108
-14173 7106
-14172 6991
-14171 6362
-14170 5537
-14169 5655
-14168 5472
-14167 5756
-14166 6650
-14165 7005
-14164 5361
-14163 5531
-14162 4420
-14161 5447
-14160 4567
-14159 4552
-14158 2659
-14157 5054
-14156 3287
-14155 2818
-14154 2760
-14153 2754
-14152 2087
-14151 2245
-14150 2070
-14149 1942
-14148 2076
-14147 1335
-14146 1094
-14145 1234
-14144 1099
-14143 1407
-14142 1438
-14141 1857
-14140 2199
-14139 1985
-14138 2019
-14137 2834
-14136 2739
-14135 2839
-14134 1974
-14133 1506
-14132 1195
-14131 1233
-14130 931
-14129 1134
-14128 788
-14127 1011
-14126 1107
-14125 754
-14124 2111
-14123 1501
-14122 1040
-14121 1185
-14120 678
-14119 764
-14118 835
-14117 649
-14116 1021
-14115 406
-14114 801
-14113 635
-14112 600
-14111 220
-14110 369
-14109 219
-14108 68
-14107 51
-14106 54
-14105 65
-14104 264
-14103 32
-14102 105
