N J h steps 
4000 0.84 0 38000000000
-3928 1266
-3922 1465
-3900 979
-3898 1235
-3896 7271
-3894 4457
-3892 3832
-3890 10078
-3888 11915
-3886 17609
-3884 15810
-3882 39390
-3880 32975
-3878 36733
-3876 41345
-3874 42308
-3872 60467
-3870 49979
-3868 92234
-3866 76774
-3864 89284
-3862 72855
-3860 127286
-3858 124370
-3856 124261
-3854 132991
-3852 133681
-3850 166435
-3848 185573
-3846 183003
-3844 221162
-3842 215352
-3840 271882
-3838 328700
-3836 270167
-3834 304075
-3832 308156
-3830 448694
-3828 501439
-3826 539432
-3824 538947
-3822 653854
-3820 577244
-3818 617807
-3816 706120
-3814 663868
-3812 689847
-3810 716585
-3808 655243
-3806 725830
-3804 848609
-3802 872533
-3800 894943
-3798 944359
-3796 1018085
-3794 1032280
-3792 1159175
-3790 1226566
-3788 1205202
-3786 1430123
-3784 1455368
-3782 1406409
-3780 1487839
-3778 1683107
-3776 1626900
-3774 1666596
-3772 1744883
-3770 1818056
-3768 1912052
-3766 2064344
-3764 2039479
-3762 2091172
-3760 2143051
-3758 2173416
-3756 2230860
-3754 2326007
-3752 2444760
-3750 2605911
-3748 2561599
-3746 2798052
-3744 2876004
-3742 2859473
-3740 2775314
-3738 2899879
-3736 3166660
-3734 3139738
-3732 3244872
-3730 3273665
-3728 3235020
-3726 3150382
-3724 3242076
-3722 3463769
-3720 3478501
-3718 3635944
-3716 3704303
-3714 3799333
-3712 3821683
-3710 3975013
-3708 3932602
-3706 4227074
-3704 4182056
-3702 4151232
-3700 4228876
-3698 4427262
-3696 4395825
-3694 4337354
-3692 4635524
-3690 4934789
-3688 4751459
-3686 5060450
-3684 4989012
-3682 5060535
-3680 5228984
-3678 5395697
-3676 5450360
-3674 5544542
-3672 5802908
-3670 5584995
-3668 6006324
-3666 6039993
-3664 6025782
-3662 6042593
-3660 6064879
-3658 6419680
-3656 6263705
-3654 6388119
-3652 6423572
-3650 6245435
-3648 6526834
-3646 6539259
-3644 6783287
-3642 6421832
-3640 6863272
-3638 7050501
-3636 7372221
-3634 7290634
-3632 7347093
-3630 7450086
-3628 7542675
-3626 7501167
-3624 7591680
-3622 7403213
-3620 7459211
-3618 7536530
-3616 7625313
-3614 7894316
-3612 8049867
-3610 8193268
-3608 8238396
-3606 8537738
-3604 8590223
-3602 8569934
-3600 8548804
-3598 8859430
-3596 8692785
-3594 8805016
-3592 8819446
-3590 9124181
-3588 9137825
-3586 9207279
-3584 9074569
-3582 9424739
-3580 9293717
-3578 9210583
-3576 9197661
-3574 9372440
-3572 9443337
-3570 9457850
-3568 9536557
-3566 9464735
-3564 9754135
-3562 9728073
-3560 9960703
-3558 9840067
-3556 9669021
-3554 9697853
-3552 9941241
-3550 9995434
-3548 10304150
-3546 10317823
-3544 10347057
-3542 10457069
-3540 10389281
-3538 10648413
-3536 10750242
-3534 10967128
-3532 10718511
-3530 10775151
-3528 10614842
-3526 10774627
-3524 10710430
-3522 10780511
-3520 10779276
-3518 10799049
-3516 11356230
-3514 11235647
-3512 11279603
-3510 11188247
-3508 11226247
-3506 11085219
-3504 11277768
-3502 11487242
-3500 11669504
-3498 11449506
-3496 11581079
-3494 11639331
-3492 11692281
-3490 11243613
-3488 11645315
-3486 11872392
-3484 11916310
-3482 12363860
-3480 12221289
-3478 12431003
-3476 12128308
-3474 12524259
-3472 12269116
-3470 12181851
-3468 12266422
-3466 12270201
-3464 12305438
-3462 12079688
-3460 12399664
-3458 12328580
-3456 12415907
-3454 12440790
-3452 12724330
-3450 12621834
-3448 12699168
-3446 12802010
-3444 12751146
-3442 12620338
-3440 13000600
-3438 12911886
-3436 13017572
-3434 12903324
-3432 12979126
-3430 13122237
-3428 12918242
-3426 13177331
-3424 13098885
-3422 13204888
-3420 12984136
-3418 13141978
-3416 13079427
-3414 13213560
-3412 13150732
-3410 13125205
-3408 13382169
-3406 13174032
-3404 13373581
-3402 13532907
-3400 13574627
-3398 13314996
-3396 13649522
-3394 13612241
-3392 13785124
-3390 13848240
-3388 13610345
-3386 13600859
-3384 13662747
-3382 13597413
-3380 13781632
-3378 13586767
-3376 13445327
-3374 13427026
-3372 13462302
-3370 13687106
-3368 13824892
-3366 13752623
-3364 14119441
-3362 14231279
-3360 13965632
-3358 13717642
-3356 14101336
-3354 14137071
-3352 14447067
-3350 14361015
-3348 14235790
-3346 14217277
-3344 14216150
-3342 14357386
-3340 14380975
-3338 14394502
-3336 14397816
-3334 14591281
-3332 14431387
-3330 14175617
-3328 14193237
-3326 14183840
-3324 14254682
-3322 14371928
-3320 14173101
-3318 14064420
-3316 13846975
-3314 14204223
-3312 14318807
-3310 14401246
-3308 14673336
-3306 14647317
-3304 14794153
-3302 14843596
-3300 14991934
-3298 14522017
-3296 14623673
-3294 14762103
-3292 14709175
-3290 14699679
-3288 14697885
-3286 14791140
-3284 14709027
-3282 14708408
-3280 14906851
-3278 14652470
-3276 14820690
-3274 14551121
-3272 14854827
-3270 14808004
-3268 14825648
-3266 14946863
-3264 15101804
-3262 14887548
-3260 14932204
-3258 14822959
-3256 15200963
-3254 15104367
-3252 15082536
-3250 14963530
-3248 14957658
-3246 14976680
-3244 15320044
-3242 15259462
-3240 14727831
-3238 14901003
-3236 14869843
-3234 14840308
-3232 14915449
-3230 15144603
-3228 14754564
-3226 14765884
-3224 14759742
-3222 14792811
-3220 14940270
-3218 15041682
-3216 15043012
-3214 15254883
-3212 15034906
-3210 15246143
-3208 15184061
-3206 15084340
-3204 14933811
-3202 14957580
-3200 15052070
-3198 14917269
-3196 14776745
-3194 15007579
-3192 14833903
-3190 14879959
-3188 14920262
-3186 14820190
-3184 15049652
-3182 14980745
-3180 14901511
-3178 14822167
-3176 14973743
-3174 14926600
-3172 15240070
-3170 15378644
-3168 14772267
-3166 14947898
-3164 14618341
-3162 14829136
-3160 14900731
-3158 14880072
-3156 14849299
-3154 15059302
-3152 14808613
-3150 15271541
-3148 14909322
-3146 14891126
-3144 14985789
-3142 14973500
-3140 15079817
-3138 15028654
-3136 14988379
-3134 15129145
-3132 15198425
-3130 14832746
-3128 14863936
-3126 15505626
-3124 15196556
-3122 14890872
-3120 14974041
-3118 14744387
-3116 14641194
-3114 14918689
-3112 15166656
-3110 14857142
-3108 14897417
-3106 14990198
-3104 15095018
-3102 14963735
-3100 14700214
-3098 14721433
-3096 15033769
-3094 14648024
-3092 14818561
-3090 14910326
-3088 14859508
-3086 15042870
-3084 15269123
-3082 15001245
-3080 14966332
-3078 14892498
-3076 14915120
-3074 14885805
-3072 14820341
-3070 14670203
-3068 14746273
-3066 14692117
-3064 14722341
-3062 14770724
-3060 14616646
-3058 14500385
-3056 14892419
-3054 14855056
-3052 14659467
-3050 15018556
-3048 14841038
-3046 14821302
-3044 14954217
-3042 14808094
-3040 14853897
-3038 14588523
-3036 14913055
-3034 14998302
-3032 15044046
-3030 15044006
-3028 14870481
-3026 14799941
-3024 14682258
-3022 14601879
-3020 14698595
-3018 14648423
-3016 14662102
-3014 14673424
-3012 14598310
-3010 14721246
-3008 14512086
-3006 14450181
-3004 14422813
-3002 14167336
-3000 14447619
-2998 14272927
-2996 14389668
-2994 14586941
-2992 14404431
-2990 14408083
-2988 14362348
-2986 14340033
-2984 14216522
-2982 14249930
-2980 14299874
-2978 14399821
-2976 14618006
-2974 14466287
-2972 14414129
-2970 14467159
-2968 14295676
-2966 14305965
-2964 14253444
-2962 14631031
-2960 14250293
-2958 14273996
-2956 14452640
-2954 14504866
-2952 14368483
-2950 14414579
-2948 14449385
-2946 14420968
-2944 14296468
-2942 14126913
-2940 14327526
-2938 14159985
-2936 14393064
-2934 14376575
-2932 14125668
-2930 14121278
-2928 14031004
-2926 14127989
-2924 14226420
-2922 14499003
-2920 14220579
-2918 14162890
-2916 14181809
-2914 14381847
-2912 14388480
-2910 14419411
-2908 14368553
-2906 14314953
-2904 14127645
-2902 14098077
-2900 14263280
-2898 14127470
-2896 13973402
-2894 13944665
-2892 14123655
-2890 14232275
-2888 13928979
-2886 13813883
-2884 13713688
-2882 13832259
-2880 13901704
-2878 14144128
-2876 14193208
-2874 14338597
-2872 14220331
-2870 14140528
-2868 14364495
-2866 14337359
-2864 14146839
-2862 14019879
-2860 13972550
-2858 14043553
-2856 13881196
-2854 13835870
-2852 13749262
-2850 13630010
-2848 13808880
-2846 13787662
-2844 13897148
-2842 13847101
-2840 13885363
-2838 13817099
-2836 13868599
-2834 14069139
-2832 13990113
-2830 14175189
-2828 13919568
-2826 13908764
-2824 13710637
-2822 13858377
-2820 13723856
-2818 13815486
-2816 13582909
-2814 13409329
-2812 13253838
-2810 13630898
-2808 13432819
-2806 13455795
-2804 13606098
-2802 13560258
-2800 13479198
-2798 13242531
-2796 13445180
-2794 13447992
-2792 13448725
-2790 13482212
-2788 13509748
-2786 13728727
-2784 13585503
-2782 13764975
-2780 13307477
-2778 13355670
-2776 13497068
-2774 13526631
-2772 13328656
-2770 13618623
-2768 13521436
-2766 13347203
-2764 13461492
-2762 13812027
-2760 13499827
-2758 13409710
-2756 13473381
-2754 13323726
-2752 13511325
-2750 13333167
-2748 13335728
-2746 13523192
-2744 13492752
-2742 13647037
-2740 13752733
-2738 13393908
-2736 13285447
-2734 13502019
-2732 13364662
-2730 13522685
-2728 13224923
-2726 13411735
-2724 13212616
-2722 13332753
-2720 13426663
-2718 13330542
-2716 13125445
-2714 13272818
-2712 13304475
-2710 13300755
-2708 12961380
-2706 13164694
-2704 13197691
-2702 13082166
-2700 12885229
-2698 13030960
-2696 12954812
-2694 13098026
-2692 12828965
-2690 12970811
-2688 13001059
-2686 12696541
-2684 12541168
-2682 12854502
-2680 12995081
-2678 12932347
-2676 12876888
-2674 12946179
-2672 12838968
-2670 12821879
-2668 12944417
-2666 12763376
-2664 12734399
-2662 12712258
-2660 12753293
-2658 12703905
-2656 12803995
-2654 12580295
-2652 12799643
-2650 12712091
-2648 12846949
-2646 12860580
-2644 12912572
-2642 12857061
-2640 12894571
-2638 12791120
-2636 12920199
-2634 12468617
-2632 12645961
-2630 13025869
-2628 12643262
-2626 12583482
-2624 12688755
-2622 12651456
-2620 12631877
-2618 12456202
-2616 12514629
-2614 12364380
-2612 12563172
-2610 12368409
-2608 12307404
-2606 12449318
-2604 12642688
-2602 12507288
-2600 12375551
-2598 12210520
-2596 12509766
-2594 12623230
-2592 12464722
-2590 12315099
-2588 12233149
-2586 12354411
-2584 12185519
-2582 12193974
-2580 12272184
-2578 12261957
-2576 12256412
-2574 12410341
-2572 12292435
-2570 12368664
-2568 12331862
-2566 12224644
-2564 12299333
-2562 12326455
-2560 12399921
-2558 12326921
-2556 12375144
-2554 12349474
-2552 12423678
-2550 12296470
-2548 12425979
-2546 12273630
-2544 12387541
-2542 12232390
-2540 12350014
-2538 12601852
-2536 12147769
-2534 12250222
-2532 12599759
-2530 12353852
-2528 12288756
-2526 12326324
-2524 12346602
-2522 12110772
-2520 11951367
-2518 12159841
-2516 12372500
-2514 12373076
-2512 12338957
-2510 12347908
-2508 12256948
-2506 12278324
-2504 12190000
-2502 12155105
-2500 12199584
-2498 11978504
-2496 12061397
-2494 12053166
-2492 12221302
-2490 12301782
-2488 12387778
-2486 12220259
-2484 12057850
-2482 11954381
-2480 12290264
-2478 12168838
-2476 12110818
-2474 12097588
-2472 12086842
-2470 11983879
-2468 12036456
-2466 12095348
-2464 11836051
-2462 11873605
-2460 12091745
-2458 11942431
-2456 11904784
-2454 11946920
-2452 11963248
-2450 11864210
-2448 12018943
-2446 11912054
-2444 11925733
-2442 11873371
-2440 11918131
-2438 12050561
-2436 11708532
-2434 11775966
-2432 11940528
-2430 11893930
-2428 11783185
-2426 11635554
-2424 11621239
-2422 11731687
-2420 11843183
-2418 11763057
-2416 12094173
-2414 11968512
-2412 11783869
-2410 11793495
-2408 11854017
-2406 11691187
-2404 11910092
-2402 11946814
-2400 12055272
-2398 12115765
-2396 11749158
-2394 11645577
-2392 11821811
-2390 11722852
-2388 11739373
-2386 11572226
-2384 11548501
-2382 11532569
-2380 11478665
-2378 11555291
-2376 11606391
-2374 11773516
-2372 11706232
-2370 11723381
-2368 11734030
-2366 11515610
-2364 11562643
-2362 11541678
-2360 11547342
-2358 11404159
-2356 11752663
-2354 11717203
-2352 11593685
-2350 11400541
-2348 11348640
-2346 11543867
-2344 11416144
-2342 11408628
-2340 11352529
-2338 11392694
-2336 11414514
-2334 11404611
-2332 11272857
-2330 11179392
-2328 11239630
-2326 11244153
-2324 11085695
-2322 11157025
-2320 11080192
-2318 11059590
-2316 11168969
-2314 11070990
-2312 11321843
-2310 11351420
-2308 11288719
-2306 11300027
-2304 11237932
-2302 11170066
-2300 11062586
-2298 11211247
-2296 11236025
-2294 11230143
-2292 11101945
-2290 11194587
-2288 11314614
-2286 11068233
-2284 10919548
-2282 11041322
-2280 11190278
-2278 11167462
-2276 11183076
-2274 11155286
-2272 11255560
-2270 11323134
-2268 11342213
-2266 11357504
-2264 11410638
-2262 11109911
-2260 11276379
-2258 10939868
-2256 11140147
-2254 10889192
-2252 11149280
-2250 11102073
-2248 11013880
-2246 11109464
-2244 11040940
-2242 11137026
-2240 11028622
-2238 11049557
-2236 10892756
-2234 11017680
-2232 11066340
-2230 10855998
-2228 11025826
-2226 11056597
-2224 11115926
-2222 11161375
-2220 11117457
-2218 11019802
-2216 11185211
-2214 11089831
-2212 11182627
-2210 11236023
-2208 11167013
-2206 11169990
-2204 11073001
-2202 11086645
-2200 10882862
-2198 11144035
-2196 11066638
-2194 11112853
-2192 11154478
-2190 11065890
-2188 11095366
-2186 10920714
-2184 10971875
-2182 10978811
-2180 11014938
-2178 10912841
-2176 10673809
-2174 10902387
-2172 10925177
-2170 10674004
-2168 10760352
-2166 10617818
-2164 10804811
-2162 10757674
-2160 10594036
-2158 10719071
-2156 10755458
-2154 10711076
-2152 10646497
-2150 10935260
-2148 10577296
-2146 10756609
-2144 10663571
-2142 10618327
-2140 10565576
-2138 10740287
-2136 10661709
-2134 10776330
-2132 10527276
-2130 10429888
-2128 10636099
-2126 10688138
-2124 10648308
-2122 10676196
-2120 10602848
-2118 10682719
-2116 10738069
-2114 10609561
-2112 10555570
-2110 10803351
-2108 10584559
-2106 10495368
-2104 10553208
-2102 10600418
-2100 10729825
-2098 10447430
-2096 10418813
-2094 10352823
-2092 10220279
-2090 10405942
-2088 10480686
-2086 10590388
-2084 10781495
-2082 10699406
-2080 10983753
-2078 10813418
-2076 10611052
-2074 10600614
-2072 10802274
-2070 10760452
-2068 10840081
-2066 10658581
-2064 10574549
-2062 10521916
-2060 10703568
-2058 10657354
-2056 10414323
-2054 10428560
-2052 10658897
-2050 10531093
-2048 10432537
-2046 10297635
-2044 10389012
-2042 10358816
-2040 10169328
-2038 10076608
-2036 10311681
-2034 10175078
-2032 10170996
-2030 10280522
-2028 10383161
-2026 10391867
-2024 10321122
-2022 10279412
-2020 10294324
-2018 10341580
-2016 10329429
-2014 10183033
-2012 10003895
-2010 10092956
-2008 10352826
-2006 10462400
-2004 10427278
-2002 10458015
-2000 10248229
-1998 10389739
-1996 10206919
-1994 10195412
-1992 10197561
-1990 10047156
-1988 10070292
-1986 10193013
-1984 10377033
-1982 10246697
-1980 10329274
-1978 10307640
-1976 10419386
-1974 10377462
-1972 10288773
-1970 10229724
-1968 10300601
-1966 9925812
-1964 10185226
-1962 10117308
-1960 10031061
-1958 10259881
-1956 10280654
-1954 10086073
-1952 10268832
-1950 10220228
-1948 10227768
-1946 10126127
-1944 10157593
-1942 10161935
-1940 10173070
-1938 10447014
-1936 10308975
-1934 10212210
-1932 10222056
-1930 10394778
-1928 10401676
-1926 10345282
-1924 10377576
-1922 10477615
-1920 10408720
-1918 10400317
-1916 10167306
-1914 10175232
-1912 10147714
-1910 10027147
-1908 10009765
-1906 9904344
-1904 9814702
-1902 9814607
-1900 9945829
-1898 9869703
-1896 9913231
-1894 9878418
-1892 9859448
-1890 9723518
-1888 9699892
-1886 9775315
-1884 9928750
-1882 9884239
-1880 9777318
-1878 9934903
-1876 9945010
-1874 9897628
-1872 9844118
-1870 9872637
-1868 9807154
-1866 9779173
-1864 9937747
-1862 9839353
-1860 9919346
-1858 9917830
-1856 9856472
-1854 9973114
-1852 9847785
-1850 9757884
-1848 9726675
-1846 9685984
-1844 9956624
-1842 9997965
-1840 9866302
-1838 9719194
-1836 9895456
-1834 9816728
-1832 9770705
-1830 9757407
-1828 9654294
-1826 9715144
-1824 9581992
-1822 9649720
-1820 9624846
-1818 9850586
-1816 9720997
-1814 9700875
-1812 9676917
-1810 9593717
-1808 9622629
-1806 9701343
-1804 9866721
-1802 9849374
-1800 9690470
-1798 9621979
-1796 9716338
-1794 9827766
-1792 9916556
-1790 9966967
-1788 9973955
-1786 9833311
-1784 9816678
-1782 9845065
-1780 9602222
-1778 9560219
-1776 9641551
-1774 9675041
-1772 9819737
-1770 9800167
-1768 9860322
-1766 9687344
-1764 9755300
-1762 9809370
-1760 9640151
-1758 9720883
-1756 9644558
-1754 9633762
-1752 9556939
-1750 9557364
-1748 9608097
-1746 9438588
-1744 9401746
-1742 9243901
-1740 9438503
-1738 9535190
-1736 9576136
-1734 9602567
-1732 9480251
-1730 9486214
-1728 9326319
-1726 9261503
-1724 9328794
-1722 9400391
-1720 9313376
-1718 9226566
-1716 9443206
-1714 9334045
-1712 9355598
-1710 9229394
-1708 9189263
-1706 9445690
-1704 9405034
-1702 9355618
-1700 9340638
-1698 9469719
-1696 9309340
-1694 9309673
-1692 9480645
-1690 9412015
-1688 9259949
-1686 9407638
-1684 9150130
-1682 9339614
-1680 9503832
-1678 9394202
-1676 9329316
-1674 9197053
-1672 9204405
-1670 9325321
-1668 9331488
-1666 9285591
-1664 9210220
-1662 9283131
-1660 9273382
-1658 9301180
-1656 9325143
-1654 9127690
-1652 9152329
-1650 9089596
-1648 9359304
-1646 9250954
-1644 9244698
-1642 9134673
-1640 9012983
-1638 8951867
-1636 9090236
-1634 9113099
-1632 9205102
-1630 9293991
-1628 9290721
-1626 9202872
-1624 9251291
-1622 9294080
-1620 9254697
-1618 9326204
-1616 9173524
-1614 9254910
-1612 9208597
-1610 9108332
-1608 9121924
-1606 8987535
-1604 8970643
-1602 9060934
-1600 8979757
-1598 8980378
-1596 9029664
-1594 9125353
-1592 8992517
-1590 9016303
-1588 9014729
-1586 9176708
-1584 9176132
-1582 9123579
-1580 9147145
-1578 9179928
-1576 9186991
-1574 9105420
-1572 9073084
-1570 9184207
-1568 9222561
-1566 9087890
-1564 9292168
-1562 9351306
-1560 9361871
-1558 9048552
-1556 9191078
-1554 9164740
-1552 9140795
-1550 9150606
-1548 9244870
-1546 9161773
-1544 9126743
-1542 9174577
-1540 9029695
-1538 8977634
-1536 8984094
-1534 9042531
-1532 8993441
-1530 8908357
-1528 8782399
-1526 8762376
-1524 8883507
-1522 8844185
-1520 8840149
-1518 8804996
-1516 8968767
-1514 9000531
-1512 8971204
-1510 8967300
-1508 8897764
-1506 9004398
-1504 8985305
-1502 8988715
-1500 8892145
-1498 8908160
-1496 8800208
-1494 9001290
-1492 9122725
-1490 8960878
-1488 9018297
-1486 8965736
-1484 8880750
-1482 8826467
-1480 8867021
-1478 8991316
-1476 8974105
-1474 8956546
-1472 8997349
-1470 8955810
-1468 8787188
-1466 8728897
-1464 8826282
-1462 8785879
-1460 8801106
-1458 8684634
-1456 8720826
-1454 8895922
-1452 8797657
-1450 8769651
-1448 8960875
-1446 8595806
-1444 8599603
-1442 8571089
-1440 8613940
-1438 8636594
-1436 8534610
-1434 8681423
-1432 8593715
-1430 8468661
-1428 8562662
-1426 8618942
-1424 8593148
-1422 8658433
-1420 8677229
-1418 8701665
-1416 8841947
-1414 8601278
-1412 8744260
-1410 8615530
-1408 8666704
-1406 8564265
-1404 8681305
-1402 8607105
-1400 8733261
-1398 8729045
-1396 8800350
-1394 8663656
-1392 8677225
-1390 8673897
-1388 8415201
-1386 8510781
-1384 8514198
-1382 8433884
-1380 8444030
-1378 8410587
-1376 8433122
-1374 8486849
-1372 8500839
-1370 8588684
-1368 8641179
-1366 8498564
-1364 8617127
-1362 8696937
-1360 8719504
-1358 8724766
-1356 8736640
-1354 8644846
-1352 8536578
-1350 8467933
-1348 8504161
-1346 8643408
-1344 8362380
-1342 8454648
-1340 8595733
-1338 8571226
-1336 8599448
-1334 8622339
-1332 8481042
-1330 8582004
-1328 8420971
-1326 8474593
-1324 8601641
-1322 8426802
-1320 8500242
-1318 8340469
-1316 8290716
-1314 8345499
-1312 8387964
-1310 8503333
-1308 8414125
-1306 8367409
-1304 8370298
-1302 8387504
-1300 8379923
-1298 8419522
-1296 8380700
-1294 8335735
-1292 8287222
-1290 8205216
-1288 8251249
-1286 8181365
-1284 8205171
-1282 8262515
-1280 8453057
-1278 8406604
-1276 8361869
-1274 8325436
-1272 8305101
-1270 8209332
-1268 8347195
-1266 8215150
-1264 8272999
-1262 8121434
-1260 8173144
-1258 8463798
-1256 8364528
-1254 8266412
-1252 7941027
-1250 8204629
-1248 7976729
-1246 7960351
-1244 8001903
-1242 8030829
-1240 8179071
-1238 8067136
-1236 8099179
-1234 8238920
-1232 7962327
-1230 8091568
-1228 7987789
-1226 7981420
-1224 8076521
-1222 8039557
-1220 8116551
-1218 8100574
-1216 8124051
-1214 8165254
-1212 8066645
-1210 8106629
-1208 8221932
-1206 8286769
-1204 8201769
-1202 8229139
-1200 8100852
-1198 8027966
-1196 8040252
-1194 8158999
-1192 8120076
-1190 8189550
-1188 8170671
-1186 8194365
-1184 8142102
-1182 8384936
-1180 8404571
-1178 8406238
-1176 8286240
-1174 8186340
-1172 8314802
-1170 8340212
-1168 8263076
-1166 8292148
-1164 8197029
-1162 8142235
-1160 8260806
-1158 8178616
-1156 8164055
-1154 8124919
-1152 8235834
-1150 8196778
-1148 8278919
-1146 8126395
-1144 8232818
-1142 8273800
-1140 8212761
-1138 7998481
-1136 8128628
-1134 8096846
-1132 8133791
-1130 8076260
-1128 8007707
-1126 8106966
-1124 8177568
-1122 7991829
-1120 7885245
-1118 7915616
-1116 8029258
-1114 8012776
-1112 8181364
-1110 8215129
-1108 8213403
-1106 8264287
-1104 8190371
-1102 8183657
-1100 8114805
-1098 8078493
-1096 8022089
-1094 8031194
-1092 7970104
-1090 7991204
-1088 8043491
-1086 8059702
-1084 8173284
-1082 8047517
-1080 8021271
-1078 8249756
-1076 8032366
-1074 8114421
-1072 7974186
-1070 7963382
-1068 8116392
-1066 8073999
-1064 7990386
-1062 7973796
-1060 7895314
-1058 7918559
-1056 8001125
-1054 7789649
-1052 7960727
-1050 7775401
-1048 7851910
-1046 7831836
-1044 7907417
-1042 7765769
-1040 8050547
-1038 7893550
-1036 7808900
-1034 7913407
-1032 8128552
-1030 8101235
-1028 7891910
-1026 7823786
-1024 7866954
-1022 7977305
-1020 7932967
-1018 7966676
-1016 8001101
-1014 7916766
-1012 7731785
-1010 7780926
-1008 7771827
-1006 7713955
-1004 7736518
-1002 7769987
-1000 7820592
-998 7928553
-996 7915083
-994 7698448
-992 7750247
-990 7827581
-988 7856594
-986 7904363
-984 7843161
-982 7805824
-980 7732190
-978 7681735
-976 7699613
-974 7703969
-972 7707436
-970 7737445
-968 7784906
-966 7823701
-964 7819774
-962 7814349
-960 7766818
-958 7792791
-956 7778893
-954 7868872
-952 7824262
-950 7926246
-948 7879193
-946 7884253
-944 7857710
-942 7921856
-940 7882269
-938 7880852
-936 7747683
-934 7860424
-932 7913987
-930 7816685
-928 7665924
-926 7737374
-924 7732245
-922 7584607
-920 7742240
-918 7769951
-916 7777108
-914 7781726
-912 7782076
-910 7838300
-908 7914005
-906 7856106
-904 7801397
-902 7747439
-900 7746523
-898 7802712
-896 7818667
-894 7884554
-892 7715317
-890 7688408
-888 7824342
-886 7890994
-884 7750749
-882 7942710
-880 7753409
-878 7645127
-876 7811667
-874 7785685
-872 7729037
-870 7644184
-868 7540637
-866 7620293
-864 7530405
-862 7730576
-860 7569930
-858 7522146
-856 7544160
-854 7568994
-852 7655484
-850 7563942
-848 7579288
-846 7718605
-844 7889248
-842 7777118
-840 7706044
-838 7707130
-836 7898502
-834 7904831
-832 7870099
-830 7885243
-828 7813240
-826 7761581
-824 7710930
-822 7639183
-820 7655152
-818 7749890
-816 7914852
-814 7925383
-812 7771547
-810 7682762
-808 7743950
-806 7654535
-804 7629478
-802 7592292
-800 7614296
-798 7643977
-796 7509649
-794 7552815
-792 7567975
-790 7446704
-788 7537656
-786 7404898
-784 7343782
-782 7542657
-780 7544137
-778 7438905
-776 7470658
-774 7436595
-772 7488561
-770 7365293
-768 7447847
-766 7609497
-764 7488106
-762 7465568
-760 7452303
-758 7372181
-756 7604516
-754 7558023
-752 7725166
-750 7604462
-748 7518564
-746 7587895
-744 7463584
-742 7548180
-740 7459341
-738 7500111
-736 7545044
-734 7601677
-732 7593522
-730 7634928
-728 7532420
-726 7454198
-724 7558480
-722 7616861
-720 7396202
-718 7483281
-716 7340744
-714 7187752
-712 7364777
-710 7390724
-708 7351958
-706 7356433
-704 7367543
-702 7412461
-700 7455259
-698 7476272
-696 7431775
-694 7430978
-692 7424402
-690 7343116
-688 7489443
-686 7531261
-684 7479297
-682 7479028
-680 7452441
-678 7378982
-676 7281521
-674 7310362
-672 7262303
-670 7263103
-668 7200609
-666 7219033
-664 7311598
-662 7326800
-660 7369456
-658 7424387
-656 7350345
-654 7705027
-652 7425078
-650 7570856
-648 7303398
-646 7257080
-644 7271552
-642 7262142
-640 7231286
-638 7372602
-636 7393002
-634 7327925
-632 7411181
-630 7466288
-628 7403245
-626 7445819
-624 7363137
-622 7420749
-620 7332437
-618 7413670
-616 7431281
-614 7522296
-612 7525161
-610 7531530
-608 7458195
-606 7317657
-604 7514992
-602 7357304
-600 7402420
-598 7397338
-596 7356560
-594 7366801
-592 7569718
-590 7379308
-588 7313672
-586 7586855
-584 7502844
-582 7357096
-580 7337511
-578 7284953
-576 7309792
-574 7175984
-572 7363099
-570 7279790
-568 7339721
-566 7248307
-564 7372789
-562 7341754
-560 7289937
-558 7285093
-556 7503646
-554 7448967
-552 7332501
-550 7304707
-548 7297884
-546 7273903
-544 7433053
-542 7317139
-540 7161791
-538 7242071
-536 7283897
-534 7242735
-532 7210039
-530 7265693
-528 7216480
-526 7136883
-524 7167537
-522 7335053
-520 7219360
-518 7226613
-516 7268050
-514 7453379
-512 7391115
-510 7458236
-508 7481753
-506 7414680
-504 7427043
-502 7443881
-500 7354139
-498 7432832
-496 7307403
-494 7394933
-492 7316483
-490 7209783
-488 7284279
-486 7327899
-484 7404775
-482 7235618
-480 7400920
-478 7244729
-476 7241157
-474 7392639
-472 7378730
-470 7284632
-468 7380694
-466 7321902
-464 7144859
-462 7203407
-460 7115059
-458 7260852
-456 7227201
-454 7327515
-452 7489114
-450 7483359
-448 7374213
-446 7352059
-444 7187605
-442 7158871
-440 7182653
-438 7173082
-436 7144747
-434 7068270
-432 7207873
-430 7152293
-428 7193898
-426 7061715
-424 7163971
-422 7398359
-420 7399147
-418 7382669
-416 7506322
-414 7388415
-412 7280308
-410 7405505
-408 7253504
-406 7169111
-404 7122373
-402 7211880
-400 7383449
-398 7476895
-396 7331423
-394 7329860
-392 7289706
-390 7190140
-388 7082666
-386 7167781
-384 7382281
-382 7405240
-380 7344708
-378 7238511
-376 7133602
-374 7362352
-372 7197190
-370 7069949
-368 7055033
-366 6945976
-364 6972137
-362 7075492
-360 7024596
-358 7189918
-356 7175376
-354 7024962
-352 7193668
-350 7132871
-348 6929174
-346 6975847
-344 7017571
-342 7084861
-340 7216939
-338 7307720
-336 7276836
-334 7155106
-332 7241130
-330 7186245
-328 7239684
-326 7083854
-324 7154850
-322 7192270
-320 7317563
-318 7244198
-316 7231547
-314 7144304
-312 7066829
-310 7039852
-308 7007512
-306 7077873
-304 7149408
-302 7301782
-300 7284255
-298 7279672
-296 7337747
-294 7248820
-292 7394127
-290 7230353
-288 7259795
-286 7246572
-284 7211146
-282 7336948
-280 7322453
-278 7413714
-276 7483013
-274 7365861
-272 7338622
-270 7369716
-268 7278154
-266 7246671
-264 7267009
-262 7233766
-260 7376104
-258 7405460
-256 7276200
-254 7223224
-252 7070851
-250 7211103
-248 7070554
-246 7313736
-244 7066906
-242 7233680
-240 7253377
-238 7107952
-236 7132403
-234 7163853
-232 7184481
-230 7140693
-228 7067817
-226 6966660
-224 7176770
-222 7291623
-220 7190322
-218 7302141
-216 7250498
-214 7279687
-212 7262042
-210 7108401
-208 6982223
-206 7162948
-204 7206105
-202 7079847
-200 7144536
-198 7144916
-196 7255591
-194 7147602
-192 7119008
-190 7118015
-188 7105297
-186 7218956
-184 7077660
-182 7117910
-180 7106389
-178 7022253
-176 7101541
-174 7184968
-172 7140892
-170 7224816
-168 7210764
-166 7202750
-164 7193085
-162 7192798
-160 7222331
-158 7084261
-156 7042321
-154 6812431
-152 6916151
-150 6958064
-148 6983770
-146 7087746
-144 7138553
-142 7168904
-140 7022920
-138 7009838
-136 7105788
-134 6972584
-132 6927673
-130 7101995
-128 7066752
-126 7080180
-124 6930021
-122 7092535
-120 7091451
-118 7144886
-116 7037619
-114 7117482
-112 7129732
-110 7056651
-108 7084378
-106 7044798
-104 7020080
-102 7164026
-100 7049887
-98 7025211
-96 7049232
-94 6982110
-92 6971997
-90 7006463
-88 6987195
-86 7130144
-84 7138489
-82 6930042
-80 7064263
-78 7018649
-76 6934101
-74 7075951
-72 7115112
-70 6991651
-68 7003676
-66 7039864
-64 7097372
-62 7166075
-60 7148272
-58 7111527
-56 7255921
-54 6928387
-52 6994174
-50 7046890
-48 7073679
-46 7023458
-44 6936077
-42 7036859
-40 7037874
-38 7099629
-36 7147294
-34 7086803
-32 7180810
-30 7142224
-28 7092600
-26 7086665
-24 7000982
-22 7013426
-20 6864858
-18 6920664
-16 7081167
-14 7074346
-12 7081553
-10 7254041
-8 7172937
-6 7206700
-4 7124223
-2 7216474
0 7100310
2 7125388
4 7148803
6 7066533
8 7333851
10 7163866
12 7268771
14 7457263
16 7179474
18 7157231
20 7142184
22 7074271
24 7042704
26 7101556
28 7122462
30 6970887
32 6996348
34 7092545
36 7046526
38 6872415
40 6944642
42 7177579
44 7101502
46 7172166
48 7131245
50 7101189
52 7194446
54 7168335
56 7098052
58 7176441
60 7188782
62 7197299
64 7285501
66 7307471
68 7202019
70 7289208
72 7219371
74 7230026
76 7220952
78 7121124
80 7139003
82 7079896
84 7117010
86 6999132
88 7018216
90 6883478
92 7041376
94 7116278
96 7139919
98 7224184
100 7039573
102 7074215
104 7146708
106 7211959
108 7015439
110 7135156
112 7071062
114 7132693
116 7071472
118 7079422
120 7099632
122 7048152
124 6964067
126 7009656
128 7169941
130 7081397
132 7087268
134 7050453
136 7202755
138 7050511
140 7042539
142 7002468
144 7017293
146 6971244
148 6927538
150 7069096
152 7090057
154 7091416
156 7197655
158 7059646
160 6969720
162 6958960
164 6921730
166 6853204
168 7100702
170 7178304
172 7150837
174 7091297
176 7105737
178 7303232
180 7085424
182 7316261
184 7161512
186 7230114
188 7114161
190 7159447
192 7163380
194 7026876
196 7134925
198 7050026
200 7173444
202 7010001
204 7143697
206 7058785
208 7225882
210 7087287
212 7157618
214 7126409
216 7269635
218 7329668
220 7052747
222 6937889
224 6912231
226 7004237
228 6994954
230 6842952
232 6875737
234 7027223
236 7048133
238 7050033
240 7025370
242 7082383
244 7069567
246 7145615
248 6957563
250 6987164
252 7007256
254 6935194
256 7020357
258 7225914
260 7086629
262 7045309
264 6939304
266 7077894
268 7050890
270 7069886
272 6973417
274 6849231
276 6985845
278 7047619
280 6835509
282 6930513
284 6785993
286 6832757
288 6815619
290 6839319
292 6892286
294 6968799
296 7010731
298 7122309
300 7004141
302 7046750
304 7056857
306 6883472
308 7088982
310 7186128
312 7156950
314 7122144
316 7217867
318 7134536
320 7035516
322 7261991
324 7152702
326 7245752
328 7166403
330 7070517
332 7098411
334 7146490
336 7060745
338 7132477
340 7036254
342 7086280
344 7103673
346 7052117
348 7061685
350 7087169
352 6900895
354 6979714
356 6880868
358 6880856
360 6854044
362 6979051
364 7048600
366 7106954
368 7084501
370 7165195
372 7147904
374 7109788
376 7024849
378 6940384
380 7200285
382 7120813
384 7186016
386 7251037
388 7244690
390 7177939
392 7078530
394 7264512
396 7262873
398 7157394
400 7178270
402 7166438
404 7158132
406 7135552
408 7004660
410 7054988
412 7092363
414 7151057
416 7144833
418 7271079
420 7260141
422 7289209
424 7335498
426 7132809
428 7224524
430 7340888
432 7092936
434 7082587
436 7150860
438 7079201
440 7169784
442 7170301
444 7179773
446 7070941
448 7125967
450 7064508
452 7271070
454 7217014
456 7199738
458 7175028
460 7162911
462 7026437
464 7091446
466 7089829
468 7063461
470 7175431
472 7150573
474 7085943
476 7035749
478 7165139
480 7272364
482 7182410
484 7092441
486 7134807
488 7114055
490 7262570
492 7122795
494 7104436
496 7096470
498 7088717
500 7205688
502 7185101
504 7248734
506 7229971
508 7144810
510 7082738
512 7227686
514 7172085
516 7431255
518 7334174
520 7238962
522 7277204
524 7279484
526 7379318
528 7198417
530 7359237
532 7176091
534 7383334
536 7351306
538 7279388
540 7234410
542 7376352
544 7334429
546 7441085
548 7373428
550 7327213
552 7353034
554 7453771
556 7381989
558 7156678
560 7154754
562 7219421
564 7161236
566 7274881
568 7242476
570 7313417
572 7366883
574 7399478
576 7356955
578 7435991
580 7525290
582 7500769
584 7283304
586 7414076
588 7328460
590 7220320
592 7273684
594 7228449
596 7347839
598 7286187
600 7273137
602 7235502
604 7288782
606 7420722
608 7240100
610 7192121
612 7177033
614 7111463
616 7065881
618 7170397
620 7089931
622 7149331
624 7011793
626 7145018
628 7061533
630 7191451
632 7182839
634 7144266
636 7143576
638 7149218
640 7100387
642 7145901
644 7167962
646 7373929
648 7266262
650 7153991
652 7146579
654 7138985
656 7182347
658 7102276
660 7120847
662 7052465
664 7087950
666 7075520
668 7198172
670 7193070
672 7273070
674 7398163
676 7473097
678 7402350
680 7454835
682 7323897
684 7433820
686 7411335
688 7492763
690 7397344
692 7376689
694 7340106
696 7282001
698 7284070
700 7261574
702 7527325
704 7272391
706 7369627
708 7203993
710 7352709
712 7408620
714 7554914
716 7412634
718 7504882
720 7510048
722 7448903
724 7346522
726 7402678
728 7486801
730 7439496
732 7431819
734 7429228
736 7620928
738 7666124
740 7532067
742 7545063
744 7485646
746 7389889
748 7484169
750 7398065
752 7435640
754 7542408
756 7363649
758 7455023
760 7432212
762 7401094
764 7356399
766 7400789
768 7327823
770 7550124
772 7736192
774 7626858
776 7643980
778 7669365
780 7648287
782 7639997
784 7652557
786 7678822
788 7712549
790 7606404
792 7421195
794 7355584
796 7476183
798 7516113
800 7572714
802 7561679
804 7324469
806 7480599
808 7465519
810 7470571
812 7342164
814 7422810
816 7315518
818 7411499
820 7492080
822 7505983
824 7421737
826 7296022
828 7548190
830 7428368
832 7609792
834 7625184
836 7594081
838 7663705
840 7602539
842 7671301
844 7583169
846 7723504
848 7568911
850 7720337
852 7618103
854 7626504
856 7611692
858 7686713
860 7614153
862 7707183
864 7787339
866 7698826
868 7628309
870 7832528
872 7759247
874 7820191
876 7751338
878 7624911
880 7607031
882 7733457
884 7731616
886 7731038
888 7762894
890 7659014
892 7625509
894 7715043
896 7644182
898 7714197
900 7640272
902 7800487
904 7785931
906 7781042
908 7743537
910 7678905
912 7753895
914 7751628
916 7856655
918 7888567
920 7826283
922 7779684
924 7758637
926 7744839
928 7771076
930 7905021
932 7947639
934 7849238
936 7829345
938 7738985
940 7769643
942 7897103
944 7657381
946 7714999
948 7800108
950 7651358
952 7720837
954 7828305
956 7741913
958 7840296
960 8001971
962 7955823
964 7842515
966 7899907
968 7903812
970 7907686
972 8014138
974 8097069
976 7947085
978 7825616
980 7912875
982 7869791
984 7893734
986 7871885
988 7786577
990 7994744
992 8195581
994 8009104
996 7776708
998 7829778
1000 7778852
1002 7857468
1004 7860520
1006 7971186
1008 7842367
1010 7963572
1012 7941682
1014 7879973
1016 8071888
1018 7949762
1020 7810792
1022 7988164
1024 8197055
1026 8075937
1028 8042231
1030 8034103
1032 8060274
1034 8026393
1036 7918503
1038 8050268
1040 8081789
1042 8224349
1044 8280717
1046 8170796
1048 8198720
1050 8178915
1052 8334476
1054 8175549
1056 8044179
1058 7804719
1060 7865785
1062 7945194
1064 7662391
1066 7817952
1068 7977309
1070 7951756
1072 7927219
1074 8001614
1076 7842608
1078 7952727
1080 7932980
1082 8038447
1084 7893226
1086 8003765
1088 8040098
1090 8159030
1092 7960766
1094 8068485
1096 7944569
1098 7849985
1100 7997891
1102 8093248
1104 7934819
1106 8015671
1108 7922435
1110 8044455
1112 8012086
1114 8210537
1116 8005509
1118 8051406
1120 8027054
1122 8095587
1124 8070800
1126 8073596
1128 7948822
1130 8117891
1132 8039712
1134 7994778
1136 8107243
1138 8095471
1140 8128453
1142 8101193
1144 8116204
1146 8137341
1148 8127998
1150 8301186
1152 8200202
1154 8209173
1156 8201509
1158 8240440
1160 8097427
1162 8082718
1164 8239359
1166 8264857
1168 8065365
1170 8085211
1172 8222680
1174 8203539
1176 8349987
1178 8366037
1180 8310495
1182 8305818
1184 8137191
1186 8235447
1188 8183044
1190 8094872
1192 8101887
1194 8122983
1196 8018314
1198 8122912
1200 8393924
1202 8252505
1204 8348395
1206 8321578
1208 8187097
1210 8318569
1212 8294480
1214 8242980
1216 8310089
1218 8177939
1220 8183025
1222 8010360
1224 8139077
1226 8260850
1228 8271941
1230 8268959
1232 8179833
1234 8167365
1236 8375216
1238 8370784
1240 8486130
1242 8563334
1244 8652192
1246 8454656
1248 8482374
1250 8521999
1252 8618569
1254 8562388
1256 8663721
1258 8571655
1260 8569386
1262 8605338
1264 8494258
1266 8455004
1268 8551225
1270 8473985
1272 8438064
1274 8472963
1276 8332477
1278 8428728
1280 8407921
1282 8459907
1284 8276439
1286 8347806
1288 8483268
1290 8285081
1292 8416768
1294 8394076
1296 8363949
1298 8564032
1300 8492896
1302 8584332
1304 8692626
1306 8689746
1308 8525413
1310 8389526
1312 8397840
1314 8455559
1316 8683185
1318 8719569
1320 8603930
1322 8649050
1324 8825017
1326 8727488
1328 8752827
1330 8705959
1332 8733608
1334 8705800
1336 8546745
1338 8733839
1340 8740627
1342 8704116
1344 8656896
1346 8652135
1348 8664800
1350 8713951
1352 8698546
1354 8759932
1356 8701021
1358 8603350
1360 8623487
1362 8624396
1364 8836534
1366 8765547
1368 8722486
1370 8669829
1372 8737538
1374 8826954
1376 8739231
1378 8669690
1380 8598082
1382 8601265
1384 8645110
1386 8653865
1388 8564755
1390 8526001
1392 8615534
1394 8567111
1396 8626642
1398 8661873
1400 8723978
1402 8716476
1404 8616499
1406 8728999
1408 8651114
1410 8499667
1412 8660620
1414 8656847
1416 8641779
1418 8505682
1420 8565222
1422 8690247
1424 8650306
1426 8687555
1428 8477965
1430 8511431
1432 8561301
1434 8740002
1436 8593629
1438 8591646
1440 8559199
1442 8703518
1444 8959530
1446 8900655
1448 8939461
1450 8966775
1452 8978985
1454 8885645
1456 8855191
1458 8821961
1460 9131077
1462 9158043
1464 9064825
1466 8968552
1468 8985439
1470 9102296
1472 9149627
1474 8838971
1476 8964130
1478 9050434
1480 8899498
1482 8990698
1484 9039781
1486 8945820
1488 8818975
1490 8837990
1492 8631529
1494 8677179
1496 8720229
1498 8888825
1500 8756267
1502 8801054
1504 8805662
1506 8969692
1508 9171760
1510 9009009
1512 9162373
1514 9209529
1516 9104237
1518 9007302
1520 9039344
1522 9016056
1524 8967894
1526 9041720
1528 9104847
1530 9026085
1532 8914715
1534 8901196
1536 9074976
1538 8980423
1540 8975205
1542 9097699
1544 9101718
1546 8960214
1548 8972329
1550 8932636
1552 8992011
1554 9056659
1556 8993443
1558 9048135
1560 9164477
1562 9024771
1564 9095225
1566 8931249
1568 9114601
1570 9068407
1572 8993467
1574 8991481
1576 9010521
1578 8838124
1580 9086245
1582 9073338
1584 9158046
1586 9339736
1588 9303567
1590 9476587
1592 9239643
1594 9147857
1596 9054337
1598 9082641
1600 9115819
1602 9098467
1604 9030578
1606 9118129
1608 9177191
1610 9444199
1612 9303415
1614 9254773
1616 9167435
1618 9232533
1620 9242758
1622 9385531
1624 9268060
1626 9261111
1628 9208819
1630 9212478
1632 9047959
1634 9176812
1636 9102591
1638 9277753
1640 9331081
1642 9279685
1644 9235998
1646 9238117
1648 9183514
1650 9090903
1652 9164526
1654 9360007
1656 9116021
1658 9087736
1660 9036239
1662 9277969
1664 9103918
1666 9361274
1668 9262485
1670 9229387
1672 9318546
1674 9431688
1676 9408071
1678 9461514
1680 9348146
1682 9529347
1684 9363717
1686 9322074
1688 9256642
1690 9137349
1692 9226627
1694 9221972
1696 9283567
1698 9218322
1700 9287485
1702 9295690
1704 9193259
1706 9203823
1708 9251397
1710 9244570
1712 9511335
1714 9464290
1716 9604995
1718 9604764
1720 9480890
1722 9398665
1724 9538518
1726 9400203
1728 9473116
1730 9739606
1732 9566876
1734 9481968
1736 9555537
1738 9453245
1740 9455518
1742 9355413
1744 9690742
1746 9775885
1748 9650311
1750 9826227
1752 9732525
1754 9671108
1756 9725363
1758 9607321
1760 9543334
1762 9615602
1764 9667471
1766 9568957
1768 9613701
1770 9854056
1772 9860536
1774 9814774
1776 9586570
1778 9521145
1780 9484695
1782 9552478
1784 9735500
1786 9842685
1788 9701068
1790 9636861
1792 9793275
1794 9718115
1796 9887422
1798 9843922
1800 9791019
1802 9844462
1804 9594877
1806 9757879
1808 9668697
1810 9583060
1812 9602171
1814 9746486
1816 9548458
1818 9614573
1820 9490812
1822 9593330
1824 9404441
1826 9513104
1828 9665604
1830 9801499
1832 9664473
1834 9824511
1836 9773209
1838 9611112
1840 9519814
1842 9760660
1844 9755504
1846 9913864
1848 9735790
1850 9817944
1852 9845000
1854 9742617
1856 9816279
1858 9830769
1860 9718334
1862 9729184
1864 9756849
1866 9695961
1868 9780165
1870 9668838
1872 9661939
1874 9877243
1876 9942426
1878 9917796
1880 9898373
1882 9940791
1884 10054357
1886 10130384
1888 10118748
1890 9914667
1892 9857648
1894 9840169
1896 9762460
1898 9844663
1900 9973091
1902 9990325
1904 9958606
1906 9863950
1908 10045601
1910 9984519
1912 10117135
1914 10400383
1916 10459526
1918 10439279
1920 10391460
1922 10268662
1924 10235256
1926 10539288
1928 10348624
1930 10339682
1932 10437501
1934 10257074
1936 9955327
1938 10111989
1940 10197935
1942 10238711
1944 10256675
1946 10254320
1948 10277112
1950 10280783
1952 10096988
1954 10317837
1956 10259860
1958 10181480
1960 10167184
1962 10044819
1964 10503192
1966 10321259
1968 10370497
1970 10221400
1972 10052142
1974 10013377
1976 10213395
1978 10156830
1980 10339364
1982 10362118
1984 10364626
1986 10353361
1988 10298174
1990 10440305
1992 10098887
1994 10156500
1996 10138786
1998 10337849
2000 10313656
2002 10368389
2004 10406584
2006 10415016
2008 10386387
2010 10413515
2012 10404891
2014 10407244
2016 10534589
2018 10689063
2020 10854800
2022 10471345
2024 10527470
2026 10680736
2028 10629867
2030 10608431
2032 10430985
2034 10545960
2036 10465404
2038 10476145
2040 10521236
2042 10342459
2044 10412026
2046 10164202
2048 10423845
2050 10285931
2052 10493019
2054 10579205
2056 10437655
2058 10423700
2060 10677390
2062 10535336
2064 10641538
2066 10547088
2068 10452411
2070 10425800
2072 10649066
2074 10689160
2076 10697016
2078 10740646
2080 10757586
2082 10662174
2084 10648946
2086 10649166
2088 10415670
2090 10538139
2092 10610338
2094 10709715
2096 10616437
2098 10538516
2100 10398848
2102 10545149
2104 10511629
2106 10680314
2108 11031644
2110 10866392
2112 10742507
2114 10532357
2116 10570339
2118 10676617
2120 10497843
2122 10752018
2124 10605259
2126 10635392
2128 10744889
2130 10697591
2132 10664926
2134 10858779
2136 10555601
2138 10635560
2140 10690951
2142 10665993
2144 10624397
2146 10590953
2148 10768473
2150 10727103
2152 10761018
2154 10782671
2156 10686162
2158 10867870
2160 10805413
2162 10642468
2164 10764119
2166 10736032
2168 10750023
2170 10470409
2172 10653367
2174 10562497
2176 10665314
2178 10726878
2180 10619597
2182 10631245
2184 10703310
2186 11036331
2188 10970621
2190 10929737
2192 10765877
2194 10796762
2196 11028474
2198 11147228
2200 10981709
2202 10972846
2204 10987019
2206 11061156
2208 10771685
2210 11215801
2212 11115431
2214 10992918
2216 11067860
2218 10923703
2220 11010894
2222 10863995
2224 10982131
2226 11091638
2228 10971543
2230 10997775
2232 10796348
2234 10891837
2236 11021296
2238 10734024
2240 11024969
2242 10985588
2244 10938975
2246 11011471
2248 11007744
2250 11290010
2252 11145903
2254 10928441
2256 11106567
2258 11172712
2260 11118185
2262 11024265
2264 11056363
2266 11025366
2268 11100472
2270 11057127
2272 11059770
2274 10895426
2276 11069876
2278 10971820
2280 10869605
2282 10843439
2284 10936431
2286 11031081
2288 11097506
2290 11183281
2292 11215069
2294 11062773
2296 11192025
2298 11270695
2300 11276867
2302 11461988
2304 11038976
2306 11064471
2308 11029397
2310 11075612
2312 11229573
2314 11291701
2316 11398959
2318 11295396
2320 11184096
2322 11152084
2324 11229152
2326 11488717
2328 11479532
2330 11568362
2332 11757566
2334 11600150
2336 11617098
2338 11426510
2340 11527636
2342 11395907
2344 11547372
2346 11382365
2348 11632106
2350 11667680
2352 11592324
2354 11408436
2356 11582385
2358 11544766
2360 11580505
2362 11668959
2364 11470070
2366 11730014
2368 11768653
2370 11728400
2372 11528413
2374 11577244
2376 11596959
2378 11611711
2380 11502293
2382 11365196
2384 11693484
2386 11414008
2388 11402400
2390 11601873
2392 11477539
2394 11633007
2396 11627361
2398 11746388
2400 11688246
2402 11581993
2404 11665099
2406 11458467
2408 11358243
2410 11466375
2412 11592385
2414 11565747
2416 11371119
2418 11560728
2420 11733326
2422 11931073
2424 12186625
2426 11998418
2428 11823002
2430 11492839
2432 11816490
2434 11820885
2436 11584887
2438 11491177
2440 11788408
2442 11864178
2444 11886952
2446 11775585
2448 11808261
2450 11810801
2452 11939285
2454 11872330
2456 12010760
2458 12057375
2460 11832583
2462 11945255
2464 11759737
2466 12062264
2468 12069616
2470 12168880
2472 12013162
2474 12077801
2476 12278403
2478 12089038
2480 12095766
2482 12087524
2484 12059556
2486 12097547
2488 11978752
2490 12173655
2492 12065748
2494 11989558
2496 12064596
2498 12168369
2500 12062039
2502 12016518
2504 12120619
2506 11862309
2508 11997972
2510 11997163
2512 11933433
2514 11801778
2516 11895211
2518 11892638
2520 11957228
2522 12022952
2524 12272701
2526 12175049
2528 12240694
2530 12168510
2532 12073183
2534 12287472
2536 12059113
2538 12181695
2540 12065463
2542 12134655
2544 12197777
2546 12064900
2548 12457732
2550 12231868
2552 12240010
2554 12227242
2556 12461459
2558 12546128
2560 12538620
2562 12542857
2564 12587832
2566 12606203
2568 12809935
2570 12627931
2572 12603940
2574 12616090
2576 12583343
2578 12417757
2580 12362967
2582 12367261
2584 12453586
2586 12448789
2588 12360481
2590 12384203
2592 12434249
2594 12483425
2596 12723398
2598 12483482
2600 12379212
2602 12483296
2604 12759128
2606 12666286
2608 12670664
2610 12806061
2612 12883870
2614 12750161
2616 12769973
2618 12891247
2620 12881153
2622 12702013
2624 12691743
2626 12648679
2628 12902069
2630 12985516
2632 12788584
2634 12753071
2636 12687533
2638 12834745
2640 12816669
2642 12969062
2644 12904963
2646 12760011
2648 13099603
2650 13190477
2652 12972228
2654 13064081
2656 12934627
2658 13076343
2660 13133164
2662 13022535
2664 12976296
2666 13197481
2668 13264094
2670 13477128
2672 13519900
2674 13217965
2676 13253045
2678 13315759
2680 13387660
2682 13324297
2684 13366066
2686 13239715
2688 13385423
2690 13282807
2692 13229282
2694 12986329
2696 12965514
2698 13140154
2700 13149421
2702 13078804
2704 12934328
2706 13079619
2708 13357115
2710 13506363
2712 13051398
2714 13061910
2716 13014048
2718 12921677
2720 12849937
2722 13099881
2724 13052833
2726 13183599
2728 13336704
2730 13217776
2732 13530369
2734 13681203
2736 13632595
2738 13245503
2740 13433877
2742 13377704
2744 13427951
2746 13669058
2748 13459942
2750 13301543
2752 13625853
2754 13375700
2756 13521695
2758 13303001
2760 13239905
2762 13539809
2764 13545501
2766 13358929
2768 13353006
2770 13307406
2772 13295147
2774 13611626
2776 13707540
2778 13738169
2780 13757034
2782 13916828
2784 13961118
2786 13896721
2788 13950526
2790 13818147
2792 13728056
2794 13691211
2796 13520522
2798 13859468
2800 13961141
2802 13663904
2804 13781977
2806 13669504
2808 13603144
2810 13696679
2812 13658123
2814 13733886
2816 13359377
2818 13352274
2820 13523320
2822 13773339
2824 13900511
2826 13925318
2828 13885758
2830 13952920
2832 13809075
2834 13900316
2836 14206531
2838 14154374
2840 13967311
2842 13995033
2844 14174866
2846 13894343
2848 14092148
2850 13868531
2852 13864859
2854 14073015
2856 14037239
2858 13848335
2860 13762732
2862 13726824
2864 13968810
2866 13719738
2868 14079529
2870 14162507
2872 14380037
2874 14372023
2876 14508883
2878 14185423
2880 14025121
2882 14083180
2884 13917088
2886 13924289
2888 13954981
2890 14067616
2892 13913801
2894 14112438
2896 13861524
2898 13823938
2900 13760304
2902 13926814
2904 13838308
2906 13905716
2908 14175675
2910 14062507
2912 13889573
2914 13852665
2916 14286107
2918 14129323
2920 13987500
2922 13995514
2924 14301503
2926 14188189
2928 14209796
2930 14155964
2932 14267602
2934 14205717
2936 14170489
2938 14285893
2940 14380237
2942 14178099
2944 14215013
2946 14374405
2948 14513442
2950 14417286
2952 14552946
2954 14542727
2956 14560581
2958 14566842
2960 14590630
2962 14407427
2964 14435383
2966 14546881
2968 14154849
2970 14369724
2972 14235596
2974 14352864
2976 14294610
2978 14457443
2980 14465515
2982 14392737
2984 14491899
2986 14597244
2988 14682611
2990 14866779
2992 14825065
2994 14953643
2996 14666978
2998 14493084
3000 14838191
3002 14847651
3004 14683873
3006 14746769
3008 14570147
3010 14849226
3012 14698049
3014 14598591
3016 14731903
3018 14658832
3020 14695576
3022 14770997
3024 14723772
3026 14658226
3028 14589727
3030 14606859
3032 14696895
3034 14702323
3036 14667820
3038 14474319
3040 14454603
3042 14558243
3044 14528699
3046 14614443
3048 14599696
3050 14688087
3052 14351505
3054 14430571
3056 14458478
3058 14533281
3060 14686575
3062 14575641
3064 14587974
3066 14241813
3068 14496353
3070 14241794
3072 14493479
3074 14523766
3076 14895159
3078 14895127
3080 14790734
3082 14671622
3084 14680576
3086 14952043
3088 14873752
3090 14787583
3092 14926344
3094 14776417
3096 14662954
3098 14943208
3100 15084365
3102 14896758
3104 15061119
3106 14899467
3108 14816461
3110 14744587
3112 14812702
3114 14962579
3116 15195917
3118 14971210
3120 14960137
3122 14871848
3124 15140416
3126 15232580
3128 14967788
3130 14843916
3132 14799404
3134 14844863
3136 14983877
3138 15206559
3140 15194514
3142 14872483
3144 14836532
3146 14918349
3148 15291096
3150 15332855
3152 15330869
3154 15401493
3156 15196461
3158 15110182
3160 15085603
3162 15065959
3164 14922888
3166 15099507
3168 15170388
3170 14942555
3172 14954234
3174 15179339
3176 14869302
3178 14973591
3180 14953440
3182 14953383
3184 14697651
3186 15213427
3188 15245004
3190 15150668
3192 15056739
3194 14965548
3196 14843597
3198 14564576
3200 14764824
3202 14767483
3204 14552911
3206 14551112
3208 14587411
3210 14658696
3212 14846505
3214 15002565
3216 14766235
3218 14847423
3220 14965232
3222 14870045
3224 14848627
3226 14731973
3228 14818605
3230 14531129
3232 14578352
3234 14742075
3236 14470893
3238 14539998
3240 14882310
3242 14553735
3244 14433812
3246 14539097
3248 14696180
3250 14661871
3252 14579802
3254 14694779
3256 14641191
3258 14592696
3260 14763867
3262 15094335
3264 14639368
3266 14712415
3268 14547616
3270 14743840
3272 14883750
3274 14886288
3276 14521119
3278 14789351
3280 14693482
3282 14715740
3284 14669626
3286 14624733
3288 14778862
3290 14712866
3292 14710975
3294 14694447
3296 14506235
3298 14683645
3300 14770151
3302 14673298
3304 14478737
3306 14424124
3308 14327151
3310 14239904
3312 14547513
3314 14315657
3316 14460806
3318 14230572
3320 14333385
3322 14337741
3324 14364014
3326 13995995
3328 13860244
3330 14293736
3332 14101031
3334 13996089
3336 14006048
3338 13991968
3340 13978367
3342 13845810
3344 13554276
3346 13762985
3348 13919417
3350 13644035
3352 13666341
3354 13725126
3356 13808854
3358 13755079
3360 13738653
3362 13842910
3364 13927419
3366 14087196
3368 13889196
3370 14113314
3372 14251848
3374 14050837
3376 13840160
3378 13754077
3380 13818719
3382 14107639
3384 13874113
3386 14012961
3388 13613247
3390 13510643
3392 13292349
3394 13334587
3396 13518526
3398 13160253
3400 13540403
3402 13837164
3404 13499851
3406 13592227
3408 13503908
3410 13143727
3412 13541540
3414 13443634
3416 13549490
3418 13308821
3420 13405321
3422 13137295
3424 12864984
3426 12776203
3428 12858275
3430 13006548
3432 12771055
3434 12682324
3436 13058764
3438 12799635
3440 12860748
3442 12808193
3444 12763052
3446 12633043
3448 12658722
3450 12603034
3452 12758750
3454 12714721
3456 12322890
3458 12709565
3460 12540663
3462 12447216
3464 12388258
3466 12232386
3468 12445352
3470 12432138
3472 12357728
3474 12201966
3476 12008666
3478 12173909
3480 11910183
3482 11583990
3484 11896830
3486 11891258
3488 11677476
3490 11637960
3492 11516011
3494 11546467
3496 11733456
3498 11688440
3500 11345356
3502 11255339
3504 11623213
3506 11302373
3508 11456228
3510 11017201
3512 11241562
3514 11344559
3516 11319586
3518 11041645
3520 11000735
3522 11263231
3524 10749370
3526 11010654
3528 11051548
3530 11143037
3532 11067929
3534 11070627
3536 10758724
3538 10828104
3540 10472308
3542 10458210
3544 10095610
3546 10157132
3548 10224195
3550 10152096
3552 9763538
3554 9897772
3556 9912356
3558 9775793
3560 9859067
3562 9430593
3564 9286977
3566 9442416
3568 9491543
3570 9471747
3572 9363643
3574 9470825
3576 9565586
3578 9364079
3580 9393245
3582 9339263
3584 9021537
3586 8768065
3588 9122921
3590 9099936
3592 8998437
3594 8728256
3596 8691335
3598 8604966
3600 8311464
3602 8592869
3604 8499177
3606 8195440
3608 8198678
3610 7959214
3612 8018609
3614 8063038
3616 7877150
3618 7898162
3620 7895455
3622 7491144
3624 7556740
3626 7557115
3628 7544328
3630 7376319
3632 7172721
3634 7128693
3636 7414065
3638 7232278
3640 6853806
3642 6699217
3644 6765991
3646 6646708
3648 6599261
3650 6609932
3652 6288147
3654 6193398
3656 6280971
3658 6225134
3660 6112528
3662 6165048
3664 6101863
3666 5839688
3668 5836149
3670 5802361
3672 5468210
3674 5519587
3676 5253798
3678 5217602
3680 5152337
3682 5147016
3684 4981607
3686 4760982
3688 4774192
3690 4804339
3692 4741482
3694 4649754
3696 4617695
3698 4604456
3700 4283701
3702 4225287
3704 4203684
3706 4161693
3708 4159299
3710 4234890
3712 4126995
3714 4101673
3716 3721557
3718 3744612
3720 3577964
3722 3503038
3724 3425368
3726 3431115
3728 3415448
3730 3343885
3732 3259548
3734 3132171
3736 3141689
3738 2889294
3740 2840627
3742 2857820
3744 2744353
3746 2547732
3748 2482026
3750 2630696
3752 2571949
3754 2303369
3756 2176876
3758 2132710
3760 1969370
3762 2170690
3764 2087265
3766 2052346
3768 1902124
3770 1989450
3772 1735413
3774 1767594
3776 1640101
3778 1584039
3780 1460063
3782 1415189
3784 1333849
3786 1332844
3788 1280794
3790 1177763
3792 1111705
3794 1073477
3796 994186
3798 897955
3800 950073
3802 926390
3804 866349
3806 794674
3808 703471
3810 776697
3812 770802
3814 663961
3816 626227
3818 603510
3820 554077
3822 503709
3824 380473
3826 356300
3828 433696
3830 382717
3832 326066
3834 330062
3836 272105
3838 285795
3840 261234
3842 254769
3844 227687
3846 181025
3848 150527
3850 161227
3852 152013
3854 183158
3856 151832
3858 132026
3860 91134
3862 68371
3864 67202
3866 54115
3868 69222
3870 29875
3872 51963
3874 52395
3876 41645
3878 27567
3880 21486
3882 33069
3884 29394
3886 12134
3888 12324
3890 18267
3892 10373
3894 9744
3896 11873
3898 16730
3900 7155
3902 6132
3904 5538
3906 5027
3908 6254
3910 7911
3912 8789
