N J h steps 
5000 0.833 0 44000000000
-8473 15
-8472 6
-8471 55
-8470 47
-8469 110
-8468 184
-8467 299
-8466 503
-8465 280
-8464 87
-8463 130
-8462 4
-8461 142
-8460 102
-8459 538
-8458 1473
-8457 848
-8456 1456
-8455 1462
-8454 1124
-8453 1322
-8452 1476
-8451 1017
-8450 1846
-8449 1240
-8448 1144
-8447 943
-8446 1515
-8445 646
-8444 706
-8443 880
-8442 886
-8441 827
-8440 1272
-8439 1942
-8438 1833
-8437 1469
-8436 1537
-8435 1095
-8434 1108
-8433 2361
-8432 1426
-8431 2163
-8430 1267
-8429 1898
-8428 1893
-8427 2753
-8426 1916
-8425 2951
-8424 1782
-8423 1674
-8422 1343
-8421 1543
-8420 1757
-8419 1234
-8418 1586
-8417 936
-8416 1012
-8415 1064
-8414 855
-8413 2261
-8412 1726
-8411 1727
-8410 1569
-8409 1084
-8408 955
-8407 1472
-8406 2711
-8405 2078
-8404 1318
-8403 1573
-8402 1435
-8401 2296
-8400 2524
-8399 2917
-8398 4136
-8397 3182
-8396 4710
-8395 6346
-8394 4990
-8393 3195
-8392 3150
-8391 2508
-8390 2662
-8389 3342
-8388 3606
-8387 2722
-8386 3394
-8385 2503
-8384 2767
-8383 4217
-8382 3774
-8381 4420
-8380 3778
-8379 3056
-8378 3488
-8377 4725
-8376 3673
-8375 4505
-8374 4641
-8373 3810
-8372 4288
-8371 6633
-8370 5130
-8369 3694
-8368 4212
-8367 4331
-8366 5167
-8365 5025
-8364 4761
-8363 6941
-8362 5777
-8361 4934
-8360 4801
-8359 4745
-8358 3401
-8357 4124
-8356 4557
-8355 3842
-8354 3932
-8353 4079
-8352 4622
-8351 4083
-8350 3301
-8349 5195
-8348 5540
-8347 3565
-8346 3406
-8345 4130
-8344 4063
-8343 4392
-8342 3678
-8341 4764
-8340 4920
-8339 6484
-8338 6714
-8337 6824
-8336 4934
-8335 3784
-8334 4266
-8333 4225
-8332 5201
-8331 5763
-8330 5535
-8329 7221
-8328 8017
-8327 5530
-8326 6948
-8325 5870
-8324 7311
-8323 6691
-8322 7944
-8321 8847
-8320 8828
-8319 9053
-8318 8219
-8317 9214
-8316 8898
-8315 8574
-8314 8018
-8313 7830
-8312 7011
-8311 6960
-8310 7376
-8309 11214
-8308 8465
-8307 10403
-8306 10440
-8305 9119
-8304 10617
-8303 9859
-8302 9591
-8301 8869
-8300 7792
-8299 7692
-8298 7671
-8297 7506
-8296 9572
-8295 8640
-8294 8716
-8293 8617
-8292 10185
-8291 10817
-8290 11784
-8289 12348
-8288 12089
-8287 12951
-8286 12452
-8285 12095
-8284 11387
-8283 13684
-8282 11996
-8281 11678
-8280 10330
-8279 13365
-8278 13468
-8277 11402
-8276 14216
-8275 14730
-8274 16843
-8273 18235
-8272 17801
-8271 16061
-8270 14778
-8269 13024
-8268 16601
-8267 16036
-8266 16513
-8265 16357
-8264 15716
-8263 15882
-8262 17461
-8261 18482
-8260 18773
-8259 15548
-8258 17779
-8257 20507
-8256 20460
-8255 21438
-8254 22167
-8253 19301
-8252 24546
-8251 22012
-8250 23716
-8249 23058
-8248 23960
-8247 29159
-8246 28873
-8245 31672
-8244 32144
-8243 31066
-8242 33031
-8241 35017
-8240 32702
-8239 33085
-8238 32147
-8237 31944
-8236 32172
-8235 34062
-8234 35614
-8233 39348
-8232 36836
-8231 33187
-8230 36099
-8229 40351
-8228 43102
-8227 38319
-8226 41654
-8225 44068
-8224 41400
-8223 49627
-8222 42022
-8221 37831
-8220 43865
-8219 43655
-8218 43811
-8217 44638
-8216 41392
-8215 46681
-8214 42255
-8213 43591
-8212 46023
-8211 48277
-8210 48786
-8209 49679
-8208 52424
-8207 52314
-8206 53367
-8205 52066
-8204 64183
-8203 69449
-8202 69724
-8201 70400
-8200 70031
-8199 71673
-8198 68335
-8197 65929
-8196 68833
-8195 72228
-8194 75294
-8193 74726
-8192 79235
-8191 73908
-8190 81116
-8189 86254
-8188 80625
-8187 84909
-8186 80356
-8185 90031
-8184 95618
-8183 93836
-8182 88363
-8181 87469
-8180 92576
-8179 100413
-8178 98251
-8177 100401
-8176 108981
-8175 111801
-8174 107626
-8173 113434
-8172 114354
-8171 113864
-8170 115810
-8169 110613
-8168 118142
-8167 121096
-8166 126368
-8165 126483
-8164 120428
-8163 123468
-8162 127085
-8161 133654
-8160 135655
-8159 133416
-8158 142025
-8157 137720
-8156 157106
-8155 151180
-8154 157068
-8153 153962
-8152 163880
-8151 163611
-8150 158771
-8149 170328
-8148 186183
-8147 177730
-8146 178267
-8145 187755
-8144 195706
-8143 201453
-8142 195644
-8141 203265
-8140 213619
-8139 227117
-8138 216827
-8137 227926
-8136 235794
-8135 233856
-8134 232087
-8133 240060
-8132 264215
-8131 257945
-8130 263868
-8129 262946
-8128 271932
-8127 281847
-8126 293239
-8125 302316
-8124 304215
-8123 305874
-8122 306980
-8121 318589
-8120 312901
-8119 321107
-8118 321031
-8117 333455
-8116 328253
-8115 336261
-8114 339455
-8113 350740
-8112 351686
-8111 360509
-8110 379565
-8109 382171
-8108 396782
-8107 403583
-8106 402756
-8105 406278
-8104 419874
-8103 429936
-8102 438041
-8101 465381
-8100 448947
-8099 467936
-8098 478724
-8097 493841
-8096 512154
-8095 536536
-8094 522897
-8093 533236
-8092 547402
-8091 561535
-8090 576156
-8089 579704
-8088 575724
-8087 599094
-8086 596049
-8085 611681
-8084 614153
-8083 630213
-8082 636283
-8081 623145
-8080 632505
-8079 637014
-8078 641495
-8077 649063
-8076 654028
-8075 698819
-8074 707173
-8073 710323
-8072 718739
-8071 758245
-8070 775592
-8069 796957
-8068 839725
-8067 828771
-8066 869353
-8065 880081
-8064 868058
-8063 879380
-8062 917548
-8061 942222
-8060 943656
-8059 944902
-8058 987593
-8057 1006075
-8056 1010054
-8055 1044125
-8054 1053330
-8053 1075192
-8052 1091276
-8051 1116072
-8050 1124662
-8049 1118547
-8048 1132712
-8047 1149887
-8046 1143804
-8045 1190599
-8044 1190248
-8043 1214438
-8042 1262140
-8041 1298299
-8040 1337504
-8039 1345408
-8038 1364186
-8037 1360043
-8036 1383078
-8035 1366893
-8034 1405347
-8033 1486222
-8032 1475170
-8031 1520896
-8030 1520919
-8029 1545719
-8028 1545057
-8027 1600097
-8026 1635313
-8025 1685330
-8024 1722004
-8023 1750069
-8022 1745819
-8021 1793943
-8020 1777643
-8019 1827053
-8018 1820410
-8017 1839506
-8016 1901756
-8015 1929004
-8014 1926675
-8013 2004952
-8012 1949440
-8011 2012458
-8010 2023733
-8009 2060186
-8008 2043561
-8007 2096066
-8006 2089910
-8005 2130334
-8004 2156740
-8003 2197924
-8002 2169010
-8001 2255625
-8000 2265318
-7999 2342836
-7998 2356973
-7997 2411290
-7996 2427150
-7995 2492817
-7994 2551961
-7993 2525496
-7992 2597492
-7991 2649766
-7990 2681101
-7989 2689215
-7988 2758964
-7987 2786114
-7986 2856150
-7985 2880230
-7984 2889292
-7983 2907763
-7982 2967836
-7981 3038759
-7980 3015692
-7979 3061467
-7978 3113112
-7977 3176995
-7976 3189049
-7975 3226095
-7974 3287044
-7973 3334935
-7972 3425637
-7971 3507313
-7970 3510634
-7969 3571974
-7968 3635349
-7967 3659943
-7966 3673400
-7965 3735356
-7964 3752408
-7963 3788430
-7962 3858372
-7961 3921602
-7960 3991704
-7959 3983669
-7958 4039792
-7957 4077085
-7956 4128866
-7955 4176285
-7954 4196859
-7953 4296434
-7952 4337016
-7951 4376179
-7950 4391595
-7949 4419409
-7948 4406551
-7947 4503296
-7946 4474294
-7945 4433739
-7944 4559867
-7943 4613908
-7942 4652236
-7941 4736615
-7940 4757563
-7939 4789739
-7938 4885526
-7937 4902619
-7936 4882001
-7935 4978884
-7934 5012171
-7933 5040897
-7932 5161302
-7931 5218176
-7930 5245648
-7929 5219653
-7928 5328936
-7927 5380221
-7926 5406612
-7925 5523596
-7924 5550437
-7923 5579050
-7922 5648813
-7921 5721196
-7920 5821647
-7919 5838922
-7918 5880463
-7917 6015148
-7916 6088338
-7915 6185671
-7914 6299642
-7913 6330626
-7912 6293681
-7911 6401480
-7910 6433717
-7909 6582149
-7908 6564989
-7907 6655298
-7906 6638692
-7905 6708078
-7904 6735672
-7903 6763869
-7902 6869770
-7901 6884987
-7900 7091766
-7899 7092137
-7898 7133784
-7897 7193317
-7896 7237291
-7895 7293349
-7894 7349781
-7893 7458422
-7892 7532536
-7891 7566372
-7890 7674202
-7889 7760622
-7888 7804497
-7887 7871731
-7886 7966803
-7885 8009671
-7884 8078539
-7883 8098079
-7882 8311650
-7881 8408165
-7880 8288672
-7879 8405422
-7878 8481053
-7877 8578650
-7876 8569243
-7875 8664457
-7874 8753693
-7873 8956937
-7872 8924560
-7871 9012646
-7870 9001167
-7869 9141826
-7868 9334057
-7867 9288993
-7866 9357836
-7865 9486182
-7864 9546384
-7863 9597004
-7862 9521263
-7861 9596339
-7860 9720790
-7859 9820022
-7858 9772310
-7857 9858163
-7856 10019675
-7855 10000262
-7854 10184423
-7853 10230290
-7852 10384166
-7851 10309056
-7850 10381931
-7849 10501470
-7848 10607997
-7847 10706715
-7846 10820780
-7845 10866856
-7844 10912228
-7843 10963936
-7842 10950348
-7841 11068293
-7840 11202043
-7839 11225800
-7838 11431384
-7837 11467355
-7836 11611797
-7835 11683833
-7834 11847792
-7833 12018446
-7832 12078299
-7831 12226058
-7830 12370379
-7829 12431105
-7828 12562185
-7827 12656344
-7826 12747784
-7825 12906914
-7824 12972682
-7823 13069161
-7822 13132954
-7821 13334894
-7820 13446582
-7819 13450125
-7818 13622283
-7817 13725983
-7816 13864817
-7815 13966375
-7814 14060829
-7813 14099150
-7812 14244270
-7811 14384381
-7810 14615746
-7809 14611692
-7808 14618263
-7807 14799511
-7806 14859924
-7805 14993305
-7804 15065701
-7803 15231346
-7802 15288416
-7801 15510794
-7800 15568616
-7799 15591601
-7798 15726117
-7797 15837732
-7796 16115345
-7795 16096282
-7794 16226355
-7793 16302399
-7792 16507251
-7791 16506811
-7790 16788756
-7789 16899871
-7788 17092367
-7787 17119367
-7786 17235995
-7785 17398949
-7784 17436512
-7783 17586368
-7782 17734505
-7781 17666495
-7780 17887293
-7779 17999096
-7778 18169622
-7777 18253623
-7776 18422165
-7775 18513270
-7774 18764051
-7773 18884034
-7772 18944798
-7771 18981551
-7770 19173794
-7769 19160151
-7768 19327767
-7767 19477558
-7766 19639025
-7765 19880785
-7764 20026889
-7763 20217421
-7762 20338562
-7761 20432213
-7760 20698081
-7759 20819810
-7758 20933152
-7757 21102440
-7756 21220636
-7755 21568739
-7754 21628985
-7753 21823239
-7752 21934755
-7751 22135647
-7750 22193151
-7749 22421988
-7748 22467536
-7747 22561820
-7746 22646215
-7745 22860470
-7744 22942404
-7743 23172570
-7742 23206568
-7741 23396757
-7740 23667713
-7739 23749900
-7738 23878593
-7737 24077515
-7736 24223746
-7735 24275537
-7734 24517758
-7733 24568526
-7732 24881495
-7731 25001207
-7730 25287822
-7729 25455726
-7728 25420822
-7727 25630806
-7726 25747985
-7725 25915176
-7724 25894242
-7723 26193372
-7722 26320113
-7721 26436738
-7720 26701674
-7719 26852553
-7718 26942270
-7717 27137137
-7716 27161461
-7715 27328542
-7714 27559961
-7713 27695030
-7712 27893032
-7711 28042402
-7710 28199059
-7709 28485292
-7708 28584501
-7707 28692825
-7706 28876740
-7705 28989826
-7704 29145329
-7703 29327259
-7702 29424745
-7701 29539855
-7700 29662745
-7699 29818532
-7698 30051714
-7697 30351188
-7696 30465491
-7695 30596437
-7694 30760015
-7693 30845547
-7692 31115332
-7691 31250544
-7690 31344444
-7689 31380628
-7688 31550928
-7687 31777294
-7686 31705249
-7685 32012499
-7684 32242620
-7683 32308153
-7682 32626022
-7681 32731539
-7680 32929274
-7679 33053408
-7678 33359927
-7677 33526353
-7676 33600695
-7675 33755012
-7674 34049397
-7673 34206915
-7672 34662356
-7671 34716007
-7670 34911344
-7669 35094699
-7668 35395849
-7667 35338842
-7666 35653707
-7665 35938996
-7664 36135783
-7663 36294667
-7662 36288812
-7661 36511589
-7660 36668801
-7659 37033852
-7658 37079117
-7657 37456259
-7656 37704638
-7655 37648235
-7654 37812516
-7653 37887568
-7652 38016926
-7651 38303464
-7650 38440200
-7649 38535333
-7648 38822670
-7647 39015090
-7646 39304137
-7645 39562634
-7644 39734787
-7643 40040327
-7642 40090362
-7641 40358171
-7640 40441700
-7639 40533394
-7638 40834526
-7637 40973860
-7636 41083168
-7635 41108336
-7634 41347948
-7633 41696124
-7632 41962460
-7631 42198872
-7630 42470721
-7629 42623966
-7628 42830669
-7627 43169169
-7626 43359699
-7625 43569776
-7624 43792094
-7623 43965429
-7622 44163677
-7621 44368480
-7620 44634296
-7619 44761332
-7618 44915769
-7617 45248497
-7616 45548989
-7615 45658397
-7614 45787335
-7613 46041066
-7612 46122512
-7611 46405956
-7610 46625943
-7609 46797876
-7608 46969484
-7607 47348427
-7606 47416561
-7605 47548743
-7604 47785353
-7603 47855822
-7602 48141117
-7601 48270905
-7600 48473863
-7599 48622121
-7598 48603225
-7597 48806333
-7596 48948790
-7595 49301570
-7594 49298256
-7593 49670258
-7592 49776748
-7591 50247318
-7590 50258660
-7589 50416804
-7588 50732761
-7587 50741056
-7586 50832714
-7585 51086141
-7584 51224908
-7583 51377345
-7582 51637443
-7581 51711294
-7580 52175865
-7579 52284169
-7578 52500293
-7577 52510717
-7576 52967048
-7575 52783833
-7574 53263442
-7573 53226546
-7572 53640328
-7571 53777461
-7570 54224592
-7569 54363562
-7568 54362740
-7567 54610227
-7566 54798993
-7565 55026847
-7564 55093239
-7563 55198596
-7562 55395801
-7561 55609086
-7560 55742558
-7559 55873938
-7558 56036958
-7557 56370197
-7556 56698704
-7555 56613492
-7554 56890561
-7553 56999097
-7552 56940125
-7551 57326228
-7550 57627470
-7549 57646191
-7548 57796098
-7547 58113394
-7546 58075491
-7545 58199289
-7544 58584631
-7543 58572677
-7542 58993997
-7541 59056486
-7540 59143229
-7539 59221072
-7538 59505668
-7537 59659742
-7536 59807824
-7535 60049648
-7534 60149378
-7533 60592456
-7532 60578997
-7531 60568471
-7530 60783045
-7529 61040267
-7528 61171057
-7527 61233414
-7526 61283820
-7525 61383380
-7524 61682055
-7523 61811226
-7522 62105283
-7521 62005114
-7520 62113541
-7519 62226230
-7518 62375950
-7517 62882408
-7516 62919438
-7515 62996311
-7514 63455537
-7513 63499853
-7512 63744176
-7511 63891803
-7510 63762431
-7509 64012781
-7508 64242481
-7507 64433126
-7506 64712585
-7505 64632993
-7504 64981031
-7503 65218028
-7502 65356611
-7501 65545431
-7500 65525019
-7499 65569008
-7498 65886713
-7497 66280497
-7496 65965510
-7495 66272364
-7494 66684195
-7493 66755583
-7492 66977725
-7491 67100114
-7490 67378355
-7489 67591240
-7488 67679427
-7487 68213703
-7486 68210688
-7485 68392981
-7484 68629641
-7483 68745861
-7482 68700801
-7481 68947972
-7480 68962752
-7479 69084305
-7478 69075685
-7477 68920887
-7476 69299613
-7475 69400615
-7474 69491685
-7473 69464821
-7472 69627954
-7471 69512895
-7470 69833740
-7469 69998655
-7468 70167237
-7467 70156043
-7466 70342435
-7465 70471121
-7464 70589628
-7463 70781170
-7462 71023992
-7461 71058644
-7460 71134733
-7459 71526993
-7458 71331119
-7457 71292134
-7456 71503910
-7455 71419938
-7454 71742565
-7453 71729863
-7452 71918582
-7451 71930707
-7450 71802250
-7449 71880687
-7448 71966627
-7447 71989205
-7446 71933875
-7445 72088488
-7444 72304166
-7443 72192254
-7442 72362069
-7441 72486225
-7440 72817669
-7439 72883804
-7438 73068021
-7437 73015122
-7436 73133952
-7435 73202099
-7434 73319020
-7433 73402114
-7432 73456334
-7431 73709689
-7430 73681727
-7429 73658188
-7428 73974102
-7427 73770921
-7426 73925107
-7425 73978897
-7424 74042077
-7423 73925839
-7422 73973293
-7421 73995777
-7420 73838098
-7419 74122238
-7418 74195954
-7417 74186772
-7416 74267174
-7415 74259398
-7414 74470324
-7413 74374843
-7412 74345858
-7411 74379526
-7410 74577207
-7409 74520043
-7408 74679706
-7407 74524271
-7406 74698787
-7405 74860516
-7404 74654018
-7403 74681973
-7402 74675245
-7401 74425712
-7400 74580564
-7399 74512194
-7398 74652824
-7397 74825822
-7396 74544079
-7395 74458869
-7394 74528259
-7393 74654017
-7392 74476006
-7391 74592195
-7390 74676214
-7389 74671810
-7388 74806088
-7387 74751144
-7386 74823429
-7385 74841062
-7384 74899982
-7383 74788376
-7382 74755744
-7381 74931425
-7380 74866359
-7379 75068637
-7378 75042241
-7377 75159362
-7376 75166110
-7375 75248070
-7374 75104935
-7373 75220456
-7372 75248565
-7371 75173669
-7370 75104181
-7369 75050641
-7368 74798707
-7367 75151363
-7366 75097530
-7365 74882231
-7364 74925942
-7363 74826465
-7362 74783599
-7361 74946565
-7360 74982872
-7359 75050782
-7358 74781498
-7357 74844235
-7356 74970843
-7355 74835844
-7354 74845360
-7353 74794340
-7352 74677816
-7351 74614621
-7350 74620547
-7349 74340286
-7348 74515560
-7347 74363987
-7346 74298061
-7345 74376859
-7344 74570520
-7343 74399627
-7342 74374542
-7341 74266645
-7340 74186697
-7339 73937260
-7338 74194586
-7337 74080625
-7336 73943739
-7335 74046060
-7334 73855728
-7333 73889723
-7332 73888917
-7331 73720111
-7330 73785709
-7329 73508804
-7328 73582427
-7327 73413468
-7326 73565150
-7325 73538010
-7324 73373245
-7323 73131022
-7322 73184982
-7321 73163155
-7320 72816421
-7319 72885856
-7318 72722024
-7317 72551028
-7316 72415640
-7315 72380265
-7314 72167619
-7313 72232338
-7312 72021010
-7311 72024974
-7310 71845033
-7309 71789998
-7308 71566534
-7307 71434475
-7306 71249186
-7305 71339711
-7304 71136805
-7303 71223818
-7302 71137634
-7301 71098173
-7300 70800296
-7299 70962595
-7298 70610327
-7297 70648401
-7296 70763092
-7295 70675487
-7294 70603159
-7293 70498604
-7292 70390267
-7291 70263718
-7290 70026727
-7289 69973410
-7288 69867964
-7287 69882658
-7286 69579744
-7285 69573331
-7284 69494667
-7283 69206503
-7282 69139155
-7281 69163340
-7280 68974068
-7279 68957221
-7278 68687231
-7277 68764149
-7276 68618133
-7275 68398027
-7274 68469431
-7273 68401650
-7272 68364991
-7271 68212672
-7270 68000973
-7269 67947338
-7268 67721129
-7267 67652859
-7266 67365697
-7265 67405186
-7264 67068563
-7263 67028022
-7262 66514452
-7261 66529607
-7260 66552977
-7259 66309020
-7258 66174659
-7257 66006690
-7256 65982306
-7255 65802626
-7254 65566220
-7253 65462474
-7252 65532853
-7251 65189051
-7250 65197069
-7249 65054614
-7248 64970476
-7247 64793877
-7246 64467219
-7245 64495274
-7244 64385088
-7243 64287106
-7242 64023936
-7241 63996003
-7240 63862054
-7239 63710277
-7238 63577244
-7237 63523868
-7236 63417417
-7235 63288524
-7234 63049335
-7233 63017327
-7232 62950816
-7231 62874499
-7230 62634112
-7229 62419369
-7228 62327517
-7227 62139112
-7226 61883380
-7225 61482217
-7224 61310669
-7223 61278395
-7222 60908291
-7221 60928977
-7220 60585186
-7219 60590312
-7218 60204196
-7217 60279696
-7216 59883016
-7215 59716615
-7214 59360887
-7213 59166491
-7212 59071844
-7211 58951362
-7210 58708633
-7209 58533524
-7208 58236724
-7207 58061559
-7206 57995320
-7205 57849896
-7204 57668327
-7203 57350100
-7202 57348667
-7201 56874795
-7200 56655777
-7199 56527081
-7198 56236911
-7197 56050617
-7196 55886319
-7195 55674405
-7194 55433458
-7193 55168439
-7192 54991215
-7191 54890216
-7190 54487429
-7189 54327623
-7188 54146702
-7187 54002500
-7186 53831750
-7185 53718691
-7184 53436496
-7183 53076113
-7182 53048977
-7181 52726465
-7180 52682913
-7179 52274342
-7178 52192563
-7177 52114387
-7176 51772333
-7175 51435852
-7174 51272052
-7173 51057335
-7172 50777542
-7171 50523789
-7170 50342422
-7169 50155274
-7168 49930496
-7167 49755262
-7166 49662061
-7165 49213347
-7164 49004151
-7163 48871985
-7162 48552907
-7161 48272337
-7160 48243386
-7159 48075200
-7158 47912978
-7157 47771092
-7156 47618331
-7155 47294179
-7154 47259857
-7153 47134486
-7152 46813099
-7151 46575815
-7150 46169514
-7149 45993068
-7148 45707080
-7147 45480758
-7146 45284843
-7145 45029827
-7144 44921989
-7143 44758529
-7142 44601633
-7141 44526847
-7140 44235298
-7139 44059122
-7138 43876909
-7137 43513537
-7136 43502904
-7135 43191764
-7134 42923143
-7133 42803549
-7132 42521426
-7131 42389226
-7130 42120368
-7129 41843459
-7128 41723225
-7127 41467221
-7126 41176764
-7125 40975172
-7124 40796709
-7123 40459474
-7122 40275334
-7121 39946248
-7120 39852927
-7119 39541899
-7118 39322474
-7117 39120799
-7116 38797833
-7115 38579166
-7114 38454700
-7113 38150430
-7112 37833907
-7111 37641090
-7110 37499564
-7109 37260947
-7108 37113853
-7107 36840819
-7106 36669434
-7105 36447277
-7104 36130431
-7103 36138321
-7102 36030722
-7101 35770427
-7100 35601687
-7099 35440598
-7098 35379291
-7097 34947251
-7096 34817933
-7095 34570866
-7094 34318078
-7093 34243809
-7092 33937420
-7091 33828305
-7090 33789499
-7089 33442079
-7088 33348736
-7087 33075972
-7086 32901676
-7085 32805177
-7084 32452844
-7083 32421055
-7082 32139339
-7081 31949179
-7080 31777328
-7079 31679021
-7078 31403773
-7077 31227700
-7076 30865954
-7075 30767582
-7074 30570498
-7073 30354967
-7072 30059078
-7071 29913834
-7070 29639817
-7069 29632083
-7068 29470283
-7067 29274905
-7066 29037017
-7065 28848698
-7064 28700791
-7063 28626351
-7062 28361664
-7061 28112928
-7060 27961877
-7059 27737816
-7058 27608280
-7057 27469097
-7056 27211879
-7055 27095643
-7054 27018978
-7053 26909236
-7052 26755141
-7051 26469200
-7050 26395056
-7049 26227057
-7048 26076125
-7047 25863951
-7046 25722939
-7045 25447947
-7044 25266364
-7043 25188740
-7042 24947085
-7041 24843742
-7040 24663191
-7039 24514341
-7038 24278491
-7037 24192689
-7036 23859409
-7035 23685508
-7034 23596785
-7033 23456249
-7032 23167078
-7031 23067584
-7030 22874833
-7029 22864002
-7028 22623705
-7027 22459050
-7026 22217561
-7025 22214416
-7024 22042788
-7023 21878521
-7022 21783034
-7021 21522440
-7020 21422393
-7019 21167757
-7018 21078638
-7017 20936259
-7016 20844799
-7015 20644771
-7014 20556105
-7013 20346137
-7012 20200332
-7011 20072217
-7010 19767059
-7009 19730910
-7008 19516693
-7007 19376756
-7006 19240142
-7005 19056111
-7004 19053253
-7003 18860986
-7002 18730669
-7001 18659598
-7000 18473401
-6999 18438477
-6998 18306914
-6997 18204528
-6996 18050929
-6995 17824847
-6994 17666431
-6993 17566003
-6992 17438623
-6991 17204034
-6990 17172616
-6989 16969126
-6988 16758022
-6987 16713232
-6986 16613057
-6985 16412439
-6984 16256445
-6983 16050696
-6982 16086885
-6981 15882027
-6980 15795193
-6979 15622214
-6978 15595044
-6977 15402375
-6976 15292401
-6975 15137868
-6974 15017212
-6973 14836654
-6972 14792208
-6971 14669025
-6970 14524224
-6969 14311369
-6968 14291276
-6967 14103263
-6966 14072928
-6965 13846642
-6964 13769824
-6963 13717785
-6962 13606370
-6961 13456183
-6960 13382689
-6959 13273747
-6958 13126654
-6957 13023766
-6956 12868770
-6955 12776266
-6954 12710499
-6953 12575146
-6952 12551604
-6951 12385031
-6950 12200872
-6949 12274154
-6948 12087672
-6947 11997492
-6946 11854808
-6945 11710710
-6944 11583743
-6943 11370334
-6942 11274129
-6941 11160128
-6940 11020893
-6939 10865465
-6938 10716264
-6937 10605078
-6936 10490857
-6935 10356004
-6934 10280000
-6933 10185283
-6932 10115174
-6931 9931537
-6930 9802283
-6929 9716950
-6928 9553218
-6927 9438448
-6926 9280805
-6925 9272486
-6924 9086235
-6923 9030010
-6922 8935217
-6921 8904411
-6920 8771619
-6919 8606012
-6918 8585103
-6917 8543526
-6916 8383007
-6915 8321249
-6914 8212277
-6913 8116925
-6912 7974750
-6911 7919647
-6910 7837488
-6909 7698085
-6908 7669016
-6907 7585749
-6906 7501401
-6905 7399365
-6904 7331210
-6903 7282741
-6902 7221082
-6901 7119413
-6900 7073076
-6899 6920136
-6898 6886601
-6897 6847117
-6896 6729707
-6895 6606672
-6894 6603170
-6893 6545789
-6892 6414925
-6891 6298030
-6890 6232015
-6889 6228548
-6888 6115876
-6887 6054571
-6886 6019871
-6885 5912662
-6884 5855873
-6883 5804450
-6882 5706831
-6881 5665469
-6880 5573459
-6879 5526083
-6878 5474012
-6877 5445077
-6876 5379197
-6875 5308692
-6874 5246579
-6873 5205650
-6872 5150358
-6871 5052133
-6870 5040954
-6869 4973052
-6868 4961149
-6867 4914312
-6866 4857003
-6865 4754637
-6864 4713068
-6863 4646244
-6862 4558675
-6861 4550759
-6860 4438497
-6859 4386051
-6858 4383887
-6857 4226023
-6856 4210800
-6855 4130091
-6854 4079114
-6853 3980430
-6852 3936429
-6851 3906955
-6850 3860473
-6849 3831280
-6848 3787059
-6847 3723378
-6846 3651077
-6845 3638047
-6844 3565584
-6843 3525737
-6842 3478554
-6841 3453209
-6840 3429313
-6839 3427539
-6838 3322211
-6837 3291234
-6836 3263026
-6835 3223675
-6834 3152020
-6833 3102967
-6832 3081660
-6831 3037690
-6830 3011941
-6829 2974045
-6828 2961409
-6827 2902692
-6826 2863417
-6825 2809476
-6824 2820294
-6823 2784286
-6822 2730067
-6821 2725036
-6820 2680834
-6819 2636329
-6818 2649270
-6817 2590432
-6816 2592519
-6815 2500877
-6814 2539101
-6813 2463284
-6812 2437855
-6811 2395059
-6810 2342544
-6809 2316639
-6808 2325769
-6807 2287572
-6806 2246392
-6805 2230315
-6804 2233178
-6803 2227355
-6802 2193857
-6801 2152882
-6800 2183133
-6799 2136734
-6798 2078958
-6797 2102024
-6796 2069137
-6795 2075108
-6794 2040047
-6793 1987309
-6792 1948025
-6791 1939583
-6790 1896727
-6789 1853586
-6788 1843204
-6787 1843497
-6786 1808569
-6785 1788278
-6784 1768973
-6783 1737231
-6782 1738853
-6781 1675819
-6780 1666666
-6779 1660520
-6778 1640540
-6777 1626372
-6776 1591833
-6775 1578200
-6774 1556113
-6773 1521739
-6772 1519087
-6771 1524143
-6770 1492974
-6769 1475001
-6768 1460031
-6767 1446392
-6766 1430307
-6765 1401413
-6764 1389242
-6763 1375784
-6762 1352818
-6761 1349560
-6760 1333405
-6759 1300731
-6758 1286731
-6757 1303036
-6756 1253974
-6755 1245304
-6754 1215339
-6753 1203757
-6752 1172068
-6751 1173997
-6750 1148825
-6749 1120885
-6748 1114946
-6747 1111651
-6746 1078116
-6745 1042822
-6744 1032891
-6743 998172
-6742 987144
-6741 986196
-6740 964979
-6739 936880
-6738 949386
-6737 913766
-6736 900439
-6735 924084
-6734 899258
-6733 902351
-6732 889515
-6731 873745
-6730 877700
-6729 869487
-6728 853223
-6727 836954
-6726 810221
-6725 809968
-6724 814748
-6723 802304
-6722 781884
-6721 761634
-6720 760821
-6719 747048
-6718 732624
-6717 722938
-6716 720541
-6715 719981
-6714 699680
-6713 699293
-6712 701564
-6711 685668
-6710 687753
-6709 675065
-6708 671439
-6707 650917
-6706 663510
-6705 647804
-6704 642474
-6703 626075
-6702 616300
-6701 607465
-6700 592796
-6699 584430
-6698 576519
-6697 557854
-6696 555188
-6695 550481
-6694 533495
-6693 542136
-6692 547305
-6691 535992
-6690 533145
-6689 532522
-6688 525324
-6687 516784
-6686 493471
-6685 499444
-6684 470340
-6683 485323
-6682 465406
-6681 465652
-6680 455189
-6679 449462
-6678 439298
-6677 441322
-6676 426596
-6675 428167
-6674 428596
-6673 420007
-6672 410599
-6671 412956
-6670 406331
-6669 390374
-6668 381497
-6667 376451
-6666 373003
-6665 366391
-6664 374465
-6663 368941
-6662 357247
-6661 357553
-6660 347262
-6659 341058
-6658 343354
-6657 342024
-6656 330948
-6655 330497
-6654 326898
-6653 322771
-6652 319668
-6651 308630
-6650 305345
-6649 311830
-6648 310825
-6647 295519
-6646 295730
-6645 287040
-6644 284147
-6643 275774
-6642 260318
-6641 261851
-6640 251372
-6639 239593
-6638 246737
-6637 242431
-6636 244414
-6635 241370
-6634 229720
-6633 230871
-6632 231857
-6631 230500
-6630 235995
-6629 223238
-6628 230328
-6627 225354
-6626 218114
-6625 220831
-6624 205970
-6623 207527
-6622 195323
-6621 190237
-6620 180698
-6619 174987
-6618 176598
-6617 182006
-6616 183273
-6615 172473
-6614 168064
-6613 167378
-6612 160959
-6611 161037
-6610 158983
-6609 158609
-6608 151628
-6607 149333
-6606 138690
-6605 141402
-6604 135516
-6603 131445
-6602 126365
-6601 125153
-6600 124894
-6599 127042
-6598 128515
-6597 125910
-6596 122165
-6595 117089
-6594 119388
-6593 118957
-6592 119528
-6591 114735
-6590 113890
-6589 110957
-6588 109942
-6587 108872
-6586 103793
-6585 100642
-6584 102684
-6583 96605
-6582 97071
-6581 99590
-6580 94779
-6579 91104
-6578 91623
-6577 88137
-6576 82434
-6575 79440
-6574 80435
-6573 75634
-6572 77598
-6571 74083
-6570 69904
-6569 69489
-6568 71500
-6567 66522
-6566 65671
-6565 66226
-6564 64279
-6563 58562
-6562 57961
-6561 53037
-6560 54320
-6559 51866
-6558 54812
-6557 47683
-6556 43030
-6555 44063
-6554 47766
-6553 49519
-6552 41597
-6551 40904
-6550 38292
-6549 37369
-6548 38493
-6547 34298
-6546 31894
-6545 29028
-6544 29167
-6543 27157
-6542 25859
-6541 28252
-6540 27899
-6539 26598
-6538 23792
-6537 24502
-6536 23113
-6535 24989
-6534 23660
-6533 23421
-6532 23252
-6531 23547
-6530 25870
-6529 23322
-6528 26635
-6527 21734
-6526 22131
-6525 20198
-6524 18376
-6523 16792
-6522 17148
-6521 17736
-6520 15399
-6519 16129
-6518 15990
-6517 14821
-6516 15199
-6515 12801
-6514 14684
-6513 13016
-6512 13067
-6511 11251
-6510 12493
-6509 12205
-6508 11107
-6507 11222
-6506 11377
-6505 11874
-6504 11210
-6503 12249
-6502 11359
-6501 10814
-6500 10672
-6499 10673
-6498 10605
-6497 9987
-6496 9921
-6495 10159
-6494 9611
-6493 10614
-6492 8658
-6491 9187
-6490 10001
-6489 9020
-6488 9728
-6487 10986
-6486 10357
-6485 11292
-6484 10609
-6483 9738
-6482 9847
-6481 11228
-6480 14894
-6479 12515
-6478 13397
-6477 10990
-6476 9874
-6475 8988
-6474 9227
-6473 7024
-6472 7579
-6471 5060
-6470 5063
-6469 4426
-6468 4695
-6467 4259
-6466 3089
-6465 3207
-6464 2846
-6463 2222
-6462 4168
-6461 2074
-6460 2235
-6459 2229
-6458 1849
-6457 916
-6456 1473
-6455 956
-6454 302
-6453 166
-6452 821
-6451 395
-6450 392
-6449 502
-6448 317
-6447 210
-6446 361
-6445 383
-6444 330
-6443 148
-6442 312
-6441 916
-6440 275
-6439 414
-6438 346
-6437 338
-6436 198
-6435 199
-6434 2
-6433 14
-6432 6
-6431 12
-6429 6
-6428 3
-6427 7
-6425 3
-6424 178
-6423 71
-6422 69
-6421 252
-6420 5
-6419 211
-6418 80
-6417 209
-6416 222
-6415 127
-6414 195
-6413 245
-6412 604
-6411 203
-6410 595
-6409 225
-6408 275
-6407 82
-6406 154
-6405 827
-6404 1497
