N J h steps 
7500 0.827 0 21000000000
-11759 3
-11758 55
-11757 6
-11756 67
-11755 53
-11754 91
-11753 247
-11752 337
-11751 126
-11750 375
-11749 408
-11748 696
-11747 1942
-11746 740
-11745 1139
-11744 1759
-11743 1441
-11742 1512
-11741 1644
-11740 633
-11739 1063
-11738 1210
-11737 917
-11736 1229
-11735 1024
-11734 908
-11733 850
-11732 1094
-11731 988
-11730 694
-11729 407
-11728 911
-11727 488
-11726 535
-11725 709
-11724 720
-11723 544
-11722 751
-11721 709
-11720 603
-11719 833
-11718 836
-11717 1061
-11716 1297
-11715 1409
-11714 934
-11713 1068
-11712 1404
-11711 2028
-11710 1703
-11709 2210
-11708 1943
-11707 1316
-11706 2309
-11705 1346
-11704 1172
-11703 1901
-11702 1612
-11701 1225
-11700 1034
-11699 1185
-11698 891
-11697 705
-11696 251
-11695 475
-11694 171
-11693 348
-11692 552
-11691 316
-11690 160
-11689 329
-11688 244
-11687 382
-11686 258
-11685 218
-11684 286
-11683 462
-11682 554
-11681 501
-11680 301
-11679 516
-11678 502
-11677 208
-11676 507
-11675 849
-11674 909
-11673 691
-11672 642
-11671 1089
-11670 1358
-11669 1267
-11668 1698
-11667 1362
-11666 1338
-11665 1337
-11664 1763
-11663 943
-11662 2270
-11661 1602
-11660 2435
-11659 2569
-11658 2200
-11657 2976
-11656 3689
-11655 4703
-11654 4554
-11653 4481
-11652 2767
-11651 3643
-11650 3681
-11649 3592
-11648 4043
-11647 3226
-11646 3851
-11645 3567
-11644 3356
-11643 6137
-11642 4861
-11641 6331
-11640 4754
-11639 3595
-11638 4059
-11637 4704
-11636 5594
-11635 4477
-11634 4937
-11633 4162
-11632 4649
-11631 4807
-11630 4926
-11629 4444
-11628 4943
-11627 8446
-11626 6922
-11625 6397
-11624 5943
-11623 6679
-11622 7522
-11621 7269
-11620 7070
-11619 8112
-11618 10628
-11617 9017
-11616 8584
-11615 8311
-11614 8332
-11613 8329
-11612 7589
-11611 8272
-11610 9895
-11609 10689
-11608 10128
-11607 9499
-11606 9610
-11605 10772
-11604 10221
-11603 14439
-11602 13330
-11601 15653
-11600 13065
-11599 13544
-11598 14154
-11597 16208
-11596 18519
-11595 16658
-11594 18300
-11593 17100
-11592 19188
-11591 19353
-11590 16985
-11589 19589
-11588 15353
-11587 14874
-11586 13923
-11585 17423
-11584 18137
-11583 18696
-11582 18010
-11581 19760
-11580 21183
-11579 22159
-11578 20607
-11577 21184
-11576 20045
-11575 18264
-11574 21181
-11573 23248
-11572 24400
-11571 20180
-11570 22559
-11569 24736
-11568 27288
-11567 25313
-11566 26735
-11565 26004
-11564 26858
-11563 27426
-11562 25311
-11561 27069
-11560 29768
-11559 28865
-11558 27340
-11557 28102
-11556 31000
-11555 29489
-11554 31642
-11553 30359
-11552 32497
-11551 33311
-11550 31993
-11549 29083
-11548 30840
-11547 31956
-11546 33921
-11545 34083
-11544 29900
-11543 32771
-11542 38052
-11541 36925
-11540 35334
-11539 32975
-11538 40264
-11537 41281
-11536 38384
-11535 38629
-11534 45520
-11533 44177
-11532 48949
-11531 46196
-11530 53210
-11529 48833
-11528 56697
-11527 54489
-11526 57218
-11525 59459
-11524 58805
-11523 59452
-11522 62072
-11521 60627
-11520 66406
-11519 70953
-11518 63324
-11517 69525
-11516 69233
-11515 71690
-11514 73266
-11513 82185
-11512 70223
-11511 82331
-11510 80486
-11509 75483
-11508 82219
-11507 76574
-11506 91520
-11505 90325
-11504 93605
-11503 95041
-11502 102488
-11501 98485
-11500 95002
-11499 104315
-11498 99332
-11497 97481
-11496 95459
-11495 96117
-11494 94463
-11493 91572
-11492 93571
-11491 97560
-11490 91954
-11489 95603
-11488 98767
-11487 101145
-11486 90662
-11485 91364
-11484 100420
-11483 99352
-11482 97980
-11481 97698
-11480 104619
-11479 108061
-11478 115731
-11477 104610
-11476 95656
-11475 114780
-11474 111528
-11473 107494
-11472 112823
-11471 114746
-11470 114865
-11469 118010
-11468 115963
-11467 109354
-11466 107452
-11465 115358
-11464 113148
-11463 109857
-11462 123316
-11461 119576
-11460 133920
-11459 128695
-11458 133936
-11457 134498
-11456 140228
-11455 140552
-11454 143990
-11453 136155
-11452 147931
-11451 144598
-11450 154351
-11449 149288
-11448 153287
-11447 159912
-11446 157914
-11445 174365
-11444 153217
-11443 173897
-11442 165985
-11441 165323
-11440 173441
-11439 176689
-11438 182964
-11437 172470
-11436 172301
-11435 175465
-11434 184776
-11433 177029
-11432 186909
-11431 199420
-11430 189290
-11429 221319
-11428 223353
-11427 217204
-11426 223408
-11425 226902
-11424 222349
-11423 237846
-11422 231755
-11421 247334
-11420 246438
-11419 244706
-11418 244092
-11417 255966
-11416 253884
-11415 267743
-11414 273570
-11413 283893
-11412 293507
-11411 297809
-11410 302948
-11409 313773
-11408 327594
-11407 332215
-11406 328505
-11405 330844
-11404 342686
-11403 341702
-11402 335066
-11401 345301
-11400 375256
-11399 368520
-11398 387213
-11397 393582
-11396 408158
-11395 399401
-11394 400158
-11393 406210
-11392 424521
-11391 428789
-11390 445755
-11389 456383
-11388 469695
-11387 465406
-11386 467257
-11385 470300
-11384 476529
-11383 481907
-11382 474391
-11381 486770
-11380 511073
-11379 495960
-11378 518238
-11377 524852
-11376 532775
-11375 547738
-11374 543893
-11373 555033
-11372 561593
-11371 555604
-11370 570386
-11369 566934
-11368 590023
-11367 597801
-11366 611857
-11365 632237
-11364 623913
-11363 622988
-11362 612084
-11361 638912
-11360 630984
-11359 656317
-11358 654020
-11357 667064
-11356 665540
-11355 657209
-11354 673726
-11353 676635
-11352 679065
-11351 684601
-11350 728964
-11349 714178
-11348 720201
-11347 736439
-11346 715372
-11345 765438
-11344 768429
-11343 779468
-11342 807490
-11341 818175
-11340 814010
-11339 826451
-11338 825514
-11337 851697
-11336 851980
-11335 860330
-11334 868387
-11333 916750
-11332 909392
-11331 933088
-11330 981132
-11329 982085
-11328 982197
-11327 999003
-11326 1024025
-11325 1026887
-11324 1023749
-11323 1077260
-11322 1042715
-11321 1071449
-11320 1098277
-11319 1090022
-11318 1128251
-11317 1135406
-11316 1160255
-11315 1170860
-11314 1195042
-11313 1209522
-11312 1232483
-11311 1274610
-11310 1257163
-11309 1285250
-11308 1294423
-11307 1278442
-11306 1320651
-11305 1348026
-11304 1371740
-11303 1399936
-11302 1390509
-11301 1420801
-11300 1402190
-11299 1433548
-11298 1454646
-11297 1483213
-11296 1457033
-11295 1481008
-11294 1516924
-11293 1515899
-11292 1529279
-11291 1558929
-11290 1612125
-11289 1606442
-11288 1602788
-11287 1609439
-11286 1646338
-11285 1687838
-11284 1736925
-11283 1732785
-11282 1738701
-11281 1750813
-11280 1797091
-11279 1798322
-11278 1795199
-11277 1855158
-11276 1862306
-11275 1882364
-11274 1909483
-11273 1909862
-11272 1963550
-11271 1927919
-11270 1981593
-11269 2016673
-11268 2039004
-11267 2042627
-11266 2064726
-11265 2100176
-11264 2110648
-11263 2192909
-11262 2178711
-11261 2236186
-11260 2234351
-11259 2254314
-11258 2215117
-11257 2276517
-11256 2291305
-11255 2244290
-11254 2313127
-11253 2324818
-11252 2346877
-11251 2373415
-11250 2409492
-11249 2418419
-11248 2439424
-11247 2473689
-11246 2497802
-11245 2522897
-11244 2581606
-11243 2615214
-11242 2678033
-11241 2686184
-11240 2707581
-11239 2727583
-11238 2769153
-11237 2821084
-11236 2818077
-11235 2866820
-11234 2846752
-11233 2886826
-11232 2923911
-11231 2922394
-11230 2948464
-11229 2962268
-11228 3007902
-11227 3072316
-11226 3100604
-11225 3123639
-11224 3159119
-11223 3169732
-11222 3212824
-11221 3248294
-11220 3358953
-11219 3318773
-11218 3413224
-11217 3475707
-11216 3502460
-11215 3544496
-11214 3548087
-11213 3541255
-11212 3583398
-11211 3694679
-11210 3677374
-11209 3705644
-11208 3717106
-11207 3765002
-11206 3755421
-11205 3796977
-11204 3862545
-11203 3851189
-11202 3984061
-11201 3901750
-11200 4033758
-11199 3993200
-11198 3991663
-11197 4065269
-11196 4064552
-11195 4114432
-11194 4099741
-11193 4201832
-11192 4200090
-11191 4293386
-11190 4354818
-11189 4405785
-11188 4435687
-11187 4415597
-11186 4515580
-11185 4568624
-11184 4568592
-11183 4701460
-11182 4671655
-11181 4714935
-11180 4736472
-11179 4782698
-11178 4904117
-11177 4933051
-11176 4892149
-11175 5056929
-11174 5066509
-11173 5064166
-11172 5192384
-11171 5252445
-11170 5250804
-11169 5314616
-11168 5300000
-11167 5413921
-11166 5485532
-11165 5505808
-11164 5541856
-11163 5598119
-11162 5643877
-11161 5673481
-11160 5757726
-11159 5799839
-11158 5788542
-11157 5910749
-11156 5932099
-11155 5972206
-11154 6012973
-11153 6066473
-11152 6104422
-11151 6148879
-11150 6230782
-11149 6158227
-11148 6212047
-11147 6207226
-11146 6249646
-11145 6349251
-11144 6350533
-11143 6437649
-11142 6526150
-11141 6593667
-11140 6657991
-11139 6660883
-11138 6767255
-11137 6797483
-11136 6910074
-11135 6865483
-11134 6955762
-11133 7004549
-11132 7040719
-11131 7155746
-11130 7138842
-11129 7246725
-11128 7256181
-11127 7208756
-11126 7244875
-11125 7349795
-11124 7414046
-11123 7471126
-11122 7478187
-11121 7528202
-11120 7592572
-11119 7650554
-11118 7694288
-11117 7710851
-11116 7730158
-11115 7823276
-11114 7873324
-11113 7968780
-11112 7937774
-11111 8015388
-11110 8104290
-11109 8113775
-11108 8136583
-11107 8154250
-11106 8228807
-11105 8178421
-11104 8313327
-11103 8289273
-11102 8302754
-11101 8386146
-11100 8462775
-11099 8478456
-11098 8493973
-11097 8577767
-11096 8702848
-11095 8833153
-11094 8842378
-11093 8898215
-11092 8912527
-11091 9000495
-11090 9047703
-11089 9076583
-11088 9201013
-11087 9213743
-11086 9180741
-11085 9269324
-11084 9325253
-11083 9372140
-11082 9380105
-11081 9460513
-11080 9479240
-11079 9618236
-11078 9622094
-11077 9724021
-11076 9720530
-11075 9809827
-11074 9781773
-11073 9903150
-11072 9881083
-11071 10036594
-11070 10065805
-11069 10122829
-11068 10184116
-11067 10325109
-11066 10356659
-11065 10400223
-11064 10434026
-11063 10530168
-11062 10595258
-11061 10625618
-11060 10779696
-11059 10777180
-11058 10804954
-11057 10883673
-11056 10935529
-11055 10943162
-11054 11055375
-11053 10929688
-11052 11020834
-11051 11066406
-11050 11103427
-11049 11039262
-11048 11108977
-11047 11128625
-11046 11234906
-11045 11241946
-11044 11297011
-11043 11320054
-11042 11379936
-11041 11453535
-11040 11503778
-11039 11575888
-11038 11584332
-11037 11605215
-11036 11673132
-11035 11717088
-11034 11746074
-11033 11841506
-11032 11888850
-11031 11948880
-11030 11947194
-11029 12038121
-11028 12023132
-11027 12099422
-11026 12211741
-11025 12215814
-11024 12334814
-11023 12315132
-11022 12433298
-11021 12471733
-11020 12500513
-11019 12569087
-11018 12631953
-11017 12676269
-11016 12760798
-11015 12840675
-11014 12819743
-11013 12925535
-11012 13019261
-11011 13031303
-11010 13023382
-11009 13086975
-11008 13087307
-11007 13184691
-11006 13194345
-11005 13311221
-11004 13355596
-11003 13409187
-11002 13436452
-11001 13662525
-11000 13582238
-10999 13649788
-10998 13747505
-10997 13716625
-10996 13833347
-10995 13845181
-10994 13971114
-10993 13923286
-10992 14006835
-10991 14187298
-10990 14160168
-10989 14081290
-10988 14093122
-10987 14185906
-10986 14232134
-10985 14347944
-10984 14339704
-10983 14409041
-10982 14410274
-10981 14458996
-10980 14588508
-10979 14629864
-10978 14713131
-10977 14717922
-10976 14802630
-10975 14926882
-10974 14933682
-10973 14994237
-10972 15043080
-10971 15100945
-10970 15123362
-10969 15198420
-10968 15304980
-10967 15402869
-10966 15401562
-10965 15443181
-10964 15499553
-10963 15491376
-10962 15548145
-10961 15606810
-10960 15733978
-10959 15762187
-10958 15889676
-10957 15826956
-10956 15882813
-10955 16041077
-10954 16075261
-10953 16050943
-10952 16221453
-10951 16248057
-10950 16273765
-10949 16282367
-10948 16433809
-10947 16447703
-10946 16490018
-10945 16517068
-10944 16563803
-10943 16710161
-10942 16741173
-10941 16851229
-10940 16765698
-10939 16824036
-10938 16923289
-10937 16903971
-10936 17051079
-10935 17062195
-10934 17047471
-10933 17216778
-10932 17266271
-10931 17233121
-10930 17268536
-10929 17332055
-10928 17409040
-10927 17468616
-10926 17539405
-10925 17574048
-10924 17548461
-10923 17682481
-10922 17871965
-10921 17834089
-10920 17990229
-10919 18101824
-10918 18054069
-10917 18271276
-10916 18334729
-10915 18378027
-10914 18580501
-10913 18555023
-10912 18663070
-10911 18715970
-10910 18721135
-10909 18841953
-10908 18869660
-10907 18955016
-10906 18955211
-10905 18978823
-10904 19097663
-10903 19216509
-10902 19206730
-10901 19285234
-10900 19384017
-10899 19416897
-10898 19438460
-10897 19579087
-10896 19489972
-10895 19722716
-10894 19699896
-10893 19757517
-10892 19810784
-10891 19917216
-10890 19918055
-10889 20075493
-10888 20067334
-10887 20117776
-10886 20372069
-10885 20322787
-10884 20438046
-10883 20479161
-10882 20465530
-10881 20672366
-10880 20699801
-10879 20831461
-10878 21021482
-10877 21006865
-10876 21155973
-10875 21343616
-10874 21254872
-10873 21374911
-10872 21440763
-10871 21527832
-10870 21681655
-10869 21605635
-10868 21819940
-10867 21896915
-10866 21937978
-10865 22151090
-10864 22165588
-10863 22216221
-10862 22344185
-10861 22358247
-10860 22521071
-10859 22468415
-10858 22643373
-10857 22684067
-10856 22853765
-10855 22974518
-10854 23111063
-10853 23127674
-10852 23237857
-10851 23466530
-10850 23516043
-10849 23450715
-10848 23703714
-10847 23675874
-10846 23764812
-10845 23873879
-10844 23970257
-10843 23877241
-10842 24026293
-10841 24079529
-10840 24091054
-10839 24353277
-10838 24467647
-10837 24517595
-10836 24624251
-10835 24595440
-10834 24674387
-10833 24784866
-10832 24845267
-10831 24830535
-10830 24912530
-10829 25071690
-10828 25137015
-10827 25168576
-10826 25171127
-10825 25207954
-10824 25244948
-10823 25309677
-10822 25411009
-10821 25495039
-10820 25418619
-10819 25699890
-10818 25679725
-10817 25749117
-10816 25722286
-10815 25874897
-10814 25895587
-10813 26003437
-10812 26016274
-10811 26143051
-10810 26256463
-10809 26415522
-10808 26383164
-10807 26371971
-10806 26427354
-10805 26501523
-10804 26671816
-10803 26869842
-10802 26750264
-10801 26889740
-10800 26990156
-10799 27145030
-10798 27158918
-10797 27214278
-10796 27321566
-10795 27533547
-10794 27574445
-10793 27618860
-10792 27661514
-10791 27761994
-10790 27941249
-10789 27984048
-10788 28131296
-10787 28168532
-10786 28356852
-10785 28353208
-10784 28403173
-10783 28380467
-10782 28429728
-10781 28446419
-10780 28491844
-10779 28561721
-10778 28645034
-10777 28608069
-10776 28672461
-10775 28673465
-10774 28735007
-10773 28787998
-10772 28984497
-10771 28918176
-10770 29030979
-10769 29045174
-10768 29084755
-10767 29210009
-10766 29356910
-10765 29304311
-10764 29347433
-10763 29347682
-10762 29279203
-10761 29246532
-10760 29412880
-10759 29218758
-10758 29211587
-10757 29392539
-10756 29263836
-10755 29393110
-10754 29423772
-10753 29539531
-10752 29586967
-10751 29679433
-10750 29786162
-10749 29818619
-10748 29916887
-10747 30199939
-10746 29993878
-10745 30185864
-10744 30165750
-10743 30257541
-10742 30331708
-10741 30366696
-10740 30416453
-10739 30492351
-10738 30499618
-10737 30630364
-10736 30728496
-10735 30657076
-10734 30774901
-10733 30755427
-10732 30889069
-10731 30806311
-10730 30781675
-10729 30860830
-10728 30930419
-10727 30904224
-10726 31009255
-10725 31019222
-10724 30916944
-10723 31051976
-10722 31099392
-10721 31136152
-10720 31313245
-10719 31399181
-10718 31429445
-10717 31483623
-10716 31416855
-10715 31519032
-10714 31705350
-10713 31685699
-10712 31715153
-10711 31834588
-10710 31839053
-10709 32018066
-10708 31999479
-10707 32010221
-10706 32079205
-10705 32022513
-10704 32065172
-10703 32038050
-10702 32148865
-10701 32130103
-10700 32177569
-10699 32143008
-10698 32320463
-10697 32271693
-10696 32372148
-10695 32379612
-10694 32368522
-10693 32455494
-10692 32336025
-10691 32517414
-10690 32578076
-10689 32608659
-10688 32642146
-10687 32713774
-10686 32627270
-10685 32754482
-10684 32801561
-10683 32848981
-10682 32755404
-10681 32870437
-10680 32761992
-10679 32847158
-10678 32753730
-10677 32849719
-10676 32808133
-10675 32804820
-10674 32887791
-10673 32911266
-10672 32899024
-10671 32904782
-10670 33040503
-10669 33061492
-10668 33008806
-10667 32973831
-10666 33125527
-10665 33159385
-10664 33153352
-10663 33257607
-10662 33116811
-10661 33115985
-10660 33037115
-10659 33205883
-10658 33091885
-10657 33108292
-10656 33155545
-10655 33047587
-10654 33076322
-10653 33208797
-10652 33210942
-10651 33160554
-10650 33334504
-10649 33365193
-10648 33349908
-10647 33311532
-10646 33322085
-10645 33259086
-10644 33354119
-10643 33344083
-10642 33258514
-10641 33443142
-10640 33581124
-10639 33452802
-10638 33633370
-10637 33363453
-10636 33549807
-10635 33456851
-10634 33640207
-10633 33621692
-10632 33505641
-10631 33533416
-10630 33453044
-10629 33528624
-10628 33502196
-10627 33546392
-10626 33608113
-10625 33570747
-10624 33657893
-10623 33620858
-10622 33656303
-10621 33543848
-10620 33483419
-10619 33564236
-10618 33589938
-10617 33463600
-10616 33482591
-10615 33379894
-10614 33410363
-10613 33312594
-10612 33359638
-10611 33450820
-10610 33355652
-10609 33317087
-10608 33197666
-10607 33209445
-10606 33064253
-10605 33063517
-10604 33096425
-10603 32998935
-10602 33006204
-10601 33043521
-10600 32982705
-10599 32996980
-10598 32989867
-10597 32827244
-10596 32891374
-10595 32874702
-10594 32740150
-10593 32632775
-10592 32575609
-10591 32458270
-10590 32424540
-10589 32517820
-10588 32288669
-10587 32370471
-10586 32380268
-10585 32281908
-10584 32225344
-10583 32234917
-10582 32201872
-10581 32250237
-10580 32232644
-10579 32188919
-10578 32082109
-10577 32038819
-10576 32034206
-10575 32060227
-10574 32009587
-10573 32057325
-10572 31859381
-10571 31723700
-10570 31602103
-10569 31679189
-10568 31627987
-10567 31618822
-10566 31501570
-10565 31312204
-10564 31285337
-10563 31156238
-10562 31049297
-10561 31053209
-10560 30848610
-10559 30855523
-10558 30726382
-10557 30582400
-10556 30511736
-10555 30402091
-10554 30305905
-10553 30173139
-10552 30044874
-10551 29965832
-10550 29857828
-10549 29853625
-10548 29730694
-10547 29549899
-10546 29736718
-10545 29624497
-10544 29532508
-10543 29482629
-10542 29370320
-10541 29335672
-10540 29391751
-10539 29348946
-10538 29251515
-10537 29163235
-10536 29240441
-10535 29079828
-10534 29080836
-10533 29008872
-10532 28983360
-10531 28905749
-10530 28886916
-10529 28693949
-10528 28806092
-10527 28571713
-10526 28636345
-10525 28438671
-10524 28481659
-10523 28458522
-10522 28287242
-10521 28189582
-10520 28060434
-10519 27889918
-10518 27843967
-10517 27879583
-10516 27746404
-10515 27681352
-10514 27446721
-10513 27507561
-10512 27387821
-10511 27334186
-10510 27249896
-10509 27243085
-10508 27128501
-10507 27019327
-10506 26920824
-10505 26972164
-10504 26773707
-10503 26788837
-10502 26828487
-10501 26656427
-10500 26610735
-10499 26512678
-10498 26509041
-10497 26331371
-10496 26430156
-10495 26277134
-10494 26242720
-10493 26102703
-10492 26060500
-10491 26066118
-10490 25980828
-10489 25985925
-10488 25760509
-10487 25725673
-10486 25586409
-10485 25501929
-10484 25520315
-10483 25421865
-10482 25365959
-10481 25288373
-10480 25243005
-10479 25069951
-10478 25168394
-10477 25057084
-10476 24985516
-10475 24947644
-10474 24798210
-10473 24685714
-10472 24789390
-10471 24568484
-10470 24518821
-10469 24528418
-10468 24399337
-10467 24434885
-10466 24259781
-10465 24175371
-10464 24097474
-10463 24002587
-10462 23861181
-10461 23729747
-10460 23720338
-10459 23659766
-10458 23498890
-10457 23458039
-10456 23449817
-10455 23319084
-10454 23231879
-10453 23146534
-10452 23055560
-10451 22949872
-10450 23002899
-10449 22905357
-10448 22760203
-10447 22662420
-10446 22685221
-10445 22554658
-10444 22374218
-10443 22283306
-10442 22151567
-10441 22147925
-10440 21868466
-10439 21985770
-10438 21779889
-10437 21832620
-10436 21601520
-10435 21584854
-10434 21508911
-10433 21264213
-10432 21278095
-10431 21147130
-10430 21062955
-10429 21075211
-10428 20974191
-10427 20799678
-10426 20695023
-10425 20653443
-10424 20578354
-10423 20421206
-10422 20437763
-10421 20387208
-10420 20372689
-10419 20326362
-10418 20150729
-10417 20060295
-10416 19937975
-10415 19847765
-10414 19814765
-10413 19706469
-10412 19587820
-10411 19480538
-10410 19327371
-10409 19369919
-10408 19209845
-10407 19082134
-10406 18978795
-10405 18884444
-10404 18895234
-10403 18727976
-10402 18567454
-10401 18587765
-10400 18469148
-10399 18431497
-10398 18433271
-10397 18380484
-10396 18278069
-10395 18237671
-10394 18109625
-10393 18102896
-10392 18098823
-10391 17942631
-10390 17703201
-10389 17721714
-10388 17627998
-10387 17583625
-10386 17468375
-10385 17361265
-10384 17339504
-10383 17249525
-10382 17183244
-10381 17183201
-10380 16963491
-10379 16954384
-10378 16826075
-10377 16777594
-10376 16660595
-10375 16530302
-10374 16470039
-10373 16374163
-10372 16247185
-10371 16114862
-10370 15989412
-10369 15923892
-10368 15909866
-10367 15751452
-10366 15602181
-10365 15507924
-10364 15491330
-10363 15346407
-10362 15255671
-10361 15111587
-10360 15041397
-10359 14872723
-10358 14695690
-10357 14643475
-10356 14527620
-10355 14440949
-10354 14350165
-10353 14221874
-10352 14156711
-10351 14019799
-10350 13864470
-10349 13754805
-10348 13636739
-10347 13579161
-10346 13472801
-10345 13429179
-10344 13293842
-10343 13223642
-10342 13171333
-10341 13020317
-10340 12995739
-10339 12829474
-10338 12775334
-10337 12670624
-10336 12646502
-10335 12468330
-10334 12448895
-10333 12328760
-10332 12218183
-10331 12083868
-10330 12044818
-10329 11937887
-10328 11768425
-10327 11666320
-10326 11639370
-10325 11550921
-10324 11361467
-10323 11363403
-10322 11182593
-10321 11192541
-10320 11071328
-10319 10896684
-10318 10831040
-10317 10772933
-10316 10641837
-10315 10631260
-10314 10488992
-10313 10377520
-10312 10296004
-10311 10226619
-10310 10089734
-10309 10018301
-10308 9948849
-10307 9831895
-10306 9780831
-10305 9657392
-10304 9660135
-10303 9573196
-10302 9490488
-10301 9385575
-10300 9312695
-10299 9219231
-10298 9128963
-10297 9084884
-10296 8909121
-10295 8850836
-10294 8736800
-10293 8682200
-10292 8589630
-10291 8616972
-10290 8482241
-10289 8418223
-10288 8357883
-10287 8232118
-10286 8239314
-10285 8148240
-10284 8075341
-10283 8012834
-10282 7998845
-10281 7915936
-10280 7847885
-10279 7843844
-10278 7750850
-10277 7747152
-10276 7668012
-10275 7532808
-10274 7491060
-10273 7445819
-10272 7406661
-10271 7280619
-10270 7267993
-10269 7175796
-10268 7180496
-10267 7098402
-10266 7049625
-10265 6992964
-10264 6896685
-10263 6873324
-10262 6773800
-10261 6759596
-10260 6718173
-10259 6607632
-10258 6617686
-10257 6482957
-10256 6452154
-10255 6350202
-10254 6281346
-10253 6175278
-10252 6189071
-10251 6087073
-10250 5989191
-10249 5911483
-10248 5844269
-10247 5816051
-10246 5701761
-10245 5666601
-10244 5602127
-10243 5575786
-10242 5536969
-10241 5445163
-10240 5411516
-10239 5372648
-10238 5314244
-10237 5292945
-10236 5264981
-10235 5216577
-10234 5161585
-10233 5129670
-10232 5135438
-10231 5094345
-10230 5064813
-10229 5038237
-10228 4964063
-10227 4971111
-10226 4884775
-10225 4857619
-10224 4798470
-10223 4727305
-10222 4692690
-10221 4597605
-10220 4610933
-10219 4607311
-10218 4482157
-10217 4423848
-10216 4395520
-10215 4335740
-10214 4270743
-10213 4216810
-10212 4194665
-10211 4108611
-10210 4081527
-10209 4040152
-10208 3975852
-10207 3944348
-10206 3966204
-10205 3900897
-10204 3868958
-10203 3847255
-10202 3789731
-10201 3773068
-10200 3707706
-10199 3692303
-10198 3677491
-10197 3596049
-10196 3543176
-10195 3535024
-10194 3489305
-10193 3486180
-10192 3447703
-10191 3390744
-10190 3400000
-10189 3346968
-10188 3303767
-10187 3279615
-10186 3242499
-10185 3183401
-10184 3204110
-10183 3144937
-10182 3119760
-10181 3117176
-10180 3043781
-10179 3020821
-10178 3013460
-10177 2962074
-10176 2947669
-10175 2946385
-10174 2927417
-10173 2881345
-10172 2861716
-10171 2854444
-10170 2809396
-10169 2792413
-10168 2787503
-10167 2711187
-10166 2641028
-10165 2606915
-10164 2579349
-10163 2540022
-10162 2515539
-10161 2513133
-10160 2453148
-10159 2467989
-10158 2443417
-10157 2428703
-10156 2392867
-10155 2404999
-10154 2362630
-10153 2294428
-10152 2277556
-10151 2249143
-10150 2227565
-10149 2235512
-10148 2204049
-10147 2162170
-10146 2174846
-10145 2138034
-10144 2117755
-10143 2090206
-10142 2066425
-10141 2077779
-10140 2072572
-10139 2029726
-10138 2021693
-10137 1990928
-10136 1952698
-10135 1940650
-10134 1915672
-10133 1917572
-10132 1867298
-10131 1864405
-10130 1845673
-10129 1814954
-10128 1798721
-10127 1791487
-10126 1751240
-10125 1719575
-10124 1703960
-10123 1677263
-10122 1662493
-10121 1613096
-10120 1614274
-10119 1563976
-10118 1551851
-10117 1525805
-10116 1511392
-10115 1481355
-10114 1446727
-10113 1437532
-10112 1423495
-10111 1417950
-10110 1387639
-10109 1384409
-10108 1350698
-10107 1349916
-10106 1300794
-10105 1303931
-10104 1273892
-10103 1261327
-10102 1250662
-10101 1228167
-10100 1198296
-10099 1159117
-10098 1140553
-10097 1110680
-10096 1110919
-10095 1103028
-10094 1069515
-10093 1033401
-10092 1008032
-10091 1016054
-10090 973456
-10089 988361
-10088 943417
-10087 919332
-10086 907003
-10085 905977
-10084 869583
-10083 863136
-10082 846003
-10081 831576
-10080 821298
-10079 806198
-10078 812313
-10077 768445
-10076 740162
-10075 746878
-10074 734802
-10073 702238
-10072 698002
-10071 699765
-10070 695228
-10069 672126
-10068 672454
-10067 653037
-10066 646799
-10065 636008
-10064 605473
-10063 624396
-10062 608321
-10061 596860
-10060 593540
-10059 561352
-10058 564231
-10057 543754
-10056 523962
-10055 514799
-10054 510654
-10053 495835
-10052 484356
-10051 500941
-10050 491292
-10049 476818
-10048 470707
-10047 468555
-10046 468022
-10045 440419
-10044 435190
-10043 417525
-10042 422178
-10041 414796
-10040 409526
-10039 408135
-10038 393628
-10037 376777
-10036 390950
-10035 372748
-10034 367728
-10033 348943
-10032 352797
-10031 325187
-10030 325977
-10029 315004
-10028 297954
-10027 313842
-10026 297537
-10025 286992
-10024 286942
-10023 272070
-10022 276831
-10021 267024
-10020 262219
-10019 266757
-10018 244849
-10017 239087
-10016 237844
-10015 231857
-10014 231848
-10013 230549
-10012 229562
-10011 220429
-10010 225663
-10009 215492
-10008 216731
-10007 211985
-10006 214442
-10005 206594
-10004 196370
-10003 197459
-10002 195012
-10001 189920
-10000 191014
-9999 184628
-9998 176103
-9997 170220
-9996 170777
-9995 162427
-9994 169011
-9993 171891
-9992 168962
-9991 164065
-9990 171118
-9989 164980
-9988 164329
-9987 166373
-9986 160098
-9985 172304
-9984 166439
-9983 164458
-9982 179523
-9981 168559
-9980 174253
-9979 176962
-9978 174638
-9977 176692
-9976 165437
-9975 169871
-9974 165090
-9973 170004
-9972 173527
-9971 174103
-9970 168491
-9969 173872
-9968 166738
-9967 172376
-9966 174127
-9965 172381
-9964 173600
-9963 184667
-9962 179602
-9961 185334
-9960 179093
-9959 193208
-9958 187749
-9957 178887
-9956 187428
-9955 175933
-9954 183969
-9953 179859
-9952 176289
-9951 178827
-9950 178787
-9949 181375
-9948 180396
-9947 190443
-9946 189014
-9945 175574
-9944 174417
-9943 175531
-9942 181813
-9941 180528
-9940 176647
-9939 180969
-9938 180291
-9937 189108
-9936 183871
-9935 193870
-9934 194290
-9933 183355
-9932 193283
-9931 198811
-9930 203451
-9929 201260
-9928 202344
-9927 213837
-9926 202334
-9925 210042
-9924 215382
-9923 224679
-9922 222074
-9921 236671
-9920 242667
-9919 241592
-9918 249197
-9917 257341
-9916 259348
-9915 268035
-9914 268511
-9913 270973
-9912 269787
-9911 267707
-9910 286545
-9909 282217
-9908 272818
-9907 291098
-9906 287789
-9905 293879
-9904 306820
-9903 311537
-9902 301921
-9901 304480
-9900 316137
-9899 315308
-9898 318503
-9897 324464
-9896 320669
-9895 342662
-9894 353846
-9893 344562
-9892 346627
-9891 349765
-9890 360521
-9889 370020
-9888 386809
-9887 368569
-9886 377018
-9885 378407
-9884 362692
-9883 368763
-9882 359126
-9881 373321
-9880 366203
-9879 379158
-9878 374257
-9877 384938
-9876 397961
-9875 386984
-9874 385355
-9873 378762
-9872 403104
-9871 413173
-9870 411600
-9869 432517
-9868 420614
-9867 432407
-9866 424580
-9865 437236
-9864 448678
-9863 452844
-9862 454601
-9861 467949
-9860 475110
-9859 470756
-9858 480241
-9857 486404
-9856 495837
-9855 503700
-9854 515182
-9853 512509
-9852 507380
-9851 519505
-9850 505130
-9849 517742
-9848 523500
-9847 538601
-9846 553580
-9845 541413
-9844 547131
-9843 538832
-9842 551981
-9841 561438
-9840 562174
-9839 566078
-9838 565315
-9837 581119
-9836 589993
-9835 593129
-9834 618338
-9833 613556
-9832 612626
-9831 598246
-9830 606844
-9829 610859
-9828 607787
-9827 607026
-9826 625349
-9825 620696
-9824 614557
-9823 622332
-9822 628190
-9821 621369
-9820 618355
-9819 613617
-9818 610637
-9817 623193
-9816 633014
-9815 637354
-9814 639247
-9813 634209
-9812 668096
-9811 666441
-9810 648675
-9809 674688
-9808 650219
-9807 664653
-9806 651903
-9805 664656
-9804 665926
-9803 669557
-9802 671430
-9801 683513
-9800 692254
-9799 693479
-9798 685185
-9797 706151
-9796 714059
-9795 704702
-9794 708011
-9793 717509
-9792 725748
-9791 735491
-9790 722977
-9789 741578
-9788 748621
-9787 739308
-9786 747814
-9785 747393
-9784 741834
-9783 744155
-9782 760474
-9781 774246
-9780 762202
-9779 757806
-9778 762133
-9777 769376
-9776 771427
-9775 773554
-9774 763111
-9773 773124
-9772 777135
-9771 785066
-9770 782450
-9769 808082
-9768 801916
-9767 809846
-9766 793720
-9765 810478
-9764 813407
-9763 829509
-9762 835679
-9761 843997
-9760 827523
-9759 830505
-9758 821101
-9757 840751
-9756 846015
-9755 851863
-9754 861070
-9753 860832
-9752 895023
-9751 892490
-9750 889163
-9749 913213
-9748 882287
-9747 901272
-9746 908739
-9745 909666
-9744 910012
-9743 885130
-9742 907091
-9741 920710
-9740 902626
-9739 915088
-9738 905985
-9737 926891
-9736 907447
-9735 927953
-9734 922202
-9733 920078
-9732 934759
-9731 922643
-9730 902963
-9729 934106
-9728 926836
-9727 922876
-9726 909982
-9725 915981
-9724 937334
-9723 924519
-9722 924820
-9721 931889
-9720 913660
-9719 908858
-9718 927274
-9717 923086
-9716 936451
-9715 930460
-9714 939782
-9713 952943
-9712 950077
-9711 966206
-9710 976264
-9709 1005991
-9708 982140
-9707 981454
-9706 997308
-9705 1002789
-9704 993109
-9703 1011515
-9702 991577
-9701 1012104
-9700 1011083
-9699 1028039
-9698 1002540
-9697 998063
-9696 1009762
-9695 1006270
-9694 1015460
-9693 1012443
-9692 1002536
-9691 1014943
-9690 1024464
-9689 1010268
-9688 1033228
-9687 1049256
-9686 1012686
-9685 1041169
-9684 1040674
-9683 1042058
-9682 1054607
-9681 1039681
-9680 1050451
-9679 1055960
-9678 1055541
-9677 1057285
-9676 1064882
-9675 1064606
-9674 1082000
-9673 1061091
-9672 1072556
-9671 1053364
-9670 1074579
-9669 1079531
-9668 1077399
-9667 1066888
-9666 1051481
-9665 1045913
-9664 1089107
-9663 1062824
-9662 1072996
-9661 1081947
-9660 1070622
-9659 1091756
-9658 1071913
-9657 1063411
-9656 1084319
-9655 1112299
-9654 1104922
-9653 1096619
-9652 1102288
-9651 1120436
-9650 1117782
-9649 1118528
-9648 1110077
-9647 1096980
-9646 1140226
-9645 1151122
-9644 1138806
-9643 1145468
-9642 1147808
-9641 1166115
-9640 1197255
-9639 1144127
-9638 1166432
-9637 1159065
-9636 1164098
-9635 1172655
-9634 1198125
-9633 1203711
-9632 1193789
-9631 1192666
-9630 1164524
-9629 1172864
-9628 1196421
-9627 1209648
-9626 1212773
-9625 1224617
-9624 1207249
-9623 1228051
-9622 1240820
-9621 1223247
-9620 1217296
-9619 1216962
-9618 1225679
-9617 1243078
-9616 1225598
-9615 1231729
-9614 1250528
-9613 1244949
-9612 1223415
-9611 1254443
-9610 1226347
-9609 1217640
-9608 1261503
-9607 1268952
-9606 1270623
-9605 1251325
-9604 1266536
-9603 1257038
-9602 1247788
-9601 1248183
-9600 1271904
-9599 1290563
-9598 1281262
-9597 1283935
-9596 1279890
-9595 1285156
-9594 1294962
-9593 1291654
-9592 1282011
-9591 1270243
-9590 1275486
-9589 1256841
-9588 1260473
-9587 1238580
-9586 1221778
-9585 1240214
-9584 1246134
-9583 1225854
-9582 1230348
-9581 1240592
-9580 1282783
-9579 1282333
-9578 1283664
-9577 1293318
-9576 1266978
-9575 1278054
-9574 1293327
-9573 1258793
-9572 1293289
-9571 1265085
-9570 1268890
-9569 1268821
-9568 1266741
-9567 1263992
-9566 1255102
-9565 1234102
-9564 1228796
-9563 1253339
-9562 1231707
-9561 1223329
-9560 1223974
-9559 1209252
-9558 1233914
-9557 1241005
-9556 1247342
-9555 1217892
-9554 1203602
-9553 1211987
-9552 1201546
-9551 1209037
-9550 1233202
-9549 1212087
-9548 1213884
-9547 1221524
-9546 1202113
-9545 1218383
-9544 1213868
-9543 1194561
-9542 1194248
-9541 1211532
-9540 1222397
-9539 1194101
-9538 1221731
-9537 1213431
-9536 1198340
-9535 1184461
-9534 1182229
-9533 1160395
-9532 1155461
-9531 1151260
-9530 1165675
-9529 1171421
-9528 1156128
-9527 1142168
-9526 1158763
-9525 1119122
-9524 1131529
-9523 1159259
-9522 1138455
-9521 1117545
-9520 1122725
-9519 1126655
-9518 1133387
-9517 1104219
-9516 1107506
-9515 1107906
-9514 1107833
-9513 1103350
-9512 1095755
-9511 1090597
-9510 1089054
-9509 1074907
-9508 1079246
-9507 1086862
-9506 1080537
-9505 1082021
-9504 1092129
-9503 1085450
-9502 1069060
-9501 1052480
-9500 1080267
-9499 1055258
-9498 1071217
-9497 1047393
-9496 1013718
-9495 1038466
-9494 1041721
-9493 1027588
-9492 1027304
-9491 1028579
-9490 1009033
-9489 993819
-9488 1000804
-9487 1010849
-9486 995260
-9485 970943
-9484 965081
-9483 965483
-9482 953654
-9481 928437
-9480 932938
-9479 936883
-9478 917327
-9477 917149
-9476 931661
-9475 902217
-9474 921494
-9473 909703
-9472 888705
-9471 914901
-9470 899857
-9469 914384
-9468 881892
-9467 863434
-9466 883313
-9465 891661
-9464 880404
-9463 851437
-9462 838135
-9461 840369
-9460 832307
-9459 813833
-9458 819042
-9457 807361
-9456 812118
-9455 793854
-9454 764440
-9453 787337
-9452 781768
-9451 770177
-9450 782533
-9449 777684
-9448 756970
-9447 751966
-9446 762813
-9445 790862
-9444 788075
-9443 778037
-9442 766546
-9441 774823
-9440 764384
-9439 784163
-9438 798619
-9437 798306
-9436 770222
-9435 776566
-9434 786557
-9433 774798
-9432 761888
-9431 769152
-9430 769502
-9429 789959
-9428 771282
-9427 782834
-9426 766321
-9425 765413
-9424 769503
-9423 739690
-9422 734055
-9421 734912
-9420 748107
-9419 745959
-9418 739832
-9417 740371
-9416 734235
-9415 713531
-9414 712518
-9413 686715
-9412 696185
-9411 679506
-9410 677154
-9409 682254
-9408 681137
-9407 688100
-9406 693726
-9405 703757
-9404 676239
-9403 697645
-9402 692956
-9401 703744
-9400 704192
-9399 702492
-9398 726133
-9397 705451
-9396 697627
-9395 702405
-9394 679110
-9393 678384
-9392 678767
-9391 675918
-9390 661039
-9389 662372
-9388 668542
-9387 665466
-9386 653359
-9385 644133
-9384 644216
-9383 649410
-9382 634119
-9381 635639
-9380 654351
-9379 656905
-9378 651695
-9377 639543
-9376 634275
-9375 644815
-9374 642204
-9373 638514
-9372 635783
-9371 636817
-9370 640191
-9369 657688
-9368 648861
-9367 629021
-9366 642668
-9365 648577
-9364 629072
-9363 627711
-9362 615218
-9361 630521
-9360 616939
-9359 602758
-9358 617868
-9357 608393
-9356 611060
-9355 600119
-9354 593204
-9353 601579
-9352 605336
-9351 596478
-9350 594593
-9349 592992
-9348 594629
-9347 587596
-9346 580237
-9345 575893
-9344 588959
-9343 564791
-9342 571704
-9341 564150
-9340 564595
-9339 542821
-9338 559820
-9337 553737
-9336 538817
-9335 534183
-9334 542568
-9333 523587
-9332 513176
-9331 509667
-9330 523348
-9329 523476
-9328 519281
-9327 505995
-9326 503520
-9325 494649
-9324 495674
-9323 495093
-9322 503512
-9321 501408
-9320 502027
-9319 499650
-9318 495811
-9317 510750
-9316 504902
-9315 510276
-9314 518941
-9313 521650
-9312 515729
-9311 522752
-9310 515897
-9309 530908
-9308 531607
-9307 532541
-9306 534747
-9305 543748
-9304 527655
-9303 522967
-9302 513128
-9301 493149
-9300 514546
-9299 495679
-9298 492751
-9297 489430
-9296 487044
-9295 478560
-9294 485080
-9293 481741
-9292 484166
-9291 492307
-9290 510658
-9289 494110
-9288 501700
-9287 520969
-9286 508195
-9285 504982
-9284 514032
-9283 527446
-9282 519580
-9281 531586
-9280 547544
-9279 536189
-9278 541937
-9277 540289
-9276 544380
-9275 536861
-9274 529258
-9273 536302
-9272 541337
-9271 533952
-9270 535106
-9269 542608
-9268 521830
-9267 522499
-9266 518699
-9265 510693
-9264 514256
-9263 523338
-9262 537861
-9261 516219
-9260 516897
-9259 507406
-9258 510686
-9257 508721
-9256 524968
-9255 502714
-9254 521362
-9253 523388
-9252 516492
-9251 520203
-9250 519682
-9249 506277
-9248 530049
-9247 532224
-9246 521864
-9245 527730
-9244 523579
-9243 539209
-9242 517108
-9241 528695
-9240 513417
-9239 503500
-9238 523444
-9237 513829
-9236 536222
-9235 527315
-9234 533788
-9233 527551
-9232 533397
-9231 524895
-9230 526238
-9229 529148
-9228 528356
-9227 525233
-9226 520866
-9225 520733
-9224 526990
-9223 526444
-9222 519846
-9221 523454
-9220 526460
-9219 512084
-9218 524862
-9217 528775
-9216 531600
-9215 546678
-9214 543471
-9213 540675
-9212 511279
-9211 544343
-9210 535577
-9209 520943
-9208 542429
-9207 530279
-9206 541586
-9205 531297
-9204 522070
-9203 505755
-9202 507314
-9201 506071
-9200 470297
-9199 464112
-9198 481868
-9197 484869
-9196 499148
-9195 494050
-9194 477926
-9193 481623
-9192 478367
-9191 492202
-9190 479562
-9189 479179
-9188 474764
-9187 461373
-9186 471878
-9185 436147
-9184 460672
-9183 450600
-9182 447520
-9181 452969
-9180 452117
-9179 441821
-9178 455799
-9177 459382
-9176 446206
-9175 463069
-9174 433737
-9173 420601
-9172 439935
-9171 428578
-9170 434798
-9169 423733
-9168 445798
-9167 446423
-9166 433667
-9165 433020
-9164 434224
-9163 422761
-9162 409824
-9161 412115
-9160 401452
-9159 408380
-9158 401344
-9157 402308
-9156 393664
-9155 390610
-9154 384129
-9153 371853
-9152 383726
-9151 378195
-9150 376067
-9149 380187
-9148 391270
-9147 383785
-9146 366519
-9145 373613
-9144 374996
-9143 357180
-9142 378214
-9141 356767
-9140 367499
-9139 369133
-9138 366286
-9137 364155
-9136 361445
-9135 363518
-9134 365185
-9133 361534
-9132 354655
-9131 359719
-9130 359393
-9129 347332
-9128 342146
-9127 332011
-9126 338969
-9125 333091
-9124 339746
-9123 343464
-9122 334025
-9121 335135
-9120 333444
-9119 330109
-9118 343553
-9117 336263
-9116 326801
-9115 333573
-9114 314431
-9113 320988
-9112 324808
-9111 322810
-9110 315848
-9109 311293
-9108 319304
-9107 338066
-9106 322735
-9105 320265
-9104 316826
-9103 315983
-9102 300159
-9101 281627
-9100 280152
-9099 277188
-9098 278315
-9097 281698
-9096 272707
-9095 267979
-9094 261800
-9093 253571
-9092 247878
-9091 253915
-9090 246266
-9089 249314
-9088 246527
-9087 235571
-9086 232916
-9085 244763
-9084 241944
-9083 241112
-9082 244550
-9081 248078
-9080 247400
-9079 239926
-9078 237103
-9077 242050
-9076 233809
-9075 234874
-9074 232604
-9073 232459
-9072 220857
-9071 219813
-9070 224198
-9069 210917
-9068 205082
-9067 210239
-9066 207693
-9065 213414
-9064 209695
-9063 193536
-9062 200210
-9061 200779
-9060 202778
-9059 194507
-9058 185596
-9057 190277
-9056 197511
-9055 194248
-9054 191348
-9053 194492
-9052 194435
-9051 203912
-9050 198205
-9049 204564
-9048 205074
-9047 204447
-9046 210934
-9045 201662
-9044 213202
-9043 211792
-9042 216720
-9041 219221
-9040 212335
-9039 204548
-9038 210131
-9037 210369
-9036 211700
-9035 213133
-9034 219699
-9033 220720
-9032 213863
-9031 216109
-9030 206551
-9029 216059
-9028 215916
-9027 213432
-9026 214152
-9025 211701
-9024 216334
-9023 226662
-9022 222975
-9021 216115
-9020 221166
-9019 215371
-9018 217192
-9017 213986
-9016 217276
-9015 220429
-9014 214912
-9013 218225
-9012 219885
-9011 217844
-9010 215687
-9009 214793
-9008 218778
-9007 223036
-9006 216825
-9005 218462
-9004 220560
-9003 209639
-9002 217963
-9001 210781
-9000 213554
-8999 216283
-8998 210137
-8997 215986
-8996 219204
-8995 223721
-8994 226609
-8993 221193
-8992 216436
-8991 221458
-8990 229392
-8989 233754
-8988 238599
-8987 237977
-8986 233331
-8985 227536
-8984 223035
-8983 227159
-8982 228399
-8981 221829
-8980 228797
-8979 226839
-8978 222239
-8977 222156
-8976 214678
-8975 215663
-8974 211676
-8973 218160
-8972 215206
-8971 223302
-8970 219564
-8969 223747
-8968 231520
-8967 222407
-8966 229192
-8965 224883
-8964 237863
-8963 235067
-8962 234113
-8961 231949
-8960 225255
-8959 222451
-8958 223162
-8957 211860
-8956 222558
-8955 222605
-8954 236564
-8953 224801
-8952 233490
-8951 227536
-8950 229536
-8949 235014
-8948 239085
-8947 237917
-8946 241926
-8945 239139
-8944 237097
-8943 238995
-8942 240546
-8941 236467
-8940 236952
-8939 220978
-8938 226938
-8937 217845
-8936 217845
-8935 222118
-8934 211568
-8933 204156
-8932 195457
-8931 197905
-8930 206547
-8929 185735
-8928 189982
-8927 182885
-8926 178661
-8925 190610
-8924 193718
-8923 199759
-8922 199380
-8921 194030
-8920 203295
-8919 204068
-8918 196631
-8917 200312
-8916 196412
-8915 200060
-8914 195646
-8913 192692
-8912 193583
-8911 190233
-8910 194105
-8909 193838
-8908 196411
-8907 198174
-8906 201062
-8905 204949
-8904 195626
-8903 193835
-8902 191878
-8901 195775
-8900 199014
-8899 198385
-8898 186302
-8897 195843
-8896 195032
-8895 183578
-8894 189537
-8893 186448
-8892 185105
-8891 173901
-8890 171331
-8889 175073
-8888 173450
-8887 165172
-8886 167421
-8885 163638
-8884 166934
-8883 164606
-8882 163196
-8881 160116
-8880 165524
-8879 163553
-8878 177197
-8877 170796
-8876 174575
-8875 161287
-8874 153759
-8873 149948
-8872 155527
-8871 155319
-8870 154288
-8869 152885
-8868 145189
-8867 149877
-8866 142390
-8865 137360
-8864 136240
-8863 132470
-8862 136649
-8861 131224
-8860 124243
-8859 125308
-8858 123099
-8857 127963
-8856 126010
-8855 125512
-8854 126762
-8853 124554
-8852 121485
-8851 115969
-8850 110675
-8849 109024
-8848 109164
-8847 105157
-8846 100056
-8845 105448
-8844 110155
-8843 98733
-8842 97088
-8841 97988
-8840 99151
-8839 95898
-8838 89711
-8837 91988
-8836 82524
-8835 88785
-8834 89674
-8833 86814
-8832 87320
-8831 86826
-8830 84178
-8829 82213
-8828 80594
-8827 79333
-8826 81899
-8825 85653
-8824 82531
-8823 79454
-8822 80872
-8821 82787
-8820 82699
-8819 83261
-8818 76236
-8817 77602
-8816 79196
-8815 83251
-8814 89071
-8813 88022
-8812 84297
-8811 79075
-8810 74395
-8809 82349
-8808 80006
-8807 73275
-8806 74641
-8805 68836
-8804 73301
-8803 66198
-8802 66773
-8801 62448
-8800 62927
-8799 62468
-8798 55691
-8797 57248
-8796 50440
-8795 52698
-8794 49542
-8793 52399
-8792 48238
-8791 42412
-8790 43454
-8789 43273
-8788 43725
-8787 40893
-8786 38341
-8785 42252
-8784 36782
-8783 33274
-8782 32574
-8781 33391
-8780 31818
-8779 30163
-8778 33369
-8777 30543
-8776 28984
-8775 29297
-8774 30641
-8773 33225
-8772 30618
-8771 30981
-8770 28028
-8769 30095
-8768 30200
-8767 30078
-8766 28312
-8765 29270
-8764 28565
-8763 28312
-8762 28504
-8761 29747
-8760 29495
-8759 28655
-8758 28662
-8757 31542
-8756 30321
-8755 30331
-8754 29630
-8753 26552
-8752 27961
-8751 29264
-8750 27631
-8749 26648
-8748 24806
-8747 27585
-8746 30969
-8745 30310
-8744 25587
-8743 26922
-8742 31187
-8741 22925
-8740 22984
-8739 25501
-8738 23613
-8737 20751
-8736 22364
-8735 22354
-8734 23840
-8733 22399
-8732 21828
-8731 22228
-8730 22107
-8729 20823
-8728 21033
-8727 20400
-8726 23009
-8725 19681
-8724 22678
-8723 26855
-8722 25381
-8721 28342
-8720 25162
-8719 23318
-8718 18264
-8717 19998
-8716 22116
-8715 19452
-8714 18274
-8713 16925
-8712 14686
-8711 15484
-8710 17106
-8709 15329
-8708 14472
-8707 12919
-8706 13791
-8705 13884
-8704 13809
-8703 13356
-8702 14182
-8701 14665
-8700 15603
-8699 17044
-8698 14376
-8697 12388
-8696 13675
-8695 10511
-8694 13673
-8693 12952
-8692 11813
-8691 13005
-8690 11390
-8689 12370
-8688 13638
-8687 15901
-8686 13387
-8685 12494
-8684 15366
-8683 12717
-8682 10800
-8681 8854
-8680 7884
-8679 10618
-8678 8081
-8677 8243
-8676 6984
-8675 7934
-8674 8416
-8673 8996
-8672 9292
-8671 10450
-8670 8794
-8669 11266
-8668 9146
-8667 10366
-8666 9470
-8665 8411
-8664 9116
-8663 8994
-8662 8656
-8661 9009
-8660 9355
-8659 9099
-8658 9064
-8657 7374
-8656 9166
-8655 8379
-8654 8389
-8653 8748
-8652 9120
-8651 10048
-8650 7934
-8649 8921
-8648 8096
-8647 10090
-8646 8530
-8645 8737
-8644 7898
-8643 7389
-8642 9849
-8641 9346
-8640 10043
-8639 11097
-8638 9578
-8637 8962
-8636 7299
-8635 10527
-8634 11889
-8633 7943
-8632 7607
-8631 8160
-8630 8868
-8629 7151
-8628 10971
-8627 8337
-8626 7878
-8625 7246
-8624 7643
-8623 6834
-8622 6797
-8621 5790
-8620 6219
-8619 6206
-8618 6381
-8617 5970
-8616 7260
-8615 5926
-8614 5992
-8613 5320
-8612 6499
-8611 6629
-8610 5594
-8609 5108
-8608 5341
-8607 4787
-8606 5507
-8605 5284
-8604 5704
-8603 5525
-8602 5557
-8601 5322
-8600 5997
-8599 5826
-8598 4863
-8597 5566
-8596 4028
-8595 4651
-8594 5037
-8593 3669
-8592 3885
-8591 3790
-8590 3242
-8589 2531
-8588 2471
-8587 3000
-8586 2610
-8585 1731
-8584 1803
-8583 1607
-8582 1734
-8581 2073
-8580 2625
-8579 2174
-8578 2276
-8577 2400
-8576 2167
-8575 2655
-8574 2165
-8573 2040
-8572 1495
-8571 1376
-8570 1179
-8569 768
-8568 1500
-8567 1388
-8566 831
-8565 1284
-8564 1429
-8563 879
-8562 1191
-8561 569
-8560 699
-8559 413
-8558 188
-8557 348
-8556 132
-8555 134
-8554 96
-8553 88
-8552 97
-8551 39
