N J h steps 
5000 0.827 0 32000000000
-8034 14
-8033 50
-8032 11
-8031 6
-8030 81
-8029 30
-8027 116
-8026 108
-8025 51
-8024 15
-8023 191
-8022 112
-8021 81
-8020 69
-8019 97
-8018 53
-8017 104
-8016 180
-8015 223
-8014 345
-8013 230
-8012 230
-8011 330
-8010 315
-8009 98
-8008 45
-8007 76
-8006 265
-8005 65
-8004 16
-8003 109
-8002 284
-8001 104
-8000 77
-7999 315
-7998 203
-7997 511
-7996 712
-7995 1016
-7994 416
-7993 476
-7992 450
-7991 597
-7990 342
-7989 309
-7988 355
-7987 687
-7986 1153
-7985 478
-7984 267
-7983 521
-7982 427
-7981 953
-7980 909
-7979 1935
-7978 1590
-7977 1471
-7976 1583
-7975 1601
-7974 1946
-7973 2010
-7972 2069
-7971 2355
-7970 2711
-7969 2811
-7968 2950
-7967 3351
-7966 3062
-7965 4063
-7964 3777
-7963 3911
-7962 3866
-7961 5247
-7960 4130
-7959 4845
-7958 4488
-7957 5816
-7956 5576
-7955 6267
-7954 6584
-7953 5023
-7952 6441
-7951 7326
-7950 4894
-7949 7999
-7948 5232
-7947 8706
-7946 7114
-7945 6896
-7944 7330
-7943 7650
-7942 7963
-7941 9187
-7940 10968
-7939 10623
-7938 10206
-7937 12073
-7936 11543
-7935 10315
-7934 12931
-7933 12103
-7932 11561
-7931 12630
-7930 12372
-7929 15159
-7928 11361
-7927 14786
-7926 17916
-7925 12735
-7924 14531
-7923 15652
-7922 14879
-7921 16012
-7920 16363
-7919 15382
-7918 17768
-7917 14536
-7916 18380
-7915 17621
-7914 15370
-7913 16865
-7912 16885
-7911 17476
-7910 18382
-7909 17497
-7908 19250
-7907 19098
-7906 20547
-7905 21638
-7904 23764
-7903 22918
-7902 24945
-7901 25130
-7900 29683
-7899 28264
-7898 28548
-7897 29422
-7896 26890
-7895 27002
-7894 27297
-7893 26801
-7892 30074
-7891 35571
-7890 33727
-7889 32148
-7888 31245
-7887 28329
-7886 36604
-7885 37813
-7884 39001
-7883 35589
-7882 41012
-7881 44356
-7880 41181
-7879 40258
-7878 41360
-7877 40298
-7876 43970
-7875 44826
-7874 46600
-7873 44630
-7872 48643
-7871 44791
-7870 47024
-7869 53612
-7868 55882
-7867 57076
-7866 55228
-7865 67856
-7864 66142
-7863 70850
-7862 72927
-7861 66912
-7860 67267
-7859 64553
-7858 71324
-7857 75929
-7856 73080
-7855 75200
-7854 76880
-7853 75562
-7852 81996
-7851 84939
-7850 84135
-7849 85285
-7848 84721
-7847 87110
-7846 93949
-7845 90104
-7844 96076
-7843 96588
-7842 101441
-7841 99468
-7840 110129
-7839 116253
-7838 114114
-7837 107979
-7836 114333
-7835 111706
-7834 117907
-7833 116493
-7832 120018
-7831 116042
-7830 121390
-7829 122202
-7828 122228
-7827 135724
-7826 122797
-7825 133063
-7824 141905
-7823 148706
-7822 140115
-7821 152351
-7820 147576
-7819 142212
-7818 152697
-7817 159395
-7816 157085
-7815 155960
-7814 169454
-7813 169618
-7812 176942
-7811 179170
-7810 177372
-7809 172107
-7808 190664
-7807 175007
-7806 186455
-7805 180729
-7804 164684
-7803 175261
-7802 174216
-7801 182276
-7800 182701
-7799 175951
-7798 172455
-7797 183169
-7796 172421
-7795 180443
-7794 168450
-7793 171583
-7792 185586
-7791 182649
-7790 189025
-7789 203020
-7788 207330
-7787 190656
-7786 214933
-7785 225043
-7784 227039
-7783 232059
-7782 234841
-7781 225903
-7780 239901
-7779 256099
-7778 243335
-7777 256640
-7776 260008
-7775 264463
-7774 265317
-7773 270827
-7772 280433
-7771 279124
-7770 273783
-7769 287329
-7768 288461
-7767 275749
-7766 296608
-7765 295045
-7764 307718
-7763 301406
-7762 312029
-7761 317185
-7760 318841
-7759 330166
-7758 315815
-7757 333914
-7756 347861
-7755 350541
-7754 346036
-7753 355961
-7752 362255
-7751 370517
-7750 374220
-7749 368085
-7748 378071
-7747 389216
-7746 401486
-7745 398444
-7744 409431
-7743 411480
-7742 404965
-7741 420109
-7740 429368
-7739 431368
-7738 417591
-7737 441212
-7736 441711
-7735 453037
-7734 445393
-7733 461334
-7732 458893
-7731 460798
-7730 460392
-7729 456022
-7728 483297
-7727 484161
-7726 515846
-7725 508670
-7724 522451
-7723 529986
-7722 537416
-7721 526934
-7720 529331
-7719 561547
-7718 571954
-7717 577308
-7716 578650
-7715 600644
-7714 605584
-7713 624114
-7712 605688
-7711 638170
-7710 644102
-7709 667952
-7708 669506
-7707 677508
-7706 707941
-7705 714118
-7704 723271
-7703 728938
-7702 754887
-7701 768117
-7700 765459
-7699 793097
-7698 814884
-7697 835744
-7696 842187
-7695 838925
-7694 858537
-7693 864906
-7692 882009
-7691 881617
-7690 891487
-7689 919712
-7688 930250
-7687 935319
-7686 942335
-7685 941486
-7684 953833
-7683 977886
-7682 971241
-7681 985193
-7680 993102
-7679 1007510
-7678 1010750
-7677 1023062
-7676 1051370
-7675 1061974
-7674 1076781
-7673 1060716
-7672 1096475
-7671 1089620
-7670 1141936
-7669 1156348
-7668 1178792
-7667 1161887
-7666 1190604
-7665 1195885
-7664 1231802
-7663 1236914
-7662 1250985
-7661 1251380
-7660 1272781
-7659 1237927
-7658 1272932
-7657 1260977
-7656 1302694
-7655 1288976
-7654 1313239
-7653 1344600
-7652 1380003
-7651 1395615
-7650 1400477
-7649 1437108
-7648 1474047
-7647 1493186
-7646 1506384
-7645 1543399
-7644 1557886
-7643 1586011
-7642 1596873
-7641 1650859
-7640 1667585
-7639 1698331
-7638 1763849
-7637 1746619
-7636 1773502
-7635 1835311
-7634 1854526
-7633 1836679
-7632 1888253
-7631 1930205
-7630 1940671
-7629 1962359
-7628 1996270
-7627 2028486
-7626 2039985
-7625 2060609
-7624 2105497
-7623 2131430
-7622 2176103
-7621 2216835
-7620 2231704
-7619 2245241
-7618 2280549
-7617 2327556
-7616 2337252
-7615 2362064
-7614 2397392
-7613 2453724
-7612 2466378
-7611 2489657
-7610 2490513
-7609 2499588
-7608 2565893
-7607 2606878
-7606 2597856
-7605 2628717
-7604 2665597
-7603 2717761
-7602 2728784
-7601 2760898
-7600 2815727
-7599 2867916
-7598 2877756
-7597 2924734
-7596 2938068
-7595 3021287
-7594 3083206
-7593 3109884
-7592 3131403
-7591 3165334
-7590 3199834
-7589 3201160
-7588 3221269
-7587 3281516
-7586 3308696
-7585 3355063
-7584 3409755
-7583 3400156
-7582 3479114
-7581 3555384
-7580 3551351
-7579 3596556
-7578 3649666
-7577 3668881
-7576 3737217
-7575 3735893
-7574 3780091
-7573 3829578
-7572 3830742
-7571 3878755
-7570 3925618
-7569 3993248
-7568 4022618
-7567 4064811
-7566 4069318
-7565 4151285
-7564 4217355
-7563 4221025
-7562 4271808
-7561 4349530
-7560 4422783
-7559 4436561
-7558 4500114
-7557 4527190
-7556 4590781
-7555 4620069
-7554 4706635
-7553 4767514
-7552 4790644
-7551 4845469
-7550 4931799
-7549 4931368
-7548 4934755
-7547 5021424
-7546 5047320
-7545 5145546
-7544 5230474
-7543 5292367
-7542 5308020
-7541 5393571
-7540 5461872
-7539 5480234
-7538 5582559
-7537 5617386
-7536 5669380
-7535 5727356
-7534 5812667
-7533 5871655
-7532 5930270
-7531 5992313
-7530 6132536
-7529 6156665
-7528 6301738
-7527 6351361
-7526 6438885
-7525 6574239
-7524 6604120
-7523 6682896
-7522 6704718
-7521 6813296
-7520 6872637
-7519 6995569
-7518 7041869
-7517 7031868
-7516 7108608
-7515 7178122
-7514 7308574
-7513 7320843
-7512 7408215
-7511 7426397
-7510 7429787
-7509 7546887
-7508 7724531
-7507 7724927
-7506 7831023
-7505 7923473
-7504 7967052
-7503 8067677
-7502 8083220
-7501 8221868
-7500 8321235
-7499 8348358
-7498 8445972
-7497 8565105
-7496 8648154
-7495 8748999
-7494 8796295
-7493 8881163
-7492 8927891
-7491 9075545
-7490 9118242
-7489 9229579
-7488 9409445
-7487 9451483
-7486 9540767
-7485 9646059
-7484 9685530
-7483 9757846
-7482 9886762
-7481 9971364
-7480 9988229
-7479 10126862
-7478 10193343
-7477 10286641
-7476 10411175
-7475 10536534
-7474 10650033
-7473 10714494
-7472 10784456
-7471 10843055
-7470 10950945
-7469 11097458
-7468 11277959
-7467 11362381
-7466 11520265
-7465 11651408
-7464 11709597
-7463 11766500
-7462 11929985
-7461 12062332
-7460 12205364
-7459 12290760
-7458 12407913
-7457 12531753
-7456 12530014
-7455 12599387
-7454 12796862
-7453 12884476
-7452 12916109
-7451 13047005
-7450 13060952
-7449 13317521
-7448 13407660
-7447 13565702
-7446 13639897
-7445 13742277
-7444 13864381
-7443 13983817
-7442 14144008
-7441 14161513
-7440 14286923
-7439 14386046
-7438 14585006
-7437 14653254
-7436 14767941
-7435 14914231
-7434 15043132
-7433 15270592
-7432 15335606
-7431 15480015
-7430 15589254
-7429 15694788
-7428 15727404
-7427 15863427
-7426 16070480
-7425 16084842
-7424 16332573
-7423 16489729
-7422 16602260
-7421 16654134
-7420 16990777
-7419 17086788
-7418 17243187
-7417 17273786
-7416 17432408
-7415 17659052
-7414 17670363
-7413 17758774
-7412 18000892
-7411 18158177
-7410 18320333
-7409 18395638
-7408 18688402
-7407 18725768
-7406 18902192
-7405 18975923
-7404 19155263
-7403 19248874
-7402 19426397
-7401 19517611
-7400 19723099
-7399 19798120
-7398 19813111
-7397 20009919
-7396 20157908
-7395 20224268
-7394 20447557
-7393 20597131
-7392 20662331
-7391 20865931
-7390 21058936
-7389 21105035
-7388 21248247
-7387 21358920
-7386 21497580
-7385 21552754
-7384 21721243
-7383 21918527
-7382 22138771
-7381 22228696
-7380 22460413
-7379 22580822
-7378 22760730
-7377 23032416
-7376 23157965
-7375 23244597
-7374 23420083
-7373 23657562
-7372 23839512
-7371 23903896
-7370 24089168
-7369 24248199
-7368 24384608
-7367 24576161
-7366 24749347
-7365 24919463
-7364 25193659
-7363 25395718
-7362 25455743
-7361 25710952
-7360 25828358
-7359 26067702
-7358 26153761
-7357 26472975
-7356 26455424
-7355 26673284
-7354 26869848
-7353 26874386
-7352 27115164
-7351 27242599
-7350 27457826
-7349 27573983
-7348 27816027
-7347 27859334
-7346 28109420
-7345 28215986
-7344 28469508
-7343 28563398
-7342 28703488
-7341 28907005
-7340 29121167
-7339 29207565
-7338 29377866
-7337 29552855
-7336 29718465
-7335 29852330
-7334 30061075
-7333 30371275
-7332 30436573
-7331 30627891
-7330 30632214
-7329 30868258
-7328 30846780
-7327 31183369
-7326 31286643
-7325 31421187
-7324 31678978
-7323 31860795
-7322 31811250
-7321 32130781
-7320 32199322
-7319 32243313
-7318 32407263
-7317 32534753
-7316 32873241
-7315 32915337
-7314 33156301
-7313 33248112
-7312 33305816
-7311 33577526
-7310 33734348
-7309 33910000
-7308 34154287
-7307 34341052
-7306 34497055
-7305 34715583
-7304 34771281
-7303 35116381
-7302 35305713
-7301 35457746
-7300 35608220
-7299 35807403
-7298 35948092
-7297 36280411
-7296 36389465
-7295 36634891
-7294 36626507
-7293 36869092
-7292 37078579
-7291 37390583
-7290 37543838
-7289 37653878
-7288 37837756
-7287 38023906
-7286 38147587
-7285 38322146
-7284 38430056
-7283 38558971
-7282 38825482
-7281 39049991
-7280 39075274
-7279 39311599
-7278 39527151
-7277 39747404
-7276 39823338
-7275 39995756
-7274 40130156
-7273 40316045
-7272 40544764
-7271 40701448
-7270 40844640
-7269 41110163
-7268 41289255
-7267 41465162
-7266 41523263
-7265 41812049
-7264 41971348
-7263 42087421
-7262 42041459
-7261 42414551
-7260 42347549
-7259 42611904
-7258 42916841
-7257 43115299
-7256 43342914
-7255 43382394
-7254 43496341
-7253 43785658
-7252 43957064
-7251 44222913
-7250 44322478
-7249 44392369
-7248 44391930
-7247 44675407
-7246 44887936
-7245 45122726
-7244 45206496
-7243 45460113
-7242 45782961
-7241 45829944
-7240 45952149
-7239 45997714
-7238 46243998
-7237 46400385
-7236 46449060
-7235 46618994
-7234 46626063
-7233 46994906
-7232 47109805
-7231 47296406
-7230 47327055
-7229 47668995
-7228 47698047
-7227 47952017
-7226 48118835
-7225 48034201
-7224 48355511
-7223 48463705
-7222 48549951
-7221 48842845
-7220 48986592
-7219 49055738
-7218 49242436
-7217 49506865
-7216 49483744
-7215 49738886
-7214 49856936
-7213 50004536
-7212 50109845
-7211 50231477
-7210 50231110
-7209 50429257
-7208 50601276
-7207 50526120
-7206 50706369
-7205 50879871
-7204 50958820
-7203 51268765
-7202 51358157
-7201 51692442
-7200 51840981
-7199 51905807
-7198 52355552
-7197 52674242
-7196 52731347
-7195 52876359
-7194 52840801
-7193 53037274
-7192 53255150
-7191 53324077
-7190 53333292
-7189 53576925
-7188 53609335
-7187 53839943
-7186 53950303
-7185 54034279
-7184 54240119
-7183 54190684
-7182 54445171
-7181 54432672
-7180 54608201
-7179 54704137
-7178 54885248
-7177 55016210
-7176 54870908
-7175 55151817
-7174 55149854
-7173 55310603
-7172 55313079
-7171 55458371
-7170 55714249
-7169 55671911
-7168 55749446
-7167 55880124
-7166 56005046
-7165 56237002
-7164 56199920
-7163 56286617
-7162 56551602
-7161 56833522
-7160 56688398
-7159 56891693
-7158 56939214
-7157 56875352
-7156 56896032
-7155 57128396
-7154 57171824
-7153 57350803
-7152 57553139
-7151 57591379
-7150 57529286
-7149 57787883
-7148 57867980
-7147 57800906
-7146 57977929
-7145 58092507
-7144 58351453
-7143 58433739
-7142 58499482
-7141 58464399
-7140 58608700
-7139 58723491
-7138 58726606
-7137 58848675
-7136 58897416
-7135 58867077
-7134 59105452
-7133 59349555
-7132 59218431
-7131 59214516
-7130 59217962
-7129 59219554
-7128 59392556
-7127 59299535
-7126 59511434
-7125 59650811
-7124 59588781
-7123 59617194
-7122 59626257
-7121 59759394
-7120 59885420
-7119 60061040
-7118 60268981
-7117 60376210
-7116 60303026
-7115 60370266
-7114 60512186
-7113 60569348
-7112 60545475
-7111 60603930
-7110 60757970
-7109 60842200
-7108 60786631
-7107 60755953
-7106 61034275
-7105 61048130
-7104 61102764
-7103 61241161
-7102 61292187
-7101 61183449
-7100 61091585
-7099 61098204
-7098 61207003
-7097 61263276
-7096 61299161
-7095 61272941
-7094 61329304
-7093 61334302
-7092 61249268
-7091 61394052
-7090 61407652
-7089 61298663
-7088 61474679
-7087 61571580
-7086 61660152
-7085 61685749
-7084 61694365
-7083 61690840
-7082 61559714
-7081 61807368
-7080 61643645
-7079 61959584
-7078 61792891
-7077 62064040
-7076 61901589
-7075 62199703
-7074 62120055
-7073 62010605
-7072 62011810
-7071 62000855
-7070 61779182
-7069 62060540
-7068 62029187
-7067 61961068
-7066 62092878
-7065 61990837
-7064 61859065
-7063 61908754
-7062 61913324
-7061 62214167
-7060 61897310
-7059 62420765
-7058 62126191
-7057 62313931
-7056 62389904
-7055 62370521
-7054 62214817
-7053 62311858
-7052 62292876
-7051 62393127
-7050 62343734
-7049 62202442
-7048 62389356
-7047 62280734
-7046 62141408
-7045 62161044
-7044 62083728
-7043 62080814
-7042 61862614
-7041 62051602
-7040 61812776
-7039 61768938
-7038 61630366
-7037 61745463
-7036 61763350
-7035 61549357
-7034 61430214
-7033 61391002
-7032 61282861
-7031 61183140
-7030 61142773
-7029 61091181
-7028 60947071
-7027 60894689
-7026 60793341
-7025 60770710
-7024 60718934
-7023 60668540
-7022 60611904
-7021 60458369
-7020 60287495
-7019 60389627
-7018 60306606
-7017 60272797
-7016 60180609
-7015 60132919
-7014 59885459
-7013 59921508
-7012 59847706
-7011 59612049
-7010 59728470
-7009 59638745
-7008 59612047
-7007 59551247
-7006 59552029
-7005 59620814
-7004 59347806
-7003 59350970
-7002 59292567
-7001 59145757
-7000 59121921
-6999 59112660
-6998 58977496
-6997 58798267
-6996 58846127
-6995 58755675
-6994 58731509
-6993 58592353
-6992 58593503
-6991 58510030
-6990 58605560
-6989 58465915
-6988 58379048
-6987 58402368
-6986 58206291
-6985 58062690
-6984 57822944
-6983 57643575
-6982 57630115
-6981 57464533
-6980 57071079
-6979 57040102
-6978 57013976
-6977 56841512
-6976 56669110
-6975 56553119
-6974 56495158
-6973 56327771
-6972 56361833
-6971 56035664
-6970 55845805
-6969 55916097
-6968 55572566
-6967 55658181
-6966 55498381
-6965 55450903
-6964 55242623
-6963 55087234
-6962 55002029
-6961 54784875
-6960 54588119
-6959 54483261
-6958 54292663
-6957 54191015
-6956 54025383
-6955 53869653
-6954 53870797
-6953 53676339
-6952 53488235
-6951 53400436
-6950 53294369
-6949 53063803
-6948 52915596
-6947 52677279
-6946 52469870
-6945 52363660
-6944 52055278
-6943 51882287
-6942 51623671
-6941 51626084
-6940 51430815
-6939 51359056
-6938 51112556
-6937 51054428
-6936 50769093
-6935 50544485
-6934 50327256
-6933 50138475
-6932 50133982
-6931 50019134
-6930 49910628
-6929 49731237
-6928 49599870
-6927 49233310
-6926 49286851
-6925 49133124
-6924 49016768
-6923 48662649
-6922 48439273
-6921 48328424
-6920 48197782
-6919 47963677
-6918 47768848
-6917 47470882
-6916 47160528
-6915 47226923
-6914 46780575
-6913 46573507
-6912 46530816
-6911 46288686
-6910 46181182
-6909 45960666
-6908 45702590
-6907 45583542
-6906 45399744
-6905 45060621
-6904 45021205
-6903 44895668
-6902 44570273
-6901 44275404
-6900 43996145
-6899 43909476
-6898 43433215
-6897 43502799
-6896 43237021
-6895 42861320
-6894 42713474
-6893 42441444
-6892 42224486
-6891 41956886
-6890 41655107
-6889 41479417
-6888 41464190
-6887 41102851
-6886 40926961
-6885 40554071
-6884 40385940
-6883 40145095
-6882 39999355
-6881 39848328
-6880 39537317
-6879 39401963
-6878 39017092
-6877 38925336
-6876 38670165
-6875 38518792
-6874 38309648
-6873 38158893
-6872 37857074
-6871 37632731
-6870 37397644
-6869 37285196
-6868 36951249
-6867 36685780
-6866 36343139
-6865 36185018
-6864 35916769
-6863 35634815
-6862 35551505
-6861 35288716
-6860 34914599
-6859 34735470
-6858 34571403
-6857 34286094
-6856 34053785
-6855 33772873
-6854 33534394
-6853 33374495
-6852 33235950
-6851 32970806
-6850 32646674
-6849 32359150
-6848 32153895
-6847 31895192
-6846 31716345
-6845 31573414
-6844 31318318
-6843 31141337
-6842 30823840
-6841 30714001
-6840 30421697
-6839 30122322
-6838 29965792
-6837 29699519
-6836 29548176
-6835 29347648
-6834 29114182
-6833 28891959
-6832 28576508
-6831 28401760
-6830 28199687
-6829 28006489
-6828 27838161
-6827 27524082
-6826 27263007
-6825 27269026
-6824 26978302
-6823 26797696
-6822 26570136
-6821 26350364
-6820 26136058
-6819 25857054
-6818 25529967
-6817 25472320
-6816 25344590
-6815 25009565
-6814 24788798
-6813 24665366
-6812 24451097
-6811 24279776
-6810 24191534
-6809 23971126
-6808 23754183
-6807 23573683
-6806 23270244
-6805 23128433
-6804 22907383
-6803 22724588
-6802 22521243
-6801 22168192
-6800 22049664
-6799 21877649
-6798 21663522
-6797 21348731
-6796 21208860
-6795 20929896
-6794 20758148
-6793 20490120
-6792 20328894
-6791 20055323
-6790 19853558
-6789 19637052
-6788 19476332
-6787 19464228
-6786 19122039
-6785 18981356
-6784 18868003
-6783 18725922
-6782 18485060
-6781 18334763
-6780 18185519
-6779 18009063
-6778 17801257
-6777 17627651
-6776 17432102
-6775 17279088
-6774 17068106
-6773 16881015
-6772 16617992
-6771 16419655
-6770 16263739
-6769 16173519
-6768 15922744
-6767 15699554
-6766 15617611
-6765 15474076
-6764 15208957
-6763 15046539
-6762 14880382
-6761 14783850
-6760 14563022
-6759 14440442
-6758 14338343
-6757 14126611
-6756 14050701
-6755 13980178
-6754 13659605
-6753 13566903
-6752 13412339
-6751 13336148
-6750 13151855
-6749 13031926
-6748 12821284
-6747 12741901
-6746 12447935
-6745 12310326
-6744 12197930
-6743 12130405
-6742 12010196
-6741 11943638
-6740 11811039
-6739 11732808
-6738 11619936
-6737 11446360
-6736 11386176
-6735 11229668
-6734 11081087
-6733 10963764
-6732 10876690
-6731 10700030
-6730 10550503
-6729 10388188
-6728 10236802
-6727 10103663
-6726 9950215
-6725 9856570
-6724 9708980
-6723 9597065
-6722 9502224
-6721 9330244
-6720 9196205
-6719 9122434
-6718 9011640
-6717 8893878
-6716 8807975
-6715 8656940
-6714 8617241
-6713 8504792
-6712 8417041
-6711 8304731
-6710 8226806
-6709 8163757
-6708 8069733
-6707 7951179
-6706 7865861
-6705 7751780
-6704 7670018
-6703 7636709
-6702 7540867
-6701 7410327
-6700 7330377
-6699 7310047
-6698 7206901
-6697 7176431
-6696 7076774
-6695 7004432
-6694 6973606
-6693 6865574
-6692 6785121
-6691 6708912
-6690 6592059
-6689 6489816
-6688 6442859
-6687 6389526
-6686 6324006
-6685 6252242
-6684 6164703
-6683 6049655
-6682 5964625
-6681 5927718
-6680 5845474
-6679 5776726
-6678 5701409
-6677 5677999
-6676 5617929
-6675 5551521
-6674 5519962
-6673 5425628
-6672 5359844
-6671 5239989
-6670 5247692
-6669 5160054
-6668 5144786
-6667 5087246
-6666 5009613
-6665 5005018
-6664 4908344
-6663 4870067
-6662 4830313
-6661 4803159
-6660 4762048
-6659 4709785
-6658 4638804
-6657 4593229
-6656 4554508
-6655 4525176
-6654 4495360
-6653 4373233
-6652 4322908
-6651 4324933
-6650 4200819
-6649 4181785
-6648 4101285
-6647 4064750
-6646 4036656
-6645 3976652
-6644 3925945
-6643 3876592
-6642 3827053
-6641 3780482
-6640 3758761
-6639 3719941
-6638 3662031
-6637 3645501
-6636 3591558
-6635 3536967
-6634 3499059
-6633 3473701
-6632 3410746
-6631 3395356
-6630 3363691
-6629 3280219
-6628 3232319
-6627 3210066
-6626 3185456
-6625 3201834
-6624 3109460
-6623 3087482
-6622 3049761
-6621 3022554
-6620 2990988
-6619 2957749
-6618 2890806
-6617 2851560
-6616 2837217
-6615 2763698
-6614 2715225
-6613 2702589
-6612 2687564
-6611 2632856
-6610 2635402
-6609 2569448
-6608 2586108
-6607 2517914
-6606 2509152
-6605 2492967
-6604 2468533
-6603 2435399
-6602 2412628
-6601 2371024
-6600 2371945
-6599 2305138
-6598 2308239
-6597 2267121
-6596 2264505
-6595 2244422
-6594 2183161
-6593 2178198
-6592 2118075
-6591 2114809
-6590 2075551
-6589 2058069
-6588 2021664
-6587 2008734
-6586 1972182
-6585 1972220
-6584 1934120
-6583 1939241
-6582 1935826
-6581 1895531
-6580 1884950
-6579 1846976
-6578 1843527
-6577 1798887
-6576 1793400
-6575 1737749
-6574 1708642
-6573 1699358
-6572 1671414
-6571 1676162
-6570 1640613
-6569 1652957
-6568 1612245
-6567 1608136
-6566 1556055
-6565 1533836
-6564 1503384
-6563 1459604
-6562 1434355
-6561 1426699
-6560 1401338
-6559 1393557
-6558 1380967
-6557 1334341
-6556 1311742
-6555 1275360
-6554 1286020
-6553 1257745
-6552 1226998
-6551 1217255
-6550 1200196
-6549 1190490
-6548 1204941
-6547 1159156
-6546 1141732
-6545 1153465
-6544 1125275
-6543 1113606
-6542 1120524
-6541 1084631
-6540 1079881
-6539 1062230
-6538 1053188
-6537 1030635
-6536 1035236
-6535 991447
-6534 969825
-6533 971987
-6532 962315
-6531 938460
-6530 931172
-6529 892221
-6528 902598
-6527 858348
-6526 865364
-6525 828755
-6524 837845
-6523 822371
-6522 808382
-6521 792382
-6520 780743
-6519 769705
-6518 741122
-6517 733321
-6516 722433
-6515 708701
-6514 704883
-6513 690188
-6512 685835
-6511 670940
-6510 672221
-6509 665551
-6508 683919
-6507 666884
-6506 664840
-6505 630263
-6504 630794
-6503 637283
-6502 618648
-6501 606987
-6500 590014
-6499 574220
-6498 580671
-6497 547838
-6496 535691
-6495 534195
-6494 519568
-6493 517759
-6492 497945
-6491 509167
-6490 500302
-6489 487197
-6488 465324
-6487 467752
-6486 459097
-6485 449118
-6484 435635
-6483 424286
-6482 424595
-6481 422917
-6480 401473
-6479 396776
-6478 400670
-6477 394291
-6476 380883
-6475 375289
-6474 367993
-6473 352786
-6472 354661
-6471 348849
-6470 345519
-6469 323342
-6468 328080
-6467 319110
-6466 313616
-6465 312049
-6464 308574
-6463 304095
-6462 309505
-6461 308389
-6460 300551
-6459 311022
-6458 310377
-6457 307604
-6456 316385
-6455 305953
-6454 298753
-6453 291593
-6452 299507
-6451 291843
-6450 292968
-6449 290613
-6448 288506
-6447 265329
-6446 269898
-6445 270788
-6444 245259
-6443 250578
-6442 241552
-6441 243630
-6440 250811
-6439 239843
-6438 240626
-6437 236028
-6436 242174
-6435 244452
-6434 226960
-6433 227117
-6432 219727
-6431 224434
-6430 219106
-6429 210195
-6428 213888
-6427 215959
-6426 200328
-6425 186318
-6424 183661
-6423 176185
-6422 171563
-6421 175092
-6420 162696
-6419 170058
-6418 161644
-6417 150843
-6416 150093
-6415 142197
-6414 138195
-6413 140168
-6412 139622
-6411 125672
-6410 128053
-6409 114014
-6408 115717
-6407 111161
-6406 109963
-6405 110896
-6404 105212
-6403 105270
-6402 95983
-6401 102842
-6400 98767
-6399 98760
-6398 98700
-6397 91984
-6396 88692
-6395 91497
-6394 82137
-6393 81235
-6392 84177
-6391 84594
-6390 78198
-6389 76023
-6388 78631
-6387 80475
-6386 76987
-6385 75834
-6384 79106
-6383 81950
-6382 72746
-6381 77975
-6380 72439
-6379 64427
-6378 70712
-6377 63427
-6376 64776
-6375 62313
-6374 58499
-6373 62116
-6372 62646
-6371 61388
-6370 60479
-6369 57951
-6368 54228
-6367 60248
-6366 58021
-6365 55911
-6364 54841
-6363 55897
-6362 51428
-6361 49337
-6360 49717
-6359 45955
-6358 45005
-6357 43642
-6356 46368
-6355 43099
-6354 42726
-6353 41129
-6352 39890
-6351 40052
-6350 38113
-6349 37709
-6348 34905
-6347 35906
-6346 31536
-6345 33847
-6344 31540
-6343 29620
-6342 27067
-6341 27993
-6340 28283
-6339 25423
-6338 28216
-6337 26063
-6336 26179
-6335 25334
-6334 24621
-6333 24174
-6332 23468
-6331 23528
-6330 20861
-6329 19730
-6328 18730
-6327 17828
-6326 14900
-6325 15603
-6324 14732
-6323 15288
-6322 13327
-6321 13459
-6320 12670
-6319 12008
-6318 14379
-6317 12768
-6316 14659
-6315 12442
-6314 12674
-6313 14296
-6312 14382
-6311 12508
-6310 12701
-6309 10689
-6308 11993
-6307 8980
-6306 7264
-6305 7417
-6304 8521
-6303 7564
-6302 5604
-6301 4854
-6300 5810
-6299 6316
-6298 5566
-6297 4674
-6296 7023
-6295 4703
-6294 6090
-6293 4732
-6292 4366
-6291 4179
-6290 3775
-6289 3612
-6288 2765
-6287 2050
-6286 2575
-6285 3223
-6284 2467
-6283 2082
-6282 3176
-6281 3968
-6280 2210
-6279 2498
-6278 2490
-6277 2372
-6276 1719
-6275 1959
-6274 2353
-6273 1812
-6272 1556
-6271 1366
-6270 823
-6269 929
-6268 673
-6267 567
-6266 591
-6265 405
-6264 815
-6263 877
-6262 557
-6261 698
-6260 458
-6259 202
-6258 468
-6257 676
-6256 269
-6255 181
-6254 238
-6253 148
-6252 383
-6251 463
-6250 419
-6249 276
-6248 356
-6247 492
-6246 262
-6245 267
-6244 138
-6243 44
-6242 190
-6241 174
-6240 340
-6239 12
-6238 4
-6237 273
-6236 211
-6235 20
-6234 108
-6233 111
-6232 14
