N J h steps 
4000 0.836 0 38000000000
-3898 3087
-3896 1450
-3894 3085
-3892 9244
-3890 248
-3888 188
-3886 8842
-3884 7888
-3882 6769
-3880 5720
-3878 2786
-3876 2746
-3874 2143
-3872 14253
-3870 11986
-3868 22124
-3866 27883
-3864 12274
-3862 10402
-3860 5139
-3858 6354
-3856 6076
-3854 6296
-3852 5888
-3850 10121
-3848 16281
-3846 19118
-3844 9096
-3842 15209
-3840 33886
-3838 40095
-3836 44159
-3834 60931
-3832 41069
-3830 28026
-3828 44058
-3826 70215
-3824 50435
-3822 52222
-3820 38956
-3818 69255
-3816 81758
-3814 92813
-3812 107060
-3810 128080
-3808 130276
-3806 98529
-3804 97663
-3802 83413
-3800 76061
-3798 114414
-3796 127550
-3794 123407
-3792 148020
-3790 136268
-3788 170393
-3786 210841
-3784 231120
-3782 212017
-3780 196642
-3778 217769
-3776 190149
-3774 165436
-3772 262145
-3770 262394
-3768 284008
-3766 310842
-3764 285892
-3762 305457
-3760 344003
-3758 350247
-3756 372170
-3754 364780
-3752 386979
-3750 366708
-3748 361354
-3746 374088
-3744 393308
-3742 477816
-3740 440229
-3738 468545
-3736 441497
-3734 437567
-3732 480106
-3730 396220
-3728 494921
-3726 459984
-3724 536207
-3722 571423
-3720 547144
-3718 594775
-3716 626506
-3714 593568
-3712 640401
-3710 653268
-3708 726724
-3706 704044
-3704 820803
-3702 809573
-3700 707346
-3698 793351
-3696 823671
-3694 887595
-3692 823519
-3690 851860
-3688 819032
-3686 919569
-3684 943601
-3682 851461
-3680 871977
-3678 891403
-3676 933407
-3674 1004460
-3672 984787
-3670 1099086
-3668 1121129
-3666 1065904
-3664 1130151
-3662 1189347
-3660 1216675
-3658 1245454
-3656 1123183
-3654 1168841
-3652 1302800
-3650 1216495
-3648 1220848
-3646 1413261
-3644 1405753
-3642 1453678
-3640 1455775
-3638 1442136
-3636 1457586
-3634 1540762
-3632 1536175
-3630 1563138
-3628 1654379
-3626 1489535
-3624 1692742
-3622 1584740
-3620 1551443
-3618 1512267
-3616 1735375
-3614 1708627
-3612 1764322
-3610 1772723
-3608 1763220
-3606 1734985
-3604 1846355
-3602 1854873
-3600 1859734
-3598 1778003
-3596 1868077
-3594 1923517
-3592 1998621
-3590 2003715
-3588 1908112
-3586 2030637
-3584 2009273
-3582 1982349
-3580 2010487
-3578 2095886
-3576 2137375
-3574 2068439
-3572 2031067
-3570 2050927
-3568 2336260
-3566 2268668
-3564 2302232
-3562 2338982
-3560 2473826
-3558 2614153
-3556 2502264
-3554 2537909
-3552 2315634
-3550 2588040
-3548 2651426
-3546 2585509
-3544 2672423
-3542 2650816
-3540 2714123
-3538 2962113
-3536 2839828
-3534 2820374
-3532 2714794
-3530 2911163
-3528 2759394
-3526 2903512
-3524 2912326
-3522 2951801
-3520 2864273
-3518 3001912
-3516 3021799
-3514 3205166
-3512 2988568
-3510 3061986
-3508 3068804
-3506 3088709
-3504 3364396
-3502 3246800
-3500 3358846
-3498 3319759
-3496 3387569
-3494 3517817
-3492 3579277
-3490 3664948
-3488 3634358
-3486 3438820
-3484 3589436
-3482 3451430
-3480 3615109
-3478 3659458
-3476 3571895
-3474 3538654
-3472 3498692
-3470 3553631
-3468 3557485
-3466 3600274
-3464 3602878
-3462 3761395
-3460 3890832
-3458 4007084
-3456 3656332
-3454 3788533
-3452 3830836
-3450 3728061
-3448 3929660
-3446 3990494
-3444 3905453
-3442 3912535
-3440 3962215
-3438 4075045
-3436 4120414
-3434 4013644
-3432 4121940
-3430 4256763
-3428 4365299
-3426 4258604
-3424 4349706
-3422 4403102
-3420 4303895
-3418 4432428
-3416 4389434
-3414 4373549
-3412 4289688
-3410 4339116
-3408 4283112
-3406 4401735
-3404 4677465
-3402 4650760
-3400 4645719
-3398 4824619
-3396 4885918
-3394 4755499
-3392 4781895
-3390 4668136
-3388 4729421
-3386 4711932
-3384 4726143
-3382 4745302
-3380 4907358
-3378 5047313
-3376 5092779
-3374 5053684
-3372 5045415
-3370 5217537
-3368 5055914
-3366 4789313
-3364 4974647
-3362 4864574
-3360 5130828
-3358 5291263
-3356 5257291
-3354 4957938
-3352 5271873
-3350 5214987
-3348 5096404
-3346 5323021
-3344 5133977
-3342 5278293
-3340 5123156
-3338 5105303
-3336 5300875
-3334 5120342
-3332 5250067
-3330 5223344
-3328 5156116
-3326 5238833
-3324 5284516
-3322 5497025
-3320 5294047
-3318 5441512
-3316 5685749
-3314 5571332
-3312 5461523
-3310 5310445
-3308 5514850
-3306 5510691
-3304 5709471
-3302 5489800
-3300 5571594
-3298 5581355
-3296 5655655
-3294 5643412
-3292 5673857
-3290 5723108
-3288 5667704
-3286 5595348
-3284 5589345
-3282 5684143
-3280 5767879
-3278 5781778
-3276 5891349
-3274 5844160
-3272 5842466
-3270 5822086
-3268 5950357
-3266 5645862
-3264 5800699
-3262 5730055
-3260 5940830
-3258 5956698
-3256 6000889
-3254 6052686
-3252 5991868
-3250 6153495
-3248 6097043
-3246 6235014
-3244 6083158
-3242 6075083
-3240 6148810
-3238 6162655
-3236 6165140
-3234 6149578
-3232 6113763
-3230 6386661
-3228 6554365
-3226 6499528
-3224 6338965
-3222 6397226
-3220 6386399
-3218 6292324
-3216 6520212
-3214 6445594
-3212 6445394
-3210 6819210
-3208 6865442
-3206 6645078
-3204 6563916
-3202 6761249
-3200 6746416
-3198 6696420
-3196 6690515
-3194 6549952
-3192 6513932
-3190 6509512
-3188 6856794
-3186 6809041
-3184 6581572
-3182 6548420
-3180 6554975
-3178 6543582
-3176 6752776
-3174 6627562
-3172 6611571
-3170 6500329
-3168 6712761
-3166 6653300
-3164 6581620
-3162 6789361
-3160 6755815
-3158 6800022
-3156 6910233
-3154 7082885
-3152 7059559
-3150 6969237
-3148 6868809
-3146 6911703
-3144 6982682
-3142 6943729
-3140 6857989
-3138 6890123
-3136 6987125
-3134 7047200
-3132 7127682
-3130 7278660
-3128 6957730
-3126 7055353
-3124 7239252
-3122 7124179
-3120 7011085
-3118 7283466
-3116 7217745
-3114 7114687
-3112 7082331
-3110 7114616
-3108 7003790
-3106 6992342
-3104 7209010
-3102 7312473
-3100 7299326
-3098 7442942
-3096 7453714
-3094 7609962
-3092 7343679
-3090 7357566
-3088 7204906
-3086 7349014
-3084 7229143
-3082 7386217
-3080 7472279
-3078 7432522
-3076 7497518
-3074 7342473
-3072 7522894
-3070 7468291
-3068 7311444
-3066 7483195
-3064 7287603
-3062 7484091
-3060 7412460
-3058 7566286
-3056 7383442
-3054 7336201
-3052 7426431
-3050 7392294
-3048 7535231
-3046 7576617
-3044 7650354
-3042 7713759
-3040 7818119
-3038 7666931
-3036 7616957
-3034 7842760
-3032 7707642
-3030 7509072
-3028 7766397
-3026 7636093
-3024 7533089
-3022 7617449
-3020 7619736
-3018 7653191
-3016 7628897
-3014 7767336
-3012 7920031
-3010 7858712
-3008 7922626
-3006 7740087
-3004 7949854
-3002 7854800
-3000 7944648
-2998 7763538
-2996 7807322
-2994 7722953
-2992 7929922
-2990 8020583
-2988 7898556
-2986 7902306
-2984 7923616
-2982 7965222
-2980 8116556
-2978 8033835
-2976 8220762
-2974 8035257
-2972 8075003
-2970 8044157
-2968 7985181
-2966 8043078
-2964 8062582
-2962 8125237
-2960 8201416
-2958 8164422
-2956 8210300
-2954 8220430
-2952 8209696
-2950 8189870
-2948 8137057
-2946 7824389
-2944 8018022
-2942 8115010
-2940 8200461
-2938 8192712
-2936 8319431
-2934 8111338
-2932 8164331
-2930 8139297
-2928 8133221
-2926 8257103
-2924 8096348
-2922 8197841
-2920 8126818
-2918 8226005
-2916 8198942
-2914 8391945
-2912 8344953
-2910 8355130
-2908 8486390
-2906 8426527
-2904 8256830
-2902 8141707
-2900 8031392
-2898 8112747
-2896 8213039
-2894 8279823
-2892 8271961
-2890 8218375
-2888 8345289
-2886 8179442
-2884 8380884
-2882 8267533
-2880 8285926
-2878 8379157
-2876 8262246
-2874 8332760
-2872 8410037
-2870 8238148
-2868 8438042
-2866 8471543
-2864 8447807
-2862 8254118
-2860 8525998
-2858 8428043
-2856 8536158
-2854 8546096
-2852 8588059
-2850 8446417
-2848 8635270
-2846 8467313
-2844 8756649
-2842 8726355
-2840 8428874
-2838 8539173
-2836 8561962
-2834 8674007
-2832 8657306
-2830 8599137
-2828 8398774
-2826 8467345
-2824 8549961
-2822 8635777
-2820 8519645
-2818 8498465
-2816 8673462
-2814 8671036
-2812 8505728
-2810 8615918
-2808 8528927
-2806 8499124
-2804 8554146
-2802 8626733
-2800 8596153
-2798 8518802
-2796 8468910
-2794 8608656
-2792 8664159
-2790 8687668
-2788 8757856
-2786 8656816
-2784 8572991
-2782 8732462
-2780 8574982
-2778 8538266
-2776 8725253
-2774 8692770
-2772 8786026
-2770 8699377
-2768 8614405
-2766 8848430
-2764 8866282
-2762 8819680
-2760 8757465
-2758 8833907
-2756 8792047
-2754 8847839
-2752 8879400
-2750 8912535
-2748 9096210
-2746 9030173
-2744 8893614
-2742 8887938
-2740 8847030
-2738 8986010
-2736 8918288
-2734 8928546
-2732 8853544
-2730 8853812
-2728 8833074
-2726 8929489
-2724 8948526
-2722 8784761
-2720 8984225
-2718 9111396
-2716 9094173
-2714 8858271
-2712 8842609
-2710 8885376
-2708 8981325
-2706 9115895
-2704 9245818
-2702 9148766
-2700 9394352
-2698 9306957
-2696 9393352
-2694 9142984
-2692 9144365
-2690 9329980
-2688 9192531
-2686 9004005
-2684 9209616
-2682 9087991
-2680 9113284
-2678 9313180
-2676 9511263
-2674 9177273
-2672 9210012
-2670 8969289
-2668 9060162
-2666 9241903
-2664 9187672
-2662 9458351
-2660 9400849
-2658 9465366
-2656 9208153
-2654 9173130
-2652 9136580
-2650 9311767
-2648 9297181
-2646 9253211
-2644 9355264
-2642 9341259
-2640 9191335
-2638 9320274
-2636 9291352
-2634 9277653
-2632 9167782
-2630 9244621
-2628 9496404
-2626 9247593
-2624 9181595
-2622 9297392
-2620 9412304
-2618 9481551
-2616 9489520
-2614 9591967
-2612 9586689
-2610 9490253
-2608 9601939
-2606 9436296
-2604 9553439
-2602 9503011
-2600 9376126
-2598 9636266
-2596 9666118
-2594 9583944
-2592 9595200
-2590 9709544
-2588 9634664
-2586 9461670
-2584 9488102
-2582 9333360
-2580 9627097
-2578 9699648
-2576 9717736
-2574 9693989
-2572 9527287
-2570 9514695
-2568 9764217
-2566 9854052
-2564 9727130
-2562 10024728
-2560 9609874
-2558 9681924
-2556 9462452
-2554 9246528
-2552 9337931
-2550 9249550
-2548 9466339
-2546 9677019
-2544 9765481
-2542 9573137
-2540 9442255
-2538 9576078
-2536 9486266
-2534 9639248
-2532 9777096
-2530 9772021
-2528 9699606
-2526 9767772
-2524 9681679
-2522 9797031
-2520 9711835
-2518 9631454
-2516 9660521
-2514 9692363
-2512 9874036
-2510 9854922
-2508 9940754
-2506 9955495
-2504 9977311
-2502 9941471
-2500 9866960
-2498 9768768
-2496 9852559
-2494 9846141
-2492 9879708
-2490 10044913
-2488 9751661
-2486 9789372
-2484 10074083
-2482 9958674
-2480 10008988
-2478 9930629
-2476 9915629
-2474 9868863
-2472 9920354
-2470 9733203
-2468 9894336
-2466 10072641
-2464 9806897
-2462 10132627
-2460 10111401
-2458 10224297
-2456 10082560
-2454 10147828
-2452 10163070
-2450 9939716
-2448 10192869
-2446 10210091
-2444 10110279
-2442 9951496
-2440 10098708
-2438 10071435
-2436 10019937
-2434 9793835
-2432 10086946
-2430 10173622
-2428 9983856
-2426 10075884
-2424 10292344
-2422 10152769
-2420 10135698
-2418 10268617
-2416 10209661
-2414 10200360
-2412 10273209
-2410 10260411
-2408 10116943
-2406 10098974
-2404 10166622
-2402 10055776
-2400 10213908
-2398 10342016
-2396 10278957
-2394 10183734
-2392 10045671
-2390 10291172
-2388 10045785
-2386 10123141
-2384 10050363
-2382 10082171
-2380 10183536
-2378 10237563
-2376 10298878
-2374 10260652
-2372 10245279
-2370 10076635
-2368 10170935
-2366 10252026
-2364 10361560
-2362 10103560
-2360 10238493
-2358 10199338
-2356 10272134
-2354 10304890
-2352 10271026
-2350 10179791
-2348 10357226
-2346 10363150
-2344 10447946
-2342 10489735
-2340 10474735
-2338 10385974
-2336 10810605
-2334 10557244
-2332 10422606
-2330 10510470
-2328 10554901
-2326 10429797
-2324 10475787
-2322 10474539
-2320 10435477
-2318 10380078
-2316 10273736
-2314 10293669
-2312 10313618
-2310 10438295
-2308 10460076
-2306 10616286
-2304 10409379
-2302 10567001
-2300 10631769
-2298 10856124
-2296 10712968
-2294 10607373
-2292 10532831
-2290 10692664
-2288 10656732
-2286 10542180
-2284 10589403
-2282 10642600
-2280 10641019
-2278 10574038
-2276 10680441
-2274 10621602
-2272 10652357
-2270 10498350
-2268 10442250
-2266 10646451
-2264 10486504
-2262 10610332
-2260 10513832
-2258 10571259
-2256 10655284
-2254 10869189
-2252 10688641
-2250 10636796
-2248 10574083
-2246 10600121
-2244 10746359
-2242 10575854
-2240 10533322
-2238 10521397
-2236 10432742
-2234 10482376
-2232 10620542
-2230 10573698
-2228 10594179
-2226 10483186
-2224 10443746
-2222 10352278
-2220 10311553
-2218 10379204
-2216 10390011
-2214 10569043
-2212 10719882
-2210 10767685
-2208 11028401
-2206 10840506
-2204 10852632
-2202 10916707
-2200 10905656
-2198 10702286
-2196 10606215
-2194 10654796
-2192 10609163
-2190 10644574
-2188 10692175
-2186 10689657
-2184 10700767
-2182 10781706
-2180 10670899
-2178 10790334
-2176 10728359
-2174 10649852
-2172 11011203
-2170 10982276
-2168 10835282
-2166 10815370
-2164 10956430
-2162 10959221
-2160 11067749
-2158 10969012
-2156 10890014
-2154 11005177
-2152 10943402
-2150 10822935
-2148 10900814
-2146 10857275
-2144 10830100
-2142 11037197
-2140 10844990
-2138 10936003
-2136 10895537
-2134 11110877
-2132 10948280
-2130 10877772
-2128 10909581
-2126 10977899
-2124 10820684
-2122 10895913
-2120 10834042
-2118 11041324
-2116 10949100
-2114 10910849
-2112 10967267
-2110 10937560
-2108 10665358
-2106 10854726
-2104 10770568
-2102 10891686
-2100 10928558
-2098 10930501
-2096 11012424
-2094 10733163
-2092 10851736
-2090 11070444
-2088 10974917
-2086 10902511
-2084 10846196
-2082 10938003
-2080 11026427
-2078 10995959
-2076 10912973
-2074 10981182
-2072 10890834
-2070 10934557
-2068 11021719
-2066 11000608
-2064 11114835
-2062 11041040
-2060 10908350
-2058 10977351
-2056 10910639
-2054 10996928
-2052 10915881
-2050 11047024
-2048 10948676
-2046 10978039
-2044 11038792
-2042 11316041
-2040 11330581
-2038 11092762
-2036 11039935
-2034 11157432
-2032 11113706
-2030 11053101
-2028 10883204
-2026 11187573
-2024 10973694
-2022 11247582
-2020 11105947
-2018 11115808
-2016 11169850
-2014 10924672
-2012 11117402
-2010 11202096
-2008 11167932
-2006 11265364
-2004 11073914
-2002 11054632
-2000 11174089
-1998 11253033
-1996 11254565
-1994 11439315
-1992 11439046
-1990 11261933
-1988 11572279
-1986 11343646
-1984 11365221
-1982 11290377
-1980 11173314
-1978 11259146
-1976 11176174
-1974 11205274
-1972 11456484
-1970 11522676
-1968 11365834
-1966 11560956
-1964 11345610
-1962 11425957
-1960 11327296
-1958 11270457
-1956 11241438
-1954 11194496
-1952 11395590
-1950 11300778
-1948 11331106
-1946 11347612
-1944 11325782
-1942 11288233
-1940 11443173
-1938 11303472
-1936 11680850
-1934 11314146
-1932 11314238
-1930 11282698
-1928 11138158
-1926 11313003
-1924 11141850
-1922 11272898
-1920 11254097
-1918 11204850
-1916 11244485
-1914 11366287
-1912 11257898
-1910 11377172
-1908 11523776
-1906 11333337
-1904 11436990
-1902 11372623
-1900 11336372
-1898 11255908
-1896 11235662
-1894 11276295
-1892 11402447
-1890 11329108
-1888 11426469
-1886 11219970
-1884 11298946
-1882 11310870
-1880 11148255
-1878 11292426
-1876 11271479
-1874 11410728
-1872 11260943
-1870 11338364
-1868 11171121
-1866 11098429
-1864 11530409
-1862 11349195
-1860 11445933
-1858 11411582
-1856 11299412
-1854 11313472
-1852 11509697
-1850 11337080
-1848 11412423
-1846 11445431
-1844 11669383
-1842 11511074
-1840 11708185
-1838 11539532
-1836 11643086
-1834 11826042
-1832 11549231
-1830 11605272
-1828 11698022
-1826 11779345
-1824 11609744
-1822 11722363
-1820 11595323
-1818 11688952
-1816 11609404
-1814 11644378
-1812 11542807
-1810 11541871
-1808 11496452
-1806 11421617
-1804 11450428
-1802 11678821
-1800 11506826
-1798 11358289
-1796 11440780
-1794 11340112
-1792 11543930
-1790 11451888
-1788 11418489
-1786 11302894
-1784 11287673
-1782 11444682
-1780 11503125
-1778 11461219
-1776 11703504
-1774 11486245
-1772 11451286
-1770 11583319
-1768 11441234
-1766 11756087
-1764 11842721
-1762 11803004
-1760 11600493
-1758 11758771
-1756 11749667
-1754 11736806
-1752 11851658
-1750 11562404
-1748 11489175
-1746 11654737
-1744 11695875
-1742 11604100
-1740 11473611
-1738 11475204
-1736 11553248
-1734 11610587
-1732 11664456
-1730 11737253
-1728 11679651
-1726 11931634
-1724 11941006
-1722 11918359
-1720 11806213
-1718 11822409
-1716 11817387
-1714 11687334
-1712 11802405
-1710 11772752
-1708 11752033
-1706 11718818
-1704 11776422
-1702 11842659
-1700 11881701
-1698 11826929
-1696 11809759
-1694 11873949
-1692 11831903
-1690 11748551
-1688 11904322
-1686 11763827
-1684 11911364
-1682 11975046
-1680 11822686
-1678 11873352
-1676 11825412
-1674 11846680
-1672 11736470
-1670 11768842
-1668 11676138
-1666 11790998
-1664 11760562
-1662 11806151
-1660 11781209
-1658 11702406
-1656 11875957
-1654 11944478
-1652 11867444
-1650 12056351
-1648 11857872
-1646 11806860
-1644 11942454
-1642 11961948
-1640 11977890
-1638 12114639
-1636 11744210
-1634 11756148
-1632 11866844
-1630 11894546
-1628 11839649
-1626 11923571
-1624 11921374
-1622 11712455
-1620 11818172
-1618 11978492
-1616 11842699
-1614 11697449
-1612 11805093
-1610 11723588
-1608 11792978
-1606 11905590
-1604 11729103
-1602 11608139
-1600 11756650
-1598 11963389
-1596 11711694
-1594 11759649
-1592 11834120
-1590 11764459
-1588 11645571
-1586 11691058
-1584 11692504
-1582 11677376
-1580 11685659
-1578 11531059
-1576 11587869
-1574 11608178
-1572 11840341
-1570 11785577
-1568 11762980
-1566 11742834
-1564 12040867
-1562 11786779
-1560 11883704
-1558 11816313
-1556 11831712
-1554 11908705
-1552 11936195
-1550 11945365
-1548 11952997
-1546 11862748
-1544 11894895
-1542 11872354
-1540 11927722
-1538 11942611
-1536 11887044
-1534 11833269
-1532 11802191
-1530 11880180
-1528 11735175
-1526 12071122
-1524 11959935
-1522 11908013
-1520 11902239
-1518 11877787
-1516 11822492
-1514 11837564
-1512 11742283
-1510 11951022
-1508 12047927
-1506 11889018
-1504 11686573
-1502 11623169
-1500 11897940
-1498 11991276
-1496 11971110
-1494 11928209
-1492 11838716
-1490 12014934
-1488 12027007
-1486 11928639
-1484 12118801
-1482 11942390
-1480 11967361
-1478 12209156
-1476 11800649
-1474 11964279
-1472 12132097
-1470 12199753
-1468 12188768
-1466 12235705
-1464 12057207
-1462 12237800
-1460 12262541
-1458 12232066
-1456 12239292
-1454 12081616
-1452 12118000
-1450 12176148
-1448 12380558
-1446 12265695
-1444 12099403
-1442 12102517
-1440 12412141
-1438 12232155
-1436 12197456
-1434 12202892
-1432 12184385
-1430 12166133
-1428 12093084
-1426 12068423
-1424 12214444
-1422 12402247
-1420 12359402
-1418 12313263
-1416 12314522
-1414 12141190
-1412 12270927
-1410 12295074
-1408 12284641
-1406 12212571
-1404 12245368
-1402 12198128
-1400 12081122
-1398 12056352
-1396 12154580
-1394 12162249
-1392 12173008
-1390 12086872
-1388 12391543
-1386 12155416
-1384 12288396
-1382 12184481
-1380 12283740
-1378 12186485
-1376 12329259
-1374 12311960
-1372 12330566
-1370 12398167
-1368 12455251
-1366 12313281
-1364 12372558
-1362 12398414
-1360 12494492
-1358 12553747
-1356 12378877
-1354 12525617
-1352 12413020
-1350 12249230
-1348 12371477
-1346 12316750
-1344 12235893
-1342 12350804
-1340 12250368
-1338 12368947
-1336 12359198
-1334 12081605
-1332 12181405
-1330 12351423
-1328 12228874
-1326 12454297
-1324 12173481
-1322 12269251
-1320 12231216
-1318 12354557
-1316 12233326
-1314 12203764
-1312 12434396
-1310 12319905
-1308 12452804
-1306 12521386
-1304 12487419
-1302 12393448
-1300 12301254
-1298 12313697
-1296 12370090
-1294 12450209
-1292 12405116
-1290 12488340
-1288 12527234
-1286 12580064
-1284 12418821
-1282 12435540
-1280 12325668
-1278 12392166
-1276 12436452
-1274 12265075
-1272 12162112
-1270 12293094
-1268 12430965
-1266 12210070
-1264 12159673
-1262 12331947
-1260 12341901
-1258 12358148
-1256 12197698
-1254 12421986
-1252 12399022
-1250 12323596
-1248 12368163
-1246 12417796
-1244 12510131
-1242 12396891
-1240 12281248
-1238 12299236
-1236 12528826
-1234 12133234
-1232 12360199
-1230 12204924
-1228 12187757
-1226 12225423
-1224 12313641
-1222 12255984
-1220 12299414
-1218 12192409
-1216 12348879
-1214 12312074
-1212 12394054
-1210 12313072
-1208 12409944
-1206 12638704
-1204 12464748
-1202 12411007
-1200 12480689
-1198 12454599
-1196 12510483
-1194 12603348
-1192 12358022
-1190 12497687
-1188 12254249
-1186 12326929
-1184 12270585
-1182 12410793
-1180 12374889
-1178 12276286
-1176 12541425
-1174 12569456
-1172 12412507
-1170 12432811
-1168 12374737
-1166 12479579
-1164 12549261
-1162 12429070
-1160 12377629
-1158 12342313
-1156 12394521
-1154 12195713
-1152 12284434
-1150 12441476
-1148 12492976
-1146 12558384
-1144 12590898
-1142 12525698
-1140 12417844
-1138 12365822
-1136 12443925
-1134 12362745
-1132 12416854
-1130 12503967
-1128 12563169
-1126 12694768
-1124 12581796
-1122 12581650
-1120 12603834
-1118 12608615
-1116 12731412
-1114 12381733
-1112 12235342
-1110 12370126
-1108 12486121
-1106 12622207
-1104 12552948
-1102 12504142
-1100 12476882
-1098 12387738
-1096 12491667
-1094 12424178
-1092 12398894
-1090 12319616
-1088 12389904
-1086 12449247
-1084 12388871
-1082 12454643
-1080 12233399
-1078 12144393
-1076 12551090
-1074 12544835
-1072 12328463
-1070 12484884
-1068 12382445
-1066 12407931
-1064 12349326
-1062 12580541
-1060 12503098
-1058 12318937
-1056 12287333
-1054 12657026
-1052 12402516
-1050 12429241
-1048 12394984
-1046 12321899
-1044 12479844
-1042 12281583
-1040 12428926
-1038 12474255
-1036 12449454
-1034 12537952
-1032 12356744
-1030 12383123
-1028 12472442
-1026 12521138
-1024 12472749
-1022 12597824
-1020 12510855
-1018 12640945
-1016 12543349
-1014 12628225
-1012 12674781
-1010 12829478
-1008 12670700
-1006 12745548
-1004 12843493
-1002 12770904
-1000 12616922
-998 12824651
-996 12591818
-994 12746921
-992 12655837
-990 12752102
-988 12803110
-986 12862098
-984 12774656
-982 12883500
-980 12510433
-978 12482510
-976 12400186
-974 12270162
-972 12510582
-970 12435328
-968 12450815
-966 12592996
-964 12379512
-962 12442295
-960 12371730
-958 12499447
-956 12650420
-954 12306984
-952 12443199
-950 12437221
-948 12521170
-946 12563933
-944 12447140
-942 12484274
-940 12351117
-938 12598579
-936 12474251
-934 12729578
-932 12541620
-930 12573806
-928 12566124
-926 12585045
-924 12862731
-922 12688371
-920 12691878
-918 12498670
-916 12534805
-914 12594885
-912 12607268
-910 12816765
-908 12621312
-906 12625752
-904 12512628
-902 12440323
-900 12645271
-898 12680064
-896 12768252
-894 12743734
-892 12651401
-890 12593562
-888 12653059
-886 12597646
-884 12553379
-882 12398785
-880 12465363
-878 12505223
-876 12565309
-874 12529134
-872 12415480
-870 12316303
-868 12384675
-866 12368511
-864 12392228
-862 12483808
-860 12616660
-858 12691179
-856 12663432
-854 12394586
-852 12421153
-850 12487989
-848 12463786
-846 12401964
-844 12362823
-842 12379596
-840 12362353
-838 12391331
-836 12602447
-834 12786595
-832 12705992
-830 12707931
-828 12647672
-826 12499025
-824 12786738
-822 12594625
-820 12763186
-818 12736670
-816 12697563
-814 12784550
-812 12681313
-810 12652545
-808 12659066
-806 12809854
-804 12747975
-802 12575818
-800 12799025
-798 12837006
-796 12755010
-794 12749003
-792 12718612
-790 12849386
-788 12604719
-786 12647079
-784 12570540
-782 12582471
-780 12601005
-778 12435601
-776 12320826
-774 12406984
-772 12293938
-770 12484497
-768 12518664
-766 12436290
-764 12539171
-762 12299700
-760 12116884
-758 12183105
-756 12172670
-754 12123932
-752 12150568
-750 12133249
-748 12075807
-746 12225756
-744 12257316
-742 12205377
-740 12334051
-738 12375194
-736 12293370
-734 12444824
-732 12366387
-730 12471988
-728 12447407
-726 12459096
-724 12466653
-722 12370990
-720 12372144
-718 12459837
-716 12314596
-714 12280715
-712 12300839
-710 12258025
-708 12232062
-706 12388966
-704 12332831
-702 12179718
-700 12303536
-698 12324209
-696 12155379
-694 12165579
-692 12307176
-690 12483211
-688 12404545
-686 12377016
-684 12576095
-682 12633154
-680 12555686
-678 12611256
-676 12662886
-674 12447600
-672 12262190
-670 12480563
-668 12483977
-666 12670705
-664 12718043
-662 12488008
-660 12405715
-658 12509633
-656 12445254
-654 12507662
-652 12399023
-650 12510792
-648 12566247
-646 12400880
-644 12601418
-642 12634054
-640 12603855
-638 12526611
-636 12346052
-634 12390374
-632 12410691
-630 12633537
-628 12582556
-626 12320036
-624 12348113
-622 12600625
-620 12624265
-618 12420327
-616 12523682
-614 12552811
-612 12694677
-610 12914896
-608 12574806
-606 12607098
-604 12505999
-602 12605676
-600 12729464
-598 12464471
-596 12638297
-594 12475639
-592 12485900
-590 12592317
-588 12615732
-586 12844278
-584 12693582
-582 12605554
-580 12700222
-578 12631003
-576 12600955
-574 12644540
-572 12501760
-570 12623459
-568 12413466
-566 12370076
-564 12633893
-562 12408788
-560 12362301
-558 12430297
-556 12532718
-554 12490307
-552 12545491
-550 12411899
-548 12442032
-546 12329581
-544 12485082
-542 12440048
-540 12330420
-538 12447399
-536 12627221
-534 12641317
-532 12620398
-530 12441986
-528 12427923
-526 12584094
-524 12495018
-522 12475740
-520 12376742
-518 12343128
-516 12558934
-514 12515084
-512 12609517
-510 12628948
-508 12520353
-506 12428696
-504 12469509
-502 12332249
-500 12523449
-498 12449851
-496 12515172
-494 12447742
-492 12528597
-490 12602985
-488 12506653
-486 12745932
-484 12667830
-482 12535083
-480 12533660
-478 12613622
-476 12468773
-474 12570290
-472 12562746
-470 12509405
-468 12365335
-466 12515176
-464 12323981
-462 12361823
-460 12465792
-458 12547246
-456 12466677
-454 12547189
-452 12422206
-450 12448284
-448 12541666
-446 12541088
-444 12520892
-442 12434413
-440 12524181
-438 12472161
-436 12386297
-434 12326175
-432 12483959
-430 12575214
-428 12404806
-426 12421481
-424 12326996
-422 12530930
-420 12472802
-418 12563325
-416 12675471
-414 12653536
-412 12620044
-410 12605763
-408 12358741
-406 12513267
-404 12508934
-402 12384782
-400 12485386
-398 12470501
-396 12300428
-394 12616854
-392 12518947
-390 12411146
-388 12480503
-386 12547114
-384 12795129
-382 12680227
-380 12745090
-378 12749815
-376 12689281
-374 12634073
-372 12560136
-370 12600071
-368 12669532
-366 12665774
-364 12739734
-362 12805846
-360 12544095
-358 12519741
-356 12495578
-354 12630304
-352 12548496
-350 12566860
-348 12637485
-346 12572265
-344 12569946
-342 12491198
-340 12575748
-338 12553821
-336 12392902
-334 12344609
-332 12477833
-330 12342634
-328 12511342
-326 12519757
-324 12614718
-322 12680732
-320 12590361
-318 12708262
-316 12802453
-314 12658242
-312 12761480
-310 12712803
-308 12834788
-306 12839872
-304 12733672
-302 12784287
-300 12593831
-298 12542248
-296 12467677
-294 12531837
-292 12369844
-290 12601784
-288 12417305
-286 12583812
-284 12679539
-282 12529400
-280 12819697
-278 12756874
-276 12642969
-274 12627337
-272 12740113
-270 12728734
-268 12745346
-266 12612979
-264 12617716
-262 12433984
-260 12413856
-258 12358810
-256 12401976
-254 12533497
-252 12626024
-250 12720453
-248 12700858
-246 12585455
-244 12839037
-242 12662094
-240 12611453
-238 12657634
-236 12658043
-234 12523934
-232 12575556
-230 12643465
-228 12578364
-226 12812313
-224 12687350
-222 12833925
-220 12788820
-218 12626197
-216 12736492
-214 12740393
-212 12688990
-210 12513746
-208 12478155
-206 12606848
-204 12654872
-202 12632967
-200 12529909
-198 12483486
-196 12512187
-194 12426188
-192 12722557
-190 12802087
-188 12765633
-186 12715240
-184 12724617
-182 12655706
-180 12464344
-178 12536729
-176 12589400
-174 12657213
-172 12798992
-170 12682676
-168 12629384
-166 12681594
-164 12740821
-162 12912390
-160 12991945
-158 12816214
-156 12895410
-154 12626356
-152 12645401
-150 12668929
-148 12760186
-146 12624269
-144 12598758
-142 12507056
-140 12571593
-138 12754122
-136 12629316
-134 12626144
-132 12776450
-130 12632588
-128 12713480
-126 12644627
-124 12710951
-122 12624918
-120 12508920
-118 12577166
-116 12653781
-114 12712533
-112 12917448
-110 12858214
-108 12579348
-106 12559514
-104 12628781
-102 12635160
-100 12543254
-98 12478234
-96 12379307
-94 12531174
-92 12421026
-90 12360595
-88 12521258
-86 12231952
-84 12414971
-82 12500489
-80 12423313
-78 12795752
-76 12569056
-74 12410858
-72 12478911
-70 12627444
-68 12770398
-66 12852415
-64 12855617
-62 12702746
-60 12635820
-58 12791334
-56 12621843
-54 12773604
-52 12635392
-50 12793494
-48 12834105
-46 12632887
-44 12809698
-42 12528582
-40 12585981
-38 12615231
-36 12581688
-34 12709192
-32 12881339
-30 12862891
-28 12740352
-26 12781933
-24 12696393
-22 12496862
-20 12343870
-18 12679008
-16 12637635
-14 12567757
-12 12734192
-10 12501507
-8 12607121
-6 12494617
-4 12248991
-2 12316315
0 12435614
2 12468572
4 12494610
6 12395895
8 12355572
10 12373014
12 12199569
14 12305140
16 12335711
18 12395056
20 12460993
22 12527037
24 12274149
26 12291892
28 12282816
30 12262974
32 12252033
34 12224534
36 12318432
38 12297217
40 12362027
42 12404538
44 12399500
46 12361782
48 12544891
50 12523827
52 12402228
54 12303137
56 12363069
58 12521582
60 12612725
62 12389790
64 12307424
66 12262313
68 12420378
70 12516446
72 12575855
74 12690747
76 12572607
78 12324276
80 12440203
82 12567023
84 12410157
86 12384200
88 12552454
90 12559469
92 12387532
94 12574956
96 12392773
98 12465261
100 12673820
102 12472778
104 12426312
106 12409000
108 12749585
110 12775862
112 12733106
114 12671355
116 12636067
118 12587217
120 12631055
122 12652720
124 12484065
126 12394665
128 12555487
130 12805997
132 12526474
134 12633419
136 12629047
138 12699501
140 12645637
142 12530117
144 12605693
146 12383846
148 12390959
150 12470921
152 12459993
154 12436519
156 12577720
158 12399091
160 12495714
162 12564048
164 12626534
166 12631144
168 12488454
170 12450738
172 12382412
174 12310946
176 12360974
178 12585740
180 12522157
182 12454386
184 12563387
186 12658344
188 12800315
190 12658846
192 12396027
194 12505450
196 12527028
198 12547261
200 12617251
202 12678805
204 12671587
206 12534527
208 12599760
210 12354236
212 12252142
214 12371766
216 12383317
218 12417287
220 12539501
222 12366043
224 12540726
226 12568413
228 12436549
230 12501442
232 12522323
234 12565120
236 12515528
238 12624123
240 12543021
242 12695011
244 12618915
246 12790406
248 12685046
250 12433193
252 12478373
254 12544417
256 12647641
258 12728129
260 12613915
262 12719485
264 12734744
266 12639362
268 12562309
270 12473335
272 12653558
274 12626467
276 12547700
278 12381987
280 12592413
282 12377659
284 12305666
286 12590499
288 12516081
290 12450654
292 12502812
294 12394693
296 12676513
298 12324310
300 12621835
302 12572564
304 12437469
306 12496607
308 12511678
310 12534949
312 12551074
314 12587036
316 12715840
318 12843302
320 12905568
322 13030116
324 12800195
326 12645647
328 12579958
330 12470104
332 12546588
334 12646192
336 12674888
338 12706057
340 12625279
342 12596613
344 12662689
346 12656332
348 12408652
350 12312713
352 12503924
354 12466089
356 12597148
358 12638715
360 12557714
362 12647894
364 12689107
366 12652101
368 12725502
370 12670806
372 12725886
374 12822947
376 12596905
378 12814982
380 12500773
382 12645772
384 12434712
386 12659310
388 12542603
390 12327898
392 12408260
394 12608691
396 12689746
398 12667211
400 12539855
402 12389871
404 12476730
406 12605099
408 12397518
410 12337074
412 12585795
414 12638546
416 12386513
418 12322371
420 12349717
422 12425206
424 12596685
426 12490366
428 12511496
430 12603383
432 12571852
434 12517934
436 12444361
438 12551505
440 12471181
442 12607785
444 12322443
446 12529545
448 12623947
450 12675210
452 12705690
454 12635958
456 12698763
458 12528242
460 12480150
462 12524159
464 12561790
466 12388372
468 12352966
470 12324411
472 12449204
474 12418288
476 12528619
478 12585307
480 12487572
482 12371892
484 12364818
486 12332836
488 12396530
490 12380001
492 12327494
494 12443358
496 12430992
498 12348489
500 12358726
502 12333895
504 12369089
506 12321327
508 12381639
510 12298598
512 12480043
514 12645351
516 12505464
518 12693674
520 12510024
522 12626101
524 12608941
526 12686903
528 12435216
530 12548058
532 12735785
534 12747100
536 12661001
538 12667391
540 12657082
542 12507151
544 12517998
546 12529860
548 12617289
550 12551294
552 12660227
554 12661485
556 12806242
558 12792362
560 12739065
562 12670060
564 12635189
566 12532542
568 12466038
570 12508456
572 12537120
574 12533936
576 12630609
578 12644986
580 12668487
582 12660144
584 12640563
586 12808949
588 12634761
590 12831442
592 12587632
594 12476112
596 12696949
598 12623186
600 12718579
602 12702988
604 12637307
606 12657094
608 12651908
610 12532915
612 12491913
614 12635384
616 12513612
618 12559451
620 12560887
622 12484121
624 12524165
626 12551556
628 12549869
630 12410626
632 12431250
634 12576621
636 12447255
638 12677450
640 12656733
642 12676756
644 12640228
646 12602436
648 12732057
650 12841908
652 12734812
654 12568627
656 12568995
658 12325920
660 12584402
662 12484509
664 12555571
666 12458564
668 12519790
670 12576968
672 12491264
674 12516556
676 12371205
678 12455071
680 12564525
682 12438726
684 12480581
686 12607570
688 12429819
690 12385557
692 12474276
694 12259116
696 12415636
698 12443974
700 12354685
702 12349584
704 12287067
706 12327353
708 12412839
710 12377777
712 12537847
714 12391181
716 12460635
718 12291054
720 12420200
722 12151537
724 12179682
726 12183567
728 12162293
730 12455702
732 12448725
734 12295849
736 12325691
738 12417225
740 12387715
742 12301800
744 12443072
746 12367375
748 12441573
750 12537900
752 12378483
754 12413355
756 12485637
758 12342875
760 12475822
762 12564650
764 12589131
766 12707845
768 12705412
770 12782239
772 12535519
774 12443461
776 12286054
778 12570210
780 12605372
782 12474049
784 12432619
786 12790618
788 12695297
790 12618581
792 12444821
794 12373867
796 12509372
798 12527743
800 12600791
802 12509967
804 12458868
806 12396235
808 12558852
810 12563219
812 12553828
814 12466838
816 12415192
818 12697819
820 12648369
822 12509353
824 12604902
826 12716617
828 12576051
830 12531680
832 12682944
834 12573262
836 12598973
838 12487951
840 12490732
842 12565066
844 12592757
846 12419577
848 12392330
850 12485683
852 12507186
854 12568806
856 12521467
858 12349421
860 12356306
862 12571992
864 12469151
866 12421099
868 12397080
870 12230607
872 12189576
874 12288981
876 12269861
878 12373508
880 12227457
882 12249653
884 12252687
886 12106511
888 12250744
890 12151034
892 12015917
894 12031121
896 12345292
898 12458788
900 12321572
902 12187561
904 12255986
906 12359548
908 12244449
910 12439335
912 12257837
914 12409586
916 12485519
918 12469241
920 12245896
922 12404034
924 12304455
926 12429302
928 12471309
930 12562865
932 12610174
934 12562830
936 12259707
938 12430866
940 12402515
942 12483895
944 12531804
946 12316035
948 12650410
950 12612058
952 12334405
954 12553263
956 12681236
958 12361244
960 12384453
962 12539617
964 12653335
966 12493198
968 12314731
970 12534827
972 12412257
974 12561113
976 12638027
978 12582386
980 12611410
982 12589317
984 12580613
986 12408247
988 12209812
990 12234948
992 12267317
994 12232576
996 12263220
998 12317288
1000 12333735
1002 12346458
1004 12409567
1006 12260469
1008 12244089
1010 12264239
1012 12221608
1014 12584241
1016 12366561
1018 12476070
1020 12281867
1022 12247588
1024 12338391
1026 12336555
1028 12445256
1030 12407842
1032 12471541
1034 12529484
1036 12305842
1038 12413086
1040 12345293
1042 12478407
1044 12417898
1046 12501605
1048 12378883
1050 12402489
1052 12579800
1054 12263203
1056 12393142
1058 12312243
1060 12218041
1062 12205304
1064 12263360
1066 12428642
1068 12200183
1070 12355317
1072 12287239
1074 12258735
1076 12233649
1078 12294329
1080 12334691
1082 12571826
1084 12502285
1086 12474747
1088 12246455
1090 12203341
1092 12328912
1094 12141879
1096 12397349
1098 12421132
1100 12419279
1102 12497805
1104 12437156
1106 12583501
1108 12544519
1110 12655007
1112 12587085
1114 12663750
1116 12586923
1118 12533256
1120 12419873
1122 12529706
1124 12619734
1126 12427655
1128 12369499
1130 12521682
1132 12412609
1134 12445552
1136 12524588
1138 12541994
1140 12445707
1142 12410626
1144 12327311
1146 12118710
1148 12248310
1150 12249711
1152 12426924
1154 12341978
1156 12121333
1158 12192109
1160 12124964
1162 12114423
1164 12168274
1166 12250274
1168 12219407
1170 12496632
1172 12518279
1174 12534226
1176 12504082
1178 12331698
1180 12387677
1182 12495510
1184 12413325
1186 12270100
1188 12281726
1190 12294031
1192 12346519
1194 12307934
1196 12459561
1198 12467594
1200 12330042
1202 12369345
1204 12297902
1206 12279825
1208 12294089
1210 12344255
1212 12277679
1214 12285221
1216 12277428
1218 12140762
1220 12305908
1222 12474063
1224 12304930
1226 12361201
1228 12417779
1230 12321662
1232 12440987
1234 12459464
1236 12320219
1238 12490852
1240 12531015
1242 12443618
1244 12422933
1246 12489983
1248 12506424
1250 12529756
1252 12525025
1254 12439702
1256 12565335
1258 12430068
1260 12403932
1262 12393104
1264 12399863
1266 12305792
1268 12560914
1270 12516045
1272 12248297
1274 12189486
1276 12251080
1278 12317834
1280 12264903
1282 12239302
1284 12219236
1286 12190766
1288 12245513
1290 12197818
1292 12063679
1294 12177604
1296 12227058
1298 12175120
1300 12267367
1302 12270958
1304 12319932
1306 12251593
1308 12345946
1310 12182684
1312 12081711
1314 12044205
1316 12252981
1318 11924653
1320 11981636
1322 11924441
1324 12114222
1326 12087736
1328 12195858
1330 12289364
1332 12299943
1334 12077565
1336 12013313
1338 11983731
1340 12018328
1342 12132592
1344 12156621
1346 12146324
1348 12151999
1350 12269366
1352 12457721
1354 12589497
1356 12618126
1358 12529643
1360 12450391
1362 12320569
1364 12291888
1366 12397211
1368 12341216
1370 12224499
1372 12463966
1374 12369755
1376 12290355
1378 12289604
1380 12183671
1382 12246065
1384 12255134
1386 12133178
1388 12059747
1390 12260169
1392 12306661
1394 12123102
1396 12140100
1398 12347388
1400 12233251
1402 12126482
1404 12168818
1406 12191104
1408 11815893
1410 12122628
1412 12007777
1414 12039826
1416 12036731
1418 12025253
1420 12074488
1422 12087872
1424 12406660
1426 12213161
1428 12216746
1430 12258431
1432 12451587
1434 12181658
1436 12046204
1438 12138010
1440 12014877
1442 11981010
1444 12139338
1446 12110788
1448 12208001
1450 12099806
1452 12137113
1454 12116595
1456 12154776
1458 12091879
1460 12043371
1462 12021865
1464 11955478
1466 12060484
1468 12124706
1470 12185212
1472 12175196
1474 12151538
1476 12138555
1478 12172434
1480 11919604
1482 12030507
1484 12036819
1486 12114367
1488 11867625
1490 11822457
1492 11768011
1494 11843555
1496 11802092
1498 11876795
1500 11795350
1502 11869489
1504 12075028
1506 11874824
1508 11988355
1510 11887251
1512 11887098
1514 11843891
1516 11851712
1518 11707296
1520 11756681
1522 11930904
1524 11861527
1526 11970236
1528 11845171
1530 11801632
1532 11969011
1534 11657077
1536 11830270
1538 11802363
1540 11765245
1542 11874343
1544 11866160
1546 11851242
1548 11795815
1550 12057669
1552 11790460
1554 12086438
1556 12186570
1558 12045045
1560 12070054
1562 12000940
1564 12112317
1566 12072152
1568 11959368
1570 11848473
1572 11870292
1574 12019931
1576 12056344
1578 12087033
1580 11975567
1582 12037649
1584 12064719
1586 11947922
1588 12202570
1590 12108259
1592 12065013
1594 11892227
1596 12006001
1598 11851348
1600 11940005
1602 11853126
1604 11804569
1606 11702577
1608 11974120
1610 11984833
1612 12205306
1614 12049996
1616 12089963
1618 12122268
1620 11967949
1622 12066082
1624 11977307
1626 11948171
1628 12128553
1630 11993082
1632 11971466
1634 12096369
1636 12048901
1638 11916696
1640 11942522
1642 11870331
1644 11986223
1646 11933739
1648 11906578
1650 12057155
1652 12094274
1654 11926570
1656 12020185
1658 11889885
1660 11960252
1662 12090890
1664 11957514
1666 11778480
1668 11694988
1670 11682830
1672 11875005
1674 11793417
1676 11651507
1678 11454748
1680 11582662
1682 11550148
1684 11702970
1686 11562812
1688 11792520
1690 11802184
1692 11790441
1694 12004989
1696 12095861
1698 11982996
1700 11877604
1702 11877214
1704 11710316
1706 11818927
1708 11729781
1710 11795868
1712 11754452
1714 11885439
1716 11730219
1718 11816114
1720 11937628
1722 11907449
1724 11902584
1726 11829008
1728 11790216
1730 11768773
1732 11747312
1734 11761106
1736 11746920
1738 11674194
1740 11811030
1742 11976691
1744 11777390
1746 11640855
1748 11695893
1750 11731399
1752 11749689
1754 11826697
1756 11857818
1758 11913658
1760 11812387
1762 11792225
1764 11784156
1766 11583439
1768 11605291
1770 11509751
1772 11524867
1774 11609621
1776 11502699
1778 11614360
1780 11547091
1782 11409680
1784 11454876
1786 11444556
1788 11552333
1790 11363797
1792 11551010
1794 11664688
1796 11610726
1798 11489700
1800 11531896
1802 11617462
1804 11420532
1806 11469944
1808 11535965
1810 11569763
1812 11671277
1814 11629385
1816 11593977
1818 11695235
1820 11685428
1822 11690852
1824 11696273
1826 11427552
1828 11306402
1830 11649568
1832 11398619
1834 11412788
1836 11243594
1838 11018246
1840 11068568
1842 11168825
1844 11023280
1846 11174874
1848 11040379
1850 11271782
1852 11280758
1854 11149430
1856 11378004
1858 11312219
1860 11308252
1862 11345916
1864 11499314
1866 11450892
1868 11444036
1870 11248462
1872 11257856
1874 11204094
1876 11328215
1878 11131557
1880 11205902
1882 11252262
1884 11180814
1886 11210072
1888 11351011
1890 11203609
1892 11412545
1894 11340089
1896 11163714
1898 11137581
1900 11179043
1902 11128753
1904 11212319
1906 11123970
1908 11110060
1910 11061280
1912 11186487
1914 11046075
1916 10913939
1918 11067712
1920 11117519
1922 11220833
1924 11084094
1926 11097228
1928 11244017
1930 11144037
1932 11387347
1934 11211075
1936 11247640
1938 11082070
1940 11006739
1942 11021540
1944 11167965
1946 11027234
1948 11165335
1950 11050317
1952 11149122
1954 11238546
1956 11181595
1958 11219477
1960 11378386
1962 11236336
1964 11393672
1966 11374620
1968 11353061
1970 11182266
1972 11384516
1974 11323795
1976 11250095
1978 11269222
1980 11053023
1982 11130271
1984 11164117
1986 11186558
1988 11243201
1990 11267536
1992 11142831
1994 11118818
1996 11372458
1998 11193485
2000 11192634
2002 11258791
2004 11192054
2006 10949378
2008 10940557
2010 10989911
2012 11094785
2014 10895388
2016 10928584
2018 11040071
2020 11307837
2022 11103108
2024 10976359
2026 11000114
2028 11007183
2030 11112626
2032 11214467
2034 11132623
2036 11334923
2038 11105421
2040 10924631
2042 11184912
2044 11221239
2046 11130737
2048 11123708
2050 11189430
2052 11145032
2054 11059933
2056 11073675
2058 11059849
2060 10979987
2062 10891303
2064 11076169
2066 11030897
2068 10934775
2070 10926084
2072 10921527
2074 10787189
2076 10810725
2078 10901306
2080 10765107
2082 10772061
2084 10703608
2086 10722018
2088 10767362
2090 10858473
2092 10751182
2094 10691257
2096 10735819
2098 10762255
2100 10885524
2102 10825308
2104 10910117
2106 10703153
2108 10852821
2110 10828836
2112 10840390
2114 10548164
2116 10637113
2118 10704221
2120 10522780
2122 10447679
2124 10625560
2126 10606689
2128 10725249
2130 10780716
2132 10736131
2134 10756776
2136 10767129
2138 10604807
2140 10576570
2142 10279066
2144 10460318
2146 10445423
2148 10472254
2150 10707760
2152 10432903
2154 10670850
2156 10692296
2158 10596154
2160 10450388
2162 10673436
2164 10640717
2166 10866892
2168 10583635
2170 10757358
2172 10803617
2174 10827538
2176 10906990
2178 11057493
2180 10900327
2182 10913160
2184 10762164
2186 10760429
2188 10891605
2190 10910124
2192 10937183
2194 10737059
2196 10733789
2198 10684036
2200 10753059
2202 10642162
2204 10856007
2206 10564873
2208 10646405
2210 10538740
2212 10702674
2214 10454017
2216 10578599
2218 10516204
2220 10690107
2222 10694341
2224 10550205
2226 10472016
2228 10496817
2230 10493921
2232 10443575
2234 10537736
2236 10733298
2238 10696910
2240 10722945
2242 10320315
2244 10288685
2246 10483267
2248 10536308
2250 10779291
2252 10805807
2254 10959878
2256 10822096
2258 10682252
2260 10844529
2262 10511243
2264 10668533
2266 10390226
2268 10506843
2270 10380083
2272 10524764
2274 10419553
2276 10615889
2278 10628618
2280 10508304
2282 10454478
2284 10597949
2286 10505921
2288 10647505
2290 10520541
2292 10654270
2294 10620920
2296 10489978
2298 10472847
2300 10672572
2302 10656085
2304 10724121
2306 10733781
2308 10605169
2310 10440371
2312 10473465
2314 10436499
2316 10582344
2318 10572910
2320 10542508
2322 10618766
2324 10753829
2326 10444314
2328 10367470
2330 10420257
2332 10475193
2334 10439951
2336 10530738
2338 10501316
2340 10402819
2342 10579112
2344 10358628
2346 10318331
2348 10388656
2350 10275481
2352 10258060
2354 10307869
2356 10358789
2358 10293172
2360 10242199
2362 10248670
2364 10207258
2366 10164080
2368 10169238
2370 10126012
2372 10157248
2374 10118552
2376 10116726
2378 10111113
2380 10103823
2382 10055736
2384 10201114
2386 9851174
2388 10109505
2390 10221161
2392 10166665
2394 10214417
2396 10051684
2398 10279531
2400 10306333
2402 10148382
2404 10266687
2406 10104995
2408 9961435
2410 10026606
2412 10052268
2414 9977165
2416 10037462
2418 10149452
2420 10257035
2422 10039050
2424 10048124
2426 9997981
2428 9961222
2430 10101369
2432 9959632
2434 10016440
2436 9786697
2438 9865710
2440 9866175
2442 9945350
2444 9960191
2446 9911538
2448 9957755
2450 9909876
2452 9924285
2454 9927582
2456 9990428
2458 9940206
2460 9987549
2462 9947244
2464 10019970
2466 9858706
2468 9774814
2470 9697640
2472 9814783
2474 9881099
2476 9999660
2478 9991737
2480 9866340
2482 9676017
2484 9766160
2486 9863766
2488 9795303
2490 9678960
2492 9994889
2494 10015043
2496 10091456
2498 10054261
2500 9986403
2502 9985720
2504 10059130
2506 10128107
2508 9756276
2510 9758629
2512 9795575
2514 9917571
2516 9826923
2518 9809256
2520 9684095
2522 9916309
2524 9728779
2526 9677915
2528 9713490
2530 9629401
2532 9624669
2534 9606530
2536 9661227
2538 9713963
2540 9723713
2542 9543010
2544 9733114
2546 9659397
2548 9761373
2550 9886591
2552 9489571
2554 9472869
2556 9630497
2558 9621243
2560 9406424
2562 9561162
2564 9572039
2566 9526753
2568 9708079
2570 9614391
2572 9615470
2574 9600941
2576 9563370
2578 9386129
2580 9450860
2582 9332310
2584 9514870
2586 9694384
2588 9562883
2590 9542438
2592 9561294
2594 9376366
2596 9551269
2598 9545161
2600 9575794
2602 9329404
2604 9469235
2606 9486820
2608 9562166
2610 9606914
2612 9450078
2614 9456835
2616 9387201
2618 9366507
2620 9298214
2622 9412483
2624 9553554
2626 9607778
2628 9458184
2630 9541675
2632 9625657
2634 9673539
2636 9615449
2638 9534370
2640 9390590
2642 9462718
2644 9488924
2646 9386286
2648 9472515
2650 9336616
2652 9235140
2654 9287428
2656 9402087
2658 9454568
2660 9287457
2662 9139929
2664 8985664
2666 9092400
2668 9245953
2670 9291874
2672 9204540
2674 9086440
2676 9207626
2678 9055467
2680 9149466
2682 9133036
2684 8805114
2686 8883483
2688 8837242
2690 8978041
2692 9076858
2694 9217655
2696 9233468
2698 9425379
2700 9499928
2702 9213215
2704 9343479
2706 9350261
2708 9208204
2710 9112512
2712 9103436
2714 9207818
2716 9181149
2718 9109926
2720 9280021
2722 9217453
2724 9210054
2726 9158644
2728 9234399
2730 8984945
2732 8860055
2734 8960709
2736 9102795
2738 9080569
2740 8985400
2742 8986677
2744 8887840
2746 8832639
2748 8878689
2750 9151864
2752 9160091
2754 9116303
2756 9106716
2758 9049753
2760 8966491
2762 8825119
2764 8821764
2766 8733236
2768 8963764
2770 8869156
2772 8761101
2774 8826890
2776 8779838
2778 8868496
2780 8889525
2782 8809527
2784 8890248
2786 8839385
2788 8701809
2790 8871245
2792 8865477
2794 8951107
2796 8952941
2798 9022207
2800 9049666
2802 8847646
2804 8567977
2806 8683949
2808 8614227
2810 8467426
2812 8529521
2814 8703563
2816 8633624
2818 8706603
2820 8846542
2822 8931617
2824 8889142
2826 8838056
2828 8920818
2830 8911125
2832 8856877
2834 8938609
2836 8687076
2838 8752200
2840 8670870
2842 8687238
2844 8792924
2846 8888815
2848 8781199
2850 8593626
2852 8574660
2854 8519576
2856 8633666
2858 8559187
2860 8650311
2862 8733170
2864 8630363
2866 8514318
2868 8331796
2870 8334068
2872 8331875
2874 8383458
2876 8316438
2878 8474215
2880 8496005
2882 8629003
2884 8411502
2886 8357761
2888 8450197
2890 8395671
2892 8419670
2894 8546694
2896 8493129
2898 8462067
2900 8661211
2902 8504229
2904 8458215
2906 8567193
2908 8177185
2910 8292167
2912 8206842
2914 8221117
2916 8308766
2918 8222052
2920 8160378
2922 8250910
2924 8118173
2926 8325351
2928 7976926
2930 7977200
2932 8099585
2934 8047939
2936 8113437
2938 8002599
2940 7903482
2942 8109587
2944 7983562
2946 8190800
2948 8041736
2950 8148500
2952 7987461
2954 8119629
2956 8155160
2958 8038949
2960 7888574
2962 7886719
2964 8003241
2966 8053107
2968 8094351
2970 7967918
2972 7977570
2974 7843887
2976 7955376
2978 8029917
2980 8001070
2982 7920675
2984 7940220
2986 7880388
2988 8259766
2990 8008042
2992 7886050
2994 7942641
2996 7877829
2998 8062348
3000 7786601
3002 7779833
3004 7999305
3006 8006853
3008 7971237
3010 7802157
3012 7862926
3014 7997799
3016 7943803
3018 7664663
3020 7779100
3022 7501686
3024 7428530
3026 7522346
3028 7565580
3030 7642802
3032 7421865
3034 7401336
3036 7492754
3038 7270822
3040 7631559
3042 7365405
3044 7655355
3046 7334543
3048 7455912
3050 7385027
3052 7419496
3054 7407779
3056 7455150
3058 7452724
3060 7496534
3062 7456289
3064 7494813
3066 7360571
3068 7475269
3070 7521327
3072 7273421
3074 7199078
3076 7280150
3078 7224640
3080 7027018
3082 7178611
3084 7224226
3086 7115623
3088 7242009
3090 7158584
3092 7190908
3094 7164111
3096 7138161
3098 6813779
3100 7041288
3102 6958966
3104 7008328
3106 6990073
3108 6835594
3110 6910954
3112 6920160
3114 6853357
3116 7123112
3118 7137160
3120 7362088
3122 6989286
3124 7226473
3126 7146481
3128 7197409
3130 7100315
3132 7021689
3134 6804853
3136 6813854
3138 6961766
3140 6934723
3142 7018575
3144 6930379
3146 7108097
3148 6992624
3150 6935389
3152 6965810
3154 6936972
3156 6856070
3158 6820799
3160 7046708
3162 7006671
3164 6960993
3166 6834357
3168 6854451
3170 6914129
3172 6816769
3174 6860899
3176 6645254
3178 6759581
3180 6637650
3182 6609541
3184 6742822
3186 6629457
3188 6688015
3190 6536002
3192 6617352
3194 6621049
3196 6656471
3198 6620573
3200 6581760
3202 6755955
3204 6768004
3206 6582504
3208 6800864
3210 6489676
3212 6425712
3214 6303320
3216 6337246
3218 6449438
3220 6349801
3222 6413816
3224 6375639
3226 6352064
3228 6239304
3230 6100335
3232 6211064
3234 6303980
3236 6318123
3238 6223625
3240 6002857
3242 6174492
3244 6039260
3246 6008377
3248 5953656
3250 5886028
3252 5996026
3254 5968121
3256 5981297
3258 5945160
3260 5921899
3262 5949539
3264 5958007
3266 6021694
3268 5782761
3270 5728079
3272 5814692
3274 5783900
3276 5829179
3278 5974047
3280 5922395
3282 5994815
3284 5828219
3286 5767552
3288 5816388
3290 5744728
3292 5875465
3294 5754363
3296 5636893
3298 5686038
3300 5505651
3302 5656213
3304 5525353
3306 5628153
3308 5784368
3310 5512157
3312 5555205
3314 5475534
3316 5447654
3318 5653271
3320 5487046
3322 5745618
3324 5577008
3326 5659561
3328 5317451
3330 5359030
3332 5409901
3334 5443809
3336 5405744
3338 5301450
3340 5193187
3342 5098676
3344 4942087
3346 4974411
3348 4950710
3350 4950225
3352 4910002
3354 4800614
3356 5145561
3358 5003322
3360 5044155
3362 4992828
3364 4820625
3366 4977143
3368 4935536
3370 4805913
3372 4849429
3374 4738618
3376 4846456
3378 4755464
3380 4752048
3382 4753843
3384 4830681
3386 4754455
3388 4845953
3390 4800243
3392 4705745
3394 4682038
3396 4883555
3398 4682025
3400 4612178
3402 4514497
3404 4557432
3406 4350083
3408 4270773
3410 4193570
3412 4376129
3414 4388507
3416 4406042
3418 4308119
3420 4262103
3422 4160818
3424 3997745
3426 4124283
3428 4188143
3430 4072129
3432 4109544
3434 4058420
3436 4087600
3438 4071998
3440 4061589
3442 3981287
3444 3998918
3446 3800949
3448 3761141
3450 3823182
3452 3976114
3454 3657865
3456 3780192
3458 3605463
3460 3679980
3462 3690590
3464 3636240
3466 3743161
3468 3615870
3470 3440500
3472 3575483
3474 3439260
3476 3564967
3478 3550950
3480 3492351
3482 3464621
3484 3370380
3486 3365614
3488 3274634
3490 3363348
3492 3392577
3494 3400444
3496 3284747
3498 3223806
3500 3236123
3502 3318551
3504 3049656
3506 3180184
3508 3064642
3510 3097083
3512 2928167
3514 3142405
3516 2942835
3518 2942600
3520 2998845
3522 2966606
3524 2964445
3526 2884766
3528 2924065
3530 2759748
3532 2791850
3534 2882969
3536 2863260
3538 2761149
3540 2708946
3542 2640862
3544 2799023
3546 2533050
3548 2657073
3550 2725726
3552 2609780
3554 2551160
3556 2562042
3558 2440395
3560 2341816
3562 2406653
3564 2317966
3566 2275119
3568 2231411
3570 2263320
3572 2198440
3574 2207657
3576 2039513
3578 2088735
3580 2129822
3582 2050264
3584 2031891
3586 2012577
3588 2007369
3590 1920052
3592 1964974
3594 1950995
3596 2161578
3598 2053208
3600 1827983
3602 1773905
3604 1717626
3606 1803104
3608 1837548
3610 1884357
3612 1860893
3614 1720881
3616 1694050
3618 1563804
3620 1585950
3622 1552044
3624 1546408
3626 1531936
3628 1548893
3630 1488638
3632 1401807
3634 1308035
3636 1342143
3638 1366999
3640 1329864
3642 1331002
3644 1322410
3646 1338689
3648 1456256
3650 1370555
3652 1290423
3654 1259864
3656 1292212
3658 1204471
3660 1190238
3662 1191262
3664 1131000
3666 1100631
3668 1063107
3670 1079712
3672 995655
3674 945817
3676 1007581
3678 1035560
3680 1014655
3682 964821
3684 936394
3686 851941
3688 802916
3690 859557
3692 863082
3694 822265
3696 821450
3698 739626
3700 747245
3702 746300
3704 703746
3706 634350
3708 713054
3710 718578
3712 678573
3714 696044
3716 563665
3718 571532
3720 631751
3722 600877
3724 634395
3726 583849
3728 540846
3730 437286
3732 501419
3734 489199
3736 453755
3738 451003
3740 412839
3742 421418
3744 412998
3746 431447
3748 375554
3750 450457
3752 370284
3754 280144
3756 315508
3758 324764
3760 314012
3762 330100
3764 286536
3766 279742
3768 226561
3770 194863
3772 211392
3774 215902
3776 227889
3778 209638
3780 182105
3782 151341
3784 174998
3786 113974
3788 127354
3790 134726
3792 102398
3794 129223
3796 125282
3798 141276
3800 98035
3802 119338
3804 122481
3806 89434
3808 75637
3810 83303
3812 94650
3814 61058
3816 53286
3818 32638
3820 63300
3822 65493
3824 27599
3826 32052
3828 61916
3830 29708
3832 27051
3834 28518
3836 8896
3838 17079
3840 19811
3842 6361
3844 9178
3846 14992
3848 20359
3850 23370
3852 13347
3854 13961
3856 10662
3858 14205
3860 10947
3862 2154
3864 9974
3866 9815
3868 13154
3870 1586
3872 1025
3874 1572
3876 468
3878 1050
3880 1383
3882 801
3884 2567
3886 3869
3888 54
3890 150
3892 849
3894 1055
