N J h steps 
4000 0.83 0 50000000000
-3862 250
-3860 10
-3858 895
-3856 173
-3854 99
-3852 36
-3850 52
-3848 11
-3836 2346
-3834 253
-3832 44
-3830 1895
-3826 238
-3824 24
-3822 2538
-3820 2812
-3812 1136
-3810 1375
-3808 5834
-3806 1531
-3804 942
-3802 397
-3800 2980
-3798 1565
-3796 1298
-3794 5253
-3792 2656
-3790 1171
-3788 2337
-3786 3225
-3784 3539
-3782 10542
-3780 11265
-3778 14224
-3776 6482
-3774 22250
-3772 17765
-3770 20100
-3768 25327
-3766 23022
-3764 17578
-3762 20123
-3760 21340
-3758 11866
-3756 18919
-3754 28790
-3752 20516
-3750 18783
-3748 11132
-3746 23616
-3744 31654
-3742 21564
-3740 23158
-3738 28306
-3736 31381
-3734 26567
-3732 32708
-3730 37060
-3728 32535
-3726 41087
-3724 44442
-3722 48591
-3720 76766
-3718 78465
-3716 67429
-3714 82300
-3712 79977
-3710 54338
-3708 66525
-3706 61894
-3704 64227
-3702 76351
-3700 84400
-3698 82830
-3696 65893
-3694 69956
-3692 84109
-3690 88891
-3688 82871
-3686 74915
-3684 72708
-3682 76439
-3680 77148
-3678 81623
-3676 82618
-3674 118282
-3672 106596
-3670 112491
-3668 89100
-3666 81943
-3664 115828
-3662 96138
-3660 93543
-3658 101322
-3656 110440
-3654 133700
-3652 111204
-3650 147562
-3648 132845
-3646 115335
-3644 166609
-3642 152347
-3640 157539
-3638 144504
-3636 177043
-3634 169531
-3632 165851
-3630 153188
-3628 184450
-3626 163208
-3624 182176
-3622 214976
-3620 214577
-3618 188363
-3616 207339
-3614 244648
-3612 205628
-3610 184549
-3608 259204
-3606 216466
-3604 233174
-3602 230384
-3600 247474
-3598 263141
-3596 215689
-3594 190196
-3592 240584
-3590 217382
-3588 227119
-3586 230390
-3584 260013
-3582 256471
-3580 279297
-3578 274497
-3576 251850
-3574 237257
-3572 234983
-3570 247834
-3568 275962
-3566 264794
-3564 268846
-3562 316969
-3560 331644
-3558 324844
-3556 330169
-3554 346488
-3552 338109
-3550 320032
-3548 378192
-3546 297333
-3544 327807
-3542 347481
-3540 312538
-3538 297503
-3536 335295
-3534 311591
-3532 363239
-3530 412022
-3528 434143
-3526 430239
-3524 388975
-3522 342639
-3520 332963
-3518 343295
-3516 373165
-3514 372595
-3512 367337
-3510 396524
-3508 413682
-3506 372078
-3504 347748
-3502 354890
-3500 352519
-3498 404545
-3496 371106
-3494 380870
-3492 416316
-3490 425281
-3488 446228
-3486 430274
-3484 439839
-3482 434927
-3480 478761
-3478 493841
-3476 543245
-3474 585060
-3472 566448
-3470 628099
-3468 529300
-3466 555439
-3464 533015
-3462 564540
-3460 590206
-3458 634573
-3456 608925
-3454 567580
-3452 641013
-3450 627230
-3448 619359
-3446 651001
-3444 658135
-3442 624984
-3440 682498
-3438 665307
-3436 645322
-3434 545022
-3432 579148
-3430 628156
-3428 662136
-3426 615053
-3424 647233
-3422 615659
-3420 663468
-3418 642038
-3416 630525
-3414 633918
-3412 673519
-3410 702290
-3408 673260
-3406 624796
-3404 678833
-3402 689254
-3400 652050
-3398 688958
-3396 735206
-3394 779466
-3392 780566
-3390 745009
-3388 754745
-3386 788689
-3384 853261
-3382 822561
-3380 849386
-3378 851939
-3376 879764
-3374 849426
-3372 806814
-3370 867430
-3368 914148
-3366 878347
-3364 801753
-3362 806966
-3360 847698
-3358 795042
-3356 789520
-3354 829045
-3352 785142
-3350 813366
-3348 853889
-3346 821214
-3344 885110
-3342 817434
-3340 913803
-3338 970819
-3336 934284
-3334 945968
-3332 867302
-3330 924083
-3328 922758
-3326 974017
-3324 963608
-3322 984486
-3320 924938
-3318 971643
-3316 1019027
-3314 1042995
-3312 1075766
-3310 1047156
-3308 989695
-3306 1019877
-3304 1051212
-3302 1062205
-3300 1066598
-3298 1030779
-3296 996060
-3294 1043182
-3292 1055909
-3290 1145056
-3288 1148453
-3286 1056782
-3284 1099718
-3282 1127385
-3280 1173294
-3278 1130324
-3276 1187574
-3274 1181720
-3272 1250106
-3270 1206870
-3268 1285717
-3266 1219501
-3264 1203981
-3262 1206017
-3260 1279535
-3258 1243347
-3256 1219206
-3254 1251955
-3252 1236549
-3250 1311341
-3248 1282752
-3246 1220126
-3244 1307669
-3242 1292338
-3240 1339584
-3238 1279482
-3236 1270538
-3234 1361334
-3232 1341996
-3230 1439230
-3228 1333322
-3226 1350147
-3224 1398859
-3222 1367988
-3220 1399836
-3218 1484061
-3216 1478444
-3214 1390858
-3212 1496242
-3210 1472396
-3208 1520377
-3206 1461745
-3204 1515661
-3202 1438639
-3200 1433001
-3198 1427056
-3196 1480754
-3194 1464857
-3192 1392453
-3190 1458768
-3188 1479548
-3186 1501708
-3184 1562203
-3182 1560340
-3180 1482764
-3178 1476526
-3176 1522669
-3174 1534519
-3172 1596630
-3170 1657363
-3168 1627745
-3166 1665441
-3164 1641068
-3162 1683944
-3160 1771974
-3158 1725001
-3156 1696217
-3154 1798346
-3152 1815728
-3150 1787302
-3148 1825215
-3146 1731197
-3144 1727535
-3142 1720066
-3140 1795788
-3138 1856215
-3136 1825823
-3134 1842268
-3132 1817402
-3130 1759020
-3128 1925638
-3126 1954479
-3124 1898463
-3122 1897788
-3120 1980072
-3118 1962517
-3116 1951414
-3114 2027367
-3112 2077960
-3110 2057888
-3108 2030678
-3106 1989142
-3104 2000913
-3102 1970910
-3100 2045717
-3098 2064951
-3096 2136026
-3094 1992463
-3092 2058842
-3090 2042754
-3088 1971454
-3086 2030047
-3084 1965635
-3082 2006312
-3080 2079711
-3078 2113966
-3076 2144513
-3074 2120378
-3072 2072896
-3070 2046086
-3068 2110934
-3066 2096467
-3064 2035178
-3062 2109619
-3060 2156106
-3058 2155901
-3056 2143888
-3054 2223321
-3052 2217203
-3050 2245507
-3048 2290566
-3046 2200352
-3044 2165356
-3042 2230558
-3040 2211800
-3038 2213828
-3036 2249301
-3034 2255970
-3032 2260670
-3030 2342114
-3028 2234556
-3026 2299079
-3024 2374718
-3022 2390809
-3020 2325794
-3018 2406401
-3016 2445824
-3014 2376021
-3012 2478352
-3010 2415561
-3008 2490123
-3006 2433405
-3004 2434728
-3002 2387348
-3000 2504684
-2998 2522003
-2996 2577367
-2994 2535549
-2992 2507912
-2990 2509938
-2988 2600408
-2986 2585613
-2984 2524605
-2982 2665211
-2980 2752116
-2978 2695451
-2976 2832092
-2974 2772474
-2972 2742349
-2970 2842371
-2968 2893343
-2966 2815190
-2964 2716744
-2962 2845849
-2960 2824786
-2958 2814853
-2956 2787251
-2954 2958348
-2952 2885180
-2950 3016880
-2948 2970433
-2946 2934466
-2944 3018995
-2942 2902633
-2940 3009112
-2938 2934416
-2936 2929516
-2934 3064036
-2932 3025664
-2930 3170321
-2928 3099042
-2926 3105736
-2924 3056706
-2922 3043351
-2920 2912705
-2918 2945669
-2916 2977907
-2914 3068029
-2912 3118155
-2910 3031500
-2908 3053695
-2906 3125825
-2904 3080317
-2902 3283046
-2900 3223832
-2898 3212696
-2896 3099400
-2894 3146658
-2892 3081201
-2890 3226478
-2888 3210207
-2886 3245629
-2884 3224481
-2882 3308029
-2880 3312795
-2878 3309411
-2876 3311056
-2874 3414494
-2872 3367565
-2870 3321864
-2868 3413024
-2866 3508839
-2864 3595196
-2862 3600115
-2860 3485602
-2858 3466314
-2856 3507956
-2854 3572475
-2852 3604498
-2850 3675291
-2848 3638183
-2846 3635841
-2844 3641971
-2842 3686562
-2840 3779223
-2838 3856599
-2836 3746645
-2834 3779177
-2832 3749135
-2830 3761413
-2828 3688335
-2826 3654595
-2824 3757762
-2822 3729825
-2820 3801234
-2818 3815574
-2816 3844239
-2814 3774867
-2812 3893929
-2810 3849767
-2808 3880862
-2806 3862608
-2804 3794852
-2802 3921994
-2800 3989218
-2798 3874978
-2796 3867836
-2794 3867771
-2792 3931464
-2790 3895685
-2788 3901818
-2786 3992571
-2784 3930279
-2782 4010330
-2780 4032046
-2778 4137309
-2776 4136081
-2774 4087840
-2772 4204133
-2770 4116857
-2768 4149918
-2766 4260209
-2764 4292156
-2762 4309965
-2760 4425637
-2758 4439996
-2756 4347396
-2754 4433304
-2752 4397113
-2750 4449211
-2748 4437518
-2746 4470351
-2744 4420764
-2742 4321410
-2740 4343124
-2738 4344444
-2736 4455814
-2734 4434805
-2732 4487184
-2730 4420426
-2728 4400071
-2726 4437277
-2724 4406892
-2722 4476059
-2720 4480472
-2718 4465383
-2716 4486709
-2714 4517931
-2712 4505149
-2710 4687919
-2708 4572814
-2706 4622465
-2704 4679146
-2702 4575208
-2700 4610192
-2698 4694349
-2696 4747843
-2694 4788067
-2692 4913662
-2690 4866831
-2688 4955134
-2686 5090578
-2684 5001962
-2682 4992808
-2680 4931064
-2678 4839345
-2676 5002511
-2674 4981382
-2672 4905390
-2670 4921854
-2668 4981017
-2666 4988947
-2664 5028170
-2662 5109155
-2660 5097039
-2658 4978963
-2656 5061521
-2654 5171724
-2652 5285610
-2650 5248606
-2648 5127735
-2646 5113477
-2644 5086614
-2642 5033657
-2640 5124629
-2638 5078963
-2636 5104241
-2634 5215526
-2632 5278510
-2630 5369366
-2628 5353779
-2626 5404817
-2624 5365825
-2622 5418033
-2620 5393316
-2618 5400255
-2616 5413267
-2614 5577231
-2612 5413542
-2610 5380373
-2608 5259659
-2606 5465393
-2604 5512141
-2602 5501871
-2600 5463007
-2598 5556766
-2596 5743675
-2594 5748963
-2592 5823174
-2590 5777910
-2588 5930650
-2586 5878754
-2584 5899125
-2582 5999571
-2580 5927298
-2578 5896410
-2576 5943663
-2574 5834914
-2572 5880546
-2570 5918662
-2568 5849169
-2566 5803928
-2564 5939668
-2562 5985260
-2560 5980340
-2558 5910189
-2556 5854992
-2554 5842576
-2552 5915425
-2550 5879469
-2548 5867664
-2546 6035100
-2544 5973489
-2542 6035895
-2540 6004337
-2538 6096474
-2536 6166537
-2534 6153478
-2532 6228263
-2530 6203845
-2528 6253861
-2526 6404315
-2524 6235474
-2522 6355386
-2520 6297555
-2518 6315970
-2516 6338964
-2514 6494834
-2512 6404240
-2510 6318254
-2508 6339977
-2506 6354763
-2504 6286449
-2502 6320279
-2500 6269586
-2498 6308222
-2496 6487756
-2494 6462564
-2492 6434984
-2490 6568344
-2488 6456272
-2486 6397810
-2484 6342152
-2482 6385369
-2480 6494067
-2478 6477304
-2476 6675952
-2474 6548513
-2472 6590467
-2470 6591091
-2468 6679605
-2466 6641582
-2464 6798124
-2462 6929930
-2460 6872183
-2458 6808216
-2456 6761430
-2454 6914267
-2452 6959697
-2450 7047771
-2448 7006654
-2446 6970285
-2444 6890283
-2442 7092685
-2440 7019753
-2438 7046094
-2436 6954723
-2434 6911337
-2432 7015723
-2430 7039347
-2428 7133476
-2426 7110529
-2424 7019377
-2422 7188623
-2420 7141790
-2418 7313134
-2416 7278931
-2414 7144563
-2412 7143017
-2410 7084605
-2408 7177233
-2406 7254890
-2404 7274009
-2402 7278808
-2400 7273874
-2398 7236190
-2396 7438221
-2394 7489426
-2392 7405858
-2390 7563923
-2388 7709956
-2386 7611002
-2384 7605571
-2382 7557105
-2380 7495452
-2378 7580492
-2376 7703902
-2374 7654134
-2372 7700912
-2370 7724333
-2368 7632959
-2366 8000788
-2364 7923593
-2362 7842381
-2360 7906773
-2358 7935580
-2356 8029724
-2354 7787594
-2352 7901767
-2350 7963567
-2348 7930241
-2346 8083903
-2344 8097067
-2342 8035618
-2340 8001795
-2338 8224581
-2336 8033332
-2334 7993045
-2332 8118858
-2330 8278903
-2328 8402881
-2326 8132584
-2324 8275262
-2322 8336507
-2320 8372649
-2318 8381738
-2316 8368694
-2314 8416122
-2312 8300131
-2310 8500372
-2308 8482585
-2306 8349751
-2304 8481146
-2302 8514612
-2300 8704904
-2298 8716216
-2296 8804713
-2294 8641170
-2292 8637487
-2290 8732134
-2288 8771699
-2286 8589887
-2284 8703488
-2282 8758375
-2280 8676794
-2278 8614590
-2276 8783340
-2274 8871664
-2272 8794195
-2270 8840344
-2268 9068898
-2266 8951657
-2264 8892147
-2262 9054630
-2260 8863064
-2258 8754923
-2256 8907108
-2254 8849335
-2252 8849060
-2250 8926773
-2248 8909447
-2246 8929259
-2244 9099005
-2242 8928487
-2240 8962550
-2238 9073618
-2236 9092365
-2234 8978054
-2232 9095118
-2230 9189647
-2228 9230643
-2226 9282232
-2224 9334302
-2222 9439287
-2220 9248725
-2218 9507353
-2216 9433784
-2214 9531361
-2212 9472994
-2210 9471900
-2208 9408193
-2206 9407178
-2204 9445718
-2202 9397644
-2200 9449558
-2198 9428362
-2196 9733560
-2194 9556720
-2192 9734493
-2190 9486439
-2188 9640913
-2186 9711204
-2184 9502655
-2182 9637672
-2180 9706431
-2178 9732423
-2176 9740394
-2174 9805394
-2172 9666858
-2170 9779165
-2168 9784970
-2166 9830791
-2164 9854553
-2162 9832596
-2160 9898393
-2158 9888087
-2156 9939672
-2154 9936032
-2152 9876916
-2150 9779603
-2148 10074974
-2146 9895290
-2144 10072108
-2142 9870929
-2140 9988208
-2138 10102576
-2136 10010825
-2134 9998433
-2132 10004959
-2130 10012693
-2128 10086068
-2126 10130966
-2124 10123772
-2122 10117814
-2120 10157755
-2118 10081666
-2116 10083037
-2114 10151868
-2112 10424128
-2110 10397788
-2108 10542492
-2106 10427544
-2104 10643220
-2102 10635161
-2100 10589958
-2098 10508800
-2096 10375587
-2094 10514828
-2092 10698490
-2090 10613512
-2088 10582487
-2086 10612240
-2084 10604420
-2082 10626154
-2080 10629885
-2078 10713263
-2076 10699606
-2074 10883097
-2072 10900695
-2070 10998461
-2068 10988627
-2066 10738672
-2064 10747088
-2062 10926886
-2060 11202629
-2058 11160054
-2056 11095913
-2054 11148622
-2052 11112723
-2050 11023102
-2048 11122975
-2046 11188036
-2044 11170178
-2042 11325627
-2040 11242714
-2038 11189533
-2036 11214464
-2034 11311976
-2032 11476951
-2030 11521712
-2028 11590682
-2026 11559305
-2024 11450920
-2022 11590096
-2020 11508227
-2018 11548048
-2016 11428822
-2014 11333448
-2012 11395758
-2010 11545812
-2008 11487751
-2006 11524926
-2004 11646018
-2002 11460535
-2000 11576598
-1998 11482944
-1996 11514052
-1994 11438179
-1992 11643882
-1990 11537340
-1988 11711714
-1986 11653807
-1984 11811630
-1982 11854163
-1980 12042589
-1978 12249674
-1976 12406524
-1974 12203383
-1972 12195463
-1970 11998590
-1968 12161423
-1966 12134518
-1964 12225978
-1962 11966397
-1960 11973073
-1958 11912482
-1956 11973836
-1954 11926312
-1952 12018686
-1950 11876690
-1948 12016367
-1946 12083635
-1944 12198183
-1942 12195686
-1940 12002190
-1938 12359947
-1936 12183492
-1934 12167821
-1932 12354888
-1930 12274375
-1928 12174820
-1926 12275349
-1924 12273698
-1922 12633244
-1920 12459001
-1918 12489749
-1916 12357916
-1914 12380989
-1912 12351481
-1910 12508930
-1908 12455013
-1906 12326098
-1904 12465221
-1902 12375670
-1900 12483030
-1898 12497048
-1896 12533438
-1894 12684005
-1892 13024157
-1890 12935699
-1888 12966509
-1886 13178527
-1884 13158019
-1882 13154941
-1880 13112089
-1878 13084003
-1876 13032121
-1874 13349350
-1872 13216129
-1870 13100016
-1868 13096913
-1866 12962218
-1864 13144020
-1862 13133574
-1860 13248005
-1858 13194073
-1856 13148878
-1854 13115986
-1852 13089888
-1850 13197264
-1848 13317859
-1846 13504117
-1844 13541396
-1842 13491705
-1840 13546049
-1838 13622836
-1836 13619910
-1834 13548173
-1832 13562010
-1830 13433274
-1828 13162469
-1826 13357682
-1824 13319188
-1822 13438656
-1820 13602005
-1818 13436617
-1816 13680896
-1814 13540438
-1812 13517236
-1810 13513998
-1808 13610959
-1806 13741220
-1804 13695908
-1802 13914174
-1800 13983467
-1798 14031376
-1796 13970662
-1794 13806064
-1792 13838595
-1790 13885766
-1788 13991537
-1786 13926467
-1784 13998982
-1782 13944577
-1780 14093972
-1778 14325357
-1776 14126895
-1774 14014177
-1772 14320738
-1770 14163456
-1768 14090315
-1766 14016134
-1764 14173937
-1762 14171646
-1760 14244626
-1758 14128069
-1756 14223196
-1754 14385907
-1752 14236528
-1750 14295184
-1748 14158775
-1746 14455838
-1744 14514337
-1742 14566008
-1740 14383644
-1738 14519871
-1736 14433398
-1734 14435150
-1732 14482420
-1730 14484589
-1728 14510711
-1726 14586832
-1724 14691682
-1722 14574211
-1720 14751008
-1718 14841452
-1716 14651601
-1714 14678672
-1712 14673196
-1710 14956956
-1708 14776783
-1706 14854097
-1704 14922007
-1702 14984042
-1700 15017757
-1698 14898072
-1696 15202607
-1694 15100746
-1692 15042380
-1690 15148927
-1688 15112894
-1686 15099543
-1684 15324361
-1682 15380420
-1680 15463985
-1678 15271100
-1676 15373330
-1674 15194971
-1672 15502353
-1670 15403960
-1668 15618688
-1666 15415895
-1664 15531655
-1662 15433926
-1660 15477474
-1658 15420261
-1656 15609580
-1654 15634386
-1652 15597756
-1650 15434147
-1648 15371627
-1646 15665436
-1644 15480278
-1642 15572396
-1640 15750602
-1638 15837183
-1636 15794372
-1634 15768244
-1632 15721729
-1630 15452197
-1628 15735045
-1626 15530465
-1624 15640521
-1622 15710283
-1620 15609238
-1618 15753946
-1616 15901487
-1614 15911385
-1612 15901464
-1610 16038597
-1608 16142912
-1606 16072169
-1604 16137821
-1602 16166685
-1600 16125504
-1598 16222098
-1596 16269827
-1594 16178541
-1592 16352725
-1590 16248511
-1588 16213739
-1586 16195442
-1584 16212863
-1582 16105513
-1580 16275195
-1578 16330052
-1576 16262457
-1574 16285692
-1572 16514280
-1570 16679061
-1568 16626287
-1566 16477610
-1564 16379861
-1562 16343219
-1560 16392984
-1558 16321512
-1556 16267994
-1554 16403150
-1552 16501879
-1550 16564386
-1548 16553067
-1546 16685688
-1544 16624079
-1542 16642543
-1540 16817680
-1538 16786771
-1536 16793789
-1534 16836281
-1532 16803981
-1530 16756087
-1528 16606932
-1526 16902976
-1524 16804567
-1522 16879128
-1520 17009245
-1518 16966563
-1516 16843036
-1514 17014578
-1512 16960866
-1510 17001417
-1508 16855697
-1506 16992635
-1504 17128193
-1502 17052532
-1500 17153920
-1498 17393727
-1496 17216054
-1494 17160717
-1492 17053266
-1490 17315780
-1488 17328207
-1486 17171272
-1484 17188311
-1482 17349669
-1480 17381595
-1478 17245955
-1476 17481642
-1474 17331978
-1472 17372283
-1470 17384068
-1468 17503697
-1466 17407882
-1464 17401918
-1462 17562416
-1460 17472796
-1458 17619266
-1456 17517416
-1454 17639089
-1452 17606536
-1450 17713671
-1448 17657347
-1446 17671036
-1444 17850531
-1442 18015972
-1440 17858938
-1438 17965238
-1436 17999415
-1434 18012842
-1432 17806413
-1430 17704097
-1428 17654956
-1426 17970829
-1424 17957822
-1422 18126922
-1420 18256701
-1418 18275216
-1416 17985809
-1414 18021498
-1412 18074907
-1410 18108518
-1408 18039494
-1406 18141897
-1404 18153592
-1402 18005220
-1400 18081496
-1398 18094067
-1396 18106156
-1394 18008500
-1392 18321165
-1390 18310778
-1388 18373728
-1386 18563134
-1384 18356342
-1382 18425129
-1380 18402312
-1378 18378626
-1376 18394177
-1374 18759537
-1372 18699196
-1370 18833377
-1368 18629994
-1366 18591687
-1364 18597686
-1362 18628569
-1360 18798748
-1358 18818509
-1356 18723835
-1354 18664272
-1352 18916416
-1350 18756835
-1348 19023920
-1346 18799644
-1344 18658600
-1342 18584531
-1340 18769276
-1338 18577189
-1336 18610454
-1334 18691118
-1332 18678542
-1330 18882142
-1328 19171757
-1326 19032687
-1324 19031480
-1322 19310139
-1320 19212865
-1318 19113483
-1316 19279648
-1314 18893134
-1312 19162952
-1310 19361802
-1308 19137428
-1306 19031334
-1304 19229819
-1302 19082720
-1300 19027581
-1298 19088268
-1296 19044925
-1294 19283027
-1292 19287268
-1290 19239390
-1288 19449081
-1286 19330680
-1284 19442116
-1282 19455963
-1280 19559300
-1278 19574735
-1276 19671164
-1274 19628334
-1272 19669731
-1270 19567993
-1268 19633121
-1266 19507499
-1264 19810894
-1262 19861462
-1260 20041935
-1258 20016477
-1256 20091304
-1254 20022786
-1252 20136821
-1250 20242529
-1248 20217174
-1246 20236014
-1244 19885429
-1242 20112539
-1240 20086950
-1238 19780430
-1236 19870756
-1234 19892419
-1232 20044033
-1230 20139008
-1228 20305241
-1226 20277341
-1224 20225801
-1222 20070834
-1220 20205954
-1218 20379451
-1216 20566532
-1214 20494307
-1212 20336036
-1210 20531360
-1208 20147502
-1206 20091593
-1204 20227646
-1202 20285878
-1200 20554014
-1198 20363669
-1196 20308100
-1194 20325397
-1192 20235310
-1190 20124711
-1188 20301399
-1186 20337028
-1184 20500666
-1182 20384820
-1180 20293939
-1178 20278832
-1176 20364063
-1174 20088062
-1172 20444190
-1170 20372786
-1168 20437278
-1166 20596440
-1164 20355913
-1162 20608417
-1160 20569948
-1158 20465400
-1156 20536356
-1154 20465101
-1152 20389945
-1150 20329912
-1148 20456188
-1146 20667453
-1144 20722759
-1142 20786280
-1140 20902920
-1138 20988176
-1136 21084773
-1134 20968210
-1132 21024810
-1130 20931402
-1128 20944306
-1126 21214473
-1124 21380944
-1122 21403273
-1120 21338977
-1118 21174366
-1116 21260333
-1114 21267862
-1112 21433533
-1110 21191066
-1108 21113823
-1106 21080910
-1104 21369452
-1102 21171675
-1100 21379068
-1098 21433428
-1096 21397927
-1094 21129083
-1092 21036235
-1090 21263376
-1088 21243391
-1086 21324106
-1084 21355560
-1082 21152302
-1080 21145262
-1078 21318096
-1076 21369102
-1074 21585237
-1072 21572671
-1070 21581766
-1068 21517903
-1066 21544064
-1064 21394386
-1062 21655062
-1060 21477597
-1058 21621527
-1056 21696934
-1054 21668896
-1052 21590229
-1050 21912316
-1048 21638137
-1046 21558811
-1044 21970037
-1042 22091891
-1040 22192149
-1038 22357600
-1036 22246844
-1034 22193154
-1032 22173171
-1030 22170832
-1028 22216602
-1026 21982902
-1024 22156998
-1022 22132273
-1020 22075832
-1018 21965615
-1016 22108150
-1014 22329796
-1012 22190902
-1010 22356581
-1008 22309941
-1006 22168852
-1004 22173095
-1002 22247220
-1000 22245984
-998 22232773
-996 22346843
-994 22147267
-992 22206719
-990 22196480
-988 22032630
-986 22262238
-984 22352898
-982 22245930
-980 22383587
-978 22388914
-976 22350833
-974 22622794
-972 22560022
-970 22349878
-968 22496902
-966 22592516
-964 22391776
-962 22368510
-960 22220782
-958 22405318
-956 22435532
-954 22543011
-952 22669229
-950 22588827
-948 22571666
-946 22515479
-944 22662725
-942 22794201
-940 22652228
-938 22475370
-936 22133132
-934 22289016
-932 22394961
-930 22243404
-928 22285113
-926 22525444
-924 22546533
-922 22450702
-920 22609537
-918 22638352
-916 22567012
-914 22232568
-912 22585620
-910 22632512
-908 22575952
-906 22603528
-904 22288724
-902 22390971
-900 22573002
-898 22340384
-896 22516717
-894 22762852
-892 23096791
-890 23019173
-888 22932427
-886 23015637
-884 23027386
-882 22970085
-880 23082018
-878 22989641
-876 23248110
-874 23080512
-872 23042924
-870 22988157
-868 23006316
-866 23212218
-864 23007957
-862 22866873
-860 23102985
-858 23228612
-856 23460716
-854 23558364
-852 23471072
-850 23319662
-848 23257775
-846 23355701
-844 23201805
-842 23177513
-840 23389319
-838 23308165
-836 23373863
-834 23535591
-832 23252277
-830 23424896
-828 23600499
-826 23425503
-824 23306927
-822 23357193
-820 23469601
-818 23515002
-816 23661163
-814 23509267
-812 23547493
-810 23644194
-808 23742326
-806 23835671
-804 23824834
-802 24005954
-800 23986172
-798 23891628
-796 24030129
-794 24015114
-792 24090589
-790 23656454
-788 24041077
-786 23911445
-784 24036669
-782 24306615
-780 24170289
-778 24348637
-776 24122572
-774 24296025
-772 24168171
-770 24096537
-768 24037316
-766 23974773
-764 23972907
-762 24126845
-760 23998320
-758 24245855
-756 24388817
-754 24138122
-752 23954321
-750 23895030
-748 23879268
-746 24097071
-744 24023127
-742 23965054
-740 24112106
-738 24153277
-736 24213228
-734 24139988
-732 24131422
-730 23885584
-728 24061237
-726 24261823
-724 24175337
-722 24058043
-720 24258134
-718 24435070
-716 24455351
-714 24303310
-712 24443947
-710 24402678
-708 24419967
-706 24168662
-704 24403125
-702 24373289
-700 24214107
-698 24221607
-696 24596759
-694 24513289
-692 24535229
-690 24492929
-688 24235647
-686 24124648
-684 24423717
-682 24596655
-680 24491149
-678 24429871
-676 24503414
-674 24427828
-672 24607275
-670 24478375
-668 24587969
-666 24682040
-664 24712884
-662 24737993
-660 24781055
-658 24759272
-656 24763874
-654 24940417
-652 24831045
-650 24970090
-648 25120574
-646 25129673
-644 25111225
-642 24934489
-640 24905296
-638 24890022
-636 25035050
-634 25167736
-632 25173384
-630 24841404
-628 24944358
-626 24963203
-624 24990726
-622 24978183
-620 24798425
-618 24723722
-616 24992363
-614 24871378
-612 24723527
-610 24860778
-608 24892866
-606 24595466
-604 24751705
-602 24757151
-600 24817733
-598 24626470
-596 24579951
-594 24854845
-592 25112709
-590 25045909
-588 25114278
-586 25245890
-584 25176107
-582 25224817
-580 24974923
-578 25035765
-576 25163602
-574 25108659
-572 25085484
-570 25108460
-568 25291325
-566 25131955
-564 25148385
-562 24976697
-560 25054335
-558 25078637
-556 25101439
-554 24921510
-552 25131921
-550 25142200
-548 24986267
-546 24737291
-544 24819537
-542 25080118
-540 24899463
-538 25133334
-536 25264126
-534 25123549
-532 25259012
-530 25215893
-528 25077658
-526 25090210
-524 25110957
-522 25085150
-520 25037302
-518 25078166
-516 25271763
-514 25356331
-512 25249962
-510 25280637
-508 25339593
-506 25339453
-504 25659351
-502 25493941
-500 25658174
-498 25755498
-496 25887499
-494 25867341
-492 25750999
-490 25806178
-488 25696682
-486 25497220
-484 25689041
-482 25707913
-480 25620540
-478 25568706
-476 25529107
-474 25767089
-472 25804685
-470 25831338
-468 25773508
-466 25766086
-464 25966658
-462 25762715
-460 25657065
-458 25987909
-456 25945777
-454 25829619
-452 26147809
-450 25925722
-448 25758701
-446 25806815
-444 25671555
-442 25945497
-440 25963128
-438 25971973
-436 26066493
-434 25997477
-432 25940379
-430 26069890
-428 26091334
-426 25854708
-424 26004813
-422 25906623
-420 25995867
-418 25972080
-416 26001063
-414 26090003
-412 25719416
-410 25825198
-408 25837845
-406 25907461
-404 25946363
-402 25925357
-400 26001061
-398 25842315
-396 25720969
-394 25839964
-392 25842024
-390 25885289
-388 26272597
-386 26107584
-384 25958099
-382 26066566
-380 26183125
-378 26105016
-376 26011323
-374 25884368
-372 26234016
-370 25985831
-368 25811413
-366 25776200
-364 25803954
-362 25827713
-360 25700627
-358 25869054
-356 25975547
-354 26013598
-352 26007900
-350 26219706
-348 26237281
-346 26175606
-344 26067727
-342 26282455
-340 26235506
-338 26273293
-336 26253021
-334 26304143
-332 26224004
-330 26436707
-328 26312784
-326 26525309
-324 26480810
-322 26510386
-320 26382826
-318 26534227
-316 26585803
-314 26581129
-312 26434352
-310 26466997
-308 26571036
-306 26890007
-304 26513435
-302 26503181
-300 26380941
-298 26420290
-296 26550917
-294 26632475
-292 26550191
-290 26587529
-288 26909192
-286 26854409
-284 26904951
-282 26655193
-280 26661581
-278 26418660
-276 26388746
-274 26082230
-272 26404262
-270 26389279
-268 26485344
-266 26386032
-264 26361458
-262 26499967
-260 26543394
-258 26355255
-256 26269787
-254 26631238
-252 26488614
-250 26189205
-248 26572568
-246 26534461
-244 26416920
-242 26380979
-240 26157441
-238 26187961
-236 26201552
-234 26258287
-232 26445547
-230 26415644
-228 26277470
-226 26107920
-224 26265042
-222 26370114
-220 26389936
-218 26514593
-216 26398384
-214 26484990
-212 26389919
-210 26467294
-208 26577475
-206 26695445
-204 26483914
-202 26367053
-200 26492353
-198 26563349
-196 26767228
-194 26531861
-192 26561672
-190 26861342
-188 26463763
-186 26617857
-184 26539971
-182 26568840
-180 26730485
-178 26370806
-176 26374508
-174 26542367
-172 26677969
-170 26589596
-168 26757044
-166 26827404
-164 26599393
-162 26925903
-160 26761945
-158 26892502
-156 26867908
-154 26944403
-152 26668837
-150 26847352
-148 26782443
-146 26836226
-144 26813327
-142 26676892
-140 26918095
-138 26583238
-136 26860221
-134 26592720
-132 26704773
-130 26723883
-128 26586211
-126 26921096
-124 26959499
-122 26950890
-120 27101610
-118 27189518
-116 27156957
-114 27320563
-112 27185106
-110 27415933
-108 27101134
-106 26969972
-104 27154395
-102 27367457
-100 27451937
-98 27113316
-96 27093355
-94 27113844
-92 26945430
-90 26953484
-88 26802485
-86 26780443
-84 26545115
-82 26732205
-80 26713993
-78 26626056
-76 26495001
-74 26768164
-72 26778127
-70 26728556
-68 26895870
-66 26865929
-64 27013109
-62 26878460
-60 27161550
-58 26917949
-56 26745217
-54 26887430
-52 26599640
-50 26579146
-48 26782088
-46 26655923
-44 26579409
-42 26547996
-40 26699773
-38 26706141
-36 26724196
-34 26781207
-32 26510394
-30 26508042
-28 26607979
-26 26680630
-24 26446539
-22 26383159
-20 26579416
-18 26634485
-16 26753441
-14 26667438
-12 26374628
-10 26610834
-8 26725308
-6 26650704
-4 26754120
-2 26801655
0 26753145
2 26710339
4 26842710
6 26745864
8 26874004
10 26747645
12 26796251
14 26916936
16 26986921
18 26934872
20 26877989
22 26742202
24 26850780
26 26994765
28 27008112
30 26875596
32 26937158
34 26729578
36 26781269
38 26731956
40 26706385
42 26800591
44 26652528
46 26697652
48 26895013
50 26672532
52 26815911
54 26625987
56 26408022
58 26528146
60 26637535
62 26818257
64 26567198
66 26578499
68 26605600
70 26525369
72 26518422
74 26576431
76 26637280
78 26484330
80 26393866
82 26294147
84 26389649
86 26481674
88 26563304
90 26935228
92 26641587
94 26461464
96 26672116
98 26766309
100 26885459
102 26773492
104 26539484
106 26524176
108 26444017
110 26454411
112 26671542
114 26464360
116 26619795
118 26399621
120 26480475
122 26645494
124 26423006
126 26842847
128 26766956
130 26756726
132 26805834
134 26824886
136 26626835
138 26693467
140 26624168
142 26513192
144 26573692
146 26565498
148 26692000
150 26584514
152 26611599
154 26355247
156 26315585
158 26354764
160 26419582
162 26745606
164 26345433
166 26472695
168 26524090
170 26594142
172 26490127
174 26233900
176 26424774
178 26433880
180 26484984
182 26413148
184 26402991
186 26676325
188 26526070
190 26550247
192 26633668
194 26582248
196 26535389
198 26716728
200 26806302
202 26644825
204 26596567
206 26509017
208 26665535
210 26455206
212 26418024
214 26536902
216 26610932
218 26528719
220 26496423
222 26517267
224 26743960
226 26584471
228 26403803
230 26784221
232 26633456
234 26783891
236 26637973
238 26444418
240 26555342
242 26481090
244 26668551
246 26665271
248 26691062
250 26683369
252 26657939
254 26329107
256 26520251
258 26419899
260 26386246
262 26454334
264 26407028
266 26365336
268 26667904
270 26615795
272 26797003
274 26484978
276 26494371
278 26695387
280 26426179
282 26445247
284 26439332
286 26466039
288 26880019
290 26792646
292 26855907
294 26782035
296 26575591
298 26520961
300 26610259
302 26505111
304 26455846
306 26431578
308 26499760
310 26535436
312 26601014
314 26333427
316 26691565
318 26573419
320 26549381
322 26889154
324 26686158
326 26437573
328 26647173
330 26466741
332 26500317
334 26228712
336 26227525
338 26192004
340 26280212
342 26354825
344 26592636
346 26329391
348 26062700
350 26342348
352 26242280
354 26284465
356 26267278
358 26223270
360 26240176
362 26056755
364 25909996
366 26055849
368 26173004
370 25863478
372 26203528
374 26047467
376 25866506
378 25536716
380 25910689
382 26078203
384 25905253
386 26001769
388 26017143
390 26190061
392 26162481
394 26125088
396 25884114
398 26277950
400 26116341
402 26135875
404 26163419
406 26107871
408 26049397
410 26226885
412 26028050
414 26028094
416 25870779
418 26047088
420 26072183
422 25840886
424 25678444
426 25833884
428 25561598
430 25479243
432 25698548
434 25704126
436 26052653
438 25887511
440 25959354
442 25488029
444 25459179
446 25631934
448 25689658
450 25760459
452 25705659
454 25666923
456 25564535
458 25609310
460 25705043
462 25669669
464 25549837
466 25755649
468 25702906
470 25673390
472 25664139
474 25577724
476 25740530
478 25842785
480 25757189
482 25736918
484 25834083
486 25586184
488 25668931
490 25482170
492 25325391
494 25342291
496 25574049
498 25502336
500 25539746
502 25555392
504 25443904
506 25553817
508 25452054
510 25397480
512 25505706
514 25313134
516 25404359
518 25614155
520 25513690
522 25471971
524 25296230
526 25299324
528 25461638
530 25443572
532 25078337
534 25385480
536 25399726
538 25515858
540 25693530
542 25564142
544 25627285
546 25433912
548 25448980
550 25447081
552 25460479
554 25193126
556 25458639
558 25691761
560 25649725
562 25514164
564 25487259
566 25521015
568 25433061
570 25416244
572 25263995
574 25505562
576 25574229
578 25223664
580 25238832
582 25447429
584 25224860
586 25226124
588 25337106
590 24976881
592 25082895
594 25046657
596 24802885
598 24910532
600 24741618
602 25077698
604 24823006
606 25000967
608 24711521
610 24708894
612 24573449
614 24752654
616 24712192
618 24693234
620 24621011
622 24647665
624 24562128
626 24653933
628 24789408
630 24743861
632 24535080
634 24755131
636 24828520
638 24809266
640 24801171
642 24694303
644 24882543
646 24831706
648 24992717
650 24914359
652 24706738
654 25058243
656 24662893
658 24511607
660 24610179
662 24364757
664 24668727
666 24360934
668 24380906
670 24417961
672 24289739
674 24271515
676 24265636
678 24441763
680 24302125
682 24264621
684 24192441
686 24401241
688 24380591
690 24388950
692 24255534
694 24337765
696 24263536
698 24399605
700 24283974
702 24280321
704 24178900
706 24349018
708 24368688
710 24144327
712 24107067
714 24297826
716 24335452
718 24225109
720 24296934
722 24203166
724 23965724
726 24153633
728 24134603
730 24157974
732 24077019
734 24068280
736 24032835
738 24036038
740 24204935
742 24121662
744 24068570
746 24369103
748 24115220
750 24314835
752 24145711
754 24210519
756 23815372
758 23678569
760 23911642
762 23826485
764 23929197
766 23784619
768 23802124
770 23879384
772 24164462
774 23908310
776 23936725
778 24096105
780 24095775
782 23901024
784 23912173
786 23924332
788 24147117
790 23966774
792 23911361
794 23986774
796 23724777
798 23766255
800 23473739
802 23818671
804 23829929
806 23725117
808 23868746
810 23712307
812 23359741
814 23374230
816 23496005
818 23189463
820 23193718
822 23406384
824 23422964
826 23368048
828 23285003
830 23486908
832 23407052
834 23615589
836 23496448
838 23567106
840 23224941
842 23275556
844 23213946
846 23220153
848 23507181
850 23201365
852 23168910
854 23223029
856 23252831
858 23335621
860 23260806
862 23279507
864 23372931
866 23157085
868 23024450
870 22967009
872 22889911
874 22785060
876 22758594
878 22770018
880 22696616
882 22490132
884 22711306
886 22566040
888 22721506
890 22599752
892 22655877
894 22567773
896 22752278
898 22674884
900 22850830
902 22706685
904 22735084
906 22811687
908 22802127
910 22611474
912 22638616
914 22573320
916 22623883
918 22628118
920 22782605
922 22878511
924 22673074
926 22910398
928 22743314
930 22724634
932 22527758
934 22568712
936 22676183
938 22790536
940 22941836
942 22917420
944 23060723
946 22835003
948 22488066
950 22580398
952 22405851
954 22523746
956 22448901
958 22292072
960 22587460
962 22615833
964 22464622
966 22437271
968 22466866
970 22423054
972 22462309
974 22315659
976 22335407
978 22021763
980 22381135
982 22220355
984 22187959
986 22236525
988 22029589
990 22305171
992 22257360
994 22161844
996 22140354
998 22186945
1000 21906928
1002 21989571
1004 22149148
1006 22061755
1008 22206629
1010 22024485
1012 22016596
1014 21921747
1016 21957767
1018 22116025
1020 21988091
1022 21990451
1024 21924063
1026 21772927
1028 21749975
1030 21702653
1032 21809192
1034 21826762
1036 21851315
1038 21931752
1040 21763907
1042 21645324
1044 21798078
1046 21649748
1048 21792985
1050 21793362
1052 21804385
1054 21454272
1056 21749290
1058 21628893
1060 21678760
1062 21622106
1064 21955494
1066 21991396
1068 21777121
1070 21764940
1072 21579527
1074 21514857
1076 21245053
1078 21280252
1080 21519706
1082 21385391
1084 21378292
1086 21341490
1088 21173109
1090 21361736
1092 21189830
1094 21362153
1096 21348429
1098 21109268
1100 21460127
1102 21197303
1104 21300101
1106 21055040
1108 21181773
1110 21032005
1112 21112033
1114 21293774
1116 21083238
1118 21002599
1120 21184051
1122 21259576
1124 21019433
1126 21027578
1128 20982702
1130 20778973
1132 20842656
1134 20999478
1136 21017048
1138 20905076
1140 20861513
1142 20693975
1144 20800056
1146 20824966
1148 20835246
1150 21002675
1152 21085278
1154 21020481
1156 21028339
1158 20880478
1160 20875588
1162 20946829
1164 20851800
1166 21011055
1168 20834345
1170 20945633
1172 20833096
1174 20603084
1176 20559311
1178 20434080
1180 20518026
1182 20445407
1184 20506563
1186 20475631
1188 20599963
1190 20445331
1192 20573715
1194 20436501
1196 20225271
1198 20157924
1200 20173337
1202 20315139
1204 20375824
1206 20421654
1208 20104253
1210 20245495
1212 19998746
1214 20109781
1216 20162603
1218 20362205
1220 20451776
1222 20298410
1224 20163845
1226 20233436
1228 20207634
1230 20242572
1232 20024114
1234 19952467
1236 20067277
1238 20285594
1240 19975101
1242 19915099
1244 19808893
1246 19929660
1248 20004556
1250 20114833
1252 19858777
1254 19932177
1256 19765620
1258 19734688
1260 19713125
1262 19844095
1264 19837984
1266 19835406
1268 19779470
1270 19889526
1272 19718742
1274 19764324
1276 19573626
1278 19641866
1280 19495270
1282 19703422
1284 19689623
1286 19680355
1288 19404809
1290 19636836
1292 19664857
1294 19758016
1296 19491901
1298 19415401
1300 19708847
1302 19601253
1304 19639682
1306 19435852
1308 19348989
1310 19562665
1312 19332114
1314 19306178
1316 19179016
1318 19341767
1320 19333849
1322 19282921
1324 19150855
1326 19212780
1328 19136647
1330 19079305
1332 18894603
1334 18909355
1336 19041174
1338 18910236
1340 19015905
1342 18975243
1344 18918996
1346 18897530
1348 18760166
1350 18718152
1352 18610569
1354 18663574
1356 18653427
1358 18892866
1360 18774114
1362 18700554
1364 18470057
1366 18337818
1368 18336651
1370 18477524
1372 18426256
1374 18421930
1376 18298842
1378 18459528
1380 18535090
1382 18507679
1384 18548921
1386 18575509
1388 18648019
1390 18514357
1392 18555587
1394 18432910
1396 18464886
1398 18465572
1400 18311882
1402 17999378
1404 17960457
1406 18139686
1408 18087033
1410 18052425
1412 18168022
1414 18390788
1416 18289977
1418 18241456
1420 18184057
1422 18272164
1424 18194297
1426 18219932
1428 18108984
1430 17894405
1432 17749109
1434 17785001
1436 17708935
1438 17683530
1440 17818170
1442 17852811
1444 17757548
1446 17809674
1448 17925071
1450 17732414
1452 17721166
1454 17823844
1456 17632676
1458 17506477
1460 17505112
1462 17594549
1464 17395890
1466 17548706
1468 17466837
1470 17401818
1472 17663482
1474 17564248
1476 17474956
1478 17370932
1480 17306690
1482 17313595
1484 17399310
1486 17242901
1488 17080309
1490 17172509
1492 17247806
1494 17043886
1496 16877663
1498 16696667
1500 16741473
1502 16862789
1504 16787796
1506 16533567
1508 16661775
1510 16519579
1512 16954552
1514 16831400
1516 16821159
1518 16839883
1520 16680994
1522 16509440
1524 16886164
1526 16721253
1528 16821681
1530 16542225
1532 16631503
1534 16373811
1536 16286450
1538 16345365
1540 16463921
1542 16399052
1544 16292316
1546 16444208
1548 16346781
1550 16565482
1552 16293928
1554 16484875
1556 16550965
1558 16270057
1560 16253595
1562 16297300
1564 16296468
1566 16248999
1568 16435289
1570 16355885
1572 16301966
1574 16343836
1576 16307290
1578 16371030
1580 16304957
1582 16243479
1584 16323152
1586 16047255
1588 16213098
1590 16249277
1592 16388639
1594 16243837
1596 16060304
1598 16258452
1600 16174765
1602 16134079
1604 16232039
1606 16005116
1608 15778539
1610 15843652
1612 15911693
1614 15931805
1616 15878370
1618 15579619
1620 15791598
1622 15480818
1624 15570410
1626 15622321
1628 15677801
1630 15618029
1632 15663616
1634 15635749
1636 15558110
1638 15568076
1640 15536333
1642 15591360
1644 15498349
1646 15353669
1648 15456761
1650 15316571
1652 15271881
1654 15144841
1656 15221962
1658 15186267
1660 15058806
1662 14897787
1664 15040622
1666 14971455
1668 15045415
1670 14924061
1672 15115334
1674 15120165
1676 15016107
1678 14858895
1680 14739321
1682 15085296
1684 14832271
1686 14902477
1688 15107066
1690 15017713
1692 15011549
1694 14965688
1696 15072434
1698 14998364
1700 15027403
1702 15165914
1704 14929978
1706 14838407
1708 14763756
1710 14677024
1712 14602628
1714 14558771
1716 14720774
1718 14763911
1720 14707249
1722 14779363
1724 14673697
1726 14854165
1728 14918043
1730 14878368
1732 14683981
1734 14403364
1736 14503389
1738 14535097
1740 14569499
1742 14658211
1744 14498967
1746 14591249
1748 14689783
1750 14563440
1752 14633488
1754 14568493
1756 14397036
1758 14333548
1760 14201866
1762 14298247
1764 14346219
1766 14255891
1768 14376807
1770 14384762
1772 14350475
1774 14115334
1776 14160677
1778 13957715
1780 13934288
1782 13856912
1784 13906312
1786 13997343
1788 14159045
1790 14009804
1792 14196278
1794 13971017
1796 14023926
1798 13929662
1800 13837356
1802 14005447
1804 13838408
1806 13553378
1808 13592272
1810 13803988
1812 13568102
1814 13647415
1816 13673203
1818 13530656
1820 13499392
1822 13423577
1824 13416527
1826 13658369
1828 13646304
1830 13692569
1832 13618654
1834 13435456
1836 13346283
1838 13456766
1840 13437140
1842 13508941
1844 13104776
1846 13244563
1848 13184317
1850 13077835
1852 13159043
1854 12994332
1856 12985076
1858 13191817
1860 12984302
1862 12961255
1864 12903402
1866 13016970
1868 13028852
1870 12942092
1872 13084904
1874 13189856
1876 13044466
1878 13035337
1880 12833518
1882 13039091
1884 13061780
1886 13098001
1888 12853797
1890 12982580
1892 12965393
1894 12852657
1896 12956731
1898 12973535
1900 12778736
1902 12702480
1904 12511129
1906 12460391
1908 12586667
1910 12484492
1912 12277397
1914 12406902
1916 12543071
1918 12326978
1920 12407070
1922 12295610
1924 12347843
1926 12268895
1928 12353173
1930 12390648
1932 12399503
1934 12416087
1936 12314449
1938 12160957
1940 12425122
1942 12049764
1944 12127414
1946 12303019
1948 12140456
1950 11792810
1952 11886093
1954 11829239
1956 11822791
1958 11857761
1960 11979603
1962 11770897
1964 11818777
1966 11920783
1968 11638053
1970 11851388
1972 11735068
1974 11767560
1976 11698862
1978 11422276
1980 11345649
1982 11483377
1984 11483345
1986 11450336
1988 11462409
1990 11340116
1992 11424696
1994 11405944
1996 11282658
1998 11313883
2000 11391925
2002 11402503
2004 11248513
2006 11418825
2008 11362947
2010 11177443
2012 11225958
2014 11260733
2016 11212477
2018 11191990
2020 11002791
2022 11003666
2024 10987180
2026 11019530
2028 11054389
2030 11047164
2032 10879454
2034 11031541
2036 11026504
2038 11139473
2040 10963912
2042 10936446
2044 10942794
2046 11039713
2048 11034044
2050 10929569
2052 10898024
2054 10914091
2056 10863158
2058 10913277
2060 10790631
2062 10779494
2064 10743483
2066 10698691
2068 10798637
2070 10773493
2072 11043337
2074 10811395
2076 10722922
2078 10712436
2080 10870107
2082 10742396
2084 10824368
2086 10699583
2088 10487877
2090 10566327
2092 10568197
2094 10529655
2096 10650552
2098 10430099
2100 10312250
2102 10381650
2104 10379057
2106 10465610
2108 10445490
2110 10310139
2112 10260868
2114 10408215
2116 10476509
2118 10274532
2120 10019983
2122 10033611
2124 10037101
2126 10156761
2128 10260340
2130 10147235
2132 10071523
2134 10080332
2136 10098774
2138 10054447
2140 10000985
2142 9955117
2144 10052434
2146 9990481
2148 10146608
2150 10166630
2152 9985924
2154 9898433
2156 9847853
2158 9930979
2160 9979528
2162 9773806
2164 9626871
2166 9663628
2168 9575987
2170 9673228
2172 9677428
2174 9600224
2176 9615446
2178 9514710
2180 9620163
2182 9613071
2184 9714758
2186 9732780
2188 9708252
2190 9688691
2192 9556093
2194 9495222
2196 9428340
2198 9316074
2200 9232063
2202 9244073
2204 9320330
2206 9320881
2208 9490430
2210 9145034
2212 9281480
2214 9158837
2216 9138186
2218 9117702
2220 9100907
2222 9118448
2224 9082695
2226 8934436
2228 8903103
2230 8938142
2232 8855170
2234 8855085
2236 8858459
2238 8815715
2240 8839741
2242 8810000
2244 8986102
2246 8862188
2248 8930159
2250 8720674
2252 8762771
2254 8808123
2256 8724575
2258 8659366
2260 8672372
2262 8643925
2264 8462874
2266 8581229
2268 8505491
2270 8436451
2272 8493462
2274 8564106
2276 8433235
2278 8405273
2280 8313253
2282 8243781
2284 8436860
2286 8468399
2288 8467770
2290 8287978
2292 8311039
2294 8271949
2296 8280069
2298 8227003
2300 8078771
2302 8060516
2304 8188441
2306 8175329
2308 8121202
2310 8108183
2312 8112288
2314 7971822
2316 7946105
2318 8161529
2320 8070523
2322 8068890
2324 8158517
2326 8069926
2328 8078777
2330 8141580
2332 7977775
2334 7973184
2336 8045131
2338 8008716
2340 7882330
2342 7966833
2344 7960488
2346 7861288
2348 7911785
2350 7882252
2352 7855307
2354 7917397
2356 7916204
2358 7854498
2360 7805759
2362 7735145
2364 7761843
2366 7763984
2368 7803549
2370 7709419
2372 7797037
2374 7572112
2376 7717488
2378 7859404
2380 7692881
2382 7808319
2384 7679494
2386 7545421
2388 7451986
2390 7371395
2392 7438802
2394 7475691
2396 7613601
2398 7485791
2400 7253370
2402 7201369
2404 7179399
2406 7465344
2408 7362991
2410 7340849
2412 7331272
2414 7290037
2416 7191390
2418 7100472
2420 6934880
2422 6996824
2424 7103921
2426 6936780
2428 7008488
2430 6916698
2432 6961373
2434 6959039
2436 6853740
2438 6854486
2440 6977063
2442 6874005
2444 6843273
2446 6757699
2448 6811787
2450 6726434
2452 6870666
2454 6826541
2456 6890691
2458 6803827
2460 6743858
2462 6837152
2464 6699099
2466 6681077
2468 6731145
2470 6707437
2472 6522049
2474 6515043
2476 6611632
2478 6699311
2480 6565648
2482 6480391
2484 6527875
2486 6462322
2488 6605226
2490 6548150
2492 6519501
2494 6465804
2496 6434148
2498 6323783
2500 6458249
2502 6292276
2504 6328101
2506 6187998
2508 6238331
2510 6344108
2512 6462733
2514 6334776
2516 6360201
2518 6449063
2520 6305513
2522 6329993
2524 6355763
2526 6282335
2528 6384143
2530 6331862
2532 6308024
2534 6340260
2536 6380080
2538 6338409
2540 6136485
2542 6134658
2544 6063693
2546 6080805
2548 6125498
2550 6063561
2552 6035360
2554 5922060
2556 5939520
2558 5954435
2560 5860612
2562 5954994
2564 6000179
2566 5905760
2568 5833611
2570 5665591
2572 5647782
2574 5764149
2576 5881287
2578 5870746
2580 5862047
2582 5832649
2584 5780744
2586 5788198
2588 5681266
2590 5661687
2592 5657245
2594 5660036
2596 5662686
2598 5693250
2600 5630726
2602 5533902
2604 5635048
2606 5516531
2608 5596527
2610 5567196
2612 5455530
2614 5430925
2616 5521143
2618 5382704
2620 5366256
2622 5387519
2624 5377796
2626 5391908
2628 5451896
2630 5462432
2632 5325152
2634 5281689
2636 5219990
2638 5186046
2640 5106248
2642 5120815
2644 5143293
2646 5213599
2648 5050370
2650 5069264
2652 5001448
2654 5177158
2656 5119065
2658 5128290
2660 5097430
2662 5081547
2664 5139026
2666 5053844
2668 4984833
2670 5066737
2672 5144864
2674 5084593
2676 4955492
2678 5019042
2680 4994892
2682 4919193
2684 4866363
2686 4804537
2688 4819011
2690 4660295
2692 4653088
2694 4619831
2696 4593027
2698 4642023
2700 4530435
2702 4489443
2704 4448991
2706 4622190
2708 4604179
2710 4701110
2712 4605215
2714 4579773
2716 4577275
2718 4578576
2720 4522210
2722 4598899
2724 4559150
2726 4494536
2728 4411148
2730 4378904
2732 4204511
2734 4266085
2736 4322603
2738 4403632
2740 4458454
2742 4410039
2744 4340590
2746 4315646
2748 4360589
2750 4434846
2752 4434000
2754 4465131
2756 4433030
2758 4358254
2760 4328831
2762 4306830
2764 4211348
2766 4175601
2768 4316572
2770 4280935
2772 4212438
2774 4108236
2776 4173942
2778 4086038
2780 4101013
2782 4069379
2784 3991043
2786 4001017
2788 4036865
2790 3908215
2792 3930224
2794 3994934
2796 3887750
2798 3696289
2800 3734579
2802 3674000
2804 3697476
2806 3708114
2808 3637860
2810 3719564
2812 3711210
2814 3711713
2816 3615935
2818 3732776
2820 3683314
2822 3743916
2824 3714238
2826 3782890
2828 3827355
2830 3655695
2832 3702883
2834 3625032
2836 3807657
2838 3778057
2840 3715279
2842 3586536
2844 3599291
2846 3513557
2848 3575687
2850 3578838
2852 3583652
2854 3546177
2856 3611142
2858 3486939
2860 3558222
2862 3556098
2864 3668532
2866 3588287
2868 3634920
2870 3572744
2872 3564186
2874 3439581
2876 3488867
2878 3377789
2880 3395368
2882 3429807
2884 3384196
2886 3369079
2888 3546119
2890 3559808
2892 3334671
2894 3415134
2896 3364328
2898 3327638
2900 3438246
2902 3379648
2904 3326435
2906 3212661
2908 3140479
2910 3046519
2912 2951452
2914 2956020
2916 2971128
2918 3078121
2920 3124028
2922 3058803
2924 2960142
2926 3093479
2928 3079676
2930 2936895
2932 2959295
2934 2930956
2936 2897002
2938 2883952
2940 2763811
2942 2782672
2944 2835373
2946 2912293
2948 2907551
2950 2993604
2952 2942722
2954 2844945
2956 2857040
2958 2774175
2960 2755538
2962 2783776
2964 2768715
2966 2792038
2968 2780067
2970 2812082
2972 2697531
2974 2665582
2976 2687373
2978 2761307
2980 2670894
2982 2656792
2984 2615538
2986 2516178
2988 2598645
2990 2591318
2992 2554017
2994 2530871
2996 2473057
2998 2574692
3000 2572139
3002 2609268
3004 2620469
3006 2607779
3008 2565859
3010 2608949
3012 2612725
3014 2502940
3016 2451210
3018 2442515
3020 2499626
3022 2406877
3024 2475543
3026 2465864
3028 2485094
3030 2349247
3032 2308932
3034 2302804
3036 2314847
3038 2316623
3040 2323262
3042 2370997
3044 2331454
3046 2337452
3048 2282098
3050 2280739
3052 2197363
3054 2183740
3056 2178521
3058 2169304
3060 2142659
3062 2232192
3064 2178872
3066 2167242
3068 2095472
3070 2121573
3072 2035109
3074 2091333
3076 1968650
3078 2007738
3080 2057433
3082 2089422
3084 2012557
3086 1987873
3088 2032074
3090 1938164
3092 2010419
3094 1895661
3096 1873594
3098 1926828
3100 1912447
3102 1907757
3104 1869381
3106 1848669
3108 1911239
3110 1954582
3112 1990271
3114 1936939
3116 1857352
3118 1857535
3120 1836840
3122 1773089
3124 1774522
3126 1746014
3128 1900662
3130 1839717
3132 1810868
3134 1860854
3136 1758724
3138 1747968
3140 1745058
3142 1800765
3144 1762186
3146 1741634
3148 1739934
3150 1610143
3152 1641736
3154 1611901
3156 1660774
3158 1677014
3160 1648596
3162 1679514
3164 1688932
3166 1655683
3168 1618336
3170 1575602
3172 1576372
3174 1559919
3176 1619671
3178 1602148
3180 1636230
3182 1707543
3184 1652033
3186 1571765
3188 1531043
3190 1599113
3192 1594677
3194 1603381
3196 1595656
3198 1561465
3200 1490557
3202 1413768
3204 1421412
3206 1526164
3208 1438676
3210 1529340
3212 1461047
3214 1383334
3216 1401451
3218 1435689
3220 1459485
3222 1439892
3224 1332422
3226 1360658
3228 1282470
3230 1328706
3232 1331012
3234 1278088
3236 1269993
3238 1305583
3240 1230078
3242 1234171
3244 1202030
3246 1211421
3248 1255596
3250 1259212
3252 1194763
3254 1243755
3256 1254609
3258 1230165
3260 1224073
3262 1289159
3264 1240122
3266 1247411
3268 1142858
3270 1193239
3272 1190705
3274 1204577
3276 1155202
3278 1163045
3280 1144646
3282 1146677
3284 1079668
3286 1064787
3288 1066762
3290 1110357
3292 1080835
3294 1034338
3296 1033673
3298 1068499
3300 1095171
3302 1071421
3304 1071491
3306 1032914
3308 954536
3310 950580
3312 926174
3314 978981
3316 1001826
3318 972367
3320 928359
3322 909893
3324 933063
3326 988073
3328 990296
3330 939493
3332 939071
3334 937222
3336 925890
3338 945601
3340 895846
3342 898055
3344 923584
3346 880906
3348 926405
3350 889950
3352 887710
3354 886044
3356 794919
3358 821232
3360 877822
3362 840432
3364 799103
3366 884333
3368 889493
3370 933282
3372 884267
3374 767459
3376 769729
3378 793034
3380 864171
3382 869965
3384 733253
3386 760974
3388 733513
3390 725590
3392 694108
3394 755288
3396 685295
3398 628988
3400 696832
3402 722599
3404 753160
3406 736410
3408 688684
3410 719672
3412 653149
3414 680537
3416 665898
3418 679246
3420 654780
3422 667162
3424 589672
3426 593796
3428 561644
3430 555159
3432 538319
3434 594999
3436 668756
3438 639168
3440 598842
3442 624012
3444 607112
3446 559933
3448 522484
3450 510057
3452 501486
3454 521594
3456 552997
3458 478449
3460 466946
3462 506946
3464 554098
3466 482560
3468 483138
3470 467892
3472 534166
3474 520873
3476 438571
3478 510315
3480 490139
3482 433426
3484 456654
3486 456381
3488 470782
3490 497645
3492 437109
3494 378266
3496 434845
3498 404242
3500 373044
3502 362340
3504 430788
3506 435074
3508 368898
3510 430534
3512 423949
3514 345156
3516 373668
3518 365377
3520 436361
3522 453820
3524 362136
3526 359571
3528 350933
3530 366016
3532 384160
3534 378849
3536 355584
3538 319761
3540 318517
3542 348984
3544 349568
3546 324046
3548 306219
3550 285999
3552 313629
3554 308598
3556 256028
3558 261860
3560 244938
3562 277425
3564 257389
3566 220540
3568 243319
3570 249109
3572 278524
3574 259121
3576 203085
3578 227253
3580 227388
3582 220674
3584 187529
3586 213398
3588 202594
3590 216263
3592 195514
3594 190567
3596 213331
3598 191679
3600 193483
3602 199494
3604 172409
3606 149268
3608 192628
3610 172177
3612 160582
3614 149870
3616 210630
3618 189398
3620 191412
3622 169053
3624 154658
3626 148521
3628 150108
3630 151382
3632 146149
3634 145371
3636 141000
3638 130125
3640 124383
3642 106835
3644 93629
3646 97432
3648 103268
3650 91690
3652 91643
3654 108346
3656 102631
3658 123114
3660 98084
3662 105673
3664 102885
3666 87463
3668 95838
3670 115673
3672 78196
3674 82967
3676 70825
3678 60892
3680 74110
3682 59071
3684 47878
3686 58390
3688 51298
3690 55491
3692 69615
3694 68662
3696 61924
3698 54825
3700 70301
3702 57562
3704 39042
3706 27368
3708 33487
3710 24775
3712 18997
3714 23486
3716 26692
3718 39989
3720 32071
3722 32783
3724 40384
3726 29983
3728 17830
3730 20162
3732 21186
3734 27547
3736 27484
3738 41271
3740 18486
3742 25352
3744 24635
3746 27367
3748 27035
3750 25221
3752 13555
3754 19501
3756 10857
3758 24864
3760 21553
3762 21275
3764 6464
3766 10998
3768 3339
3770 4686
3772 4529
3774 8103
3776 3709
3778 4297
3780 6908
3782 18214
3784 4312
3786 1281
3788 3311
3790 11595
3792 5243
3794 7612
3796 5371
3798 652
3800 5370
3802 483
3804 1530
3806 2773
3808 6262
3810 5983
3812 1055
3814 965
3816 1115
3818 58
3822 7
3824 27
3826 250
3828 2393
3830 447
3832 30
3834 572
3836 690
3838 13
