N J h steps 
7500 0.84 0 23000000000
-12739 33
-12738 61
-12737 85
-12736 22
-12735 204
-12734 668
-12733 969
-12732 793
-12731 1077
-12730 1235
-12729 1276
-12728 1038
-12727 933
-12726 1010
-12725 1615
-12724 1340
-12723 472
-12722 878
-12721 143
-12720 328
-12719 88
-12718 47
-12717 159
-12716 86
-12715 142
-12714 278
-12713 937
-12712 669
-12711 725
-12710 1122
-12709 1356
-12708 936
-12707 860
-12706 957
-12705 870
-12704 780
-12703 2379
-12702 1660
-12701 2420
-12700 1133
-12699 2363
-12698 2195
-12697 2183
-12696 1230
-12695 1428
-12694 1307
-12693 1053
-12692 1614
-12691 1183
-12690 1589
-12689 2271
-12688 3156
-12687 3315
-12686 2917
-12685 2907
-12684 2782
-12683 4471
-12682 7836
-12681 7427
-12680 4227
-12679 5151
-12678 5816
-12677 5470
-12676 7772
-12675 8615
-12674 9523
-12673 7603
-12672 9743
-12671 9721
-12670 12809
-12669 10284
-12668 10240
-12667 10802
-12666 11652
-12665 13907
-12664 13860
-12663 14491
-12662 11183
-12661 13232
-12660 12960
-12659 14574
-12658 14047
-12657 14424
-12656 14127
-12655 16794
-12654 12088
-12653 15495
-12652 13268
-12651 14378
-12650 22526
-12649 18620
-12648 16744
-12647 22138
-12646 20536
-12645 18216
-12644 22132
-12643 18060
-12642 20579
-12641 18732
-12640 21845
-12639 26301
-12638 24768
-12637 21746
-12636 21732
-12635 24385
-12634 22799
-12633 25419
-12632 20962
-12631 22898
-12630 31188
-12629 28899
-12628 26822
-12627 27933
-12626 27863
-12625 26475
-12624 28012
-12623 29879
-12622 30879
-12621 31979
-12620 34403
-12619 41521
-12618 46395
-12617 50740
-12616 50637
-12615 45615
-12614 57942
-12613 52192
-12612 55696
-12611 57651
-12610 52517
-12609 55236
-12608 50929
-12607 46006
-12606 43920
-12605 57542
-12604 51689
-12603 51711
-12602 50862
-12601 50377
-12600 50008
-12599 47127
-12598 51318
-12597 48166
-12596 52318
-12595 54464
-12594 56033
-12593 51719
-12592 53446
-12591 53442
-12590 51392
-12589 51374
-12588 57777
-12587 61965
-12586 64757
-12585 65103
-12584 61360
-12583 65469
-12582 74351
-12581 72081
-12580 73535
-12579 66444
-12578 69327
-12577 66880
-12576 69910
-12575 69370
-12574 70765
-12573 78898
-12572 75342
-12571 77279
-12570 75224
-12569 84223
-12568 75491
-12567 87558
-12566 90187
-12565 88082
-12564 85726
-12563 91119
-12562 93261
-12561 100933
-12560 109011
-12559 100742
-12558 94442
-12557 100458
-12556 103962
-12555 97887
-12554 100964
-12553 106854
-12552 98797
-12551 100239
-12550 117862
-12549 125803
-12548 127553
-12547 137032
-12546 130231
-12545 128574
-12544 154329
-12543 147630
-12542 151799
-12541 142403
-12540 142732
-12539 144497
-12538 137463
-12537 139436
-12536 149393
-12535 141407
-12534 145779
-12533 163072
-12532 151149
-12531 165139
-12530 149251
-12529 175486
-12528 176207
-12527 167609
-12526 171098
-12525 169449
-12524 178818
-12523 186510
-12522 190430
-12521 194788
-12520 198329
-12519 198534
-12518 209335
-12517 224654
-12516 218300
-12515 222958
-12514 214522
-12513 212240
-12512 222376
-12511 221748
-12510 228776
-12509 226862
-12508 237777
-12507 238638
-12506 245311
-12505 251009
-12504 258771
-12503 252681
-12502 249892
-12501 242799
-12500 235534
-12499 241874
-12498 258344
-12497 255045
-12496 257627
-12495 262305
-12494 280301
-12493 284525
-12492 276887
-12491 286002
-12490 296855
-12489 297662
-12488 309445
-12487 321186
-12486 326481
-12485 343752
-12484 355441
-12483 356066
-12482 366476
-12481 378009
-12480 350740
-12479 366853
-12478 381908
-12477 391335
-12476 384120
-12475 398274
-12474 424522
-12473 408930
-12472 410141
-12471 440267
-12470 457077
-12469 462040
-12468 467359
-12467 470447
-12466 501308
-12465 482910
-12464 500535
-12463 494197
-12462 504412
-12461 520839
-12460 521495
-12459 539720
-12458 558195
-12457 594983
-12456 623439
-12455 608325
-12454 625899
-12453 623760
-12452 636306
-12451 653917
-12450 668320
-12449 668572
-12448 682532
-12447 677175
-12446 694011
-12445 707178
-12444 733582
-12443 736365
-12442 760282
-12441 774268
-12440 771095
-12439 790356
-12438 815039
-12437 833100
-12436 871458
-12435 877717
-12434 887779
-12433 944302
-12432 914610
-12431 946913
-12430 930808
-12429 935753
-12428 973570
-12427 964789
-12426 1030188
-12425 1067951
-12424 1077863
-12423 1071052
-12422 1110263
-12421 1110376
-12420 1134763
-12419 1175415
-12418 1166456
-12417 1210052
-12416 1242202
-12415 1223254
-12414 1255952
-12413 1275153
-12412 1280028
-12411 1330313
-12410 1346227
-12409 1384412
-12408 1388256
-12407 1400993
-12406 1415276
-12405 1489471
-12404 1481209
-12403 1501384
-12402 1483793
-12401 1552986
-12400 1573894
-12399 1614359
-12398 1612388
-12397 1602835
-12396 1675171
-12395 1692490
-12394 1695427
-12393 1719433
-12392 1724362
-12391 1711109
-12390 1714444
-12389 1754445
-12388 1771400
-12387 1841523
-12386 1844709
-12385 1871533
-12384 1878607
-12383 1947281
-12382 1925290
-12381 1979246
-12380 1982218
-12379 2018497
-12378 2044062
-12377 2058594
-12376 2150585
-12375 2134056
-12374 2190916
-12373 2188230
-12372 2286830
-12371 2330884
-12370 2342918
-12369 2378344
-12368 2421130
-12367 2484330
-12366 2477365
-12365 2480540
-12364 2549975
-12363 2583277
-12362 2611462
-12361 2645451
-12360 2712568
-12359 2784077
-12358 2837576
-12357 2881203
-12356 2907406
-12355 2958003
-12354 2951119
-12353 3003003
-12352 3081247
-12351 3093346
-12350 3234899
-12349 3229689
-12348 3315076
-12347 3347944
-12346 3418390
-12345 3436640
-12344 3522959
-12343 3570406
-12342 3601106
-12341 3660876
-12340 3684533
-12339 3681909
-12338 3708728
-12337 3785263
-12336 3866698
-12335 3880380
-12334 3939397
-12333 3934569
-12332 4004880
-12331 4057430
-12330 4142183
-12329 4182775
-12328 4217041
-12327 4307840
-12326 4372643
-12325 4410017
-12324 4429397
-12323 4567013
-12322 4584102
-12321 4702917
-12320 4660074
-12319 4747649
-12318 4803436
-12317 4844670
-12316 4911666
-12315 4937673
-12314 5005471
-12313 5090130
-12312 5108711
-12311 5122730
-12310 5217324
-12309 5263498
-12308 5288400
-12307 5354086
-12306 5409461
-12305 5445317
-12304 5528986
-12303 5529526
-12302 5627516
-12301 5687724
-12300 5741258
-12299 5788775
-12298 5859431
-12297 5886897
-12296 6019476
-12295 6063502
-12294 6092482
-12293 6152740
-12292 6366336
-12291 6338465
-12290 6390031
-12289 6393751
-12288 6459906
-12287 6426697
-12286 6562824
-12285 6534208
-12284 6704801
-12283 6781436
-12282 6777257
-12281 6881821
-12280 7032248
-12279 7020828
-12278 7105600
-12277 7197319
-12276 7322311
-12275 7333483
-12274 7425500
-12273 7547376
-12272 7558472
-12271 7660510
-12270 7663544
-12269 7836359
-12268 7892184
-12267 8038136
-12266 8059275
-12265 8193490
-12264 8238392
-12263 8322095
-12262 8350387
-12261 8457368
-12260 8453179
-12259 8485984
-12258 8592982
-12257 8600635
-12256 8721323
-12255 8828892
-12254 8892402
-12253 9042075
-12252 9126328
-12251 9114091
-12250 9264994
-12249 9333215
-12248 9428171
-12247 9467670
-12246 9544145
-12245 9647167
-12244 9710806
-12243 9800132
-12242 9892219
-12241 10046777
-12240 10128235
-12239 10214228
-12238 10424182
-12237 10444286
-12236 10514442
-12235 10521622
-12234 10831617
-12233 10843710
-12232 10877566
-12231 11031633
-12230 11045606
-12229 11194984
-12228 11282382
-12227 11351991
-12226 11463656
-12225 11691387
-12224 11611185
-12223 11891404
-12222 11911012
-12221 12043181
-12220 12154022
-12219 12096520
-12218 12107491
-12217 12237606
-12216 12369315
-12215 12488239
-12214 12631333
-12213 12545827
-12212 12591142
-12211 12796055
-12210 12920719
-12209 13049164
-12208 13136397
-12207 13294490
-12206 13340878
-12205 13447047
-12204 13564452
-12203 13576597
-12202 13759617
-12201 13868729
-12200 13899516
-12199 14016607
-12198 14196255
-12197 14176961
-12196 14318254
-12195 14329703
-12194 14465449
-12193 14611347
-12192 14559345
-12191 14668875
-12190 14862156
-12189 14909702
-12188 14890799
-12187 15096488
-12186 15026762
-12185 15182413
-12184 15210347
-12183 15281457
-12182 15510650
-12181 15451384
-12180 15642503
-12179 15882993
-12178 15869654
-12177 15902112
-12176 16005884
-12175 16029654
-12174 16074321
-12173 16314890
-12172 16367655
-12171 16434342
-12170 16398908
-12169 16546151
-12168 16648112
-12167 16642877
-12166 16849561
-12165 17032825
-12164 17112173
-12163 17238814
-12162 17400455
-12161 17589174
-12160 17542312
-12159 17736606
-12158 17879939
-12157 17840347
-12156 18011148
-12155 18051375
-12154 18228283
-12153 18178482
-12152 18311096
-12151 18490832
-12150 18518684
-12149 18638101
-12148 18816882
-12147 18823466
-12146 18995810
-12145 19102652
-12144 19194171
-12143 19440871
-12142 19368250
-12141 19658134
-12140 19672941
-12139 19809125
-12138 19732326
-12137 19891073
-12136 19954840
-12135 20240993
-12134 20205555
-12133 20496801
-12132 20543371
-12131 20771850
-12130 20780021
-12129 20980118
-12128 20931360
-12127 21111640
-12126 21212545
-12125 21275717
-12124 21371331
-12123 21492548
-12122 21401462
-12121 21615901
-12120 21679077
-12119 21861016
-12118 21984700
-12117 22111083
-12116 22338532
-12115 22527113
-12114 22780893
-12113 22606714
-12112 22746992
-12111 22990487
-12110 23048681
-12109 23099811
-12108 23275702
-12107 23204692
-12106 23477701
-12105 23473140
-12104 23549297
-12103 23576303
-12102 23698242
-12101 23851274
-12100 23841642
-12099 23986512
-12098 24136771
-12097 24214338
-12096 24312078
-12095 24415735
-12094 24526083
-12093 24616755
-12092 24646672
-12091 24621271
-12090 24769415
-12089 24868517
-12088 25028754
-12087 25121327
-12086 25218940
-12085 25192284
-12084 25424559
-12083 25442896
-12082 25496858
-12081 25836744
-12080 25793205
-12079 25820418
-12078 26029366
-12077 26163730
-12076 26086887
-12075 26208976
-12074 26394505
-12073 26291336
-12072 26545000
-12071 26612198
-12070 26666719
-12069 26790993
-12068 26813998
-12067 26856283
-12066 27031631
-12065 27045672
-12064 27256081
-12063 27093595
-12062 27179203
-12061 27397003
-12060 27429248
-12059 27809791
-12058 27697758
-12057 27679906
-12056 27790538
-12055 28022020
-12054 27892505
-12053 27971281
-12052 28304959
-12051 28278192
-12050 28370528
-12049 28470453
-12048 28383915
-12047 28653321
-12046 28590351
-12045 28864902
-12044 29017902
-12043 29068865
-12042 28903812
-12041 29212225
-12040 29260515
-12039 29381259
-12038 29383146
-12037 29704527
-12036 29853336
-12035 30010047
-12034 30030352
-12033 30233335
-12032 30087259
-12031 30186850
-12030 30439199
-12029 30620484
-12028 30573190
-12027 30708838
-12026 30875052
-12025 30668014
-12024 30781825
-12023 30862861
-12022 30836259
-12021 30841654
-12020 30946382
-12019 30993970
-12018 31119829
-12017 31323664
-12016 31187610
-12015 31362166
-12014 31289810
-12013 31384661
-12012 31536635
-12011 31382466
-12010 31683875
-12009 31619623
-12008 31794062
-12007 31907387
-12006 31946883
-12005 32037643
-12004 32157638
-12003 32392039
-12002 32471732
-12001 32341832
-12000 32696552
-11999 32724594
-11998 32827177
-11997 32802837
-11996 32871020
-11995 32967518
-11994 33139406
-11993 33217047
-11992 33339773
-11991 33178544
-11990 33177760
-11989 33285789
-11988 33398498
-11987 33415120
-11986 33433936
-11985 33708658
-11984 33724554
-11983 33808109
-11982 33840637
-11981 33965982
-11980 34146680
-11979 34108220
-11978 34319265
-11977 34388549
-11976 34313759
-11975 34548144
-11974 34511936
-11973 34587996
-11972 34493767
-11971 34592282
-11970 34558709
-11969 34641397
-11968 34523407
-11967 34713079
-11966 34675527
-11965 34699018
-11964 34702409
-11963 34789313
-11962 34882734
-11961 35049590
-11960 35240259
-11959 35115571
-11958 35187744
-11957 35130795
-11956 35281059
-11955 35507679
-11954 35411665
-11953 35422660
-11952 35635757
-11951 35521519
-11950 35425751
-11949 35793126
-11948 36018002
-11947 35923085
-11946 35925428
-11945 36050367
-11944 35915777
-11943 36173106
-11942 36005294
-11941 35943120
-11940 36053366
-11939 36103853
-11938 35870874
-11937 36229676
-11936 36395928
-11935 36394512
-11934 36393864
-11933 36240671
-11932 36378110
-11931 36512578
-11930 36490708
-11929 36613010
-11928 36597931
-11927 36582611
-11926 36722968
-11925 36827171
-11924 36724182
-11923 36508317
-11922 36790292
-11921 36842330
-11920 36732192
-11919 36851409
-11918 36804982
-11917 36983655
-11916 36871902
-11915 36959607
-11914 36897989
-11913 36981754
-11912 36923880
-11911 37005043
-11910 37032514
-11909 37042321
-11908 37125271
-11907 36967329
-11906 37173362
-11905 37184941
-11904 37181839
-11903 37233039
-11902 37328401
-11901 37459110
-11900 37436627
-11899 37403088
-11898 37440006
-11897 37258328
-11896 37169453
-11895 37485763
-11894 37364588
-11893 37349504
-11892 37564478
-11891 37389682
-11890 37392177
-11889 37569461
-11888 37609636
-11887 37481338
-11886 37470661
-11885 37512417
-11884 37435104
-11883 37372854
-11882 37321616
-11881 37447485
-11880 37292753
-11879 37371943
-11878 37448381
-11877 37229265
-11876 37268322
-11875 37315247
-11874 37169406
-11873 37309604
-11872 37347348
-11871 37247781
-11870 37438694
-11869 37319787
-11868 37417851
-11867 37458582
-11866 37261991
-11865 37340261
-11864 37388563
-11863 37347617
-11862 37231629
-11861 37272328
-11860 37150761
-11859 37211741
-11858 36849623
-11857 36765579
-11856 36816930
-11855 36814400
-11854 36822322
-11853 36758865
-11852 36746594
-11851 36590554
-11850 36473191
-11849 36285685
-11848 36348015
-11847 36471649
-11846 36606119
-11845 36582660
-11844 36510904
-11843 36449989
-11842 36345187
-11841 36335386
-11840 36413471
-11839 36400749
-11838 36316750
-11837 36237258
-11836 36169320
-11835 36231351
-11834 36145222
-11833 36254782
-11832 36047443
-11831 36037768
-11830 36012151
-11829 35859295
-11828 35885845
-11827 35833209
-11826 35751286
-11825 35706175
-11824 35704311
-11823 35624464
-11822 35549064
-11821 35471418
-11820 35415732
-11819 35323549
-11818 35358628
-11817 35358249
-11816 35409920
-11815 35401384
-11814 35326893
-11813 35234898
-11812 35120749
-11811 35312716
-11810 35100952
-11809 35029644
-11808 34862721
-11807 34837094
-11806 34752057
-11805 34814309
-11804 34534863
-11803 34357299
-11802 34457711
-11801 34388619
-11800 34400457
-11799 34378407
-11798 34303761
-11797 34438229
-11796 34230982
-11795 34216130
-11794 34255666
-11793 34245010
-11792 34266585
-11791 34007454
-11790 33980403
-11789 33947545
-11788 33921937
-11787 33673535
-11786 33641960
-11785 33614604
-11784 33624817
-11783 33399193
-11782 33421404
-11781 33225139
-11780 33230953
-11779 33114226
-11778 33035129
-11777 32922938
-11776 32798903
-11775 32787831
-11774 32779657
-11773 32646467
-11772 32621101
-11771 32395776
-11770 32440637
-11769 32485606
-11768 32413275
-11767 32163392
-11766 32124778
-11765 32121774
-11764 31983971
-11763 32097079
-11762 32144940
-11761 32051340
-11760 31818857
-11759 31910942
-11758 32043295
-11757 32039451
-11756 31851263
-11755 31744341
-11754 31699266
-11753 31412234
-11752 31528197
-11751 31423386
-11750 31352435
-11749 31287831
-11748 31244733
-11747 31049351
-11746 31037013
-11745 31182522
-11744 31051833
-11743 31105173
-11742 30974666
-11741 30916499
-11740 30785549
-11739 30618820
-11738 30624332
-11737 30642629
-11736 30423155
-11735 30333343
-11734 30336969
-11733 30184947
-11732 30140707
-11731 30216016
-11730 30083527
-11729 29942265
-11728 30022241
-11727 29861652
-11726 29733670
-11725 29665372
-11724 29625647
-11723 29498489
-11722 29422475
-11721 29606898
-11720 29463426
-11719 29417239
-11718 29434001
-11717 29358828
-11716 29461576
-11715 29376473
-11714 29231009
-11713 29138551
-11712 29172137
-11711 28991575
-11710 28896528
-11709 28944781
-11708 28822049
-11707 28934303
-11706 28643130
-11705 28596062
-11704 28574537
-11703 28541046
-11702 28616271
-11701 28398729
-11700 28351501
-11699 28497575
-11698 28294463
-11697 28111081
-11696 28006860
-11695 28096959
-11694 27963043
-11693 27839057
-11692 27684836
-11691 27666040
-11690 27630145
-11689 27470295
-11688 27341249
-11687 27289897
-11686 27292954
-11685 27182911
-11684 27102463
-11683 27149212
-11682 27024998
-11681 26881838
-11680 26946304
-11679 26842716
-11678 26878677
-11677 26891898
-11676 26861861
-11675 26963924
-11674 26654547
-11673 26714586
-11672 26690179
-11671 26687108
-11670 26619018
-11669 26481269
-11668 26375761
-11667 26284621
-11666 26253890
-11665 26211445
-11664 26250339
-11663 26213543
-11662 26054084
-11661 25991363
-11660 25940323
-11659 25835696
-11658 25671132
-11657 25754063
-11656 25622100
-11655 25553623
-11654 25375998
-11653 25243390
-11652 25239118
-11651 25134349
-11650 24981509
-11649 24848415
-11648 24851927
-11647 24901378
-11646 24806202
-11645 24741209
-11644 24551412
-11643 24548644
-11642 24489053
-11641 24634465
-11640 24454989
-11639 24319615
-11638 24278112
-11637 24087397
-11636 24181127
-11635 24021985
-11634 23967486
-11633 24043562
-11632 23834117
-11631 23735988
-11630 23652739
-11629 23418266
-11628 23395347
-11627 23198630
-11626 23056161
-11625 23144864
-11624 22979925
-11623 22912049
-11622 22833459
-11621 22728118
-11620 22724436
-11619 22769522
-11618 22588142
-11617 22483152
-11616 22406303
-11615 22321920
-11614 22193951
-11613 22235131
-11612 22122139
-11611 21985022
-11610 21879509
-11609 21650812
-11608 21612979
-11607 21505335
-11606 21407896
-11605 21358462
-11604 21229987
-11603 21196950
-11602 20989718
-11601 21072886
-11600 20933290
-11599 20982270
-11598 20895494
-11597 20850301
-11596 20706688
-11595 20578250
-11594 20557421
-11593 20574280
-11592 20557396
-11591 20498847
-11590 20433027
-11589 20352992
-11588 20381988
-11587 20204301
-11586 20247562
-11585 20268035
-11584 20081389
-11583 19934915
-11582 19908240
-11581 19806346
-11580 19755122
-11579 19614135
-11578 19590193
-11577 19588376
-11576 19497440
-11575 19513967
-11574 19438722
-11573 19325868
-11572 19371389
-11571 19277818
-11570 19197072
-11569 19101475
-11568 19027673
-11567 18866210
-11566 18882083
-11565 18772361
-11564 18635792
-11563 18553262
-11562 18465445
-11561 18387997
-11560 18274760
-11559 18132748
-11558 18127678
-11557 17983163
-11556 17934332
-11555 17844103
-11554 17874081
-11553 17700253
-11552 17656826
-11551 17577574
-11550 17484251
-11549 17382909
-11548 17337266
-11547 17216991
-11546 17244873
-11545 17075689
-11544 17100302
-11543 17059361
-11542 16882624
-11541 16822109
-11540 16719590
-11539 16617168
-11538 16523054
-11537 16475170
-11536 16429882
-11535 16348215
-11534 16323846
-11533 16238163
-11532 16125487
-11531 16110090
-11530 16041368
-11529 15763566
-11528 15693096
-11527 15667697
-11526 15574886
-11525 15581380
-11524 15565236
-11523 15421163
-11522 15321849
-11521 15302447
-11520 15287216
-11519 15189911
-11518 15033503
-11517 14995899
-11516 14973465
-11515 14921452
-11514 14947326
-11513 14930222
-11512 14867055
-11511 14803205
-11510 14766441
-11509 14725321
-11508 14559304
-11507 14489037
-11506 14434780
-11505 14448876
-11504 14311242
-11503 14157855
-11502 14170836
-11501 13992114
-11500 13972504
-11499 13855662
-11498 13842219
-11497 13723342
-11496 13605751
-11495 13532882
-11494 13517164
-11493 13360127
-11492 13283935
-11491 13289261
-11490 13187208
-11489 13094295
-11488 13100225
-11487 13031863
-11486 13066091
-11485 12917135
-11484 12887392
-11483 12851529
-11482 12807988
-11481 12695823
-11480 12561695
-11479 12481656
-11478 12506270
-11477 12349556
-11476 12272723
-11475 12190712
-11474 12190196
-11473 12003365
-11472 11970577
-11471 12038419
-11470 11923908
-11469 11861322
-11468 11760640
-11467 11714659
-11466 11614650
-11465 11549661
-11464 11470293
-11463 11465612
-11462 11340082
-11461 11227253
-11460 11211924
-11459 11050785
-11458 11054463
-11457 11001998
-11456 10917922
-11455 10847892
-11454 10896013
-11453 10752716
-11452 10616190
-11451 10635141
-11450 10562856
-11449 10385574
-11448 10414828
-11447 10327605
-11446 10277280
-11445 10134799
-11444 10127211
-11443 10096810
-11442 9980910
-11441 9987712
-11440 9813955
-11439 9741309
-11438 9742650
-11437 9647113
-11436 9702303
-11435 9567111
-11434 9542112
-11433 9484571
-11432 9445755
-11431 9324749
-11430 9283627
-11429 9231858
-11428 9173826
-11427 9170259
-11426 9113841
-11425 9041628
-11424 8937451
-11423 8854432
-11422 8774994
-11421 8769143
-11420 8731384
-11419 8618602
-11418 8617126
-11417 8592549
-11416 8570077
-11415 8635067
-11414 8482471
-11413 8477237
-11412 8370695
-11411 8349356
-11410 8313841
-11409 8212094
-11408 8157677
-11407 8117840
-11406 8052562
-11405 8008045
-11404 7952946
-11403 7879266
-11402 7874559
-11401 7788486
-11400 7742413
-11399 7681355
-11398 7678678
-11397 7634135
-11396 7504265
-11395 7442372
-11394 7483616
-11393 7373525
-11392 7252022
-11391 7270640
-11390 7193973
-11389 7134414
-11388 7090035
-11387 7074082
-11386 6989276
-11385 6956247
-11384 6878128
-11383 6756059
-11382 6723147
-11381 6638164
-11380 6554740
-11379 6544547
-11378 6484638
-11377 6419848
-11376 6408728
-11375 6320408
-11374 6229229
-11373 6192321
-11372 6199324
-11371 6119665
-11370 6086180
-11369 6001793
-11368 5976320
-11367 5941050
-11366 5915060
-11365 5931967
-11364 5883255
-11363 5832755
-11362 5749149
-11361 5714329
-11360 5634301
-11359 5598449
-11358 5568958
-11357 5497775
-11356 5441125
-11355 5478846
-11354 5431078
-11353 5387655
-11352 5331057
-11351 5272073
-11350 5229486
-11349 5161428
-11348 5108218
-11347 5069728
-11346 4991879
-11345 4915201
-11344 4911597
-11343 4896299
-11342 4799369
-11341 4786861
-11340 4745054
-11339 4682814
-11338 4707354
-11337 4597761
-11336 4583050
-11335 4497870
-11334 4498133
-11333 4453145
-11332 4432585
-11331 4404682
-11330 4343656
-11329 4366809
-11328 4280665
-11327 4236907
-11326 4230901
-11325 4177084
-11324 4158677
-11323 4160635
-11322 4110095
-11321 4074592
-11320 4010002
-11319 4032945
-11318 3997853
-11317 3999080
-11316 3969864
-11315 3916318
-11314 3881904
-11313 3804512
-11312 3775227
-11311 3776709
-11310 3711729
-11309 3662340
-11308 3651933
-11307 3659145
-11306 3610907
-11305 3642341
-11304 3611737
-11303 3560238
-11302 3518306
-11301 3553553
-11300 3468722
-11299 3432477
-11298 3412715
-11297 3401556
-11296 3365774
-11295 3342620
-11294 3295331
-11293 3280403
-11292 3235887
-11291 3207643
-11290 3180059
-11289 3126054
-11288 3083924
-11287 3068747
-11286 3059260
-11285 3068477
-11284 3055831
-11283 2998262
-11282 2969681
-11281 2918564
-11280 2880262
-11279 2880457
-11278 2874054
-11277 2879114
-11276 2851441
-11275 2846631
-11274 2812982
-11273 2779756
-11272 2769550
-11271 2685138
-11270 2710933
-11269 2674191
-11268 2657365
-11267 2597451
-11266 2566858
-11265 2540294
-11264 2579016
-11263 2560531
-11262 2563726
-11261 2501387
-11260 2482255
-11259 2461863
-11258 2427288
-11257 2408816
-11256 2398472
-11255 2391559
-11254 2383034
-11253 2344447
-11252 2319602
-11251 2281758
-11250 2264840
-11249 2245893
-11248 2208452
-11247 2217179
-11246 2177105
-11245 2130522
-11244 2141032
-11243 2146713
-11242 2118867
-11241 2073848
-11240 2076769
-11239 2050515
-11238 2008911
-11237 1986506
-11236 1968495
-11235 1977954
-11234 1958246
-11233 1915206
-11232 1890888
-11231 1887913
-11230 1860660
-11229 1851695
-11228 1818970
-11227 1801162
-11226 1821674
-11225 1810889
-11224 1756746
-11223 1752018
-11222 1748428
-11221 1709400
-11220 1704452
-11219 1702000
-11218 1685688
-11217 1703034
-11216 1671846
-11215 1662892
-11214 1651571
-11213 1662057
-11212 1622392
-11211 1628913
-11210 1585711
-11209 1583497
-11208 1565891
-11207 1517097
-11206 1518649
-11205 1529856
-11204 1492134
-11203 1483701
-11202 1464391
-11201 1471912
-11200 1420643
-11199 1413893
-11198 1387215
-11197 1376395
-11196 1365254
-11195 1347853
-11194 1344086
-11193 1328083
-11192 1300892
-11191 1306057
-11190 1279417
-11189 1295379
-11188 1257596
-11187 1241518
-11186 1232651
-11185 1221452
-11184 1194235
-11183 1208908
-11182 1164391
-11181 1157802
-11180 1136185
-11179 1134726
-11178 1106780
-11177 1110373
-11176 1085484
-11175 1083269
-11174 1088434
-11173 1061696
-11172 1084020
-11171 1074923
-11170 1084020
-11169 1068594
-11168 1068236
-11167 1034544
-11166 1026831
-11165 1007080
-11164 1012532
-11163 982731
-11162 1001230
-11161 972576
-11160 939306
-11159 939376
-11158 904711
-11157 930121
-11156 897802
-11155 905901
-11154 912281
-11153 889368
-11152 883125
-11151 876701
-11150 888252
-11149 861305
-11148 836353
-11147 818115
-11146 835547
-11145 798693
-11144 793676
-11143 778715
-11142 753293
-11141 751554
-11140 766125
-11139 732828
-11138 736319
-11137 728400
-11136 733642
-11135 728749
-11134 716704
-11133 699911
-11132 683521
-11131 690502
-11130 684102
-11129 686695
-11128 670501
-11127 678489
-11126 669268
-11125 660322
-11124 648183
-11123 648010
-11122 650996
-11121 627193
-11120 622653
-11119 621148
-11118 596352
-11117 599390
-11116 599380
-11115 591122
-11114 577450
-11113 561332
-11112 570357
-11111 563789
-11110 557623
-11109 559703
-11108 565371
-11107 557039
-11106 555464
-11105 540235
-11104 549827
-11103 550355
-11102 540720
-11101 534848
-11100 515724
-11099 524940
-11098 490547
-11097 488608
-11096 484084
-11095 485190
-11094 457194
-11093 453624
-11092 442247
-11091 438580
-11090 427670
-11089 428469
-11088 423773
-11087 417387
-11086 400116
-11085 399253
-11084 402206
-11083 395911
-11082 389776
-11081 394936
-11080 376740
-11079 382097
-11078 385823
-11077 385170
-11076 379595
-11075 380100
-11074 364005
-11073 382056
-11072 383366
-11071 356410
-11070 349711
-11069 338178
-11068 335935
-11067 323345
-11066 326456
-11065 334446
-11064 310366
-11063 300603
-11062 294939
-11061 299141
-11060 293000
-11059 286093
-11058 293476
-11057 281005
-11056 282470
-11055 285687
-11054 273731
-11053 270188
-11052 275649
-11051 280653
-11050 259547
-11049 260199
-11048 269437
-11047 248564
-11046 261747
-11045 248740
-11044 228339
-11043 235953
-11042 223725
-11041 212998
-11040 217350
-11039 210482
-11038 204791
-11037 195903
-11036 193271
-11035 194456
-11034 176047
-11033 180830
-11032 169897
-11031 171413
-11030 163695
-11029 160567
-11028 167489
-11027 151658
-11026 147706
-11025 152329
-11024 138355
-11023 144620
-11022 141301
-11021 146735
-11020 139635
-11019 139366
-11018 144150
-11017 138983
-11016 133247
-11015 130842
-11014 140059
-11013 136920
-11012 135249
-11011 138817
-11010 137648
-11009 130599
-11008 119341
-11007 122937
-11006 115916
-11005 114491
-11004 110568
-11003 116984
-11002 103253
-11001 96973
-11000 88113
-10999 87208
-10998 83689
-10997 81745
-10996 85457
-10995 85296
-10994 86034
-10993 79275
-10992 81907
-10991 78911
-10990 75319
-10989 72463
-10988 77445
-10987 65346
-10986 67876
-10985 67359
-10984 66646
-10983 64238
-10982 58895
-10981 60037
-10980 59199
-10979 58525
-10978 60016
-10977 57867
-10976 60782
-10975 56658
-10974 57019
-10973 55237
-10972 51660
-10971 53738
-10970 50640
-10969 47797
-10968 48707
-10967 46594
-10966 47772
-10965 49547
-10964 48649
-10963 45421
-10962 43683
-10961 42141
-10960 42664
-10959 42900
-10958 45907
-10957 38524
-10956 39562
-10955 36505
-10954 32323
-10953 38677
-10952 36259
-10951 33798
-10950 34416
-10949 35113
-10948 35980
-10947 34915
-10946 32324
-10945 35891
-10944 30166
-10943 32956
-10942 31872
-10941 33848
-10940 32974
-10939 31733
-10938 29597
-10937 31272
-10936 30143
-10935 27457
-10934 26424
-10933 27285
-10932 27590
-10931 24618
-10930 29667
-10929 23887
-10928 25050
-10927 25589
-10926 20608
-10925 21125
-10924 24072
-10923 21671
-10922 19296
-10921 21536
-10920 19703
-10919 23253
-10918 18286
-10917 18462
-10916 17961
-10915 23204
-10914 19851
-10913 25144
-10912 23018
-10911 21028
-10910 21450
-10909 23915
-10908 21135
-10907 20897
-10906 20469
-10905 22834
-10904 22427
-10903 21355
-10902 21353
-10901 18604
-10900 22161
-10899 20425
-10898 19457
-10897 18964
-10896 16380
-10895 16673
-10894 16642
-10893 16710
-10892 17188
-10891 14644
-10890 16940
-10889 15920
-10888 16302
-10887 18860
-10886 15058
-10885 15039
-10884 16146
-10883 17061
-10882 16646
-10881 15898
-10880 17253
-10879 18330
-10878 15315
-10877 16238
-10876 14957
-10875 14930
-10874 15924
-10873 17591
-10872 14790
-10871 16175
-10870 18856
-10869 16713
-10868 16849
-10867 18354
-10866 17041
-10865 13996
-10864 11637
-10863 13264
-10862 14344
-10861 12313
-10860 8998
-10859 9155
-10858 7719
-10857 8011
-10856 8731
-10855 7290
-10854 5956
-10853 6660
-10852 4990
-10851 4093
-10850 4094
-10849 2575
-10848 4107
-10847 2594
-10846 2760
-10845 3223
-10844 2575
-10843 2372
-10842 2820
-10841 2975
-10840 2508
-10839 1717
-10838 2258
-10837 3052
-10836 2756
-10835 2018
-10834 2604
-10833 2954
-10832 2949
-10831 2513
-10830 3309
-10829 3085
-10828 2805
-10827 3050
-10826 3213
-10825 2534
-10824 3275
-10823 2978
-10822 2235
-10821 2825
-10820 1836
-10819 1850
-10818 1772
-10817 2009
-10816 1433
-10815 1018
-10814 1984
-10813 1410
-10812 957
-10811 1353
-10810 1940
-10809 2021
-10808 2159
-10807 2003
-10806 2265
-10805 2652
-10804 2877
-10803 3055
-10802 3242
-10801 2173
-10800 2018
-10799 2671
-10798 2970
-10797 1599
-10796 2156
-10795 1907
-10794 1650
-10793 1505
-10792 1265
-10791 1466
-10790 2665
-10789 1650
-10788 2438
-10787 1687
-10786 808
-10785 670
-10784 313
-10783 219
-10782 375
-10781 349
-10780 198
