N J h steps 
7500 0.827 0 21000000000
-5948 1095
-5946 6181
-5944 1172
-5942 977
-5940 246
-5938 822
-5936 292
-5934 474
-5932 216
-5930 378
-5928 984
-5926 462
-5924 130
-5922 49
-5920 8
-5918 536
-5916 256
-5914 278
-5912 719
-5910 1945
-5908 3370
-5906 1965
-5904 424
-5902 403
-5900 666
-5898 380
-5896 702
-5894 278
-5892 215
-5890 96
-5888 27
-5820 2
-5818 594
-5816 24
-5814 830
-5812 64
-5810 215
-5808 8429
-5806 4482
-5804 20
-5802 7
-5722 12
-5720 11
-5718 38
-5716 52
-5714 338
-5712 354
-5710 342
-5708 210
-5706 989
-5704 915
-5702 246
-5700 492
-5698 287
-5696 423
-5694 19
-5692 147
-5690 404
-5688 450
-5686 439
-5684 325
-5682 446
-5680 1003
-5678 1271
-5676 6833
-5674 7399
-5672 6636
-5670 5384
-5668 4458
-5666 5119
-5664 4672
-5662 5437
-5660 2406
-5658 1494
-5656 2435
-5654 2167
-5652 1795
-5650 2658
-5648 4209
-5646 9097
-5644 7492
-5642 3746
-5640 4478
-5638 2476
-5636 3711
-5634 3363
-5632 4402
-5630 10194
-5628 10235
-5626 11220
-5624 5147
-5622 10122
-5620 7542
-5618 7005
-5616 6318
-5614 6570
-5612 9545
-5610 4288
-5608 6990
-5606 4768
-5604 5255
-5602 3616
-5600 2612
-5598 2795
-5596 4107
-5594 9289
-5592 10696
-5590 2136
-5588 8483
-5586 9750
-5584 7833
-5582 4082
-5580 1940
-5578 1613
-5576 1483
-5574 1770
-5572 1336
-5570 1561
-5568 4038
-5566 14006
-5564 4188
-5562 1386
-5560 1210
-5558 3170
-5556 6777
-5554 4327
-5552 4482
-5550 5314
-5548 13415
-5546 9437
-5544 5787
-5542 9345
-5540 3663
-5538 4360
-5536 3757
-5534 8032
-5532 5014
-5530 3253
-5528 4845
-5526 2752
-5524 2895
-5522 1613
-5520 2575
-5518 2598
-5516 5674
-5514 6955
-5512 5916
-5510 8579
-5508 4921
-5506 2898
-5504 2073
-5502 4583
-5500 2395
-5498 2202
-5496 2615
-5494 3809
-5492 4804
-5490 8830
-5488 8465
-5486 7492
-5484 2823
-5482 4534
-5480 2845
-5478 3560
-5476 5448
-5474 2940
-5472 5534
-5470 2407
-5468 5076
-5466 7095
-5464 4442
-5462 6679
-5460 4777
-5458 3069
-5456 8214
-5454 4368
-5452 4403
-5450 5106
-5448 5368
-5446 3646
-5444 3499
-5442 3432
-5440 5047
-5438 6304
-5436 8020
-5434 9277
-5432 3058
-5430 6572
-5428 17665
-5426 12153
-5424 6875
-5422 7535
-5420 6273
-5418 4989
-5416 2597
-5414 1495
-5412 9653
-5410 9732
-5408 6160
-5406 13037
-5404 3845
-5402 4623
-5400 3495
-5398 4157
-5396 2570
-5394 1585
-5392 4613
-5390 6961
-5388 7860
-5386 5787
-5384 4358
-5382 5834
-5380 5430
-5378 7096
-5376 6779
-5374 5350
-5372 4454
-5370 3258
-5368 2029
-5366 1720
-5364 1682
-5362 4792
-5360 6097
-5358 7909
-5356 7188
-5354 7315
-5352 10786
-5350 7299
-5348 6240
-5346 10562
-5344 13670
-5342 21175
-5340 9662
-5338 11302
-5336 21238
-5334 14142
-5332 15434
-5330 20752
-5328 14620
-5326 10488
-5324 5506
-5322 5673
-5320 5955
-5318 6016
-5316 8140
-5314 8361
-5312 14206
-5310 9982
-5308 10890
-5306 11316
-5304 9042
-5302 10806
-5300 9864
-5298 8278
-5296 8403
-5294 7752
-5292 8569
-5290 10706
-5288 9460
-5286 7964
-5284 11996
-5282 9895
-5280 10241
-5278 7562
-5276 10694
-5274 13017
-5272 10856
-5270 13176
-5268 14812
-5266 19152
-5264 13227
-5262 9195
-5260 12651
-5258 13907
-5256 12158
-5254 9487
-5252 20008
-5250 13151
-5248 8724
-5246 12489
-5244 6557
-5242 11437
-5240 11426
-5238 7090
-5236 7977
-5234 14586
-5232 12936
-5230 9998
-5228 12731
-5226 13350
-5224 14664
-5222 11465
-5220 11975
-5218 12189
-5216 17142
-5214 16865
-5212 18480
-5210 24868
-5208 27365
-5206 20143
-5204 12991
-5202 15232
-5200 11441
-5198 14021
-5196 10968
-5194 14181
-5192 11919
-5190 10153
-5188 9751
-5186 11473
-5184 19800
-5182 16748
-5180 12940
-5178 12133
-5176 19997
-5174 22168
-5172 17251
-5170 27188
-5168 21480
-5166 20408
-5164 19502
-5162 19894
-5160 12059
-5158 12682
-5156 11345
-5154 10017
-5152 13538
-5150 18620
-5148 16025
-5146 17996
-5144 14026
-5142 14482
-5140 21527
-5138 23719
-5136 23582
-5134 30659
-5132 26247
-5130 32065
-5128 27908
-5126 30415
-5124 27453
-5122 36816
-5120 34004
-5118 29159
-5116 37377
-5114 40170
-5112 23535
-5110 25029
-5108 18214
-5106 16298
-5104 12458
-5102 22080
-5100 21570
-5098 24394
-5096 24226
-5094 29481
-5092 31068
-5090 17967
-5088 20109
-5086 18161
-5084 19857
-5082 23677
-5080 23301
-5078 31473
-5076 22821
-5074 26242
-5072 18486
-5070 20150
-5068 20917
-5066 26468
-5064 28628
-5062 18595
-5060 21709
-5058 16845
-5056 16276
-5054 16856
-5052 19035
-5050 17318
-5048 22980
-5046 30959
-5044 24772
-5042 20774
-5040 29570
-5038 36453
-5036 31673
-5034 47484
-5032 41249
-5030 37118
-5028 37383
-5026 38696
-5024 45493
-5022 36756
-5020 24207
-5018 31135
-5016 51814
-5014 37714
-5012 28307
-5010 27389
-5008 28353
-5006 27044
-5004 40130
-5002 37712
-5000 31622
-4998 22712
-4996 27341
-4994 22338
-4992 22140
-4990 19224
-4988 22358
-4986 27223
-4984 37096
-4982 28575
-4980 29913
-4978 30131
-4976 36999
-4974 28002
-4972 32169
-4970 33776
-4968 34261
-4966 34844
-4964 37129
-4962 57208
-4960 39967
-4958 43662
-4956 50088
-4954 38046
-4952 28053
-4950 25928
-4948 45722
-4946 46384
-4944 39618
-4942 46965
-4940 54728
-4938 44742
-4936 49979
-4934 38068
-4932 51527
-4930 48158
-4928 48281
-4926 57450
-4924 45393
-4922 43659
-4920 54252
-4918 39510
-4916 42312
-4914 41764
-4912 44547
-4910 60438
-4908 64348
-4906 57032
-4904 36930
-4902 48136
-4900 59784
-4898 78017
-4896 62440
-4894 80535
-4892 60973
-4890 81917
-4888 56467
-4886 73534
-4884 67492
-4882 56014
-4880 65743
-4878 63815
-4876 65554
-4874 48228
-4872 55768
-4870 44934
-4868 45017
-4866 54899
-4864 55296
-4862 55756
-4860 67310
-4858 50901
-4856 55931
-4854 58449
-4852 69502
-4850 72821
-4848 61373
-4846 63615
-4844 62854
-4842 74621
-4840 57216
-4838 70021
-4836 66152
-4834 64175
-4832 66432
-4830 74200
-4828 55650
-4826 66188
-4824 62756
-4822 61334
-4820 60201
-4818 70390
-4816 60523
-4814 67708
-4812 52019
-4810 55786
-4808 66938
-4806 62341
-4804 65603
-4802 51657
-4800 56167
-4798 69728
-4796 60261
-4794 73902
-4792 64969
-4790 63279
-4788 56424
-4786 57404
-4784 69791
-4782 68096
-4780 64644
-4778 67714
-4776 58838
-4774 75453
-4772 80341
-4770 55049
-4768 61939
-4766 76999
-4764 79543
-4762 93236
-4760 73714
-4758 80059
-4756 75033
-4754 83399
-4752 82862
-4750 100026
-4748 81608
-4746 76924
-4744 73794
-4742 78086
-4740 67069
-4738 68773
-4736 79444
-4734 76179
-4732 77100
-4730 63824
-4728 72444
-4726 62878
-4724 60549
-4722 67510
-4720 88730
-4718 101588
-4716 101517
-4714 116238
-4712 107266
-4710 90483
-4708 102989
-4706 99688
-4704 90663
-4702 93304
-4700 88685
-4698 107914
-4696 110681
-4694 119635
-4692 128102
-4690 108866
-4688 116133
-4686 105415
-4684 108948
-4682 113790
-4680 113338
-4678 116777
-4676 118789
-4674 103381
-4672 116481
-4670 104658
-4668 116865
-4666 109851
-4664 135572
-4662 120984
-4660 110188
-4658 126922
-4656 138715
-4654 122010
-4652 103597
-4650 104503
-4648 109986
-4646 101675
-4644 108155
-4642 99432
-4640 109918
-4638 98412
-4636 89858
-4634 99895
-4632 92582
-4630 115814
-4628 113608
-4626 111215
-4624 100233
-4622 121005
-4620 115592
-4618 105961
-4616 107702
-4614 93536
-4612 102157
-4610 98711
-4608 120421
-4606 133635
-4604 125072
-4602 164028
-4600 155593
-4598 120746
-4596 154623
-4594 159445
-4592 149284
-4590 146007
-4588 130280
-4586 130150
-4584 143160
-4582 124246
-4580 130286
-4578 147035
-4576 128023
-4574 148190
-4572 131749
-4570 133612
-4568 143806
-4566 124542
-4564 118617
-4562 104584
-4560 106970
-4558 124975
-4556 128183
-4554 145883
-4552 138572
-4550 149328
-4548 144590
-4546 133825
-4544 150499
-4542 156054
-4540 145889
-4538 160351
-4536 171991
-4534 177337
-4532 170142
-4530 153195
-4528 157295
-4526 164202
-4524 153039
-4522 137966
-4520 143988
-4518 140721
-4516 150628
-4514 151704
-4512 154380
-4510 126436
-4508 157948
-4506 173116
-4504 180043
-4502 165862
-4500 155302
-4498 173484
-4496 157104
-4494 149717
-4492 147365
-4490 146078
-4488 159655
-4486 146793
-4484 188593
-4482 174022
-4480 153376
-4478 147800
-4476 157999
-4474 165610
-4472 177765
-4470 190987
-4468 187922
-4466 171703
-4464 173515
-4462 172437
-4460 175546
-4458 192287
-4456 220451
-4454 212664
-4452 192753
-4450 197442
-4448 178698
-4446 175902
-4444 175857
-4442 201082
-4440 179167
-4438 169803
-4436 170195
-4434 165133
-4432 156122
-4430 156554
-4428 165601
-4426 206881
-4424 178237
-4422 165570
-4420 176382
-4418 205688
-4416 185232
-4414 196710
-4412 217656
-4410 202838
-4408 209237
-4406 203633
-4404 184551
-4402 185527
-4400 194650
-4398 186698
-4396 207541
-4394 199300
-4392 207840
-4390 205220
-4388 205833
-4386 220338
-4384 227836
-4382 224730
-4380 226315
-4378 217371
-4376 246155
-4374 252195
-4372 273815
-4370 260382
-4368 245066
-4366 251474
-4364 262875
-4362 237082
-4360 231545
-4358 250611
-4356 252358
-4354 225217
-4352 230662
-4350 237473
-4348 242163
-4346 237679
-4344 273997
-4342 276111
-4340 254622
-4338 251084
-4336 262817
-4334 275122
-4332 270623
-4330 233553
-4328 230651
-4326 250184
-4324 248256
-4322 253785
-4320 230523
-4318 231571
-4316 223146
-4314 220423
-4312 232268
-4310 232443
-4308 228502
-4306 257666
-4304 251894
-4302 262308
-4300 284496
-4298 285529
-4296 288736
-4294 297134
-4292 315367
-4290 278992
-4288 272782
-4286 300566
-4284 309895
-4282 279125
-4280 273843
-4278 290023
-4276 250120
-4274 265056
-4272 289418
-4270 278615
-4268 277059
-4266 277660
-4264 306621
-4262 315651
-4260 325445
-4258 310803
-4256 299060
-4254 326518
-4252 319231
-4250 299463
-4248 297196
-4246 305841
-4244 300749
-4242 318415
-4240 341892
-4238 330428
-4236 352505
-4234 336382
-4232 344512
-4230 336818
-4228 320203
-4226 332734
-4224 327982
-4222 309484
-4220 327382
-4218 324370
-4216 292851
-4214 320515
-4212 319569
-4210 329303
-4208 353248
-4206 362562
-4204 359050
-4202 345558
-4200 348589
-4198 356993
-4196 383599
-4194 382502
-4192 355731
-4190 320626
-4188 315122
-4186 316073
-4184 298086
-4182 313594
-4180 309785
-4178 334309
-4176 336257
-4174 338231
-4172 365309
-4170 347643
-4168 374662
-4166 399345
-4164 360355
-4162 357118
-4160 320050
-4158 353450
-4156 321088
-4154 326079
-4152 384981
-4150 405462
-4148 387317
-4146 380740
-4144 386304
-4142 365016
-4140 358723
-4138 355200
-4136 391283
-4134 386666
-4132 370478
-4130 423515
-4128 367009
-4126 385193
-4124 354421
-4122 347030
-4120 338578
-4118 349136
-4116 349446
-4114 370051
-4112 398522
-4110 377031
-4108 388500
-4106 381240
-4104 365616
-4102 365754
-4100 337341
-4098 326857
-4096 351199
-4094 395458
-4092 362006
-4090 355975
-4088 392664
-4086 402024
-4084 396966
-4082 363898
-4080 408048
-4078 391562
-4076 377130
-4074 383637
-4072 409817
-4070 406639
-4068 400720
-4066 385352
-4064 417394
-4062 417246
-4060 405494
-4058 355641
-4056 378209
-4054 381666
-4052 369289
-4050 376509
-4048 383056
-4046 387663
-4044 416619
-4042 436848
-4040 430261
-4038 435215
-4036 416365
-4034 424782
-4032 399929
-4030 427441
-4028 397837
-4026 436411
-4024 425348
-4022 415510
-4020 426682
-4018 463774
-4016 445108
-4014 428963
-4012 431299
-4010 446528
-4008 516828
-4006 469934
-4004 489987
-4002 466306
-4000 448479
-3998 445900
-3996 470184
-3994 442835
-3992 446941
-3990 437743
-3988 454680
-3986 472287
-3984 439714
-3982 421715
-3980 420504
-3978 415132
-3976 438745
-3974 405969
-3972 466250
-3970 424750
-3968 426120
-3966 462448
-3964 444499
-3962 470871
-3960 420721
-3958 447213
-3956 433278
-3954 449576
-3952 458374
-3950 462946
-3948 521846
-3946 529131
-3944 512310
-3942 481781
-3940 506463
-3938 496043
-3936 467143
-3934 476289
-3932 456054
-3930 485036
-3928 458378
-3926 421830
-3924 461487
-3922 443824
-3920 458863
-3918 485106
-3916 499216
-3914 509292
-3912 529845
-3910 504562
-3908 508392
-3906 509970
-3904 540231
-3902 500120
-3900 542375
-3898 519630
-3896 517935
-3894 502446
-3892 550648
-3890 578824
-3888 528745
-3886 516342
-3884 552870
-3882 600476
-3880 629589
-3878 571796
-3876 595610
-3874 607877
-3872 605435
-3870 601811
-3868 531442
-3866 563368
-3864 584349
-3862 569126
-3860 603238
-3858 558246
-3856 605660
-3854 596834
-3852 592444
-3850 544210
-3848 576677
-3846 573386
-3844 603604
-3842 574986
-3840 579998
-3838 607463
-3836 595046
-3834 617180
-3832 647202
-3830 606834
-3828 587546
-3826 587428
-3824 617780
-3822 592922
-3820 606188
-3818 591537
-3816 581290
-3814 561252
-3812 600551
-3810 663561
-3808 673921
-3806 633129
-3804 642503
-3802 670612
-3800 667843
-3798 680885
-3796 656229
-3794 644576
-3792 622767
-3790 610962
-3788 632347
-3786 618051
-3784 612164
-3782 648545
-3780 653558
-3778 641347
-3776 682868
-3774 713029
-3772 724972
-3770 674675
-3768 656131
-3766 653102
-3764 641005
-3762 602365
-3760 616411
-3758 629330
-3756 625858
-3754 615562
-3752 658736
-3750 628399
-3748 676926
-3746 659293
-3744 662664
-3742 704399
-3740 697386
-3738 693631
-3736 693119
-3734 721199
-3732 712695
-3730 722710
-3728 654096
-3726 694163
-3724 682505
-3722 707336
-3720 765475
-3718 742382
-3716 756870
-3714 738716
-3712 747547
-3710 724763
-3708 687842
-3706 679128
-3704 644229
-3702 698693
-3700 644541
-3698 704532
-3696 741978
-3694 707919
-3692 731666
-3690 789851
-3688 788072
-3686 751031
-3684 790011
-3682 746055
-3680 743791
-3678 720061
-3676 734744
-3674 744558
-3672 719330
-3670 813777
-3668 775520
-3666 714401
-3664 749960
-3662 762197
-3660 762825
-3658 801828
-3656 805634
-3654 766852
-3652 789136
-3650 765979
-3648 794578
-3646 695373
-3644 742543
-3642 757872
-3640 776080
-3638 774627
-3636 760112
-3634 786473
-3632 805597
-3630 791412
-3628 815689
-3626 850396
-3624 831989
-3622 823763
-3620 828863
-3618 796413
-3616 790350
-3614 732738
-3612 738254
-3610 730365
-3608 791625
-3606 804739
-3604 843745
-3602 811875
-3600 810522
-3598 873271
-3596 836602
-3594 894488
-3592 866369
-3590 870197
-3588 899886
-3586 841115
-3584 897963
-3582 923526
-3580 931764
-3578 900382
-3576 821785
-3574 837655
-3572 838584
-3570 837210
-3568 852111
-3566 841765
-3564 905069
-3562 871244
-3560 873343
-3558 910589
-3556 915894
-3554 923799
-3552 961739
-3550 907290
-3548 888621
-3546 917653
-3544 916870
-3542 934449
-3540 970584
-3538 956422
-3536 917492
-3534 911834
-3532 937577
-3530 1015861
-3528 983388
-3526 984344
-3524 1036248
-3522 1052691
-3520 1024877
-3518 1038523
-3516 1017438
-3514 1011695
-3512 1046583
-3510 995573
-3508 993023
-3506 973679
-3504 983506
-3502 1000987
-3500 1033947
-3498 996429
-3496 1015198
-3494 1041452
-3492 1108305
-3490 1072938
-3488 1088896
-3486 1089764
-3484 1105607
-3482 1088655
-3480 1066173
-3478 1114913
-3476 1083467
-3474 1079608
-3472 1097913
-3470 1116083
-3468 1089547
-3466 1114990
-3464 1123602
-3462 1148599
-3460 1161537
-3458 1189641
-3456 1199077
-3454 1186569
-3452 1199751
-3450 1140039
-3448 1126499
-3446 1147253
-3444 1151359
-3442 1244812
-3440 1187823
-3438 1213773
-3436 1198378
-3434 1166798
-3432 1186075
-3430 1185269
-3428 1202073
-3426 1201198
-3424 1208523
-3422 1176410
-3420 1095328
-3418 1099521
-3416 1164989
-3414 1149413
-3412 1115424
-3410 1068051
-3408 1089705
-3406 1115010
-3404 1084362
-3402 1099280
-3400 1177648
-3398 1127967
-3396 1140737
-3394 1126848
-3392 1164573
-3390 1154269
-3388 1165503
-3386 1160514
-3384 1227940
-3382 1218626
-3380 1235759
-3378 1248425
-3376 1222511
-3374 1144122
-3372 1157037
-3370 1168810
-3368 1182869
-3366 1137779
-3364 1202248
-3362 1230443
-3360 1205818
-3358 1200460
-3356 1237781
-3354 1216742
-3352 1261992
-3350 1239520
-3348 1223002
-3346 1205785
-3344 1246404
-3342 1202390
-3340 1249273
-3338 1299967
-3336 1223559
-3334 1232315
-3332 1251871
-3330 1263550
-3328 1282342
-3326 1275578
-3324 1224436
-3322 1214615
-3320 1236841
-3318 1238490
-3316 1255836
-3314 1280258
-3312 1262475
-3310 1274889
-3308 1275008
-3306 1292578
-3304 1278263
-3302 1284064
-3300 1266001
-3298 1270100
-3296 1268151
-3294 1287266
-3292 1342362
-3290 1295073
-3288 1288531
-3286 1279042
-3284 1286061
-3282 1308902
-3280 1316170
-3278 1304194
-3276 1376961
-3274 1371128
-3272 1391946
-3270 1368813
-3268 1286374
-3266 1373411
-3264 1407638
-3262 1360353
-3260 1345318
-3258 1369534
-3256 1389393
-3254 1407829
-3252 1356808
-3250 1433141
-3248 1465216
-3246 1526330
-3244 1422369
-3242 1410762
-3240 1442627
-3238 1482421
-3236 1457029
-3234 1460648
-3232 1459916
-3230 1492705
-3228 1416658
-3226 1404390
-3224 1405741
-3222 1484758
-3220 1586344
-3218 1553409
-3216 1518423
-3214 1492274
-3212 1480642
-3210 1485000
-3208 1539777
-3206 1512241
-3204 1491871
-3202 1491384
-3200 1502427
-3198 1492844
-3196 1560260
-3194 1603698
-3192 1612436
-3190 1608163
-3188 1588712
-3186 1576883
-3184 1613673
-3182 1574695
-3180 1563571
-3178 1561894
-3176 1523566
-3174 1588876
-3172 1672810
-3170 1637179
-3168 1578751
-3166 1581498
-3164 1576752
-3162 1588126
-3160 1703280
-3158 1692209
-3156 1798696
-3154 1788563
-3152 1798646
-3150 1684007
-3148 1741818
-3146 1748644
-3144 1726832
-3142 1647899
-3140 1671358
-3138 1711189
-3136 1725988
-3134 1694491
-3132 1688670
-3130 1642525
-3128 1652349
-3126 1638953
-3124 1688195
-3122 1701190
-3120 1706179
-3118 1767771
-3116 1737047
-3114 1734471
-3112 1707361
-3110 1725701
-3108 1715723
-3106 1710023
-3104 1700067
-3102 1673440
-3100 1702622
-3098 1667778
-3096 1690591
-3094 1772253
-3092 1753603
-3090 1706796
-3088 1721379
-3086 1709419
-3084 1740259
-3082 1692566
-3080 1762736
-3078 1746563
-3076 1749183
-3074 1807536
-3072 1847489
-3070 1817836
-3068 1881692
-3066 1868684
-3064 1930539
-3062 1868785
-3060 1930343
-3058 1976255
-3056 1946648
-3054 1844245
-3052 1867087
-3050 1816628
-3048 1852923
-3046 1808485
-3044 1855624
-3042 1831717
-3040 1848153
-3038 1881556
-3036 1937303
-3034 1935046
-3032 1893337
-3030 1901423
-3028 1967678
-3026 1944584
-3024 1955477
-3022 1921999
-3020 1862217
-3018 1971601
-3016 1881586
-3014 1853454
-3012 1885879
-3010 1925981
-3008 1866615
-3006 1863749
-3004 1853443
-3002 1970430
-3000 1900990
-2998 1981237
-2996 1939328
-2994 1982177
-2992 1946504
-2990 1922996
-2988 1987642
-2986 1959771
-2984 1923703
-2982 1916346
-2980 1893971
-2978 1923753
-2976 1915671
-2974 1873930
-2972 1943142
-2970 1921956
-2968 1864402
-2966 1892058
-2964 1935076
-2962 1930734
-2960 1900616
-2958 1895406
-2956 1959849
-2954 1977411
-2952 1962485
-2950 1957878
-2948 1964550
-2946 1969955
-2944 1930295
-2942 1988743
-2940 2085239
-2938 2089265
-2936 1985800
-2934 2064497
-2932 2088995
-2930 2028058
-2928 2057554
-2926 2096749
-2924 2047801
-2922 2075495
-2920 2054475
-2918 2020301
-2916 2083304
-2914 2007014
-2912 2054649
-2910 2094533
-2908 2050873
-2906 2153707
-2904 2151184
-2902 2159824
-2900 2139631
-2898 2142425
-2896 2102412
-2894 2149256
-2892 2155347
-2890 2136913
-2888 2089401
-2886 2190635
-2884 2190946
-2882 2224466
-2880 2219652
-2878 2287633
-2876 2250167
-2874 2300696
-2872 2293967
-2870 2261695
-2868 2314041
-2866 2271411
-2864 2285177
-2862 2349374
-2860 2298684
-2858 2292448
-2856 2210977
-2854 2236127
-2852 2278807
-2850 2221559
-2848 2275898
-2846 2319373
-2844 2296633
-2842 2236598
-2840 2216078
-2838 2247851
-2836 2244572
-2834 2268182
-2832 2253799
-2830 2308762
-2828 2313626
-2826 2326436
-2824 2349697
-2822 2311265
-2820 2323030
-2818 2285571
-2816 2332014
-2814 2321050
-2812 2350648
-2810 2321659
-2808 2287981
-2806 2351496
-2804 2446256
-2802 2488277
-2800 2421707
-2798 2444991
-2796 2391099
-2794 2384898
-2792 2322629
-2790 2355562
-2788 2486492
-2786 2480177
-2784 2380763
-2782 2371067
-2780 2381761
-2778 2391527
-2776 2372311
-2774 2387769
-2772 2407826
-2770 2426813
-2768 2450473
-2766 2375769
-2764 2357769
-2762 2461045
-2760 2494319
-2758 2483010
-2756 2401606
-2754 2457448
-2752 2495320
-2750 2441425
-2748 2473973
-2746 2441004
-2744 2444903
-2742 2441054
-2740 2423157
-2738 2518203
-2736 2451522
-2734 2449658
-2732 2470483
-2730 2526250
-2728 2535776
-2726 2444101
-2724 2528973
-2722 2509409
-2720 2480598
-2718 2448473
-2716 2516743
-2714 2548436
-2712 2495847
-2710 2418315
-2708 2419417
-2706 2488734
-2704 2497673
-2702 2476847
-2700 2476567
-2698 2512051
-2696 2630439
-2694 2606372
-2692 2549072
-2690 2513792
-2688 2528049
-2686 2454821
-2684 2544524
-2682 2554304
-2680 2551880
-2678 2565896
-2676 2591177
-2674 2687392
-2672 2683365
-2670 2622652
-2668 2568600
-2666 2705638
-2664 2717265
-2662 2743138
-2660 2811801
-2658 2821690
-2656 2801978
-2654 2686157
-2652 2705153
-2650 2729316
-2648 2764182
-2646 2696286
-2644 2599497
-2642 2747063
-2640 2712089
-2638 2713590
-2636 2720267
-2634 2754912
-2632 2778432
-2630 2717247
-2628 2765573
-2626 2775816
-2624 2726949
-2622 2700328
-2620 2752148
-2618 2781007
-2616 2811252
-2614 2756233
-2612 2708180
-2610 2705535
-2608 2814559
-2606 2833123
-2604 2747422
-2602 2797689
-2600 2918276
-2598 2894174
-2596 2919732
-2594 2858021
-2592 3013070
-2590 3016734
-2588 2995918
-2586 2899292
-2584 2876240
-2582 2877298
-2580 2953524
-2578 2897218
-2576 2807784
-2574 2920267
-2572 2920156
-2570 3011946
-2568 2942097
-2566 3066783
-2564 3033817
-2562 3107367
-2560 3023051
-2558 3095352
-2556 3056747
-2554 3084801
-2552 3136116
-2550 3141160
-2548 3158324
-2546 3156839
-2544 3113400
-2542 3171147
-2540 3168021
-2538 3083063
-2536 3109304
-2534 3200495
-2532 3164148
-2530 3190084
-2528 3195278
-2526 3167551
-2524 3208522
-2522 3247139
-2520 3092798
-2518 3199186
-2516 3197003
-2514 3196406
-2512 3168538
-2510 3129067
-2508 3177293
-2506 3020334
-2504 3108176
-2502 3074120
-2500 3036815
-2498 2906252
-2496 3014627
-2494 3131065
-2492 3034295
-2490 3115845
-2488 3044841
-2486 3158531
-2484 3205645
-2482 3205170
-2480 3200808
-2478 3171430
-2476 3089396
-2474 3090178
-2472 3212148
-2470 3233833
-2468 3284425
-2466 3258649
-2464 3179462
-2462 3214782
-2460 3138701
-2458 3215270
-2456 3280900
-2454 3213410
-2452 3119623
-2450 3297395
-2448 3246790
-2446 3188917
-2444 3319746
-2442 3291031
-2440 3259496
-2438 3326024
-2436 3283095
-2434 3357333
-2432 3345641
-2430 3423390
-2428 3374573
-2426 3435434
-2424 3295639
-2422 3285375
-2420 3396218
-2418 3372685
-2416 3355867
-2414 3302667
-2412 3365276
-2410 3325679
-2408 3358002
-2406 3349782
-2404 3301400
-2402 3370668
-2400 3380149
-2398 3420394
-2396 3452046
-2394 3461747
-2392 3438140
-2390 3426499
-2388 3508071
-2386 3509040
-2384 3535996
-2382 3500139
-2380 3530154
-2378 3490752
-2376 3575241
-2374 3562431
-2372 3580573
-2370 3669701
-2368 3693581
-2366 3709784
-2364 3622508
-2362 3759237
-2360 3745828
-2358 3704495
-2356 3657242
-2354 3745272
-2352 3687200
-2350 3747466
-2348 3747940
-2346 3774947
-2344 3677181
-2342 3711741
-2340 3736121
-2338 3739425
-2336 3696972
-2334 3676735
-2332 3791230
-2330 3757553
-2328 3786557
-2326 3855910
-2324 3808286
-2322 3713282
-2320 3797132
-2318 3730579
-2316 3729527
-2314 3825774
-2312 3730712
-2310 3769316
-2308 3808729
-2306 3835934
-2304 3870820
-2302 3896740
-2300 3875642
-2298 3839385
-2296 3821547
-2294 3865790
-2292 3855115
-2290 3895679
-2288 3810474
-2286 3867497
-2284 3841533
-2282 3812430
-2280 3871719
-2278 3890787
-2276 3901470
-2274 3997781
-2272 3856139
-2270 3870036
-2268 3889855
-2266 3933570
-2264 3944692
-2262 3977171
-2260 3931833
-2258 3946353
-2256 4004045
-2254 3930412
-2252 3941749
-2250 3947657
-2248 3941629
-2246 3959255
-2244 4174662
-2242 4069733
-2240 4139637
-2238 4077454
-2236 4146508
-2234 4106081
-2232 4044197
-2230 4003464
-2228 4081895
-2226 4011024
-2224 4043934
-2222 4189102
-2220 4191520
-2218 4275968
-2216 4315858
-2214 4252320
-2212 4255643
-2210 4182989
-2208 4234809
-2206 4241621
-2204 4232885
-2202 4147424
-2200 4165996
-2198 4189064
-2196 4201518
-2194 4150997
-2192 4173802
-2190 4184567
-2188 4099609
-2186 4130369
-2184 4048993
-2182 4010579
-2180 4030522
-2178 4069553
-2176 4217236
-2174 4221775
-2172 4131435
-2170 4186792
-2168 4194080
-2166 4152086
-2164 4146163
-2162 4242584
-2160 4331478
-2158 4407166
-2156 4417000
-2154 4389640
-2152 4414544
-2150 4279225
-2148 4295620
-2146 4329833
-2144 4337579
-2142 4372029
-2140 4347244
-2138 4349218
-2136 4257332
-2134 4330922
-2132 4320394
-2130 4244347
-2128 4418796
-2126 4318822
-2124 4229455
-2122 4374056
-2120 4285341
-2118 4377358
-2116 4318439
-2114 4388551
-2112 4399672
-2110 4376566
-2108 4460841
-2106 4333467
-2104 4330226
-2102 4221775
-2100 4142460
-2098 4228536
-2096 4347865
-2094 4281545
-2092 4425594
-2090 4381347
-2088 4317533
-2086 4243786
-2084 4257568
-2082 4299910
-2080 4322728
-2078 4322698
-2076 4178329
-2074 4265316
-2072 4367357
-2070 4410050
-2068 4531365
-2066 4366633
-2064 4368541
-2062 4447784
-2060 4419678
-2058 4351798
-2056 4367369
-2054 4293279
-2052 4378729
-2050 4458902
-2048 4481938
-2046 4524597
-2044 4421265
-2042 4391627
-2040 4526866
-2038 4523954
-2036 4572359
-2034 4591268
-2032 4523390
-2030 4623519
-2028 4685959
-2026 4575156
-2024 4557856
-2022 4632817
-2020 4561421
-2018 4736020
-2016 4569826
-2014 4693736
-2012 4649259
-2010 4586708
-2008 4684227
-2006 4532157
-2004 4570860
-2002 4610757
-2000 4641242
-1998 4632806
-1996 4641589
-1994 4662554
-1992 4731315
-1990 4666493
-1988 4766258
-1986 4814053
-1984 4823669
-1982 4867568
-1980 4841453
-1978 4933524
-1976 4864070
-1974 4888909
-1972 5070589
-1970 4842381
-1968 4838800
-1966 4860624
-1964 4900390
-1962 4859702
-1960 4897494
-1958 4924303
-1956 4835349
-1954 4944343
-1952 4782839
-1950 4718629
-1948 4748119
-1946 4862935
-1944 4903662
-1942 4811279
-1940 4902773
-1938 5002861
-1936 4944661
-1934 4931521
-1932 4931426
-1930 4925566
-1928 4961955
-1926 5034601
-1924 5184669
-1922 5070515
-1920 5028150
-1918 5018374
-1916 4984615
-1914 4983004
-1912 5037004
-1910 5085936
-1908 5151730
-1906 5130233
-1904 5214530
-1902 5273679
-1900 5129572
-1898 5127585
-1896 5093735
-1894 5012938
-1892 5047702
-1890 5053019
-1888 5029810
-1886 5176434
-1884 5036569
-1882 5123415
-1880 5120684
-1878 5008460
-1876 5006251
-1874 4944533
-1872 5039018
-1870 5211524
-1868 5237800
-1866 5120842
-1864 5107960
-1862 5105751
-1860 5133382
-1858 5131231
-1856 5100777
-1854 5182172
-1852 5249181
-1850 5297128
-1848 5171587
-1846 5204440
-1844 5205083
-1842 5297843
-1840 5338981
-1838 5330778
-1836 5381070
-1834 5214161
-1832 5358933
-1830 5239443
-1828 5404000
-1826 5348981
-1824 5456148
-1822 5434599
-1820 5341952
-1818 5266194
-1816 5324823
-1814 5447888
-1812 5497379
-1810 5428517
-1808 5395009
-1806 5365214
-1804 5375430
-1802 5353729
-1800 5453649
-1798 5350256
-1796 5400372
-1794 5463176
-1792 5402425
-1790 5341157
-1788 5292852
-1786 5417879
-1784 5327100
-1782 5356621
-1780 5463943
-1778 5581221
-1776 5462900
-1774 5527752
-1772 5451304
-1770 5468263
-1768 5624320
-1766 5604788
-1764 5611085
-1762 5578933
-1760 5617151
-1758 5605526
-1756 5681588
-1754 5716868
-1752 5639470
-1750 5576757
-1748 5518008
-1746 5534246
-1744 5677783
-1742 5720771
-1740 5654691
-1738 5660393
-1736 5674007
-1734 5604164
-1732 5523913
-1730 5611909
-1728 5554673
-1726 5666971
-1724 5726104
-1722 5654256
-1720 5676812
-1718 5741212
-1716 5659535
-1714 5648125
-1712 5674946
-1710 5740585
-1708 5760719
-1706 5786170
-1704 5671079
-1702 5740742
-1700 5796561
-1698 5906069
-1696 5840730
-1694 5907456
-1692 5879208
-1690 5815065
-1688 5822716
-1686 5767498
-1684 5820334
-1682 5898235
-1680 5867147
-1678 5887588
-1676 5928403
-1674 5957125
-1672 6010764
-1670 5996111
-1668 6010254
-1666 5977373
-1664 5947393
-1662 6099265
-1660 5955404
-1658 5858092
-1656 5920571
-1654 6006882
-1652 6045954
-1650 5980078
-1648 6116915
-1646 6042217
-1644 6123162
-1642 5928544
-1640 5945264
-1638 6114309
-1636 5984338
-1634 5972068
-1632 6021424
-1630 6037624
-1628 6115691
-1626 6147956
-1624 6027816
-1622 5965591
-1620 6134438
-1618 6068888
-1616 5925565
-1614 6021321
-1612 6031331
-1610 6156035
-1608 6121344
-1606 6207892
-1604 6173175
-1602 6229407
-1600 6221076
-1598 6293160
-1596 6316416
-1594 6237566
-1592 6296490
-1590 6345421
-1588 6278497
-1586 6390516
-1584 6254160
-1582 6343906
-1580 6304470
-1578 6431229
-1576 6454091
-1574 6462117
-1572 6543019
-1570 6362927
-1568 6431554
-1566 6406445
-1564 6294601
-1562 6394866
-1560 6348475
-1558 6413633
-1556 6290410
-1554 6433443
-1552 6415654
-1550 6484594
-1548 6465558
-1546 6392448
-1544 6330167
-1542 6252535
-1540 6230002
-1538 6336412
-1536 6411307
-1534 6360722
-1532 6332165
-1530 6385376
-1528 6307990
-1526 6440020
-1524 6361926
-1522 6372351
-1520 6344432
-1518 6290513
-1516 6357421
-1514 6222911
-1512 6365746
-1510 6374843
-1508 6443642
-1506 6472973
-1504 6444380
-1502 6515890
-1500 6429424
-1498 6570219
-1496 6593306
-1494 6536617
-1492 6524240
-1490 6467836
-1488 6640716
-1486 6588706
-1484 6689161
-1482 6673592
-1480 6724177
-1478 6856256
-1476 6816662
-1474 6789897
-1472 6851180
-1470 6795274
-1468 6793816
-1466 6900638
-1464 7002826
-1462 6892885
-1460 6931925
-1458 6911253
-1456 6847941
-1454 6929935
-1452 7012788
-1450 7006982
-1448 6899548
-1446 6859420
-1444 6980158
-1442 6928481
-1440 6907865
-1438 6848037
-1436 6959001
-1434 6788255
-1432 6926241
-1430 6932762
-1428 7050562
-1426 7060914
-1424 6845067
-1422 6977813
-1420 7172033
-1418 7048798
-1416 7034622
-1414 6945998
-1412 6995935
-1410 6915791
-1408 6976042
-1406 7041367
-1404 6924061
-1402 6994005
-1400 6986378
-1398 6971168
-1396 6848489
-1394 6909389
-1392 6911169
-1390 6998215
-1388 6946409
-1386 6892742
-1384 7039849
-1382 7120053
-1380 6971075
-1378 7095216
-1376 6954439
-1374 6992528
-1372 6968871
-1370 7038714
-1368 7060164
-1366 6982788
-1364 7139072
-1362 7050565
-1360 7208857
-1358 7095274
-1356 6959039
-1354 7094620
-1352 7033549
-1350 7107876
-1348 7169696
-1346 7155477
-1344 7220184
-1342 7151887
-1340 7210994
-1338 7227382
-1336 7193152
-1334 7101124
-1332 7097812
-1330 7138215
-1328 7090959
-1326 7238414
-1324 7274310
-1322 7140145
-1320 7280049
-1318 7183640
-1316 7143207
-1314 7050819
-1312 7050604
-1310 7122855
-1308 7123641
-1306 7091925
-1304 7176819
-1302 7179548
-1300 7176979
-1298 7186878
-1296 7279553
-1294 7259884
-1292 7339890
-1290 7365230
-1288 7445238
-1286 7448440
-1284 7406545
-1282 7269103
-1280 7171187
-1278 7304603
-1276 7291228
-1274 7315904
-1272 7298590
-1270 7383581
-1268 7337093
-1266 7342556
-1264 7310645
-1262 7327718
-1260 7351372
-1258 7353943
-1256 7437704
-1254 7533322
-1252 7582998
-1250 7493012
-1248 7410826
-1246 7336024
-1244 7365853
-1242 7292313
-1240 7425982
-1238 7527740
-1236 7484070
-1234 7538495
-1232 7566635
-1230 7564931
-1228 7467808
-1226 7628075
-1224 7552227
-1222 7587556
-1220 7644430
-1218 7710620
-1216 7687509
-1214 7729765
-1212 7695821
-1210 7680060
-1208 7554521
-1206 7720694
-1204 7737313
-1202 7784096
-1200 7757160
-1198 7708043
-1196 7528916
-1194 7560657
-1192 7572181
-1190 7700470
-1188 7808942
-1186 7803710
-1184 7773322
-1182 7781314
-1180 7761719
-1178 7764268
-1176 7880747
-1174 7900547
-1172 8020212
-1170 7937404
-1168 7961620
-1166 7949124
-1164 7834497
-1162 7930657
-1160 7783944
-1158 7921736
-1156 7836364
-1154 7859142
-1152 7929968
-1150 7937411
-1148 7873613
-1146 7698426
-1144 7727217
-1142 7637971
-1140 7733456
-1138 7668927
-1136 7730142
-1134 7793584
-1132 7853690
-1130 7787350
-1128 7934261
-1126 8033853
-1124 8068954
-1122 8072411
-1120 7861184
-1118 7955140
-1116 7991163
-1114 7839987
-1112 7813889
-1110 7804578
-1108 7757063
-1106 7878605
-1104 7888162
-1102 7863074
-1100 7812522
-1098 7850635
-1096 7920577
-1094 7911446
-1092 7822194
-1090 7872691
-1088 7791790
-1086 7943946
-1084 7786600
-1082 7845517
-1080 7798721
-1078 7826916
-1076 7942764
-1074 7891348
-1072 8068661
-1070 8017944
-1068 7805930
-1066 7762206
-1064 7855417
-1062 7799046
-1060 7932684
-1058 7805169
-1056 7820880
-1054 7786763
-1052 7823407
-1050 7840430
-1048 7811983
-1046 7924690
-1044 7911337
-1042 7939278
-1040 7922220
-1038 7890737
-1036 8098182
-1034 8011373
-1032 8034418
-1030 8024005
-1028 8168484
-1026 8159456
-1024 8150855
-1022 8140822
-1020 8202635
-1018 8252351
-1016 8125832
-1014 8191710
-1012 8306334
-1010 8395845
-1008 8411162
-1006 8362203
-1004 8417900
-1002 8166346
-1000 8304688
-998 8359355
-996 8172208
-994 8250366
-992 8061814
-990 8207016
-988 8268427
-986 8194947
-984 8170229
-982 8196743
-980 8212854
-978 8224093
-976 8265403
-974 8286442
-972 8281850
-970 8272930
-968 8466233
-966 8574944
-964 8538491
-962 8459001
-960 8485245
-958 8544087
-956 8534362
-954 8654088
-952 8506251
-950 8450757
-948 8505183
-946 8517303
-944 8708333
-942 8379967
-940 8540862
-938 8473747
-936 8475108
-934 8397738
-932 8465435
-930 8524307
-928 8713131
-926 8738517
-924 8679509
-922 8592930
-920 8747768
-918 8687511
-916 8662092
-914 8826849
-912 8760777
-910 8733003
-908 8706812
-906 8762288
-904 8636795
-902 8705632
-900 8647358
-898 8575492
-896 8713178
-894 8707340
-892 8695844
-890 8792211
-888 8785347
-886 8600871
-884 8624022
-882 8611700
-880 8702976
-878 8707722
-876 8685251
-874 8607950
-872 8597038
-870 8713288
-868 8598745
-866 8582588
-864 8658882
-862 8709773
-860 8706793
-858 8613693
-856 8640040
-854 8652813
-852 8633922
-850 8650418
-848 8527920
-846 8501224
-844 8487408
-842 8555167
-840 8710448
-838 8767158
-836 8754442
-834 8845906
-832 8766664
-830 8659644
-828 8694352
-826 8734345
-824 8804590
-822 8606390
-820 8738911
-818 8803458
-816 8742406
-814 8727130
-812 8580923
-810 8700172
-808 8894076
-806 8709719
-804 8789551
-802 8809181
-800 8760490
-798 8899501
-796 8720852
-794 8802174
-792 8791342
-790 8879909
-788 8777090
-786 8777922
-784 8883804
-782 8979923
-780 9048445
-778 8812308
-776 8848532
-774 8944625
-772 8758487
-770 8919470
-768 8890641
-766 8826716
-764 8938623
-762 8870161
-760 8711514
-758 8740537
-756 8804713
-754 9055077
-752 8925934
-750 9001671
-748 8985975
-746 9072730
-744 8993462
-742 9111035
-740 9093621
-738 9159185
-736 9118447
-734 9139643
-732 9277803
-730 9207259
-728 9092956
-726 9195705
-724 9099320
-722 8928517
-720 8882927
-718 9018497
-716 9049841
-714 9205435
-712 9080513
-710 9281122
-708 9229166
-706 9249841
-704 9321639
-702 9404341
-700 9403472
-698 9504788
-696 9599183
-694 9557644
-692 9627076
-690 9532807
-688 9499938
-686 9396343
-684 9397924
-682 9433807
-680 9249160
-678 9207780
-676 9283004
-674 9477277
-672 9325258
-670 9321466
-668 9529127
-666 9481172
-664 9373091
-662 9407641
-660 9315386
-658 9413077
-656 9397584
-654 9483113
-652 9497290
-650 9612844
-648 9643728
-646 9535393
-644 9616140
-642 9494377
-640 9679488
-638 9592657
-636 9701434
-634 9574486
-632 9537689
-630 9398459
-628 9471371
-626 9579336
-624 9739255
-622 9669212
-620 9626941
-618 9639316
-616 9697760
-614 9621141
-612 9558167
-610 9599713
-608 9705009
-606 9540868
-604 9774605
-602 9845619
-600 9796460
-598 9801105
-596 9643405
-594 9631421
-592 9757702
-590 9594369
-588 9634214
-586 9649432
-584 9748013
-582 9754451
-580 9738836
-578 9777306
-576 9635382
-574 9609495
-572 9821856
-570 9891350
-568 9927239
-566 9762675
-564 9715934
-562 9810851
-560 9857035
-558 10043300
-556 10050316
-554 9951093
-552 9771308
-550 9745035
-548 9695206
-546 9801980
-544 9687095
-542 9713133
-540 9643843
-538 9502625
-536 9444402
-534 9639018
-532 9707200
-530 9747364
-528 9681277
-526 9745721
-524 9745528
-522 9647190
-520 9739292
-518 9700852
-516 9607412
-514 9490022
-512 9506759
-510 9446474
-508 9570912
-506 9546824
-504 9523913
-502 9784175
-500 9670938
-498 9895056
-496 9763247
-494 9802023
-492 9754473
-490 9686995
-488 9531443
-486 9640866
-484 9691622
-482 9612546
-480 9797720
-478 9716125
-476 9815268
-474 9792762
-472 9634335
-470 9667141
-468 9861836
-466 9880389
-464 9923539
-462 9886143
-460 9895731
-458 9754030
-456 9928886
-454 9905557
-452 9855287
-450 9834792
-448 9893959
-446 9951435
-444 10011377
-442 9794691
-440 9972465
-438 9931113
-436 9968317
-434 9985977
-432 9925352
-430 9714338
-428 9827480
-426 9877271
-424 9902489
-422 9964715
-420 10224576
-418 10125304
-416 9889456
-414 9882889
-412 9925427
-410 9902728
-408 9868001
-406 10039788
-404 9967300
-402 9849771
-400 9986133
-398 9843547
-396 9939434
-394 9869592
-392 9957424
-390 10019939
-388 10051316
-386 10068362
-384 10176006
-382 10199538
-380 10205363
-378 10188579
-376 10212638
-374 10045745
-372 10024590
-370 9945039
-368 10011449
-366 10015273
-364 9952491
-362 10094767
-360 10108557
-358 10235694
-356 10267185
-354 10168733
-352 10244273
-350 10071658
-348 10237963
-346 10267590
-344 10216540
-342 10183479
-340 10204532
-338 10088907
-336 10131866
-334 9945116
-332 10004729
-330 10198547
-328 10161885
-326 10180672
-324 9925690
-322 10017297
-320 10107419
-318 10080271
-316 10107854
-314 10121071
-312 10126565
-310 10115050
-308 10133975
-306 10047212
-304 10024997
-302 9970720
-300 9947143
-298 9922852
-296 9890270
-294 9927918
-292 10071218
-290 10099391
-288 10084144
-286 10058670
-284 10011988
-282 9989579
-280 9995625
-278 10069918
-276 9976905
-274 10125438
-272 10007064
-270 9960819
-268 10031692
-266 10115227
-264 9990488
-262 10201703
-260 10058221
-258 10165409
-256 10056950
-254 10078870
-252 10148939
-250 10235704
-248 9964636
-246 10030363
-244 10101523
-242 10179272
-240 10090255
-238 10176102
-236 10148612
-234 9985402
-232 9988505
-230 9979989
-228 9950893
-226 9981646
-224 9980460
-222 10167659
-220 10055536
-218 10045843
-216 10015309
-214 10153046
-212 10038332
-210 10072916
-208 10056742
-206 10054704
-204 10136887
-202 10101330
-200 10094813
-198 10124211
-196 10124765
-194 10122116
-192 10110431
-190 10230231
-188 10143032
-186 10004892
-184 10131895
-182 10073817
-180 10155451
-178 10057201
-176 10187855
-174 10271253
-172 10179925
-170 10147773
-168 10232346
-166 10271217
-164 10109784
-162 10133674
-160 10052724
-158 10081308
-156 9940537
-154 9970597
-152 10046432
-150 10101651
-148 10099704
-146 10099813
-144 10104448
-142 10229077
-140 10333526
-138 10211646
-136 10343641
-134 10262952
-132 10186150
-130 10261268
-128 10155987
-126 10241154
-124 10355174
-122 10318014
-120 10221069
-118 10294081
-116 10157056
-114 10238961
-112 10177506
-110 10208784
-108 10174085
-106 10213553
-104 10259307
-102 10404529
-100 10329732
-98 10267973
-96 10308432
-94 10249026
-92 10299010
-90 10337671
-88 10250942
-86 10317605
-84 10299345
-82 10192380
-80 10245898
-78 10364361
-76 10378358
-74 10303047
-72 10260733
-70 10141693
-68 10188151
-66 10195479
-64 10172325
-62 10091183
-60 10147425
-58 10063799
-56 10142757
-54 10100900
-52 10023613
-50 10253080
-48 10140099
-46 10117536
-44 10178919
-42 10149815
-40 10267875
-38 10247829
-36 10023806
-34 10204014
-32 10172158
-30 10188296
-28 10122650
-26 10251127
-24 10164559
-22 10123851
-20 10117419
-18 10223977
-16 10066236
-14 10057494
-12 10014786
-10 10180816
-8 10123444
-6 10152062
-4 10104651
-2 10195070
0 10171147
2 10279432
4 10257205
6 10248743
8 10132381
10 10058052
12 10104592
14 10117627
16 10082469
18 10105772
20 10135037
22 10232025
24 10169566
26 10395612
28 10307529
30 10227835
32 10163880
34 10102133
36 10010923
38 10174137
40 10031944
42 10184585
44 10127444
46 10131669
48 10151318
50 10026254
52 10164086
54 10149531
56 10098211
58 10162791
60 10200446
62 10477124
64 10486068
66 10307217
68 10185109
70 10344787
72 10262909
74 10096186
76 10161226
78 10053644
80 10197321
82 10056665
84 10051263
86 9984889
88 10087746
90 10144223
92 10139327
94 9950997
96 9996269
98 10024557
100 9925404
102 9943382
104 9988606
106 9967164
108 10033311
110 9995338
112 10079474
114 10040593
116 9870079
118 9908919
120 9901231
122 9737459
124 9867418
126 9849352
128 9927306
130 9773530
132 9718527
134 9894060
136 9888707
138 9900445
140 9999024
142 10067146
144 10173934
146 10127556
148 10189688
150 10038010
152 10096417
154 10130371
156 10166866
158 10167660
160 10160911
162 10221961
164 10250105
166 10106332
168 10086040
170 10221468
172 10117444
174 10090828
176 10158870
178 10214615
180 10113004
182 10237238
184 10184423
186 10127120
188 10070089
190 10261062
192 10133619
194 10221868
196 10219129
198 10192251
200 10207896
202 10092875
204 10236264
206 10279081
208 10384090
210 10327409
212 10242525
214 10182656
216 10259487
218 10153451
220 10081196
222 10002511
224 9977432
226 10102988
228 10027732
230 10045029
232 10056690
234 10044485
236 9987950
238 10161347
240 10098672
242 10081377
244 10029207
246 9987965
248 9893479
250 9992563
252 9975882
254 10073674
256 10161964
258 9988066
260 10106995
262 9993492
264 10068566
266 10016793
268 10128516
270 10255502
272 10210893
274 10104918
276 10259980
278 10015883
280 10056842
282 9869320
284 10157221
286 9936682
288 9859207
290 9780832
292 9702691
294 9846212
296 9702363
298 9826572
300 9758327
302 9739770
304 9897158
306 9853531
308 9888312
310 9717387
312 9930179
314 9926931
316 9805081
318 9825742
320 9889065
322 9737972
324 9847324
326 9762908
328 9852673
330 9890367
332 9753151
334 9956180
336 9987580
338 9743782
340 9857328
342 9909697
344 9783088
346 9727075
348 9803708
350 9864315
352 9813511
354 9696733
356 9736317
358 9680871
360 9790883
362 9546390
364 9658424
366 9594849
368 9381493
370 9681147
372 9610016
374 9946849
376 9780532
378 9769886
380 9721334
382 9728792
384 9869203
386 9809729
388 9743134
390 9721411
392 9750617
394 9760745
396 9787838
398 9934871
400 9888021
402 9784088
404 9656668
406 9772379
408 9781141
410 9660348
412 9566379
414 9669884
416 9402648
418 9593954
420 9683956
422 9588104
424 9535092
426 9608860
428 9613562
430 9830592
432 9691679
434 9759082
436 9807367
438 9670378
440 9583025
442 9631876
444 9787203
446 9785932
448 9713905
450 9744786
452 9591809
454 9676397
456 9548833
458 9638675
460 9642383
462 9552431
464 9625631
466 9518186
468 9550563
470 9561973
472 9571891
474 9645359
476 9496147
478 9548672
480 9692414
482 9658232
484 9577215
486 9578372
488 9565436
490 9692222
492 9595133
494 9643964
496 9650244
498 9490929
500 9572873
502 9506986
504 9573708
506 9554702
508 9695384
510 9562574
512 9705711
514 9602425
516 9803160
518 9656663
520 9665052
522 9632683
524 9605342
526 9621425
528 9610668
530 9567473
532 9622216
534 9447053
536 9525861
538 9593808
540 9487920
542 9583049
544 9606856
546 9452026
548 9426519
550 9432132
552 9476091
554 9459145
556 9423870
558 9529765
560 9554223
562 9485696
564 9521115
566 9347897
568 9460276
570 9509678
572 9488339
574 9485267
576 9537832
578 9636371
580 9641487
582 9573167
584 9511631
586 9411170
588 9539717
590 9468492
592 9506117
594 9436152
596 9672994
598 9663686
600 9490136
602 9562544
604 9658639
606 9684730
608 9588654
610 9506981
612 9468636
614 9570958
616 9480493
618 9527603
620 9519567
622 9497422
624 9647690
626 9499651
628 9499636
630 9585782
632 9359268
634 9416388
636 9347333
638 9488489
640 9469613
642 9476215
644 9450581
646 9382650
648 9406414
650 9540262
652 9524349
654 9520759
656 9638963
658 9557461
660 9520567
662 9533718
664 9577909
666 9376002
668 9236981
670 9324275
672 9449292
674 9420247
676 9425358
678 9392728
680 9381545
682 9392899
684 9387049
686 9425696
688 9350481
690 9408911
692 9352842
694 9433821
696 9346514
698 9324528
700 9406409
702 9194395
704 9212477
706 9191745
708 9241556
710 9221230
712 9360607
714 9263796
716 9268001
718 9102032
720 9101487
722 9125579
724 9003391
726 9121811
728 9044960
730 9101362
732 9166208
734 9146674
736 9101076
738 9099003
740 9147295
742 9143252
744 9127546
746 9204912
748 9242864
750 9170179
752 9079430
754 9111043
756 9012168
758 8957187
760 8952710
762 9086337
764 8962542
766 9046053
768 9052319
770 9013483
772 8987449
774 8843793
776 8845962
778 8934731
780 8854045
782 8941144
784 8856588
786 8855138
788 8877771
790 8843679
792 8751567
794 8826743
796 8688409
798 8694312
800 8721966
802 8820408
804 8810991
806 8870207
808 8888642
810 8918333
812 8877007
814 9002169
816 8848191
818 9046925
820 8904946
822 8947952
824 8961803
826 8983367
828 8937721
830 9056737
832 8896918
834 8911555
836 9095867
838 8936895
840 9061706
842 9027527
844 8911345
846 8930886
848 8901406
850 8959654
852 9025863
854 8931882
856 8975410
858 8736231
860 8811113
862 8816337
864 8738544
866 8850605
868 8766973
870 8857262
872 8753924
874 8629098
876 8643567
878 8771299
880 8749277
882 8898192
884 8770534
886 8629433
888 8740108
890 8623515
892 8573447
894 8515476
896 8537778
898 8699275
900 8619991
902 8673986
904 8707308
906 8601633
908 8677631
910 8621852
912 8525505
914 8700763
916 8623435
918 8800411
920 8619776
922 8624711
924 8603107
926 8562303
928 8645742
930 8581908
932 8763582
934 8784209
936 8711636
938 8586972
940 8374874
942 8482412
944 8392631
946 8445880
948 8350742
950 8325365
952 8261525
954 8204982
956 8188518
958 8200477
960 8131305
962 8153575
964 8216177
966 8170768
968 8205115
970 8303199
972 8257108
974 8238330
976 8078385
978 8279177
980 8303889
982 8365865
984 8329133
986 8321311
988 8317147
990 8319535
992 8281246
994 8350374
996 8264145
998 8234479
1000 8195502
1002 8148050
1004 8082370
1006 8028328
1008 8164898
1010 8095296
1012 8050661
1014 8022540
1016 8123515
1018 7986454
1020 8030565
1022 8096454
1024 8168007
1026 8295726
1028 8331925
1030 8272371
1032 8176617
1034 8269352
1036 8299627
1038 8308889
1040 8315968
1042 8094155
1044 8242688
1046 8180107
1048 8257797
1050 8159114
1052 8129213
1054 8118079
1056 8049882
1058 8084527
1060 8235335
1062 8208480
1064 8150146
1066 8078258
1068 8148262
1070 8174471
1072 8165997
1074 8064800
1076 8145012
1078 8179233
1080 8182385
1082 8203540
1084 8078532
1086 8203095
1088 8262351
1090 8196003
1092 8248082
1094 8255018
1096 8313781
1098 8154137
1100 8191070
1102 8017098
1104 8073793
1106 7908228
1108 8072594
1110 8009751
1112 7962958
1114 7941686
1116 7956325
1118 8122593
1120 7991315
1122 7954695
1124 7920885
1126 7977955
1128 8013223
1130 8000681
1132 7953102
1134 7904305
1136 7856812
1138 8044255
1140 7973295
1142 7888920
1144 7934363
1146 7941446
1148 7955345
1150 7909683
1152 7840088
1154 7984346
1156 7969664
1158 7888590
1160 7732105
1162 7907445
1164 7782627
1166 7881839
1168 7882344
1170 7928982
1172 7825974
1174 7895904
1176 7733547
1178 7827877
1180 7781419
1182 7741272
1184 7781610
1186 7709385
1188 7797354
1190 7581857
1192 7553005
1194 7565161
1196 7541298
1198 7477859
1200 7345765
1202 7539584
1204 7404482
1206 7410307
1208 7444687
1210 7287578
1212 7444852
1214 7494682
1216 7330467
1218 7246656
1220 7382549
1222 7327766
1224 7418759
1226 7401150
1228 7320314
1230 7371283
1232 7484208
1234 7376199
1236 7533317
1238 7509556
1240 7468386
1242 7418927
1244 7393511
1246 7600389
1248 7568677
1250 7714059
1252 7622176
1254 7643412
1256 7551382
1258 7586384
1260 7473392
1262 7543068
1264 7511787
1266 7433667
1268 7387034
1270 7436857
1272 7455109
1274 7533075
1276 7420620
1278 7410018
1280 7425607
1282 7339641
1284 7324607
1286 7321654
1288 7366107
1290 7366746
1292 7370821
1294 7427678
1296 7401411
1298 7444046
1300 7354241
1302 7381992
1304 7350636
1306 7326658
1308 7399701
1310 7426953
1312 7547896
1314 7464441
1316 7579243
1318 7407560
1320 7403809
1322 7422294
1324 7251429
1326 7386857
1328 7464718
1330 7335014
1332 7272708
1334 7266911
1336 7290953
1338 7239888
1340 7370268
1342 7339238
1344 7256974
1346 7290190
1348 7145341
1350 7152098
1352 7388063
1354 7359825
1356 7253830
1358 7235478
1360 7130452
1362 7118636
1364 7256496
1366 7205531
1368 7086103
1370 7173481
1372 7097533
1374 7077648
1376 7043788
1378 7077358
1380 7063387
1382 7122112
1384 6969417
1386 6982887
1388 6878986
1390 6934392
1392 7000190
1394 7006565
1396 6983409
1398 6882057
1400 6944454
1402 6915277
1404 6950723
1406 6946070
1408 7087871
1410 7126052
1412 6918154
1414 6861131
1416 6896615
1418 7018414
1420 6808240
1422 6954824
1424 6874550
1426 6925128
1428 6844696
1430 6891272
1432 6841652
1434 6980335
1436 7000526
1438 7028924
1440 7097297
1442 7015471
1444 6926998
1446 7001949
1448 6882004
1450 6788542
1452 6754036
1454 6622355
1456 6576135
1458 6766316
1460 6749866
1462 6625142
1464 6586988
1466 6697320
1468 6616713
1470 6662860
1472 6757090
1474 6743380
1476 6703709
1478 6743436
1480 6812695
1482 6613618
1484 6651588
1486 6601121
1488 6540291
1490 6627927
1492 6709055
1494 6747002
1496 6754262
1498 6605082
1500 6748011
1502 6577590
1504 6653479
1506 6746982
1508 6814588
1510 6669881
1512 6617456
1514 6596897
1516 6662349
1518 6579257
1520 6709627
1522 6703366
1524 6674179
1526 6655979
1528 6645888
1530 6546016
1532 6474779
1534 6510702
1536 6414348
1538 6430759
1540 6500324
1542 6514410
1544 6537880
1546 6571980
1548 6366115
1550 6404915
1552 6359795
1554 6345109
1556 6229106
1558 6256188
1560 6299641
1562 6234631
1564 6155690
1566 6354095
1568 6224436
1570 6231011
1572 6206378
1574 6337003
1576 6371505
1578 6376458
1580 6320078
1582 6236478
1584 6271401
1586 6329397
1588 6283892
1590 6193372
1592 6281015
1594 6221053
1596 6299288
1598 6129434
1600 6064442
1602 6012569
1604 6077215
1606 6073890
1608 6142065
1610 6128003
1612 6026562
1614 6122355
1616 6228633
1618 6347956
1620 6319050
1622 6231580
1624 6110144
1626 6131388
1628 6114266
1630 6139126
1632 6111701
1634 6073175
1636 6115897
1638 6109382
1640 5995049
1642 5938454
1644 6082378
1646 6099832
1648 5896743
1650 6050222
1652 6057183
1654 6125929
1656 6116658
1658 6010324
1660 6057323
1662 6072927
1664 6053679
1666 5975188
1668 6025471
1670 5966179
1672 5943373
1674 5866295
1676 6034340
1678 5873732
1680 5855190
1682 5817973
1684 5833042
1686 5880769
1688 5772664
1690 5789518
1692 5831578
1694 5815360
1696 5830908
1698 5812117
1700 5975857
1702 5900042
1704 5761345
1706 5806069
1708 5788083
1710 5910705
1712 5841533
1714 5834569
1716 5770341
1718 5664424
1720 5612483
1722 5639155
1724 5685853
1726 5786112
1728 5583625
1730 5532418
1732 5550203
1734 5621223
1736 5670477
1738 5704168
1740 5773267
1742 5716138
1744 5708567
1746 5619940
1748 5536785
1750 5669001
1752 5614517
1754 5560805
1756 5632472
1758 5656819
1760 5561519
1762 5613505
1764 5531359
1766 5576195
1768 5509635
1770 5503347
1772 5490699
1774 5340285
1776 5499089
1778 5528743
1780 5408511
1782 5435900
1784 5475966
1786 5425784
1788 5406427
1790 5531462
1792 5504526
1794 5470753
1796 5494838
1798 5509529
1800 5376569
1802 5348779
1804 5294287
1806 5400505
1808 5344636
1810 5392649
1812 5291571
1814 5275828
1816 5348862
1818 5381525
1820 5457848
1822 5406362
1824 5557459
1826 5479250
1828 5425290
1830 5402820
1832 5432747
1834 5395643
1836 5443085
1838 5506975
1840 5377294
1842 5349808
1844 5427200
1846 5350337
1848 5286219
1850 5296614
1852 5346344
1854 5362053
1856 5244919
1858 5280381
1860 5286431
1862 5254982
1864 5250104
1866 5264722
1868 5277889
1870 5237589
1872 5202452
1874 5311675
1876 5269468
1878 5327600
1880 5395808
1882 5187009
1884 5047147
1886 5163488
1888 5098354
1890 5241516
1892 5236618
1894 5140807
1896 5098100
1898 5090056
1900 5147168
1902 5134850
1904 5182875
1906 4974968
1908 4956036
1910 5069122
1912 5086107
1914 5083836
1916 5233155
1918 5208489
1920 5253013
1922 5165703
1924 5212827
1926 5168464
1928 5055721
1930 5095586
1932 4991027
1934 5058763
1936 5061722
1938 5032048
1940 5091478
1942 5050359
1944 5093160
1946 5141572
1948 4896558
1950 4952543
1952 4926860
1954 4880881
1956 4912224
1958 4947348
1960 5043500
1962 5055614
1964 4973537
1966 4974657
1968 4931909
1970 4905268
1972 4828448
1974 4924553
1976 4908785
1978 4893742
1980 4977440
1982 4900392
1984 4840357
1986 4824302
1988 4807949
1990 4797990
1992 4893949
1994 4950095
1996 4896729
1998 4808372
2000 4881075
2002 4829973
2004 4819800
2006 4865093
2008 4755920
2010 4733419
2012 4770750
2014 4764837
2016 4727574
2018 4785072
2020 4843835
2022 4837390
2024 4784447
2026 4698687
2028 4652500
2030 4669688
2032 4766670
2034 4799612
2036 4787347
2038 4724545
2040 4799029
2042 4709755
2044 4748339
2046 4778181
2048 4708119
2050 4689927
2052 4725035
2054 4683936
2056 4613545
2058 4606236
2060 4653022
2062 4616005
2064 4654788
2066 4604992
2068 4692737
2070 4524416
2072 4497563
2074 4492496
2076 4538700
2078 4542833
2080 4488470
2082 4398607
2084 4413779
2086 4342919
2088 4326720
2090 4377038
2092 4269794
2094 4266100
2096 4280700
2098 4320994
2100 4272910
2102 4314303
2104 4353502
2106 4442566
2108 4414314
2110 4229368
2112 4320557
2114 4279610
2116 4248433
2118 4202184
2120 4239873
2122 4189238
2124 4263761
2126 4231940
2128 4207138
2130 4268790
2132 4397455
2134 4184291
2136 4266132
2138 4333115
2140 4321739
2142 4211368
2144 4076153
2146 4090038
2148 4119329
2150 4144723
2152 4146391
2154 4187620
2156 4165676
2158 4137496
2160 4134378
2162 4084511
2164 4147046
2166 4083978
2168 4091924
2170 4019406
2172 4049822
2174 3993791
2176 4026858
2178 4077464
2180 4118356
2182 4087297
2184 4089314
2186 4016022
2188 4048306
2190 4087451
2192 4050816
2194 4011226
2196 4007526
2198 3857536
2200 3931623
2202 3937113
2204 4013781
2206 4043130
2208 4059554
2210 4048928
2212 3977122
2214 3862078
2216 3889709
2218 3947635
2220 3940089
2222 4069829
2224 4022136
2226 3905938
2228 4012244
2230 3957405
2232 3998823
2234 4003879
2236 3972968
2238 4026482
2240 3907137
2242 3850350
2244 3903494
2246 3871426
2248 3811211
2250 3845251
2252 3825255
2254 3701214
2256 3767488
2258 3865829
2260 3802128
2262 3715204
2264 3841432
2266 3782622
2268 3773458
2270 3725345
2272 3784727
2274 3797965
2276 3805745
2278 3815576
2280 3823743
2282 3827777
2284 3812948
2286 3773839
2288 3692785
2290 3674811
2292 3737743
2294 3833667
2296 3741236
2298 3782030
2300 3816978
2302 3806830
2304 3760939
2306 3775654
2308 3765924
2310 3861058
2312 3741944
2314 3731599
2316 3697118
2318 3728829
2320 3650223
2322 3587354
2324 3501499
2326 3532402
2328 3638362
2330 3625955
2332 3580470
2334 3571366
2336 3642003
2338 3680053
2340 3489968
2342 3445219
2344 3489542
2346 3445008
2348 3451378
2350 3440631
2352 3510153
2354 3573066
2356 3596222
2358 3618450
2360 3522686
2362 3509426
2364 3492047
2366 3626674
2368 3614837
2370 3604323
2372 3535722
2374 3515514
2376 3480420
2378 3452755
2380 3440507
2382 3445633
2384 3388704
2386 3388467
2388 3392411
2390 3397311
2392 3460077
2394 3475701
2396 3510563
2398 3505490
2400 3491617
2402 3540538
2404 3511736
2406 3411500
2408 3412263
2410 3445909
2412 3500426
2414 3532313
2416 3434125
2418 3385936
2420 3381283
2422 3385430
2424 3394694
2426 3415365
2428 3400013
2430 3435480
2432 3378983
2434 3389863
2436 3465915
2438 3560119
2440 3535837
2442 3431407
2444 3378512
2446 3346966
2448 3295897
2450 3361526
2452 3420026
2454 3326097
2456 3260577
2458 3259783
2460 3239406
2462 3300058
2464 3276248
2466 3337573
2468 3350469
2470 3404864
2472 3390981
2474 3394105
2476 3363494
2478 3386039
2480 3361114
2482 3305175
2484 3323978
2486 3358507
2488 3280720
2490 3258513
2492 3285512
2494 3314384
2496 3296489
2498 3286321
2500 3252802
2502 3263813
2504 3233411
2506 3230771
2508 3219649
2510 3260935
2512 3239171
2514 3262580
2516 3249232
2518 3233822
2520 3215108
2522 3112909
2524 3132903
2526 3037422
2528 3054361
2530 3075104
2532 3037151
2534 2995466
2536 3006655
2538 3035088
2540 2953216
2542 2972809
2544 2993927
2546 2982941
2548 2978305
2550 2920856
2552 2998969
2554 2939444
2556 2916357
2558 2789201
2560 2884398
2562 2867485
2564 2858073
2566 2879477
2568 2924341
2570 2986340
2572 2888487
2574 2904070
2576 2940837
2578 2860000
2580 2805648
2582 2849818
2584 2862935
2586 2848652
2588 2818179
2590 2852818
2592 2911197
2594 2839327
2596 2824016
2598 2807861
2600 2848939
2602 2826686
2604 2812268
2606 2818144
2608 2799604
2610 2813872
2612 2713732
2614 2720522
2616 2839692
2618 2834559
2620 2815732
2622 2892316
2624 2858650
2626 2948857
2628 2835013
2630 2954862
2632 2833949
2634 2813916
2636 2851401
2638 2872880
2640 2779482
2642 2767052
2644 2780731
2646 2740920
2648 2776933
2650 2761979
2652 2779277
2654 2791304
2656 2803764
2658 2736957
2660 2733482
2662 2732594
2664 2725518
2666 2703441
2668 2682556
2670 2641222
2672 2647814
2674 2554324
2676 2613032
2678 2592387
2680 2615363
2682 2617029
2684 2584625
2686 2624327
2688 2608699
2690 2709641
2692 2658580
2694 2730687
2696 2741950
2698 2724172
2700 2742414
2702 2752781
2704 2674062
2706 2647592
2708 2642953
2710 2623904
2712 2580233
2714 2615526
2716 2577246
2718 2570031
2720 2495979
2722 2541970
2724 2596122
2726 2572462
2728 2507873
2730 2540842
2732 2549184
2734 2485336
2736 2561915
2738 2529825
2740 2517136
2742 2558051
2744 2592278
2746 2587200
2748 2593678
2750 2610094
2752 2509647
2754 2486720
2756 2578410
2758 2585211
2760 2539776
2762 2477931
2764 2511507
2766 2416165
2768 2471463
2770 2469188
2772 2482288
2774 2447682
2776 2561636
2778 2507913
2780 2494985
2782 2486700
2784 2387859
2786 2499828
2788 2395747
2790 2373827
2792 2378485
2794 2469421
2796 2439482
2798 2338205
2800 2436771
2802 2416895
2804 2330556
2806 2386037
2808 2398823
2810 2457937
2812 2464736
2814 2454640
2816 2380869
2818 2383557
2820 2380724
2822 2372444
2824 2324268
2826 2360699
2828 2367488
2830 2284572
2832 2278350
2834 2266129
2836 2277887
2838 2289161
2840 2320461
2842 2248029
2844 2233111
2846 2198464
2848 2290087
2850 2215113
2852 2256615
2854 2188758
2856 2323286
2858 2215581
2860 2214468
2862 2185488
2864 2252944
2866 2274219
2868 2229345
2870 2227604
2872 2321165
2874 2223723
2876 2243595
2878 2237723
2880 2214601
2882 2155214
2884 2234776
2886 2221906
2888 2133481
2890 2144538
2892 2122729
2894 2143048
2896 2152995
2898 2119730
2900 2152357
2902 2148544
2904 2151779
2906 2142191
2908 2193836
2910 2153529
2912 2133283
2914 2110972
2916 2139850
2918 2128778
2920 2117659
2922 2146309
2924 2098357
2926 2101331
2928 2098667
2930 2100707
2932 2126176
2934 2108960
2936 2099295
2938 2110249
2940 2116524
2942 2058792
2944 2058121
2946 2086442
2948 2038982
2950 2066517
2952 2045392
2954 2035168
2956 1981106
2958 2017213
2960 2024857
2962 2064856
2964 1978266
2966 2022792
2968 1989123
2970 2002012
2972 1936696
2974 2027749
2976 2010661
2978 2041869
2980 1993301
2982 1986360
2984 1980531
2986 1979283
2988 2005571
2990 1951910
2992 1920745
2994 1965524
2996 1933036
2998 1886833
3000 1881038
3002 1889849
3004 1874649
3006 1949281
3008 1934023
3010 1961189
3012 1977461
3014 1981246
3016 1889220
3018 1884752
3020 1867970
3022 1820804
3024 1817184
3026 1855796
3028 1872121
3030 1915921
3032 1887763
3034 1906560
3036 1826141
3038 1819946
3040 1821318
3042 1793495
3044 1841012
3046 1799456
3048 1776936
3050 1743593
3052 1794627
3054 1767871
3056 1716815
3058 1729023
3060 1716829
3062 1744272
3064 1686550
3066 1802250
3068 1813097
3070 1867084
3072 1843695
3074 1888132
3076 1869030
3078 1863690
3080 1860682
3082 1813952
3084 1912817
3086 1931112
3088 1927089
3090 1824553
3092 1741853
3094 1865109
3096 1868812
3098 1829153
3100 1815125
3102 1849455
3104 1775077
3106 1689365
3108 1664131
3110 1672200
3112 1682252
3114 1726169
3116 1707025
3118 1691440
3120 1666208
3122 1714140
3124 1694447
3126 1747611
3128 1744057
3130 1667223
3132 1659198
3134 1727898
3136 1695074
3138 1725363
3140 1725235
3142 1715081
3144 1712258
3146 1715262
3148 1652773
3150 1707428
3152 1684347
3154 1641415
3156 1568817
3158 1592403
3160 1562545
3162 1591921
3164 1581855
3166 1635778
3168 1584004
3170 1594564
3172 1562367
3174 1585453
3176 1611463
3178 1585679
3180 1627716
3182 1591054
3184 1607195
3186 1577479
3188 1550972
3190 1532690
3192 1645877
3194 1603309
3196 1635064
3198 1605404
3200 1531545
3202 1545840
3204 1542651
3206 1528589
3208 1511309
3210 1556042
3212 1523793
3214 1503973
3216 1450070
3218 1518614
3220 1467307
3222 1430378
3224 1438383
3226 1428793
3228 1430958
3230 1425083
3232 1387589
3234 1384797
3236 1363281
3238 1432097
3240 1429712
3242 1419490
3244 1416419
3246 1405647
3248 1423828
3250 1442643
3252 1427224
3254 1438801
3256 1458485
3258 1476649
3260 1478935
3262 1468015
3264 1460613
3266 1465180
3268 1497251
3270 1449033
3272 1387224
3274 1366179
3276 1349236
3278 1356277
3280 1350119
3282 1426743
3284 1452926
3286 1380062
3288 1387665
3290 1389946
3292 1304449
3294 1310261
3296 1342281
3298 1398122
3300 1411140
3302 1359255
3304 1337574
3306 1315444
3308 1294792
3310 1334897
3312 1330006
3314 1313555
3316 1297388
3318 1250711
3320 1300316
3322 1243943
3324 1320468
3326 1267079
3328 1226945
3330 1247047
3332 1228849
3334 1264064
3336 1205111
3338 1212917
3340 1210355
3342 1202913
3344 1209015
3346 1180806
3348 1170028
3350 1200704
3352 1209023
3354 1242087
3356 1241744
3358 1224642
3360 1259173
3362 1255934
3364 1163831
3366 1187143
3368 1170316
3370 1156270
3372 1233012
3374 1208257
3376 1275897
3378 1226196
3380 1240365
3382 1191683
3384 1171174
3386 1222460
3388 1207386
3390 1162819
3392 1185384
3394 1186497
3396 1205428
3398 1149317
3400 1253239
3402 1203626
3404 1197476
3406 1165303
3408 1103399
3410 1095010
3412 1147573
3414 1080380
3416 1108355
3418 1059830
3420 1090719
3422 1099540
3424 1149719
3426 1134227
3428 1175139
3430 1206772
3432 1177965
3434 1199344
3436 1194854
3438 1186501
3440 1146151
3442 1135305
3444 1231107
3446 1183338
3448 1161725
3450 1252573
3452 1233839
3454 1205294
3456 1179326
3458 1117282
3460 1125395
3462 1088355
3464 1129550
3466 1091992
3468 1088590
3470 1065917
3472 1024380
3474 1051970
3476 1037774
3478 1074620
3480 1076041
3482 1078359
3484 1086357
3486 1085196
3488 1065199
3490 1016426
3492 997285
3494 970605
3496 941215
3498 958005
3500 992600
3502 965251
3504 1009321
3506 1019922
3508 977969
3510 968075
3512 943395
3514 943772
3516 986688
3518 942991
3520 984822
3522 941484
3524 952409
3526 973023
3528 1002549
3530 975320
3532 967538
3534 971956
3536 1015197
3538 1006108
3540 946940
3542 968667
3544 963478
3546 911580
3548 889076
3550 921449
3552 903160
3554 924908
3556 908870
3558 905454
3560 905403
3562 930667
3564 929197
3566 919522
3568 875159
3570 885842
3572 897002
3574 913144
3576 888271
3578 911879
3580 937271
3582 900906
3584 906372
3586 880366
3588 824553
3590 904146
3592 930752
3594 925772
3596 932685
3598 965847
3600 950088
3602 917154
3604 955491
3606 940110
3608 913481
3610 925123
3612 910643
3614 880904
3616 831042
3618 891908
3620 877002
3622 876601
3624 845002
3626 901493
3628 869186
3630 905924
3632 862630
3634 899194
3636 853778
3638 807879
3640 821808
3642 826842
3644 786554
3646 828487
3648 836384
3650 829182
3652 848560
3654 825730
3656 824293
3658 851549
3660 857289
3662 871432
3664 860420
3666 836310
3668 836306
3670 789313
3672 768025
3674 763932
3676 775952
3678 808131
3680 825752
3682 789860
3684 827789
3686 750347
3688 738058
3690 740194
3692 787223
3694 781221
3696 774994
3698 774558
3700 769545
3702 783239
3704 784105
3706 775269
3708 769236
3710 806048
3712 796557
3714 794966
3716 749482
3718 727365
3720 743834
3722 758456
3724 738295
3726 803105
3728 756211
3730 775280
3732 817589
3734 770705
3736 746772
3738 801033
3740 789912
3742 747903
3744 765938
3746 784982
3748 779589
3750 762331
3752 781705
3754 756837
3756 756115
3758 779971
3760 731816
3762 738067
3764 734598
3766 715632
3768 706522
3770 670237
3772 668908
3774 686508
3776 672653
3778 633553
3780 644031
3782 664568
3784 660189
3786 645139
3788 642349
3790 711691
3792 676770
3794 658534
3796 689948
3798 665282
3800 616392
3802 644883
3804 629386
3806 595838
3808 580168
3810 621727
3812 635095
3814 654627
3816 609665
3818 641263
3820 642017
3822 630393
3824 578723
3826 583863
3828 573631
3830 550992
3832 563936
3834 598322
3836 592493
3838 597920
3840 594869
3842 569910
3844 590101
3846 564534
3848 614860
3850 572732
3852 600711
3854 620093
3856 604169
3858 604858
3860 624877
3862 601996
3864 586116
3866 520306
3868 568162
3870 570717
3872 577797
3874 564200
3876 600598
3878 615076
3880 598842
3882 641808
3884 591515
3886 562418
3888 578116
3890 612064
3892 624448
3894 607525
3896 591474
3898 557426
3900 525301
3902 528394
3904 533732
3906 531947
3908 520773
3910 551495
3912 565830
3914 516117
3916 522528
3918 532409
3920 549382
3922 556026
3924 525060
3926 493415
3928 515902
3930 559533
3932 555640
3934 565561
3936 562523
3938 533373
3940 533714
3942 494871
3944 511643
3946 512833
3948 502858
3950 493727
3952 508945
3954 535896
3956 540618
3958 484819
3960 464106
3962 464923
3964 486274
3966 460624
3968 476113
3970 485433
3972 508305
3974 533566
3976 547093
3978 534287
3980 498024
3982 481890
3984 447815
3986 468473
3988 472861
3990 455000
3992 453883
3994 453862
3996 430880
3998 438574
4000 403596
4002 468192
4004 429383
4006 412497
4008 406668
4010 416951
4012 410144
4014 454836
4016 453124
4018 461989
4020 443456
4022 484736
4024 475790
4026 488643
4028 453257
4030 431645
4032 442434
4034 468569
4036 440385
4038 403372
4040 394810
4042 403580
4044 408894
4046 409885
4048 430309
4050 448799
4052 432992
4054 472960
4056 448279
4058 438741
4060 438303
4062 453458
4064 466183
4066 442605
4068 444720
4070 436925
4072 455424
4074 435905
4076 483876
4078 444870
4080 462912
4082 436750
4084 446286
4086 433904
4088 446402
4090 436638
4092 406383
4094 446275
4096 432563
4098 440768
4100 392880
4102 419904
4104 395942
4106 435736
4108 389009
4110 387676
4112 420558
4114 389720
4116 387306
4118 393703
4120 379917
4122 406890
4124 419163
4126 414335
4128 410804
4130 407756
4132 383815
4134 360691
4136 359617
4138 379697
4140 365686
4142 386638
4144 342966
4146 387136
4148 340592
4150 371920
4152 357514
4154 352588
4156 370277
4158 349835
4160 340585
4162 334570
4164 383732
4166 374404
4168 364825
4170 351684
4172 351833
4174 363564
4176 348884
4178 354559
4180 360338
4182 357167
4184 359566
4186 350508
4188 332076
4190 351994
4192 329674
4194 331672
4196 315959
4198 331555
4200 329297
4202 315903
4204 321468
4206 332198
4208 319710
4210 320004
4212 294139
4214 297299
4216 324650
4218 307903
4220 301263
4222 302030
4224 322115
4226 302321
4228 292742
4230 302337
4232 286813
4234 310236
4236 297493
4238 332759
4240 317726
4242 308804
4244 315734
4246 304040
4248 310676
4250 354747
4252 366164
4254 332812
4256 323757
4258 299660
4260 353232
4262 328539
4264 308501
4266 298532
4268 306190
4270 302608
4272 289314
4274 266768
4276 280291
4278 300141
4280 261530
4282 259156
4284 290987
4286 300786
4288 301399
4290 277619
4292 297836
4294 282320
4296 281625
4298 290894
4300 286495
4302 262133
4304 270891
4306 290007
4308 277443
4310 235737
4312 227020
4314 233647
4316 234084
4318 242075
4320 272949
4322 255972
4324 238243
4326 230319
4328 235975
4330 227527
4332 241522
4334 255181
4336 251753
4338 249567
4340 248416
4342 248896
4344 262950
4346 251890
4348 271391
4350 278212
4352 260387
4354 243823
4356 266777
4358 229774
4360 228366
4362 231540
4364 242396
4366 235462
4368 257162
4370 275997
4372 242605
4374 227301
4376 260188
4378 248261
4380 233577
4382 238879
4384 226168
4386 196807
4388 195739
4390 199448
4392 195647
4394 199373
4396 182758
4398 183193
4400 178735
4402 186568
4404 191039
4406 195529
4408 190133
4410 180999
4412 188055
4414 183765
4416 188305
4418 178475
4420 185747
4422 202914
4424 188260
4426 168623
4428 182593
4430 156384
4432 172195
4434 175079
4436 169323
4438 181116
4440 190308
4442 154673
4444 154300
4446 171522
4448 203218
4450 170797
4452 185583
4454 203910
4456 189815
4458 184616
4460 184291
4462 164200
4464 156988
4466 167983
4468 175473
4470 165986
4472 151490
4474 140416
4476 129890
4478 124745
4480 135288
4482 129721
4484 133197
4486 143771
4488 157539
4490 164318
4492 174127
4494 159541
4496 159500
4498 181350
4500 150287
4502 163035
4504 143852
4506 169758
4508 158976
4510 172402
4512 180905
4514 177833
4516 184583
4518 152245
4520 158581
4522 147635
4524 170230
4526 174797
4528 157533
4530 172186
4532 178522
4534 163717
4536 136314
4538 143222
4540 134532
4542 110698
4544 120852
4546 105182
4548 109569
4550 117788
4552 135156
4554 109804
4556 112320
4558 119442
4560 114114
4562 110993
4564 106799
4566 97798
4568 101286
4570 125177
4572 112283
4574 110153
4576 115063
4578 104658
4580 110163
4582 114164
4584 111285
4586 115810
4588 108263
4590 115554
4592 97426
4594 106163
4596 102696
4598 117670
4600 118735
4602 116897
4604 115600
4606 131041
4608 130084
4610 126743
4612 101204
4614 97403
4616 113169
4618 117197
4620 124414
4622 119011
4624 134573
4626 113761
4628 116208
4630 119665
4632 122342
4634 127327
4636 118708
4638 109393
4640 94494
4642 120512
4644 118071
4646 126141
4648 142782
4650 140722
4652 130681
4654 136331
4656 144521
4658 127625
4660 121382
4662 115651
4664 127074
4666 123960
4668 120593
4670 114710
4672 136469
4674 132243
4676 143248
4678 108486
4680 111180
4682 94861
4684 90952
4686 78954
4688 90944
4690 79235
4692 66161
4694 70600
4696 75834
4698 84558
4700 90243
4702 86243
4704 80615
4706 102277
4708 79603
4710 78981
4712 85534
4714 70264
4716 66271
4718 75288
4720 88913
4722 86829
4724 86695
4726 82575
4728 82071
4730 78961
4732 94550
4734 70697
4736 71120
4738 81502
4740 70049
4742 75334
4744 102771
4746 90894
4748 99864
4750 100740
4752 106882
4754 96375
4756 102471
4758 88991
4760 78228
4762 84193
4764 99749
4766 76629
4768 79520
4770 79147
4772 106071
4774 91038
4776 97898
4778 104164
4780 113269
4782 102479
4784 97637
4786 119114
4788 93348
4790 84218
4792 89081
4794 91286
4796 81889
4798 70617
4800 69276
4802 86927
4804 88614
4806 87043
4808 75758
4810 75198
4812 82950
4814 70114
4816 74547
4818 77603
4820 76640
4822 74477
4824 85318
4826 68373
4828 78545
4830 89622
4832 89024
4834 69353
4836 56683
4838 53530
4840 56079
4842 64252
4844 48762
4846 61743
4848 65756
4850 64710
4852 59562
4854 58294
4856 66056
4858 64605
4860 73028
4862 64383
4864 59233
4866 70579
4868 59877
4870 56614
4872 64654
4874 67316
4876 63290
4878 68214
4880 59366
4882 57898
4884 64665
4886 53268
4888 48550
4890 53320
4892 70123
4894 65839
4896 64930
4898 73945
4900 61879
4902 45954
4904 46346
4906 41557
4908 44913
4910 69492
4912 61732
4914 51525
4916 50200
4918 49302
4920 59732
4922 44563
4924 43106
4926 53159
4928 40296
4930 58230
4932 37961
4934 31486
4936 38657
4938 40138
4940 49172
4942 47737
4944 43716
4946 41650
4948 32454
4950 38335
4952 27452
4954 34849
4956 30240
4958 31506
4960 37794
4962 41774
4964 36090
4966 35144
4968 32280
4970 35736
4972 37553
4974 33677
4976 38070
4978 35670
4980 37552
4982 47258
4984 37553
4986 35841
4988 47653
4990 27923
4992 32985
4994 22053
4996 22523
4998 20026
5000 16748
5002 24300
5004 28947
5006 18543
5008 23076
5010 24625
5012 30437
5014 31332
5016 46253
5018 59837
5020 33955
5022 38252
5024 29195
5026 24732
5028 33805
5030 24971
5032 34335
5034 30651
5036 31016
5038 36368
5040 25757
5042 31007
5044 35477
5046 33690
5048 24326
5050 27275
5052 33200
5054 25104
5056 34936
5058 32759
5060 33557
5062 35529
5064 42321
5066 34641
5068 41407
5070 40482
5072 38846
5074 36194
5076 36378
5078 33438
5080 44192
5082 46691
5084 52369
5086 48961
5088 43892
5090 36903
5092 51226
5094 50268
5096 31331
5098 34470
5100 40385
5102 38556
5104 41096
5106 51390
5108 54565
5110 36688
5112 31521
5114 30536
5116 32944
5118 28126
5120 28086
5122 30158
5124 46545
5126 42623
5128 31552
5130 18856
5132 26253
5134 28857
5136 22802
5138 25248
5140 29003
5142 20500
5144 20680
5146 19172
5148 24960
5150 14271
5152 15915
5154 19909
5156 28519
5158 32655
5160 28898
5162 16579
5164 20505
5166 23995
5168 18537
5170 27011
5172 23497
5174 20419
5176 20333
5178 28677
5180 31039
5182 42671
5184 20114
5186 13881
5188 17205
5190 12150
5192 11763
5194 8931
5196 8560
5198 8402
5200 7808
5202 10549
5204 13715
5206 13256
5208 16142
5210 13112
5212 11348
5214 15530
5216 14969
5218 15279
5220 12965
5222 9645
5224 9282
5226 9575
5228 7842
5230 18147
5232 9711
5234 19090
5236 15584
5238 13552
5240 18629
5242 24213
5244 24994
5246 12076
5248 11218
5250 11059
5252 14636
5254 18289
5256 20395
5258 15770
5260 24407
5262 18679
5264 21978
5266 23465
5268 29262
5270 26549
5272 23048
5274 23837
5276 7800
5278 9249
5280 7417
5282 6507
5284 6353
5286 6052
5288 6621
5290 8331
5292 7143
5294 7233
5296 11350
5298 13579
5300 4889
5302 7088
5304 4131
5306 4955
5308 5405
5310 12540
5312 8410
5314 9346
5316 7909
5318 8386
5320 4008
5322 4315
5324 9509
5326 15613
5328 17720
5330 14631
5332 12952
5334 13403
5336 13546
5338 8149
5340 13525
5342 6238
5344 5072
5346 3022
5348 3342
5350 6568
5352 14402
5354 7557
5356 3743
5358 3589
5360 2594
5362 6187
5364 2173
5366 4382
5368 4825
5370 8379
5372 7908
5374 10689
5376 10693
5378 2555
5380 886
5382 1319
5384 1528
5386 819
5388 1533
5390 868
5392 804
5394 1024
5396 1834
5398 2064
5400 983
5402 2152
5404 2240
5406 3126
5408 4182
5410 3640
5412 6095
5414 6172
5416 3523
5418 3006
5420 4484
5422 4580
5424 3079
5426 3398
5428 4023
5430 4209
5432 3059
5434 7591
5436 3597
5438 4247
5440 3696
5442 1492
5444 1672
5446 2412
5448 2586
5450 5118
5452 6661
5454 7554
5456 4899
5458 4793
5460 2519
5462 2162
5464 5266
5466 3587
5468 4227
5470 2259
5472 1384
5474 2261
5476 2206
5478 2145
5480 3724
5482 2682
5484 4078
5486 3028
5488 1445
5490 2270
5492 3692
5494 2927
5496 1924
5498 2125
5500 3593
5502 5255
5504 6457
5506 4515
5508 6152
5510 6381
5512 6458
5514 3789
5516 3039
5518 1716
5520 846
5522 1565
5524 877
5526 937
5528 1052
5530 238
5532 439
5534 340
5536 18
5558 2
5560 2
5562 42
5564 201
5566 87
5568 82
5570 359
5572 1466
5574 57
5576 119
5578 150
5580 78
5582 301
5584 684
5586 411
5588 506
5590 590
5592 936
5594 1239
5596 1912
5598 1122
5600 1314
5602 1775
5604 1835
5606 4968
5608 3255
5610 6661
5612 1997
5614 2044
5616 3301
5618 2388
5620 1519
5622 2991
5624 2100
5626 2026
5628 2003
5630 986
5632 989
5634 983
5636 461
5638 541
5640 736
5642 620
5644 783
5646 956
5648 567
5650 1060
5652 2055
5654 2054
5656 5271
5658 5207
5660 5628
5662 1432
5664 1264
5666 32
5668 41
5670 163
5672 169
5674 263
5676 398
5678 398
5680 507
5682 779
5684 610
5686 589
5688 2216
5690 241
5692 267
5694 940
5696 29
5698 247
5774 5
5776 25
5778 25
5780 29
5782 72
5784 63
5786 296
5788 173
5790 566
5792 307
5794 485
5796 342
5798 296
5800 308
5802 129
5804 83
5806 252
5808 24
5810 14
5812 36
5814 197
5858 43
5860 85
5862 91
5864 30
5866 114
5868 328
5870 127
5872 268
