N J h steps 
10000 0.833 0 24000000000
-16455 2
-16454 11
-16452 16
-16451 305
-16450 175
-16449 267
-16448 547
-16447 489
-16446 386
-16445 335
-16444 80
-16443 87
-16442 488
-16441 678
-16440 972
-16439 378
-16438 206
-16437 339
-16436 330
-16435 286
-16434 334
-16433 239
-16432 77
-16431 251
-16430 314
-16429 213
-16428 408
-16427 423
-16426 355
-16425 684
-16424 690
-16423 302
-16422 932
-16421 561
-16420 982
-16419 895
-16418 967
-16417 957
-16416 1265
-16415 1562
-16414 1900
-16413 1418
-16412 973
-16411 1062
-16410 1300
-16409 1342
-16408 1046
-16407 1328
-16406 992
-16405 1348
-16404 543
-16403 892
-16402 1929
-16401 1290
-16400 470
-16399 1083
-16398 766
-16397 687
-16396 541
-16395 417
-16394 524
-16393 1226
-16392 544
-16391 534
-16390 152
-16389 716
-16388 519
-16387 418
-16386 260
-16385 201
-16384 519
-16383 378
-16382 515
-16381 470
-16380 762
-16379 635
-16378 733
-16377 770
-16376 1245
-16375 1680
-16374 1008
-16373 1032
-16372 1463
-16371 1400
-16370 1260
-16369 1075
-16368 1358
-16367 1144
-16366 1327
-16365 1521
-16364 1563
-16363 1418
-16362 1108
-16361 1750
-16360 1256
-16359 1951
-16358 1564
-16357 2111
-16356 2352
-16355 2626
-16354 3370
-16353 3866
-16352 4317
-16351 4686
-16350 3805
-16349 3742
-16348 3003
-16347 2399
-16346 3294
-16345 3128
-16344 1672
-16343 2926
-16342 1574
-16341 1701
-16340 1543
-16339 1287
-16338 1757
-16337 1851
-16336 2077
-16335 1703
-16334 2481
-16333 3022
-16332 1971
-16331 1610
-16330 1371
-16329 1231
-16328 1937
-16327 1805
-16326 2154
-16325 2212
-16324 2594
-16323 2227
-16322 4176
-16321 2715
-16320 3390
-16319 3975
-16318 4421
-16317 6847
-16316 6290
-16315 5638
-16314 6496
-16313 4528
-16312 5724
-16311 5992
-16310 4871
-16309 5313
-16308 5781
-16307 6082
-16306 6859
-16305 7869
-16304 9512
-16303 8977
-16302 8959
-16301 9304
-16300 8548
-16299 10932
-16298 11784
-16297 11085
-16296 15293
-16295 14549
-16294 18004
-16293 14067
-16292 17294
-16291 20019
-16290 22531
-16289 18384
-16288 23260
-16287 21661
-16286 24776
-16285 19970
-16284 18049
-16283 16330
-16282 21865
-16281 18429
-16280 20958
-16279 17534
-16278 24109
-16277 26260
-16276 19448
-16275 22374
-16274 23838
-16273 25511
-16272 23434
-16271 28754
-16270 21713
-16269 22269
-16268 21227
-16267 19452
-16266 25357
-16265 29154
-16264 28342
-16263 29087
-16262 25969
-16261 31316
-16260 25956
-16259 26660
-16258 27323
-16257 31098
-16256 33641
-16255 29800
-16254 33814
-16253 33651
-16252 33985
-16251 34298
-16250 35069
-16249 33126
-16248 32408
-16247 29286
-16246 30590
-16245 30507
-16244 32733
-16243 32507
-16242 32093
-16241 31122
-16240 31015
-16239 29505
-16238 37389
-16237 34881
-16236 30863
-16235 35143
-16234 36486
-16233 39089
-16232 38974
-16231 39733
-16230 42898
-16229 43773
-16228 41312
-16227 41375
-16226 40195
-16225 42557
-16224 47404
-16223 45333
-16222 49697
-16221 52243
-16220 50926
-16219 57157
-16218 58943
-16217 55859
-16216 51313
-16215 48767
-16214 54439
-16213 53562
-16212 54625
-16211 58341
-16210 54867
-16209 55116
-16208 60796
-16207 67151
-16206 75351
-16205 70202
-16204 69557
-16203 69469
-16202 72844
-16201 74046
-16200 82279
-16199 78391
-16198 80879
-16197 75683
-16196 76146
-16195 79879
-16194 77836
-16193 77992
-16192 87704
-16191 96563
-16190 95532
-16189 93686
-16188 96801
-16187 102947
-16186 99267
-16185 101859
-16184 110463
-16183 104921
-16182 109530
-16181 121581
-16180 113492
-16179 123781
-16178 120155
-16177 122353
-16176 125652
-16175 137686
-16174 135808
-16173 144085
-16172 136849
-16171 151428
-16170 146334
-16169 146507
-16168 151868
-16167 138804
-16166 143235
-16165 146416
-16164 146955
-16163 152537
-16162 155874
-16161 166835
-16160 164489
-16159 166151
-16158 157241
-16157 171304
-16156 175448
-16155 170264
-16154 170410
-16153 173856
-16152 166727
-16151 172512
-16150 179397
-16149 180796
-16148 179123
-16147 182078
-16146 195909
-16145 200975
-16144 201709
-16143 205504
-16142 204124
-16141 200982
-16140 199053
-16139 203688
-16138 202074
-16137 198247
-16136 200124
-16135 200704
-16134 204569
-16133 212592
-16132 212660
-16131 238958
-16130 237396
-16129 220433
-16128 214352
-16127 220617
-16126 237508
-16125 231516
-16124 233897
-16123 251848
-16122 251839
-16121 242786
-16120 257286
-16119 255152
-16118 258923
-16117 273478
-16116 263962
-16115 261251
-16114 264158
-16113 269687
-16112 268260
-16111 265167
-16110 276834
-16109 271781
-16108 276826
-16107 276642
-16106 276655
-16105 276110
-16104 278978
-16103 283045
-16102 291671
-16101 291559
-16100 302795
-16099 312175
-16098 302772
-16097 314242
-16096 308528
-16095 318067
-16094 319884
-16093 322828
-16092 327170
-16091 335111
-16090 334855
-16089 342783
-16088 326712
-16087 345827
-16086 352225
-16085 371596
-16084 344507
-16083 354520
-16082 354661
-16081 341369
-16080 368854
-16079 371726
-16078 353851
-16077 384122
-16076 396048
-16075 383073
-16074 404049
-16073 403557
-16072 395409
-16071 390218
-16070 389301
-16069 402603
-16068 408393
-16067 408248
-16066 401250
-16065 410370
-16064 412658
-16063 414114
-16062 406992
-16061 423519
-16060 429138
-16059 438328
-16058 441230
-16057 436229
-16056 452900
-16055 447234
-16054 440862
-16053 452360
-16052 469708
-16051 481627
-16050 473751
-16049 481648
-16048 474329
-16047 485940
-16046 482363
-16045 490052
-16044 489804
-16043 509524
-16042 492310
-16041 520816
-16040 520150
-16039 522723
-16038 525972
-16037 529439
-16036 543976
-16035 553910
-16034 546259
-16033 555533
-16032 548500
-16031 553742
-16030 561448
-16029 565286
-16028 559875
-16027 576148
-16026 555491
-16025 556617
-16024 559970
-16023 569277
-16022 569288
-16021 556378
-16020 565307
-16019 560960
-16018 585031
-16017 562108
-16016 583250
-16015 582038
-16014 593396
-16013 592830
-16012 599304
-16011 590425
-16010 593701
-16009 573848
-16008 587904
-16007 590492
-16006 598046
-16005 600838
-16004 619287
-16003 622129
-16002 608197
-16001 638841
-16000 630373
-15999 662363
-15998 640794
-15997 674037
-15996 674721
-15995 666498
-15994 648924
-15993 687123
-15992 674193
-15991 678511
-15990 672069
-15989 672951
-15988 701186
-15987 700128
-15986 723571
-15985 717845
-15984 703342
-15983 697937
-15982 714139
-15981 719772
-15980 749952
-15979 723848
-15978 748959
-15977 743705
-15976 761312
-15975 728676
-15974 762529
-15973 773414
-15972 771723
-15971 771390
-15970 793235
-15969 761750
-15968 795352
-15967 794351
-15966 798415
-15965 794929
-15964 794221
-15963 806089
-15962 818768
-15961 801594
-15960 812660
-15959 840649
-15958 847375
-15957 834604
-15956 846135
-15955 869057
-15954 893123
-15953 896629
-15952 911893
-15951 936500
-15950 935586
-15949 948756
-15948 941889
-15947 943721
-15946 966848
-15945 970057
-15944 977459
-15943 967128
-15942 973638
-15941 962332
-15940 976052
-15939 988550
-15938 983096
-15937 981435
-15936 1005167
-15935 1008116
-15934 1004365
-15933 1001956
-15932 986942
-15931 1010992
-15930 1034107
-15929 1026063
-15928 1034829
-15927 1034585
-15926 1050844
-15925 1073881
-15924 1048955
-15923 1084198
-15922 1084336
-15921 1096974
-15920 1113368
-15919 1097563
-15918 1120734
-15917 1147412
-15916 1152755
-15915 1129096
-15914 1150337
-15913 1173016
-15912 1197042
-15911 1200829
-15910 1199861
-15909 1253129
-15908 1247947
-15907 1233540
-15906 1257250
-15905 1271405
-15904 1275786
-15903 1296932
-15902 1329944
-15901 1332416
-15900 1322889
-15899 1338309
-15898 1348703
-15897 1320602
-15896 1352568
-15895 1351619
-15894 1359114
-15893 1369444
-15892 1399959
-15891 1378991
-15890 1369985
-15889 1401754
-15888 1437880
-15887 1442989
-15886 1457630
-15885 1430103
-15884 1439792
-15883 1420351
-15882 1438728
-15881 1444461
-15880 1461260
-15879 1477948
-15878 1470725
-15877 1465812
-15876 1520062
-15875 1485891
-15874 1492720
-15873 1481068
-15872 1474522
-15871 1477474
-15870 1495751
-15869 1524093
-15868 1472811
-15867 1513636
-15866 1515117
-15865 1532676
-15864 1553362
-15863 1567755
-15862 1566358
-15861 1555943
-15860 1542385
-15859 1538853
-15858 1557330
-15857 1527974
-15856 1550886
-15855 1547270
-15854 1542182
-15853 1578271
-15852 1561359
-15851 1607679
-15850 1630364
-15849 1606807
-15848 1623958
-15847 1608006
-15846 1618075
-15845 1649695
-15844 1657595
-15843 1656671
-15842 1671152
-15841 1716937
-15840 1735472
-15839 1718262
-15838 1804054
-15837 1807774
-15836 1798033
-15835 1815059
-15834 1811317
-15833 1799257
-15832 1786583
-15831 1824385
-15830 1862067
-15829 1885726
-15828 1860319
-15827 1877201
-15826 1921051
-15825 1942531
-15824 1918881
-15823 1943053
-15822 1934660
-15821 1931410
-15820 1926323
-15819 1940495
-15818 1977019
-15817 1993412
-15816 2000722
-15815 1971774
-15814 2030053
-15813 2041316
-15812 2004504
-15811 2027093
-15810 2007982
-15809 2003178
-15808 2041787
-15807 2032573
-15806 1994505
-15805 2014285
-15804 2034199
-15803 2032975
-15802 2063859
-15801 2072003
-15800 2077944
-15799 2103242
-15798 2037109
-15797 2090421
-15796 2111589
-15795 2105040
-15794 2089596
-15793 2106616
-15792 2130662
-15791 2087395
-15790 2103625
-15789 2144553
-15788 2137001
-15787 2172677
-15786 2201322
-15785 2197844
-15784 2192971
-15783 2239610
-15782 2282085
-15781 2204720
-15780 2213542
-15779 2225110
-15778 2213891
-15777 2260555
-15776 2204712
-15775 2226112
-15774 2223770
-15773 2298799
-15772 2292679
-15771 2335098
-15770 2302322
-15769 2359889
-15768 2352296
-15767 2398246
-15766 2398808
-15765 2420709
-15764 2435668
-15763 2464560
-15762 2449182
-15761 2459035
-15760 2455148
-15759 2487585
-15758 2517620
-15757 2550563
-15756 2564799
-15755 2555356
-15754 2560386
-15753 2589433
-15752 2561908
-15751 2552626
-15750 2550091
-15749 2527252
-15748 2565688
-15747 2561917
-15746 2561647
-15745 2620901
-15744 2666325
-15743 2706034
-15742 2702483
-15741 2763345
-15740 2802063
-15739 2801110
-15738 2858707
-15737 2846083
-15736 2922665
-15735 2897562
-15734 2903124
-15733 2886528
-15732 2909951
-15731 2944884
-15730 2960478
-15729 2903589
-15728 2943182
-15727 2990676
-15726 3011314
-15725 3062981
-15724 3087687
-15723 3111572
-15722 3124470
-15721 3117612
-15720 3171653
-15719 3135354
-15718 3178802
-15717 3177254
-15716 3236107
-15715 3224852
-15714 3212615
-15713 3223181
-15712 3289428
-15711 3292545
-15710 3320412
-15709 3349239
-15708 3414003
-15707 3408528
-15706 3389754
-15705 3418799
-15704 3452468
-15703 3443736
-15702 3458863
-15701 3498043
-15700 3518456
-15699 3532819
-15698 3571245
-15697 3583378
-15696 3630294
-15695 3681818
-15694 3684513
-15693 3737942
-15692 3776706
-15691 3764959
-15690 3805543
-15689 3821815
-15688 3840711
-15687 3816266
-15686 3880292
-15685 3923494
-15684 3906600
-15683 3890159
-15682 3921435
-15681 3997228
-15680 3954925
-15679 3998445
-15678 4019829
-15677 4057040
-15676 3984003
-15675 4016618
-15674 4037629
-15673 4041829
-15672 4096961
-15671 4122281
-15670 4161762
-15669 4256820
-15668 4263296
-15667 4286571
-15666 4341906
-15665 4298320
-15664 4406284
-15663 4408231
-15662 4458437
-15661 4507930
-15660 4522408
-15659 4542427
-15658 4577348
-15657 4563838
-15656 4589660
-15655 4623132
-15654 4627467
-15653 4646332
-15652 4617715
-15651 4591900
-15650 4647044
-15649 4700469
-15648 4695797
-15647 4749295
-15646 4739664
-15645 4843930
-15644 4763563
-15643 4808824
-15642 4885700
-15641 4884422
-15640 4945012
-15639 4895454
-15638 4961325
-15637 4968782
-15636 5052214
-15635 5001831
-15634 5052617
-15633 5083517
-15632 5109821
-15631 5159796
-15630 5203428
-15629 5179268
-15628 5262874
-15627 5209415
-15626 5214399
-15625 5190051
-15624 5225675
-15623 5215945
-15622 5171068
-15621 5301876
-15620 5332834
-15619 5306034
-15618 5370400
-15617 5428910
-15616 5437907
-15615 5451622
-15614 5546574
-15613 5613160
-15612 5576122
-15611 5590451
-15610 5632474
-15609 5624932
-15608 5614536
-15607 5699932
-15606 5700945
-15605 5791457
-15604 5776995
-15603 5787460
-15602 5794855
-15601 5800822
-15600 5797125
-15599 5940108
-15598 5933148
-15597 5891436
-15596 5990331
-15595 6000200
-15594 6030508
-15593 6128368
-15592 6080703
-15591 6180124
-15590 6213762
-15589 6193256
-15588 6300735
-15587 6288336
-15586 6337246
-15585 6368009
-15584 6381026
-15583 6429486
-15582 6485336
-15581 6535878
-15580 6689011
-15579 6647878
-15578 6719954
-15577 6735109
-15576 6835152
-15575 6874965
-15574 6874721
-15573 6960703
-15572 6994322
-15571 6991872
-15570 7012337
-15569 7042788
-15568 6982154
-15567 7062737
-15566 7131576
-15565 7082045
-15564 7120842
-15563 7114207
-15562 7151904
-15561 7156321
-15560 7199456
-15559 7299849
-15558 7233465
-15557 7297141
-15556 7364611
-15555 7438272
-15554 7461147
-15553 7472919
-15552 7449793
-15551 7489002
-15550 7545039
-15549 7518055
-15548 7564109
-15547 7676681
-15546 7640759
-15545 7763477
-15544 7796318
-15543 7882797
-15542 7979918
-15541 7956116
-15540 7955207
-15539 8024098
-15538 8071953
-15537 8181085
-15536 8180320
-15535 8206482
-15534 8277834
-15533 8388745
-15532 8374097
-15531 8356123
-15530 8539933
-15529 8568256
-15528 8630248
-15527 8714739
-15526 8713655
-15525 8784157
-15524 8780059
-15523 8845170
-15522 8896448
-15521 9014904
-15520 8994623
-15519 9044776
-15518 9055618
-15517 9120296
-15516 9094186
-15515 9097620
-15514 9131019
-15513 9144847
-15512 9251921
-15511 9268227
-15510 9361871
-15509 9372393
-15508 9419153
-15507 9461332
-15506 9546116
-15505 9580127
-15504 9763148
-15503 9726180
-15502 9769110
-15501 9769287
-15500 9860096
-15499 9913035
-15498 9999976
-15497 10123411
-15496 10047832
-15495 10086213
-15494 10117927
-15493 10177261
-15492 10202081
-15491 10378719
-15490 10445498
-15489 10437985
-15488 10657571
-15487 10584191
-15486 10660761
-15485 10720277
-15484 10796564
-15483 10794270
-15482 10878611
-15481 10895918
-15480 11008799
-15479 10993296
-15478 11147624
-15477 11198929
-15476 11269106
-15475 11429166
-15474 11490247
-15473 11454760
-15472 11555821
-15471 11687759
-15470 11798567
-15469 11815490
-15468 11959268
-15467 11969267
-15466 12066501
-15465 12140914
-15464 12191475
-15463 12221534
-15462 12390759
-15461 12406648
-15460 12514497
-15459 12607458
-15458 12629925
-15457 12616321
-15456 12767537
-15455 12759072
-15454 12752661
-15453 12814957
-15452 12864711
-15451 12904041
-15450 12999287
-15449 13025493
-15448 13195533
-15447 13196341
-15446 13319647
-15445 13378122
-15444 13417743
-15443 13502336
-15442 13535196
-15441 13611922
-15440 13560219
-15439 13767337
-15438 13866667
-15437 13932367
-15436 14019171
-15435 14027880
-15434 14170095
-15433 14365583
-15432 14453955
-15431 14362891
-15430 14385041
-15429 14500493
-15428 14635812
-15427 14529184
-15426 14663567
-15425 14685367
-15424 14747323
-15423 14885828
-15422 14913915
-15421 14950370
-15420 15086237
-15419 15155555
-15418 15199975
-15417 15088670
-15416 15256617
-15415 15252841
-15414 15535869
-15413 15514067
-15412 15618102
-15411 15555316
-15410 15724799
-15409 15795412
-15408 15977330
-15407 15820908
-15406 15961694
-15405 16002525
-15404 16031758
-15403 16195713
-15402 16117972
-15401 16298631
-15400 16327490
-15399 16391337
-15398 16451425
-15397 16518140
-15396 16574057
-15395 16557726
-15394 16627547
-15393 16712010
-15392 16745438
-15391 16837889
-15390 16817379
-15389 17011892
-15388 16902971
-15387 16992017
-15386 17060861
-15385 17074535
-15384 17108229
-15383 17162950
-15382 17247032
-15381 17317874
-15380 17379972
-15379 17527364
-15378 17629624
-15377 17828742
-15376 17787084
-15375 17998549
-15374 17900720
-15373 17973775
-15372 18039100
-15371 18087686
-15370 18092796
-15369 18301112
-15368 18301031
-15367 18421994
-15366 18601086
-15365 18575515
-15364 18826036
-15363 18838981
-15362 18998444
-15361 19063724
-15360 18898760
-15359 19008655
-15358 19065453
-15357 19069432
-15356 19180701
-15355 19094234
-15354 19247751
-15353 19417630
-15352 19381001
-15351 19602341
-15350 19483720
-15349 19544146
-15348 19636327
-15347 19718916
-15346 19867172
-15345 19867893
-15344 20016411
-15343 20118036
-15342 20150220
-15341 20107486
-15340 20214455
-15339 20429518
-15338 20358526
-15337 20396523
-15336 20451531
-15335 20492304
-15334 20690173
-15333 20601238
-15332 20813085
-15331 20824504
-15330 20759832
-15329 20936053
-15328 20866259
-15327 21175024
-15326 21276974
-15325 21324648
-15324 21556303
-15323 21512221
-15322 21539819
-15321 21631169
-15320 21642673
-15319 21672410
-15318 21785346
-15317 21830237
-15316 21855859
-15315 21911467
-15314 21801964
-15313 21937259
-15312 21908290
-15311 22022209
-15310 22097048
-15309 22050173
-15308 22104271
-15307 22076021
-15306 22048109
-15305 22269629
-15304 22241169
-15303 22384063
-15302 22283556
-15301 22517118
-15300 22632275
-15299 22555107
-15298 22668813
-15297 22899283
-15296 22842692
-15295 22774846
-15294 22977591
-15293 22829876
-15292 22969876
-15291 23106898
-15290 23141794
-15289 23114223
-15288 23248517
-15287 23388646
-15286 23304025
-15285 23449096
-15284 23512828
-15283 23589253
-15282 23528923
-15281 23746132
-15280 23695132
-15279 23746551
-15278 23916613
-15277 24063912
-15276 24031461
-15275 24012653
-15274 24002560
-15273 24094669
-15272 24157565
-15271 24231292
-15270 24279101
-15269 24353783
-15268 24365736
-15267 24362622
-15266 24301886
-15265 24439959
-15264 24544447
-15263 24465157
-15262 24534325
-15261 24464597
-15260 24590141
-15259 24621514
-15258 24623363
-15257 24808476
-15256 24795420
-15255 24752466
-15254 24926841
-15253 24995543
-15252 24967206
-15251 25021320
-15250 25072823
-15249 25252377
-15248 25158767
-15247 25284723
-15246 25340641
-15245 25430252
-15244 25413128
-15243 25424837
-15242 25501297
-15241 25296094
-15240 25364539
-15239 25387973
-15238 25473453
-15237 25459912
-15236 25491877
-15235 25335414
-15234 25414300
-15233 25477432
-15232 25544956
-15231 25456300
-15230 25564365
-15229 25498332
-15228 25629611
-15227 25549217
-15226 25489022
-15225 25634331
-15224 25649780
-15223 25749933
-15222 25743063
-15221 25758644
-15220 25700589
-15219 25992770
-15218 25958918
-15217 25973918
-15216 26142827
-15215 26101606
-15214 26166874
-15213 26241716
-15212 26258941
-15211 26256394
-15210 26456485
-15209 26483218
-15208 26598465
-15207 26798617
-15206 26509896
-15205 26672236
-15204 26501741
-15203 26507369
-15202 26416465
-15201 26527213
-15200 26480417
-15199 26587261
-15198 26567217
-15197 26531860
-15196 26732871
-15195 26564586
-15194 26866645
-15193 26700160
-15192 26803030
-15191 26769908
-15190 26840963
-15189 26910473
-15188 26991196
-15187 27029156
-15186 26886910
-15185 27030122
-15184 27014464
-15183 27019071
-15182 27100787
-15181 27026939
-15180 27305308
-15179 27209017
-15178 27344975
-15177 27194843
-15176 27081622
-15175 27304307
-15174 27110920
-15173 27049251
-15172 27219948
-15171 27265718
-15170 27230959
-15169 27261945
-15168 27113649
-15167 27129645
-15166 27100693
-15165 26902551
-15164 26922462
-15163 26834513
-15162 27017240
-15161 26985923
-15160 26922849
-15159 27081866
-15158 26944243
-15157 26909064
-15156 26919349
-15155 26903526
-15154 26863418
-15153 26939321
-15152 26745480
-15151 26818043
-15150 26784749
-15149 26660017
-15148 26674542
-15147 26861499
-15146 26702654
-15145 26824163
-15144 26667774
-15143 26674592
-15142 26668623
-15141 26692305
-15140 26676354
-15139 26706688
-15138 26453539
-15137 26633644
-15136 26583368
-15135 26481744
-15134 26668488
-15133 26625847
-15132 26614870
-15131 26707594
-15130 26782631
-15129 26835566
-15128 26797314
-15127 26939058
-15126 26944967
-15125 27057155
-15124 27026447
-15123 27040000
-15122 27096212
-15121 26953628
-15120 26841332
-15119 26855216
-15118 26892183
-15117 26745965
-15116 26711102
-15115 26710069
-15114 26758001
-15113 26736996
-15112 26740721
-15111 26742912
-15110 26776827
-15109 26742086
-15108 26896673
-15107 26921972
-15106 26729052
-15105 26756971
-15104 26668717
-15103 26858360
-15102 26861291
-15101 26844296
-15100 26855866
-15099 26788145
-15098 26763220
-15097 26516974
-15096 26491099
-15095 26521012
-15094 26411753
-15093 26328782
-15092 26241250
-15091 26280388
-15090 26086393
-15089 26171557
-15088 26007066
-15087 25903693
-15086 25894061
-15085 25971655
-15084 25824545
-15083 25783954
-15082 25873335
-15081 25591040
-15080 25635007
-15079 25472437
-15078 25617933
-15077 25459769
-15076 25315833
-15075 25385013
-15074 25429810
-15073 25271440
-15072 25284568
-15071 25306455
-15070 25044346
-15069 25137342
-15068 25022585
-15067 24941518
-15066 24874062
-15065 24797485
-15064 24694529
-15063 24596030
-15062 24658087
-15061 24522797
-15060 24513962
-15059 24351078
-15058 24430573
-15057 24325252
-15056 24401541
-15055 24378672
-15054 24345889
-15053 24281138
-15052 24331687
-15051 24299450
-15050 24187208
-15049 24187442
-15048 24273338
-15047 24114810
-15046 24036314
-15045 24016490
-15044 23920752
-15043 23922681
-15042 23800601
-15041 23760338
-15040 23729911
-15039 23800707
-15038 23600687
-15037 23719899
-15036 23586674
-15035 23673280
-15034 23543049
-15033 23393348
-15032 23456891
-15031 23298995
-15030 23304357
-15029 23146811
-15028 23036674
-15027 23069818
-15026 23055901
-15025 22928979
-15024 22931310
-15023 22764964
-15022 22761394
-15021 22604482
-15020 22670660
-15019 22593840
-15018 22532879
-15017 22493207
-15016 22433469
-15015 22427702
-15014 22408039
-15013 22327680
-15012 22328006
-15011 22232056
-15010 22106738
-15009 22201251
-15008 22050547
-15007 22089594
-15006 22104795
-15005 21927676
-15004 21747819
-15003 21691344
-15002 21582125
-15001 21484789
-15000 21444046
-14999 21369982
-14998 21311889
-14997 21295255
-14996 21264559
-14995 21284581
-14994 21043819
-14993 21098655
-14992 21001890
-14991 21019292
-14990 20825564
-14989 20865554
-14988 20860524
-14987 20727599
-14986 20797575
-14985 20690155
-14984 20631303
-14983 20629899
-14982 20449446
-14981 20461412
-14980 20348109
-14979 20305298
-14978 20195279
-14977 20187708
-14976 20209051
-14975 20050242
-14974 20075068
-14973 20063194
-14972 20022442
-14971 19819469
-14970 19796770
-14969 19666821
-14968 19548117
-14967 19591099
-14966 19391389
-14965 19476505
-14964 19440544
-14963 19318217
-14962 19346986
-14961 19336885
-14960 19327320
-14959 19264141
-14958 19231772
-14957 19243225
-14956 19232642
-14955 19150910
-14954 19102010
-14953 19003947
-14952 19024482
-14951 18992945
-14950 18920622
-14949 18905256
-14948 18786565
-14947 18718661
-14946 18665076
-14945 18666869
-14944 18593904
-14943 18555878
-14942 18486370
-14941 18435083
-14940 18375214
-14939 18311660
-14938 18209681
-14937 18271272
-14936 18193703
-14935 18260079
-14934 18174398
-14933 18087410
-14932 18109954
-14931 18028510
-14930 17894604
-14929 17870423
-14928 17758543
-14927 17824847
-14926 17694395
-14925 17651689
-14924 17703834
-14923 17502021
-14922 17574472
-14921 17516100
-14920 17430097
-14919 17328338
-14918 17306896
-14917 17247361
-14916 17167587
-14915 17142798
-14914 17066822
-14913 17097247
-14912 16963295
-14911 16875229
-14910 16969597
-14909 16874946
-14908 16769659
-14907 16773578
-14906 16629996
-14905 16610327
-14904 16742253
-14903 16685400
-14902 16558694
-14901 16474421
-14900 16548177
-14899 16419501
-14898 16399827
-14897 16400462
-14896 16330899
-14895 16285629
-14894 16315276
-14893 16230924
-14892 16185608
-14891 16185242
-14890 16109779
-14889 16070630
-14888 15954905
-14887 15968244
-14886 15904507
-14885 15982137
-14884 15867175
-14883 15818263
-14882 15815964
-14881 15815530
-14880 15659868
-14879 15667481
-14878 15636684
-14877 15565726
-14876 15507225
-14875 15371841
-14874 15298265
-14873 15197946
-14872 15255839
-14871 15199202
-14870 15239241
-14869 15091671
-14868 15153085
-14867 15119669
-14866 15164317
-14865 15109167
-14864 15191893
-14863 15134017
-14862 15087048
-14861 15008966
-14860 14980566
-14859 15097686
-14858 15027026
-14857 15011720
-14856 14973538
-14855 15014025
-14854 14961640
-14853 15030548
-14852 14883620
-14851 14959759
-14850 14998421
-14849 14963984
-14848 14982725
-14847 14982474
-14846 14926455
-14845 14911884
-14844 14890704
-14843 14957276
-14842 14780847
-14841 14786371
-14840 14752082
-14839 14796483
-14838 14707023
-14837 14591858
-14836 14568974
-14835 14567364
-14834 14487184
-14833 14456610
-14832 14424319
-14831 14400237
-14830 14293674
-14829 14332357
-14828 14252531
-14827 14182030
-14826 14128559
-14825 14049464
-14824 14013181
-14823 14114453
-14822 14037700
-14821 14005341
-14820 13895543
-14819 13941381
-14818 13916637
-14817 13844962
-14816 13914369
-14815 13829060
-14814 13867504
-14813 13818727
-14812 13870619
-14811 13861999
-14810 13915435
-14809 13818981
-14808 13804735
-14807 13722605
-14806 13861074
-14805 13752713
-14804 13677629
-14803 13653493
-14802 13673067
-14801 13734895
-14800 13765479
-14799 13705093
-14798 13687358
-14797 13705164
-14796 13775354
-14795 13678715
-14794 13674623
-14793 13733793
-14792 13639829
-14791 13648773
-14790 13656535
-14789 13643585
-14788 13664905
-14787 13542885
-14786 13554572
-14785 13585603
-14784 13532123
-14783 13449731
-14782 13510521
-14781 13513066
-14780 13351751
-14779 13447997
-14778 13366620
-14777 13340835
-14776 13300574
-14775 13259565
-14774 13266470
-14773 13175054
-14772 13184901
-14771 13157869
-14770 13148685
-14769 13138388
-14768 13089305
-14767 13099942
-14766 13025842
-14765 13013673
-14764 13039120
-14763 12954832
-14762 13009849
-14761 13003212
-14760 12995445
-14759 12937746
-14758 12899930
-14757 12896012
-14756 12906108
-14755 12857389
-14754 12843029
-14753 12775299
-14752 12748173
-14751 12761925
-14750 12731148
-14749 12731204
-14748 12681468
-14747 12683190
-14746 12684231
-14745 12549417
-14744 12644998
-14743 12719911
-14742 12630202
-14741 12571960
-14740 12540813
-14739 12526629
-14738 12515546
-14737 12473945
-14736 12442875
-14735 12468570
-14734 12443024
-14733 12406804
-14732 12338525
-14731 12344841
-14730 12321295
-14729 12291441
-14728 12344873
-14727 12238835
-14726 12179290
-14725 12147758
-14724 12156732
-14723 12128741
-14722 12089195
-14721 12084994
-14720 12079742
-14719 12060417
-14718 12068314
-14717 12018280
-14716 12114170
-14715 12056186
-14714 12089005
-14713 12130961
-14712 12131447
-14711 12082586
-14710 12122585
-14709 12188750
-14708 12086099
-14707 12214713
-14706 12103228
-14705 12075552
-14704 12011909
-14703 12044007
-14702 11922056
-14701 11898951
-14700 11900931
-14699 11832180
-14698 11875111
-14697 11868511
-14696 11849321
-14695 11875056
-14694 11839574
-14693 11724978
-14692 11755852
-14691 11743125
-14690 11678907
-14689 11701290
-14688 11720682
-14687 11793260
-14686 11678490
-14685 11640756
-14684 11607735
-14683 11633208
-14682 11536876
-14681 11482148
-14680 11436601
-14679 11398558
-14678 11414455
-14677 11367281
-14676 11257654
-14675 11230947
-14674 11235604
-14673 11199516
-14672 11168111
-14671 11142837
-14670 11049399
-14669 11091280
-14668 11035819
-14667 11102951
-14666 11044272
-14665 11053863
-14664 11045004
-14663 11044958
-14662 11020388
-14661 11075490
-14660 11062333
-14659 11042295
-14658 10980195
-14657 10932998
-14656 10933245
-14655 11002331
-14654 10921168
-14653 10868848
-14652 10803523
-14651 10821266
-14650 10795487
-14649 10832949
-14648 10766064
-14647 10790742
-14646 10742340
-14645 10756300
-14644 10714416
-14643 10703018
-14642 10672365
-14641 10663834
-14640 10670920
-14639 10504746
-14638 10644125
-14637 10662810
-14636 10588189
-14635 10553384
-14634 10584755
-14633 10558116
-14632 10490837
-14631 10415710
-14630 10367858
-14629 10322364
-14628 10310310
-14627 10250731
-14626 10196744
-14625 10192315
-14624 10173838
-14623 10087504
-14622 10156326
-14621 10076866
-14620 10038188
-14619 9988783
-14618 9980374
-14617 9965277
-14616 10000053
-14615 10068387
-14614 9974041
-14613 9872972
-14612 9916699
-14611 9953312
-14610 9950267
-14609 9988795
-14608 9930392
-14607 9879945
-14606 9800509
-14605 9841292
-14604 9856863
-14603 9804478
-14602 9790514
-14601 9777333
-14600 9754619
-14599 9657987
-14598 9675741
-14597 9683772
-14596 9637995
-14595 9620340
-14594 9651438
-14593 9592245
-14592 9646037
-14591 9591988
-14590 9608988
-14589 9635072
-14588 9580384
-14587 9493908
-14586 9535733
-14585 9425644
-14584 9449049
-14583 9396142
-14582 9444068
-14581 9381021
-14580 9374362
-14579 9293014
-14578 9286298
-14577 9242331
-14576 9279134
-14575 9263318
-14574 9296054
-14573 9248334
-14572 9237753
-14571 9192213
-14570 9185219
-14569 9127877
-14568 9082277
-14567 9018041
-14566 9075050
-14565 8998936
-14564 8959267
-14563 8950541
-14562 8969093
-14561 8979022
-14560 8909246
-14559 8898539
-14558 8902630
-14557 8870939
-14556 8804530
-14555 8798899
-14554 8742208
-14553 8747959
-14552 8769433
-14551 8747185
-14550 8674610
-14549 8623119
-14548 8647892
-14547 8619133
-14546 8587914
-14545 8648060
-14544 8583179
-14543 8610939
-14542 8517602
-14541 8510731
-14540 8516260
-14539 8509002
-14538 8513894
-14537 8560623
-14536 8567878
-14535 8524935
-14534 8476048
-14533 8394044
-14532 8398290
-14531 8413902
-14530 8370096
-14529 8341284
-14528 8381592
-14527 8363005
-14526 8373282
-14525 8381199
-14524 8320704
-14523 8386610
-14522 8318747
-14521 8256926
-14520 8298296
-14519 8238659
-14518 8180260
-14517 8239838
-14516 8321314
-14515 8330037
-14514 8323816
-14513 8371977
-14512 8318781
-14511 8400171
-14510 8287085
-14509 8349909
-14508 8285419
-14507 8178092
-14506 8229749
-14505 8112527
-14504 8107037
-14503 8091943
-14502 8075669
-14501 8019354
-14500 7928315
-14499 7941657
-14498 7939618
-14497 7866097
-14496 7894414
-14495 7874803
-14494 7721838
-14493 7833755
-14492 7738365
-14491 7701437
-14490 7692671
-14489 7669710
-14488 7683304
-14487 7662509
-14486 7615886
-14485 7551736
-14484 7581928
-14483 7619630
-14482 7599466
-14481 7546615
-14480 7566109
-14479 7567649
-14478 7553869
-14477 7584908
-14476 7579405
-14475 7523756
-14474 7516765
-14473 7454559
-14472 7482370
-14471 7463175
-14470 7514877
-14469 7465511
-14468 7444977
-14467 7455027
-14466 7423576
-14465 7403706
-14464 7427087
-14463 7375494
-14462 7431378
-14461 7332593
-14460 7319972
-14459 7345996
-14458 7349568
-14457 7260595
-14456 7299663
-14455 7281972
-14454 7275656
-14453 7241979
-14452 7241622
-14451 7213025
-14450 7183804
-14449 7144163
-14448 7159560
-14447 7153072
-14446 7127597
-14445 7142433
-14444 7105610
-14443 7085311
-14442 7042820
-14441 7028290
-14440 7000408
-14439 6960283
-14438 6921865
-14437 6898634
-14436 6848142
-14435 6842043
-14434 6871533
-14433 6827219
-14432 6820943
-14431 6814807
-14430 6762862
-14429 6802039
-14428 6776962
-14427 6775191
-14426 6712209
-14425 6727275
-14424 6778753
-14423 6745142
-14422 6746508
-14421 6706682
-14420 6753280
-14419 6728797
-14418 6655160
-14417 6701467
-14416 6634529
-14415 6658469
-14414 6652960
-14413 6602803
-14412 6664234
-14411 6629375
-14410 6596749
-14409 6572826
-14408 6543541
-14407 6491403
-14406 6500892
-14405 6456698
-14404 6442265
-14403 6432795
-14402 6453113
-14401 6397255
-14400 6384135
-14399 6431827
-14398 6366090
-14397 6377992
-14396 6366464
-14395 6380889
-14394 6330924
-14393 6312670
-14392 6303561
-14391 6377233
-14390 6212474
-14389 6274166
-14388 6239140
-14387 6223943
-14386 6174257
-14385 6180529
-14384 6101496
-14383 6155605
-14382 6106706
-14381 6133021
-14380 6113496
-14379 6083583
-14378 6077175
-14377 6069796
-14376 6038865
-14375 6046576
-14374 6063115
-14373 6053701
-14372 5984310
-14371 5956128
-14370 5937478
-14369 5905428
-14368 5949070
-14367 5923034
-14366 5924731
-14365 5922708
-14364 5861532
-14363 5819923
-14362 5811726
-14361 5779478
-14360 5736641
-14359 5757582
-14358 5663483
-14357 5640926
-14356 5623059
-14355 5624589
-14354 5612546
-14353 5582770
-14352 5542255
-14351 5539513
-14350 5537496
-14349 5503308
-14348 5487915
-14347 5458721
-14346 5431756
-14345 5380522
-14344 5369503
-14343 5301163
-14342 5348758
-14341 5355624
-14340 5293018
-14339 5317102
-14338 5316527
-14337 5269009
-14336 5246110
-14335 5254913
-14334 5237962
-14333 5255281
-14332 5265849
-14331 5250509
-14330 5222625
-14329 5131523
-14328 5188661
-14327 5154727
-14326 5185589
-14325 5119698
-14324 5165784
-14323 5130916
-14322 5215772
-14321 5165915
-14320 5115206
-14319 5094586
-14318 5062957
-14317 5046871
-14316 5030313
-14315 5012360
-14314 5059747
-14313 5056038
-14312 5012307
-14311 5003911
-14310 4949013
-14309 4928732
-14308 4964027
-14307 4956877
-14306 4953851
-14305 4905954
-14304 4938607
-14303 4887383
-14302 4894190
-14301 4854141
-14300 4894753
-14299 4826014
-14298 4853322
-14297 4804097
-14296 4773330
-14295 4748862
-14294 4725354
-14293 4721679
-14292 4766607
-14291 4734736
-14290 4719682
-14289 4753607
-14288 4768917
-14287 4769623
-14286 4786585
-14285 4793876
-14284 4739778
-14283 4730330
-14282 4707794
-14281 4775010
-14280 4666198
-14279 4703923
-14278 4695885
-14277 4710865
-14276 4664674
-14275 4661486
-14274 4638707
-14273 4673092
-14272 4659003
-14271 4672852
-14270 4655326
-14269 4636006
-14268 4632890
-14267 4637282
-14266 4642591
-14265 4633458
-14264 4659183
-14263 4615538
-14262 4590856
-14261 4641685
-14260 4599554
-14259 4633228
-14258 4656738
-14257 4646073
-14256 4595466
-14255 4594725
-14254 4590116
-14253 4528651
-14252 4540243
-14251 4542077
-14250 4503515
-14249 4498329
-14248 4471750
-14247 4491283
-14246 4488719
-14245 4472120
-14244 4466633
-14243 4450307
-14242 4423509
-14241 4374326
-14240 4389451
-14239 4376672
-14238 4371438
-14237 4396334
-14236 4380926
-14235 4350802
-14234 4388025
-14233 4330196
-14232 4377283
-14231 4346298
-14230 4330397
-14229 4314315
-14228 4335947
-14227 4297043
-14226 4288632
-14225 4291892
-14224 4287554
-14223 4225583
-14222 4242660
-14221 4216990
-14220 4244219
-14219 4164370
-14218 4169838
-14217 4164739
-14216 4122092
-14215 4161194
-14214 4111246
-14213 4088143
-14212 4142079
-14211 4100126
-14210 4088477
-14209 4074338
-14208 4065683
-14207 4053476
-14206 4051084
-14205 4095725
-14204 4080627
-14203 4052284
-14202 4103340
-14201 4029974
-14200 4099645
-14199 4039533
-14198 4008248
-14197 3977898
-14196 3996035
-14195 4021599
-14194 3993953
-14193 3983005
-14192 3974988
-14191 3955987
-14190 3950473
-14189 3924516
-14188 3929752
-14187 3940022
-14186 3965271
-14185 3939986
-14184 3953540
-14183 3955120
-14182 3952794
-14181 3932484
-14180 3949663
-14179 3955333
-14178 3944249
-14177 3955843
-14176 3892019
-14175 3914360
-14174 3904242
-14173 3930573
-14172 3890234
-14171 3876776
-14170 3913303
-14169 3853358
-14168 3801547
-14167 3772486
-14166 3823919
-14165 3799545
-14164 3855259
-14163 3796861
-14162 3853174
-14161 3836130
-14160 3833972
-14159 3811939
-14158 3787911
-14157 3789780
-14156 3721175
-14155 3782833
-14154 3755312
-14153 3704308
-14152 3679897
-14151 3671450
-14150 3651038
-14149 3656856
-14148 3632404
-14147 3632093
-14146 3579238
-14145 3571302
-14144 3522872
-14143 3482355
-14142 3491523
-14141 3488852
-14140 3393501
-14139 3426597
-14138 3380276
-14137 3325646
-14136 3335655
-14135 3336573
-14134 3281432
-14133 3286954
-14132 3311850
-14131 3301859
-14130 3269397
-14129 3267200
-14128 3250555
-14127 3253999
-14126 3250743
-14125 3262112
-14124 3213253
-14123 3171996
-14122 3148787
-14121 3130255
-14120 3088629
-14119 3070040
-14118 3081406
-14117 3041701
-14116 2987687
-14115 2978460
-14114 2979352
-14113 2969329
-14112 2972689
-14111 2933065
-14110 2962497
-14109 2931507
-14108 2937928
-14107 2914960
-14106 2877478
-14105 2856064
-14104 2826045
-14103 2804358
-14102 2810117
-14101 2769767
-14100 2751826
-14099 2768562
-14098 2722195
-14097 2745619
-14096 2753167
-14095 2708632
-14094 2714494
-14093 2718348
-14092 2693957
-14091 2736955
-14090 2706486
-14089 2675114
-14088 2707375
-14087 2678712
-14086 2653199
-14085 2607523
-14084 2650190
-14083 2615859
-14082 2613350
-14081 2608465
-14080 2616169
-14079 2563627
-14078 2588790
-14077 2548170
-14076 2537661
-14075 2492506
-14074 2472737
-14073 2474778
-14072 2433023
-14071 2431336
-14070 2409610
-14069 2387461
-14068 2363113
-14067 2344639
-14066 2358297
-14065 2370123
-14064 2389684
-14063 2353746
-14062 2324721
-14061 2327900
-14060 2288219
-14059 2321622
-14058 2314559
-14057 2311551
-14056 2296001
-14055 2284615
-14054 2288071
-14053 2292743
-14052 2267512
-14051 2230297
-14050 2230723
-14049 2214758
-14048 2195638
-14047 2171302
-14046 2201967
-14045 2153853
-14044 2148446
-14043 2126013
-14042 2142281
-14041 2104337
-14040 2124093
-14039 2119687
-14038 2084392
-14037 2114296
-14036 2084708
-14035 2103619
-14034 2115941
-14033 2122100
-14032 2116916
-14031 2169570
-14030 2100545
-14029 2107528
-14028 2105024
-14027 2115924
-14026 2114202
-14025 2103838
-14024 2090583
-14023 2079675
-14022 2100386
-14021 2098050
-14020 2121379
-14019 2092683
-14018 2105628
-14017 2088570
-14016 2060853
-14015 2064401
-14014 2096753
-14013 2074534
-14012 2073932
-14011 2073729
-14010 2080794
-14009 2049141
-14008 2047851
-14007 2040350
-14006 2054709
-14005 2057664
-14004 2044618
-14003 2055214
-14002 2060203
-14001 2026991
-14000 2020452
-13999 2007717
-13998 2019171
-13997 1998513
-13996 2008287
-13995 2021149
-13994 2011824
-13993 2018666
-13992 2036818
-13991 1976447
-13990 1983720
-13989 1998892
-13988 1967653
-13987 1969043
-13986 1958642
-13985 2004252
-13984 1936287
-13983 1983153
-13982 1984422
-13981 1988313
-13980 2011943
-13979 2005934
-13978 2006388
-13977 1990982
-13976 1993252
-13975 1974155
-13974 1990482
-13973 1980445
-13972 1951594
-13971 1960127
-13970 1947817
-13969 1973362
-13968 1931076
-13967 1949670
-13966 1941485
-13965 1927021
-13964 1939829
-13963 1938285
-13962 1932351
-13961 1908902
-13960 1944645
-13959 1909623
-13958 1935635
-13957 1922281
-13956 1951183
-13955 1941711
-13954 1956099
-13953 1959470
-13952 1966609
-13951 1978113
-13950 1986182
-13949 1992840
-13948 1978007
-13947 1980291
-13946 2012939
-13945 2036258
-13944 2012440
-13943 2025075
-13942 2014950
-13941 1998747
-13940 2009386
-13939 1986991
-13938 2013759
-13937 2015762
-13936 1998186
-13935 1991760
-13934 1983321
-13933 2002590
-13932 2019200
-13931 2006766
-13930 2017437
-13929 2002617
-13928 1994911
-13927 2025451
-13926 2001240
-13925 1986127
-13924 2021641
-13923 2016863
-13922 2015094
-13921 1990807
-13920 2003060
-13919 2032658
-13918 2021326
-13917 1992774
-13916 2004501
-13915 2024951
-13914 2000521
-13913 1958725
-13912 1983399
-13911 1976479
-13910 1979995
-13909 1986235
-13908 1981734
-13907 1971989
-13906 1972013
-13905 1951139
-13904 1954613
-13903 1967388
-13902 1972894
-13901 1948850
-13900 1933107
-13899 1960014
-13898 1921752
-13897 1933682
-13896 1882534
-13895 1893211
-13894 1877397
-13893 1871609
-13892 1868265
-13891 1838377
-13890 1844361
-13889 1850381
-13888 1851532
-13887 1866346
-13886 1816711
-13885 1801850
-13884 1791470
-13883 1817919
-13882 1801766
-13881 1824899
-13880 1819697
-13879 1848567
-13878 1782777
-13877 1802600
-13876 1760679
-13875 1789202
-13874 1787921
-13873 1789482
-13872 1759464
-13871 1772145
-13870 1786911
-13869 1786624
-13868 1792899
-13867 1775221
-13866 1758917
-13865 1780477
-13864 1769439
-13863 1769275
-13862 1757270
-13861 1800610
-13860 1771588
-13859 1744746
-13858 1771656
-13857 1744461
-13856 1746087
-13855 1806608
-13854 1776604
-13853 1773739
-13852 1760928
-13851 1745596
-13850 1790207
-13849 1793515
-13848 1810585
-13847 1822316
-13846 1826921
-13845 1858638
-13844 1863088
-13843 1851565
-13842 1835622
-13841 1842337
-13840 1830870
-13839 1839015
-13838 1849618
-13837 1825486
-13836 1802023
-13835 1795347
-13834 1796769
-13833 1785825
-13832 1767220
-13831 1777661
-13830 1760428
-13829 1776635
-13828 1769525
-13827 1771510
-13826 1782376
-13825 1785418
-13824 1814251
-13823 1807231
-13822 1790529
-13821 1833592
-13820 1829793
-13819 1802180
-13818 1781447
-13817 1801538
-13816 1807600
-13815 1793132
-13814 1782477
-13813 1776285
-13812 1762923
-13811 1756652
-13810 1732670
-13809 1720194
-13808 1729948
-13807 1702945
-13806 1659769
-13805 1672578
-13804 1671330
-13803 1675440
-13802 1652675
-13801 1637355
-13800 1683768
-13799 1645708
-13798 1681535
-13797 1671125
-13796 1685277
-13795 1687172
-13794 1665476
-13793 1668273
-13792 1663464
-13791 1623621
-13790 1651004
-13789 1624731
-13788 1635791
-13787 1627721
-13786 1612477
-13785 1615483
-13784 1603881
-13783 1628964
-13782 1625292
-13781 1591699
-13780 1611248
-13779 1580259
-13778 1609868
-13777 1593564
-13776 1606572
-13775 1589194
-13774 1625672
-13773 1602594
-13772 1595611
-13771 1593588
-13770 1596859
-13769 1595516
-13768 1585890
-13767 1570882
-13766 1565805
-13765 1578498
-13764 1582278
-13763 1571437
-13762 1582066
-13761 1562902
-13760 1581531
-13759 1541788
-13758 1563231
-13757 1530868
-13756 1507709
-13755 1558677
-13754 1522939
-13753 1477798
-13752 1463832
-13751 1437678
-13750 1435522
-13749 1445251
-13748 1433718
-13747 1426451
-13746 1416878
-13745 1407210
-13744 1393283
-13743 1382903
-13742 1392108
-13741 1390576
-13740 1367582
-13739 1372274
-13738 1356990
-13737 1368880
-13736 1359504
-13735 1347967
-13734 1360287
-13733 1373592
-13732 1378635
-13731 1377381
-13730 1377300
-13729 1373645
-13728 1352928
-13727 1400397
-13726 1375278
-13725 1354592
-13724 1360620
-13723 1353932
-13722 1320113
-13721 1349277
-13720 1315717
-13719 1319878
-13718 1326272
-13717 1317731
-13716 1306429
-13715 1307472
-13714 1282123
-13713 1321284
-13712 1292153
-13711 1317283
-13710 1303412
-13709 1328228
-13708 1322794
-13707 1307057
-13706 1333465
-13705 1330259
-13704 1330395
-13703 1313334
-13702 1314191
-13701 1299210
-13700 1351129
-13699 1313459
-13698 1290313
-13697 1273899
-13696 1262276
-13695 1262960
-13694 1250988
-13693 1264384
-13692 1282844
-13691 1266853
-13690 1272529
-13689 1261509
-13688 1248220
-13687 1256738
-13686 1233324
-13685 1219676
-13684 1208013
-13683 1229771
-13682 1193068
-13681 1216543
-13680 1228889
-13679 1210111
-13678 1226901
-13677 1206231
-13676 1194109
-13675 1210596
-13674 1195450
-13673 1202322
-13672 1193911
-13671 1210599
-13670 1185818
-13669 1179516
-13668 1183125
-13667 1159187
-13666 1156871
-13665 1160379
-13664 1172204
-13663 1154413
-13662 1129384
-13661 1125087
-13660 1128845
-13659 1143952
-13658 1139866
-13657 1131298
-13656 1127131
-13655 1136052
-13654 1148073
-13653 1162568
-13652 1157169
-13651 1146250
-13650 1146983
-13649 1143134
-13648 1141041
-13647 1147370
-13646 1135470
-13645 1145994
-13644 1119912
-13643 1122232
-13642 1147164
-13641 1123802
-13640 1109029
-13639 1130977
-13638 1113159
-13637 1120817
-13636 1096666
-13635 1087884
-13634 1097580
-13633 1071608
-13632 1078840
-13631 1074290
-13630 1054334
-13629 1031927
-13628 1023904
-13627 1026456
-13626 1001649
-13625 1001683
-13624 1001256
-13623 1006389
-13622 1003692
-13621 983121
-13620 978334
-13619 976117
-13618 965683
-13617 981380
-13616 962763
-13615 947658
-13614 945650
-13613 937723
-13612 955351
-13611 939325
-13610 960200
-13609 934158
-13608 937810
-13607 929012
-13606 930958
-13605 929252
-13604 913923
-13603 937981
-13602 918357
-13601 948483
-13600 925559
-13599 928794
-13598 907935
-13597 917731
-13596 922049
-13595 924007
-13594 926486
-13593 908386
-13592 921799
-13591 904146
-13590 903201
-13589 900084
-13588 909931
-13587 875629
-13586 907880
-13585 861386
-13584 864522
-13583 857273
-13582 874925
-13581 868764
-13580 881438
-13579 861907
-13578 856755
-13577 847252
-13576 831290
-13575 826760
-13574 820729
-13573 834400
-13572 819429
-13571 812099
-13570 822048
-13569 828320
-13568 823939
-13567 826889
-13566 803131
-13565 803362
-13564 826861
-13563 821504
-13562 819402
-13561 822071
-13560 827208
-13559 830354
-13558 841830
-13557 841345
-13556 844499
-13555 849228
-13554 859715
-13553 851276
-13552 850896
-13551 846605
-13550 842481
-13549 839389
-13548 835858
-13547 817017
-13546 811875
-13545 817959
-13544 816866
-13543 818593
-13542 797315
-13541 807017
-13540 798469
-13539 793112
-13538 804896
-13537 775041
-13536 785401
-13535 767648
-13534 758721
-13533 773133
-13532 753526
-13531 749982
-13530 743720
-13529 748130
-13528 733023
-13527 739270
-13526 721317
-13525 717768
-13524 718344
-13523 729132
-13522 722868
-13521 698503
-13520 711252
-13519 698486
-13518 712418
-13517 690677
-13516 692360
-13515 708597
-13514 699355
-13513 682057
-13512 693741
-13511 676037
-13510 666867
-13509 658987
-13508 663540
-13507 657370
-13506 658141
-13505 660093
-13504 653291
-13503 650408
-13502 638329
-13501 653658
-13500 652151
-13499 631286
-13498 609369
-13497 619729
-13496 614377
-13495 601184
-13494 597750
-13493 607852
-13492 597565
-13491 561439
-13490 560444
-13489 556901
-13488 557200
-13487 525371
-13486 534090
-13485 510274
-13484 497609
-13483 503552
-13482 499351
-13481 474066
-13480 474961
-13479 467557
-13478 465052
-13477 449481
-13476 434777
-13475 417154
-13474 409985
-13473 406827
-13472 398451
-13471 379711
-13470 391028
-13469 393153
-13468 375990
-13467 372595
-13466 384171
-13465 378279
-13464 374937
-13463 373391
-13462 365858
-13461 365796
-13460 358736
-13459 371830
-13458 353199
-13457 349819
-13456 338033
-13455 351815
-13454 333249
-13453 329702
-13452 327590
-13451 325627
-13450 330271
-13449 335825
-13448 316137
-13447 306517
-13446 303454
-13445 286404
-13444 295194
-13443 293520
-13442 294807
-13441 276660
-13440 268950
-13439 276725
-13438 257915
-13437 242500
-13436 256716
-13435 234631
-13434 233877
-13433 220521
-13432 219350
-13431 213875
-13430 206368
-13429 211062
-13428 209914
-13427 212903
-13426 204507
-13425 199581
-13424 204094
-13423 200434
-13422 193584
-13421 192293
-13420 199245
-13419 203677
-13418 202284
-13417 199711
-13416 198190
-13415 195317
-13414 194383
-13413 189825
-13412 188644
-13411 187343
-13410 186984
-13409 190891
-13408 190197
-13407 182326
-13406 179763
-13405 169990
-13404 169249
-13403 163063
-13402 160586
-13401 169014
-13400 166523
-13399 172729
-13398 175327
-13397 174170
-13396 169409
-13395 172715
-13394 182643
-13393 179893
-13392 180054
-13391 174585
-13390 169128
-13389 172884
-13388 170852
-13387 170065
-13386 175407
-13385 168825
-13384 162259
-13383 169944
-13382 170771
-13381 176184
-13380 167461
-13379 173552
-13378 169832
-13377 162535
-13376 161300
-13375 163153
-13374 157292
-13373 160666
-13372 160181
-13371 159078
-13370 152511
-13369 152859
-13368 144270
-13367 141266
-13366 135256
-13365 137966
-13364 127910
-13363 124297
-13362 125198
-13361 126035
-13360 117251
-13359 118182
-13358 111470
-13357 115578
-13356 108242
-13355 113971
-13354 108411
-13353 101267
-13352 102267
-13351 102606
-13350 97879
-13349 101161
-13348 94873
-13347 88657
-13346 86806
-13345 88153
-13344 82337
-13343 86135
-13342 79757
-13341 82391
-13340 77419
-13339 72396
-13338 69822
-13337 70309
-13336 69804
-13335 65440
-13334 65255
-13333 66208
-13332 63059
-13331 61742
-13330 63097
-13329 61547
-13328 62162
-13327 64463
-13326 58847
-13325 56317
-13324 53244
-13323 58749
-13322 54612
-13321 49541
-13320 52454
-13319 56033
-13318 52989
-13317 51665
-13316 51689
-13315 51994
-13314 54759
-13313 56765
-13312 52733
-13311 55330
-13310 53059
-13309 51564
-13308 49097
-13307 49063
-13306 48581
-13305 47188
-13304 52716
-13303 47408
-13302 51934
-13301 47218
-13300 45212
-13299 50245
-13298 45493
-13297 50271
-13296 42704
-13295 46208
-13294 37987
-13293 43400
-13292 42411
-13291 43104
-13290 40748
-13289 41916
-13288 41283
-13287 41420
-13286 37362
-13285 36069
-13284 35585
-13283 40065
-13282 39427
-13281 38551
-13280 46934
-13279 40830
-13278 45712
-13277 45649
-13276 46348
-13275 46402
-13274 45920
-13273 49448
-13272 51187
-13271 50823
-13270 53004
-13269 56066
-13268 51643
-13267 56453
-13266 54185
-13265 57579
-13264 52911
-13263 53329
-13262 52082
-13261 50466
-13260 50099
-13259 47554
-13258 46995
-13257 41909
-13256 40980
-13255 43873
-13254 46227
-13253 47420
-13252 44035
-13251 44553
-13250 45051
-13249 44035
-13248 48445
-13247 44999
-13246 46273
-13245 50327
-13244 53090
-13243 52975
-13242 52433
-13241 51717
-13240 50754
-13239 52233
-13238 50924
-13237 48134
-13236 49922
-13235 46623
-13234 44877
-13233 45227
-13232 41348
-13231 38903
-13230 39971
-13229 38033
-13228 38577
-13227 38813
-13226 34899
-13225 38036
-13224 36046
-13223 32608
-13222 38987
-13221 42380
-13220 43565
-13219 38827
-13218 44744
-13217 47080
-13216 42241
-13215 41785
-13214 42043
-13213 41976
-13212 45723
-13211 47215
-13210 49105
-13209 48993
-13208 49210
-13207 48846
-13206 55083
-13205 51190
-13204 56926
-13203 54357
-13202 57663
-13201 57378
-13200 57773
-13199 58988
-13198 66494
-13197 68327
-13196 64995
-13195 62857
-13194 71214
-13193 64355
-13192 64893
-13191 70455
-13190 70002
-13189 67614
-13188 73676
-13187 72402
-13186 70424
-13185 69240
-13184 76930
-13183 84008
-13182 81995
-13181 77880
-13180 84260
-13179 84918
-13178 85673
-13177 86555
-13176 89493
-13175 87221
-13174 85346
-13173 91122
-13172 84088
-13171 94760
-13170 94704
-13169 90751
-13168 93514
-13167 91223
-13166 99845
-13165 92193
-13164 92082
-13163 81628
-13162 93764
-13161 87815
-13160 99901
-13159 106800
-13158 92699
-13157 88970
-13156 82174
-13155 85916
-13154 81530
-13153 89843
-13152 93998
-13151 96580
-13150 93701
-13149 94543
-13148 100070
-13147 100730
-13146 114293
-13145 116450
-13144 119321
-13143 127325
-13142 122161
-13141 135547
-13140 130203
-13139 136288
-13138 127966
-13137 123502
-13136 134124
-13135 138331
-13134 137938
-13133 139320
-13132 142782
-13131 139405
-13130 139772
-13129 135550
-13128 140729
-13127 136375
-13126 142465
-13125 143292
-13124 143415
-13123 128776
-13122 134518
-13121 132609
-13120 126443
-13119 118380
-13118 131784
-13117 129595
-13116 130051
-13115 139859
-13114 135949
-13113 131857
-13112 134362
-13111 142801
-13110 141133
-13109 138005
-13108 145979
-13107 145782
-13106 137322
-13105 138863
-13104 134179
-13103 152340
-13102 153818
-13101 153997
-13100 151210
-13099 163068
-13098 163503
-13097 161146
-13096 173356
-13095 173727
-13094 175904
-13093 188636
-13092 177773
-13091 182715
-13090 189077
-13089 200355
-13088 200080
-13087 193383
-13086 201509
-13085 206858
-13084 205165
-13083 211914
-13082 201754
-13081 207311
-13080 203522
-13079 208467
-13078 213846
-13077 215869
-13076 210034
-13075 213382
-13074 211217
-13073 211443
-13072 215910
-13071 215738
-13070 229098
-13069 224883
-13068 228980
-13067 230730
-13066 231489
-13065 241617
-13064 248063
-13063 240095
-13062 243930
-13061 222952
-13060 226716
-13059 237626
-13058 226242
-13057 227469
-13056 230640
-13055 239173
-13054 239048
-13053 256077
-13052 239018
-13051 244602
-13050 240132
-13049 257905
-13048 254979
-13047 257551
-13046 249341
-13045 247621
-13044 254199
-13043 256256
-13042 272698
-13041 273278
-13040 280566
-13039 285838
-13038 297531
-13037 291800
-13036 298611
-13035 295417
-13034 304781
-13033 306759
-13032 310103
-13031 333326
-13030 318858
-13029 324129
-13028 333151
-13027 314429
-13026 322955
-13025 313515
-13024 324149
-13023 325217
-13022 343087
-13021 335729
-13020 338221
-13019 338685
-13018 339562
-13017 330410
-13016 330927
-13015 345686
-13014 331512
-13013 338553
-13012 340022
-13011 351958
-13010 329918
-13009 339591
-13008 353096
-13007 349902
-13006 359054
-13005 358971
-13004 362258
-13003 353130
-13002 367325
-13001 354914
-13000 363255
-12999 367311
-12998 367768
-12997 367282
-12996 362842
-12995 383673
-12994 397327
-12993 385857
-12992 387856
-12991 401996
-12990 395908
-12989 395927
-12988 386947
-12987 391683
-12986 390022
-12985 400165
-12984 417695
-12983 415187
-12982 412842
-12981 405131
-12980 428112
-12979 413074
-12978 429616
-12977 427391
-12976 430251
-12975 437784
-12974 440613
-12973 444042
-12972 441052
-12971 451922
-12970 480002
-12969 471640
-12968 492562
-12967 491689
-12966 482079
-12965 477748
-12964 489760
-12963 492763
-12962 488773
-12961 475955
-12960 481452
-12959 487233
-12958 484933
-12957 507125
-12956 481484
-12955 489811
-12954 506549
-12953 488526
-12952 504001
-12951 505346
-12950 513439
-12949 517887
-12948 518588
-12947 528285
-12946 543718
-12945 542052
-12944 534748
-12943 550556
-12942 540133
-12941 544081
-12940 554227
-12939 554539
-12938 572896
-12937 589341
-12936 590548
-12935 612238
-12934 623512
-12933 625510
-12932 642846
-12931 641334
-12930 632515
-12929 651360
-12928 640461
-12927 646056
-12926 649989
-12925 650613
-12924 676156
-12923 680368
-12922 676467
-12921 690311
-12920 699958
-12919 686790
-12918 675383
-12917 699849
-12916 718232
-12915 711316
-12914 728792
-12913 742705
-12912 774392
-12911 765694
-12910 802201
-12909 771804
-12908 777181
-12907 794615
-12906 814413
-12905 807308
-12904 822960
-12903 825796
-12902 839406
-12901 856452
-12900 856297
-12899 829059
-12898 809161
-12897 824133
-12896 820320
-12895 843277
-12894 849916
-12893 861132
-12892 867196
-12891 879128
-12890 925769
-12889 936056
-12888 936206
-12887 976881
-12886 987528
-12885 972360
-12884 975266
-12883 1003351
-12882 1000749
-12881 1009859
-12880 1003747
-12879 1025641
-12878 1005582
-12877 1013034
-12876 1030003
-12875 1033320
-12874 1028924
-12873 1063017
-12872 1054160
-12871 1031938
-12870 1045190
-12869 1060279
-12868 1051800
-12867 1063026
-12866 1046304
-12865 1058901
-12864 1075058
-12863 1068021
-12862 1087907
-12861 1065775
-12860 1064608
-12859 1051373
-12858 1096846
-12857 1066516
-12856 1075208
-12855 1103548
-12854 1095035
-12853 1106423
-12852 1105312
-12851 1103089
-12850 1113488
-12849 1115819
-12848 1117356
-12847 1112817
-12846 1108664
-12845 1138299
-12844 1141388
-12843 1156533
-12842 1149173
-12841 1153172
-12840 1147181
-12839 1163962
-12838 1153370
-12837 1152170
-12836 1149586
-12835 1154073
-12834 1142754
-12833 1166744
-12832 1163450
-12831 1179586
-12830 1168254
-12829 1150945
-12828 1188161
-12827 1185090
-12826 1166151
-12825 1168951
-12824 1144943
-12823 1151027
-12822 1170163
-12821 1175039
-12820 1201029
-12819 1191723
-12818 1159714
-12817 1167361
-12816 1162092
-12815 1209889
-12814 1191991
-12813 1164490
-12812 1205992
-12811 1203315
-12810 1208709
-12809 1212542
-12808 1232943
-12807 1210532
-12806 1200253
-12805 1220906
-12804 1211614
-12803 1231221
-12802 1237796
-12801 1260882
-12800 1267695
-12799 1257675
-12798 1257306
-12797 1276979
-12796 1263170
-12795 1260481
-12794 1270919
-12793 1322350
-12792 1274739
-12791 1259411
-12790 1278753
-12789 1316258
-12788 1326243
-12787 1330425
-12786 1331110
-12785 1362424
-12784 1345409
-12783 1375094
-12782 1373114
-12781 1367380
-12780 1375452
-12779 1389665
-12778 1387188
-12777 1384297
-12776 1395138
-12775 1386581
-12774 1385381
-12773 1412657
-12772 1409616
-12771 1423659
-12770 1446159
-12769 1438032
-12768 1442137
-12767 1452780
-12766 1458405
-12765 1480410
-12764 1483250
-12763 1500520
-12762 1530620
-12761 1546698
-12760 1518657
-12759 1514230
-12758 1547006
-12757 1513464
-12756 1519774
-12755 1494907
-12754 1518276
-12753 1503464
-12752 1504312
-12751 1486566
-12750 1479187
-12749 1477896
-12748 1469962
-12747 1465294
-12746 1479688
-12745 1480066
-12744 1473721
-12743 1498031
-12742 1492440
-12741 1496632
-12740 1521331
-12739 1544666
-12738 1538248
-12737 1550918
-12736 1550264
-12735 1551483
-12734 1574874
-12733 1591854
-12732 1578417
-12731 1598242
-12730 1585152
-12729 1619750
-12728 1616010
-12727 1621119
-12726 1632782
-12725 1667702
-12724 1632045
-12723 1649325
-12722 1659272
-12721 1625820
-12720 1615529
-12719 1641659
-12718 1632013
-12717 1641294
-12716 1629153
-12715 1620826
-12714 1622676
-12713 1651672
-12712 1632113
-12711 1647854
-12710 1633827
-12709 1663665
-12708 1657605
-12707 1639950
-12706 1676109
-12705 1661399
-12704 1655001
-12703 1685722
-12702 1666118
-12701 1664967
-12700 1634751
-12699 1665153
-12698 1670806
-12697 1667913
-12696 1681552
-12695 1702216
-12694 1682881
-12693 1718187
-12692 1703249
-12691 1725639
-12690 1706556
-12689 1740217
-12688 1696733
-12687 1725738
-12686 1757295
-12685 1730329
-12684 1753848
-12683 1720773
-12682 1715403
-12681 1755372
-12680 1703550
-12679 1688120
-12678 1721354
-12677 1698610
-12676 1716213
-12675 1698421
-12674 1695676
-12673 1703735
-12672 1706116
-12671 1720629
-12670 1700777
-12669 1692072
-12668 1701615
-12667 1719851
-12666 1723141
-12665 1735699
-12664 1742275
-12663 1733363
-12662 1746711
-12661 1749417
-12660 1770523
-12659 1755524
-12658 1734086
-12657 1732467
-12656 1728986
-12655 1715874
-12654 1714151
-12653 1730536
-12652 1717010
-12651 1779640
-12650 1757537
-12649 1769802
-12648 1794777
-12647 1758655
-12646 1775491
-12645 1763390
-12644 1794818
-12643 1790023
-12642 1790157
-12641 1804902
-12640 1782909
-12639 1781822
-12638 1769776
-12637 1824857
-12636 1807009
-12635 1800973
-12634 1822889
-12633 1793434
-12632 1829897
-12631 1804299
-12630 1783132
-12629 1805281
-12628 1797341
-12627 1786777
-12626 1804325
-12625 1809010
-12624 1816597
-12623 1839148
-12622 1826124
-12621 1788376
-12620 1828908
-12619 1800214
-12618 1814291
-12617 1806757
-12616 1821942
-12615 1787900
-12614 1814713
-12613 1764335
-12612 1763845
-12611 1747109
-12610 1766558
-12609 1747101
-12608 1750507
-12607 1771803
-12606 1781930
-12605 1745905
-12604 1768670
-12603 1769979
-12602 1754209
-12601 1755900
-12600 1787305
-12599 1772424
-12598 1780938
-12597 1757697
-12596 1769534
-12595 1775606
-12594 1745153
-12593 1751241
-12592 1743845
-12591 1756933
-12590 1734145
-12589 1741660
-12588 1778474
-12587 1738479
-12586 1710013
-12585 1719335
-12584 1690865
-12583 1675076
-12582 1684856
-12581 1666897
-12580 1691342
-12579 1696214
-12578 1661408
-12577 1648142
-12576 1656204
-12575 1629000
-12574 1645558
-12573 1616757
-12572 1563795
-12571 1579637
-12570 1557070
-12569 1549243
-12568 1567184
-12567 1552655
-12566 1585205
-12565 1555716
-12564 1531876
-12563 1539747
-12562 1532974
-12561 1523808
-12560 1491221
-12559 1460228
-12558 1498063
-12557 1465428
-12556 1464300
-12555 1474859
-12554 1428585
-12553 1444152
-12552 1469085
-12551 1461634
-12550 1426061
-12549 1438018
-12548 1418363
-12547 1436722
-12546 1427847
-12545 1453891
-12544 1423372
-12543 1426444
-12542 1414190
-12541 1398276
-12540 1385602
-12539 1396571
-12538 1359722
-12537 1358699
-12536 1341913
-12535 1345259
-12534 1339850
-12533 1326225
-12532 1306879
-12531 1296083
-12530 1287517
-12529 1281139
-12528 1280082
-12527 1264906
-12526 1269221
-12525 1263570
-12524 1241307
-12523 1246085
-12522 1257407
-12521 1231867
-12520 1249800
-12519 1245848
-12518 1235396
-12517 1223975
-12516 1229397
-12515 1228535
-12514 1207524
-12513 1212708
-12512 1191726
-12511 1169049
-12510 1166818
-12509 1174949
-12508 1175971
-12507 1158812
-12506 1161673
-12505 1122770
-12504 1158195
-12503 1140897
-12502 1116372
-12501 1131582
-12500 1138300
-12499 1097414
-12498 1082029
-12497 1073022
-12496 1067006
-12495 1090682
-12494 1057173
-12493 1040053
-12492 1043836
-12491 1048134
-12490 1021934
-12489 1015764
-12488 1010635
-12487 981141
-12486 981509
-12485 966399
-12484 947086
-12483 948823
-12482 920159
-12481 911197
-12480 902559
-12479 875217
-12478 886628
-12477 894847
-12476 881824
-12475 864285
-12474 834651
-12473 836484
-12472 826889
-12471 832360
-12470 815309
-12469 812490
-12468 805096
-12467 788310
-12466 753564
-12465 769100
-12464 763295
-12463 750281
-12462 751265
-12461 729188
-12460 743406
-12459 732187
-12458 721381
-12457 704152
-12456 687851
-12455 698450
-12454 693900
-12453 687548
-12452 699564
-12451 675089
-12450 674191
-12449 681608
-12448 666987
-12447 663418
-12446 661971
-12445 670637
-12444 649994
-12443 654061
-12442 642904
-12441 631791
-12440 629286
-12439 609681
-12438 609977
-12437 596772
-12436 598348
-12435 593801
-12434 593466
-12433 598315
-12432 586457
-12431 586571
-12430 574808
-12429 586375
-12428 573278
-12427 578924
-12426 569317
-12425 563133
-12424 573076
-12423 565798
-12422 540315
-12421 531639
-12420 523668
-12419 530958
-12418 520122
-12417 523902
-12416 512363
-12415 509805
-12414 512916
-12413 503834
-12412 499044
-12411 492133
-12410 493959
-12409 489537
-12408 492062
-12407 508823
-12406 489483
-12405 479376
-12404 472501
-12403 480008
-12402 463468
-12401 460704
-12400 471483
-12399 468005
-12398 448809
-12397 455462
-12396 431257
-12395 427935
-12394 427215
-12393 411189
-12392 402173
-12391 404294
-12390 408358
-12389 395373
-12388 403790
-12387 406137
-12386 409501
-12385 410822
-12384 402346
-12383 410658
-12382 407309
-12381 415930
-12380 414667
-12379 405528
-12378 419096
-12377 398778
-12376 397473
-12375 397267
-12374 395955
-12373 372870
-12372 380343
-12371 379198
-12370 384900
-12369 367183
-12368 356189
-12367 345889
-12366 349085
-12365 344431
-12364 344085
-12363 326623
-12362 319934
-12361 309982
-12360 322776
-12359 315407
-12358 307144
-12357 298928
-12356 316455
-12355 289784
-12354 296681
-12353 286661
-12352 289332
-12351 279659
-12350 282572
-12349 276650
-12348 271183
-12347 264888
-12346 265969
-12345 263480
-12344 249208
-12343 255679
-12342 259199
-12341 244175
-12340 237420
-12339 245250
-12338 244292
-12337 235122
-12336 249674
-12335 250764
-12334 251439
-12333 238194
-12332 234312
-12331 228760
-12330 234022
-12329 226121
-12328 210612
-12327 216191
-12326 219294
-12325 222768
-12324 208154
-12323 214714
-12322 214811
-12321 202258
-12320 195915
-12319 199503
-12318 188956
-12317 197472
-12316 194989
-12315 201766
-12314 192884
-12313 193793
-12312 187898
-12311 188494
-12310 181700
-12309 184841
-12308 189613
-12307 192999
-12306 188615
-12305 180267
-12304 181617
-12303 179397
-12302 168083
-12301 170335
-12300 173351
-12299 176582
-12298 172350
-12297 165453
-12296 165644
-12295 167974
-12294 160338
-12293 163407
-12292 168375
-12291 163441
-12290 176677
-12289 165752
-12288 160393
-12287 153073
-12286 157427
-12285 154000
-12284 150686
-12283 143156
-12282 146961
-12281 140061
-12280 142093
-12279 140932
-12278 136292
-12277 137749
-12276 145883
-12275 135863
-12274 131747
-12273 132106
-12272 138115
-12271 127719
-12270 129352
-12269 123456
-12268 127597
-12267 133258
-12266 139293
-12265 135193
-12264 143021
-12263 138383
-12262 144665
-12261 133795
-12260 143439
-12259 146726
-12258 146659
-12257 150080
-12256 144877
-12255 144038
-12254 143971
-12253 141476
-12252 136609
-12251 143031
-12250 130739
-12249 133095
-12248 130072
-12247 127928
-12246 122465
-12245 123386
-12244 120773
-12243 123022
-12242 107260
-12241 120881
-12240 115287
-12239 120527
-12238 118581
-12237 114887
-12236 115552
-12235 115366
-12234 118363
-12233 110017
-12232 110312
-12231 118739
-12230 114244
-12229 121595
-12228 122833
-12227 122510
-12226 117629
-12225 116143
-12224 121251
-12223 121318
-12222 126943
-12221 125211
-12220 126007
-12219 131019
-12218 129071
-12217 130513
-12216 138917
-12215 130941
-12214 140785
-12213 135952
-12212 140649
-12211 142661
-12210 149318
-12209 152137
-12208 155724
-12207 158226
-12206 155841
-12205 164975
-12204 161009
-12203 161377
-12202 158787
-12201 160416
-12200 154682
-12199 167107
-12198 161093
-12197 172434
-12196 168223
-12195 164997
-12194 163906
-12193 160916
-12192 160759
-12191 159296
-12190 174381
-12189 165948
-12188 161464
-12187 163867
-12186 161127
-12185 171234
-12184 171184
-12183 166077
-12182 179603
-12181 173798
-12180 171384
-12179 172371
-12178 175004
-12177 165680
-12176 164786
-12175 168074
-12174 171316
-12173 168985
-12172 177391
-12171 172312
-12170 173747
-12169 170370
-12168 176761
-12167 173380
-12166 182744
-12165 168129
-12164 173635
-12163 177265
-12162 180819
-12161 183977
-12160 179446
-12159 173324
-12158 177749
-12157 189279
-12156 176782
-12155 177297
-12154 179913
-12153 174004
-12152 185637
-12151 186474
-12150 185355
-12149 185571
-12148 196856
-12147 207891
-12146 200462
-12145 200146
-12144 209421
-12143 201420
-12142 194626
-12141 196574
-12140 216302
-12139 213133
-12138 209810
-12137 205584
-12136 212534
-12135 212095
-12134 211956
-12133 218455
-12132 226185
-12131 215263
-12130 216077
-12129 222663
-12128 226257
-12127 217110
-12126 220481
-12125 221865
-12124 223894
-12123 219151
-12122 219184
-12121 220430
-12120 218649
-12119 215174
-12118 215604
-12117 215622
-12116 207374
-12115 220241
-12114 217600
-12113 214458
-12112 225113
-12111 211710
-12110 220240
-12109 230497
-12108 230881
-12107 230984
-12106 233648
-12105 231655
-12104 236625
-12103 241236
-12102 240647
-12101 246040
-12100 256015
-12099 250467
-12098 252323
-12097 237418
-12096 238585
-12095 231985
-12094 241877
-12093 238632
-12092 224226
-12091 240253
-12090 244710
-12089 235182
-12088 245388
-12087 239262
-12086 233322
-12085 242101
-12084 242760
-12083 240626
-12082 242859
-12081 238013
-12080 244754
-12079 235338
-12078 229244
-12077 224992
-12076 232700
-12075 230759
-12074 240224
-12073 248290
-12072 235757
-12071 240217
-12070 246476
-12069 248488
-12068 251988
-12067 261581
-12066 271146
-12065 254332
-12064 272796
-12063 268318
-12062 277620
-12061 275443
-12060 276665
-12059 279884
-12058 275888
-12057 275142
-12056 284691
-12055 294946
-12054 295272
-12053 303840
-12052 305752
-12051 307552
-12050 310564
-12049 308710
-12048 290240
-12047 291423
-12046 311719
-12045 304001
-12044 299893
-12043 309972
-12042 303538
-12041 313603
-12040 316822
-12039 316913
-12038 315418
-12037 325524
-12036 322995
-12035 320369
-12034 316344
-12033 306452
-12032 297446
-12031 304245
-12030 305263
-12029 308355
-12028 287815
-12027 293161
-12026 287471
-12025 296910
-12024 292685
-12023 294264
-12022 296826
-12021 291063
-12020 280957
-12019 302737
-12018 304512
-12017 301530
-12016 296418
-12015 321304
-12014 310810
-12013 312776
-12012 315334
-12011 310995
-12010 324065
-12009 316455
-12008 310012
-12007 303391
-12006 301527
-12005 299988
-12004 308844
-12003 321816
-12002 313208
-12001 303865
-12000 300462
-11999 300234
-11998 303756
-11997 312169
-11996 311182
-11995 310645
-11994 305981
-11993 317497
-11992 316121
-11991 305720
-11990 303672
-11989 320681
-11988 324169
-11987 317397
-11986 315312
-11985 311994
-11984 314877
-11983 313912
-11982 312154
-11981 306651
-11980 317315
-11979 333052
-11978 320196
-11977 323680
-11976 323623
-11975 336746
-11974 335868
-11973 341224
-11972 341324
-11971 350257
-11970 350976
-11969 360828
-11968 363670
-11967 345277
-11966 353920
-11965 354310
-11964 347745
-11963 349307
-11962 341583
-11961 356323
-11960 352442
-11959 344491
-11958 357272
-11957 350022
-11956 354703
-11955 362826
-11954 367482
-11953 367804
-11952 382426
-11951 384893
-11950 382708
-11949 383288
-11948 379649
-11947 380049
-11946 378303
-11945 369277
-11944 363339
-11943 380562
-11942 375779
-11941 374809
-11940 371030
-11939 365546
-11938 381925
-11937 389009
-11936 394013
-11935 388587
-11934 393105
-11933 380088
-11932 405438
-11931 404254
-11930 407039
-11929 404051
-11928 412472
-11927 419808
-11926 417865
-11925 417178
-11924 427638
-11923 435042
-11922 431812
-11921 447469
-11920 450628
-11919 474397
-11918 473943
-11917 472738
-11916 468130
-11915 477843
-11914 484566
-11913 481115
-11912 481708
-11911 478282
-11910 491775
-11909 491806
-11908 475952
-11907 495824
-11906 500581
-11905 497050
-11904 503736
-11903 503436
-11902 504549
-11901 521610
-11900 515482
-11899 518946
-11898 534417
-11897 544471
-11896 538386
-11895 538364
-11894 561731
-11893 566763
-11892 567002
-11891 582339
-11890 558436
-11889 568290
-11888 567566
-11887 576420
-11886 566794
-11885 582328
-11884 590531
-11883 582570
-11882 571455
-11881 591431
-11880 603173
-11879 588612
-11878 590538
-11877 608575
-11876 613890
-11875 620546
-11874 620332
-11873 627917
-11872 634091
-11871 640224
-11870 643505
-11869 670791
-11868 670396
-11867 670313
-11866 683237
-11865 678568
-11864 679493
-11863 708222
-11862 694885
-11861 697745
-11860 701366
-11859 695600
-11858 701747
-11857 697092
-11856 681639
-11855 708675
-11854 696487
-11853 744976
-11852 718618
-11851 728640
-11850 736248
-11849 756377
-11848 752208
-11847 745600
-11846 754677
-11845 760733
-11844 749071
-11843 770445
-11842 750514
-11841 767454
-11840 747560
-11839 757545
-11838 744244
-11837 760727
-11836 787477
-11835 769985
-11834 794490
-11833 793457
-11832 806609
-11831 802743
-11830 818281
-11829 818407
-11828 820981
-11827 816909
-11826 838367
-11825 869656
-11824 859365
-11823 849137
-11822 864951
-11821 879217
-11820 874317
-11819 889603
-11818 873395
-11817 889649
-11816 859500
-11815 852456
-11814 903318
-11813 901837
-11812 877749
-11811 899863
-11810 904735
-11809 937114
-11808 941186
-11807 921833
-11806 940338
-11805 972790
-11804 966900
-11803 1013633
-11802 1002112
-11801 975980
-11800 1000469
-11799 1002022
-11798 1010151
-11797 988551
-11796 991224
-11795 1018258
-11794 986118
-11793 1001090
-11792 997737
-11791 988926
-11790 1013150
-11789 1038024
-11788 1040363
-11787 1054487
-11786 1039445
-11785 1057384
-11784 1070168
-11783 1061739
-11782 1081325
-11781 1062704
-11780 1058697
-11779 1065857
-11778 1058392
-11777 1083677
-11776 1057029
-11775 1060340
-11774 1036632
-11773 1047647
-11772 1026630
-11771 1032999
-11770 1056159
-11769 1076641
-11768 1049767
-11767 1059532
-11766 1072998
-11765 1086801
-11764 1072858
-11763 1068155
-11762 1084851
-11761 1063085
-11760 1063983
-11759 1064785
-11758 1090421
-11757 1077014
-11756 1095322
-11755 1062922
-11754 1066945
-11753 1032548
-11752 1050602
-11751 1023169
-11750 1049209
-11749 1060387
-11748 1046444
-11747 1058256
-11746 1052469
-11745 1044298
-11744 1057911
-11743 1085027
-11742 1066276
-11741 1045389
-11740 1050570
-11739 1061031
-11738 1040490
-11737 1061701
-11736 1049440
-11735 1035765
-11734 1039853
-11733 1027797
-11732 1046078
-11731 1059338
-11730 1059327
-11729 1083354
-11728 1073998
-11727 1089353
-11726 1100348
-11725 1091517
-11724 1132207
-11723 1126400
-11722 1123100
-11721 1103455
-11720 1090974
-11719 1109923
-11718 1092930
-11717 1092183
-11716 1109994
-11715 1152225
-11714 1100391
-11713 1105288
-11712 1090436
-11711 1086593
-11710 1110363
-11709 1112831
-11708 1125524
-11707 1111798
-11706 1132316
-11705 1111618
-11704 1127587
-11703 1126209
-11702 1121151
-11701 1121280
-11700 1136996
-11699 1129631
-11698 1115490
-11697 1129896
-11696 1112840
-11695 1121897
-11694 1116096
-11693 1130508
-11692 1118546
-11691 1100289
-11690 1105168
-11689 1106282
-11688 1102095
-11687 1128334
-11686 1116945
-11685 1110517
-11684 1100469
-11683 1102530
-11682 1137084
-11681 1137809
-11680 1121708
-11679 1132204
-11678 1121884
-11677 1110499
-11676 1113354
-11675 1100339
-11674 1123024
-11673 1101123
-11672 1096503
-11671 1085471
-11670 1092421
-11669 1112231
-11668 1081228
-11667 1101581
-11666 1102133
-11665 1097791
-11664 1109826
-11663 1087263
-11662 1081686
-11661 1092964
-11660 1095771
-11659 1088122
-11658 1053548
-11657 1076942
-11656 1048948
-11655 1038453
-11654 1043557
-11653 1040277
-11652 1045249
-11651 1025795
-11650 1035581
-11649 1030535
-11648 1041625
-11647 1041992
-11646 1033656
-11645 1030532
-11644 1020154
-11643 1028289
-11642 1053978
-11641 1025788
-11640 1026847
-11639 1015528
-11638 1018632
-11637 997357
-11636 1003791
-11635 985424
-11634 978160
-11633 973782
-11632 953945
-11631 972491
-11630 955600
-11629 967339
-11628 961601
-11627 980565
-11626 986114
-11625 987038
-11624 981419
-11623 964134
-11622 980085
-11621 981702
-11620 984101
-11619 965251
-11618 942501
-11617 941979
-11616 941088
-11615 946845
-11614 941605
-11613 946806
-11612 925144
-11611 906467
-11610 907936
-11609 887745
-11608 876904
-11607 870107
-11606 850720
-11605 869071
-11604 862493
-11603 858580
-11602 853090
-11601 851715
-11600 844118
-11599 826873
-11598 798728
-11597 811585
-11596 781590
-11595 789693
-11594 773096
-11593 746905
-11592 776706
-11591 752461
-11590 738587
-11589 719247
-11588 709882
-11587 700747
-11586 700040
-11585 685242
-11584 689093
-11583 672187
-11582 664998
-11581 694916
-11580 668889
-11579 666639
-11578 639217
-11577 635900
-11576 631280
-11575 636091
-11574 612859
-11573 608568
-11572 587712
-11571 589537
-11570 587547
-11569 560379
-11568 589858
-11567 565384
-11566 556478
-11565 560293
-11564 542481
-11563 540705
-11562 541576
-11561 539482
-11560 548517
-11559 533282
-11558 533143
-11557 535788
-11556 536264
-11555 530098
-11554 521844
-11553 493484
-11552 484154
-11551 481550
-11550 476722
-11549 476797
-11548 479182
-11547 474411
-11546 463022
-11545 458820
-11544 473120
-11543 426979
-11542 430592
-11541 422952
-11540 407088
-11539 402297
-11538 414719
-11537 403312
-11536 390595
-11535 379688
-11534 369694
-11533 381497
-11532 379795
-11531 389345
-11530 380774
-11529 375277
-11528 368050
-11527 365108
-11526 358700
-11525 372513
-11524 364081
-11523 350218
-11522 349086
-11521 350153
-11520 346631
-11519 331093
-11518 332027
-11517 331968
-11516 331856
-11515 312713
-11514 309674
-11513 302932
-11512 283499
-11511 280312
-11510 284888
-11509 271427
-11508 272412
-11507 261303
-11506 266102
-11505 270371
-11504 260256
-11503 255620
-11502 251447
-11501 247095
-11500 264580
-11499 254882
-11498 254465
-11497 249458
-11496 253871
-11495 255678
-11494 251940
-11493 246487
-11492 250942
-11491 252376
-11490 247065
-11489 246192
-11488 247868
-11487 227668
-11486 236117
-11485 220720
-11484 210477
-11483 207400
-11482 211631
-11481 205768
-11480 205094
-11479 200379
-11478 202337
-11477 205551
-11476 199488
-11475 198081
-11474 184935
-11473 190897
-11472 178380
-11471 176777
-11470 174642
-11469 172739
-11468 173100
-11467 176665
-11466 179118
-11465 168721
-11464 176078
-11463 174655
-11462 159262
-11461 162635
-11460 158271
-11459 148246
-11458 152651
-11457 154299
-11456 148762
-11455 146904
-11454 144059
-11453 146389
-11452 134222
-11451 126514
-11450 121069
-11449 121984
-11448 124804
-11447 123234
-11446 120773
-11445 122584
-11444 116813
-11443 118980
-11442 113168
-11441 118364
-11440 117695
-11439 123606
-11438 114367
-11437 114693
-11436 120342
-11435 114559
-11434 118837
-11433 114189
-11432 117233
-11431 110974
-11430 111889
-11429 107044
-11428 105946
-11427 111550
-11426 111308
-11425 110651
-11424 106059
-11423 106233
-11422 108136
-11421 116951
-11420 109277
-11419 111706
-11418 107436
-11417 107646
-11416 103663
-11415 102063
-11414 106180
-11413 104213
-11412 111467
-11411 114801
-11410 106589
-11409 99192
-11408 102098
-11407 93741
-11406 101954
-11405 95769
-11404 96645
-11403 89663
-11402 86456
-11401 87008
-11400 83307
-11399 81865
-11398 84181
-11397 78072
-11396 83374
-11395 75321
-11394 75646
-11393 70671
-11392 74957
-11391 75773
-11390 73866
-11389 76973
-11388 77407
-11387 69473
-11386 68180
-11385 73077
-11384 69525
-11383 71705
-11382 68539
-11381 70479
-11380 70640
-11379 79447
-11378 76899
-11377 77862
-11376 71890
-11375 74093
-11374 79655
-11373 76060
-11372 74617
-11371 74220
-11370 73498
-11369 74195
-11368 71518
-11367 73245
-11366 70703
-11365 66120
-11364 69398
-11363 65056
-11362 68133
-11361 67119
-11360 65659
-11359 58878
-11358 53583
-11357 55553
-11356 49893
-11355 51726
-11354 49818
-11353 54003
-11352 45098
-11351 46773
-11350 46692
-11349 44855
-11348 41317
-11347 39076
-11346 38994
-11345 41572
-11344 38141
-11343 36869
-11342 36727
-11341 35668
-11340 34552
-11339 38266
-11338 31145
-11337 32352
-11336 33007
-11335 26929
-11334 27110
-11333 25417
-11332 21013
-11331 21054
-11330 19074
-11329 21720
-11328 21796
-11327 22141
-11326 24152
-11325 19516
-11324 20763
-11323 20059
-11322 19251
-11321 21164
-11320 18964
-11319 16929
-11318 17244
-11317 17803
-11316 14737
-11315 12631
-11314 10321
-11313 8437
-11312 8627
-11311 6732
-11310 6263
-11309 6627
-11308 7899
-11307 8140
-11306 8361
-11305 9356
-11304 7888
-11303 7395
-11302 7952
-11301 8634
-11300 8168
-11299 7812
-11298 8744
-11297 8006
-11296 8475
-11295 6950
-11294 7088
-11293 7509
-11292 7036
-11291 6453
-11290 5079
-11289 6673
-11288 3837
-11287 4541
-11286 5115
-11285 5144
-11284 4957
-11283 5384
-11282 5871
-11281 5802
-11280 5911
-11279 6995
-11278 7039
-11277 6689
-11276 4119
-11275 4267
-11274 5658
-11273 2917
-11272 3894
-11271 3296
-11270 2626
-11269 2379
-11268 2323
-11267 2344
-11266 2693
-11265 2295
-11264 2060
-11263 2123
-11262 1943
-11261 1798
-11260 1771
-11259 1837
-11258 1816
-11257 1558
-11256 2027
-11255 1936
-11254 2864
-11253 1780
-11252 1374
-11251 1085
-11250 988
-11249 982
-11248 776
-11247 993
-11246 460
-11245 801
-11244 1092
-11243 1176
-11242 978
-11241 824
-11240 1274
-11239 1100
-11238 1043
-11237 1386
-11236 976
-11235 1260
-11234 985
-11233 1243
-11232 968
-11231 864
-11230 936
-11229 729
-11228 735
-11227 1268
-11226 1193
-11225 1081
-11224 1719
-11223 1305
-11222 1582
-11221 1528
-11220 1320
-11219 1656
-11218 1344
-11217 1448
-11216 1080
-11215 1118
-11214 688
-11213 433
-11212 188
-11211 145
-11210 33
-11209 202
-11208 30
-11206 56
-11205 69
-11202 2
