0.1 -1.67423 111890000000 steps
199.225 0.849713 
n radius_n error   
0 0 0
1 1 4.13284e-09
2 2.66661 0.000294707
3 4.53358 0.000851824
4 7.00577 0.00114698
5 9.489 0.00191344
6 12.4756 0.00260448
7 15.4003 0.00397183
8 18.8208 0.00513286
9 22.1515 0.00614577
10 25.9341 0.00780788
11 29.6341 0.00874176
12 33.7583 0.0138703
13 37.7883 0.0160741
14 42.2104 0.0187693
15 46.5524 0.0225517
16 51.2689 0.0245106
17 55.8952 0.023852
18 60.86 0.024534
19 65.7457 0.0290275
20 70.9518 0.0336425
21 76.0942 0.035168
22 81.571 0.0355031
23 86.9734 0.0388761
24 92.6812 0.0484698
25 98.3014 0.0519062
26 104.219 0.0509281
27 110.064 0.0701592
28 116.232 0.0657149
29 122.304 0.0623689
30 128.65 0.0695348
31 134.935 0.0734641
32 141.48 0.0913422
33 147.983 0.0739599
34 154.707 0.0777609
35 161.383 0.0811969
36 168.33 0.0889704
37 175.222 0.0923076
38 182.311 0.0993951
39 189.37 0.0986617
40 196.693 0.105333
41 203.909 0.117388
42 211.368 0.12254
43 218.831 0.123123
44 226.48 0.138631
45 234.047 0.151124
46 241.832 0.162808
47 249.523 0.17469
48 257.539 0.191549
49 265.402 0.20236
50 273.563 0.224739
51 281.66 0.230197
52 289.962 0.248912
53 298.288 0.278201
54 306.736 0.292196
55 315.094 0.303275
56 323.709 0.309748
57 332.194 0.316963
58 340.945 0.349501
59 349.718 0.327253
60 358.622 0.307175
61 367.458 0.322272
62 376.493 0.356901
63 385.446 0.366327
64 394.622 0.384222
65 403.713 0.375804
66 413.032 0.383839
67 422.274 0.39344
68 431.703 0.419362
69 441.1 0.386745
70 450.703 0.396475
71 460.223 0.380796
72 470.045 0.357805
73 479.765 0.379225
74 489.708 0.383812
75 499.501 0.396027
76 509.449 0.446871
77 519.374 0.421826
78 529.451 0.420952
79 539.506 0.439611
80 549.642 0.489185
81 559.844 0.475077
82 570.186 0.517592
83 580.778 0.518365
84 591.386 0.529914
85 601.83 0.515795
86 612.526 0.525134
87 623.129 0.534509
88 633.919 0.541093
89 644.618 0.577591
90 655.404 0.591156
91 666.057 0.616885
92 676.831 0.626941
93 687.79 0.649802
94 698.968 0.657368
95 709.961 0.702
96 721.081 0.698613
97 732.205 0.738617
98 743.666 0.72634
99 754.997 0.741781
100 766.655 0.732594
101 777.651 0.778141
102 789.075 0.824994
103 800.639 0.807122
104 812.104 0.810496
105 823.71 0.849387
106 835.902 0.861321
107 847.748 0.877426
108 859.825 0.862219
109 871.487 0.872521
110 883.224 0.894474
111 894.997 0.950273
112 907.391 0.952958
113 919.249 0.962129
114 931.401 1.0167
115 943.401 1.04417
116 955.733 1.0516
117 967.932 1.02466
118 980.383 1.06555
119 992.793 1.12295
120 1005.15 1.11891
121 1017.89 1.13426
122 1030.72 1.21932
123 1043.56 1.21038
124 1056.55 1.17503
125 1069.21 1.27902
126 1082.25 1.24054
127 1095.29 1.26609
128 1108.34 1.30575
129 1121.48 1.31225
130 1134.11 1.37201
131 1146.99 1.55162
132 1159.99 1.42755
133 1172.64 1.59624
134 1185.63 1.51879
135 1198.82 1.53036
136 1212.67 1.50748
137 1225.84 1.55497
138 1239.24 1.52841
139 1252.87 1.60466
140 1266.52 1.55028
141 1280 1.70498
142 1293.5 1.63047
143 1306.99 1.6559
144 1320.59 1.78087
145 1334.11 1.76126
146 1348.37 1.82604
147 1362.2 1.76038
148 1376.41 2.03451
149 1390.23 2.06452
150 1403.95 2.06182
151 1417.87 2.04323
152 1432.05 2.0082
153 1446.61 2.07259
154 1460.33 2.12604
155 1474.64 2.26553
156 1488.93 2.31081
157 1503 2.31845
158 1517.24 2.0718
159 1531.47 2.26784
160 1546.03 2.2255
161 1560.81 2.29807
162 1575.27 2.25817
163 1590.16 2.5465
164 1604.69 2.42238
165 1619.3 2.48124
166 1634.1 2.62683
167 1648.65 2.37076
168 1663.52 2.3701
169 1678.3 2.31891
170 1693.01 2.50402
171 1707.87 2.58557
172 1722.13 2.74083
173 1737.88 2.68613
174 1752.85 2.71321
175 1768.15 2.59015
176 1783.37 2.70999
177 1798.82 2.82971
178 1814.64 3.38496
179 1829.97 3.44951
180 1844.88 3.23128
181 1860.39 3.42774
182 1875.51 3.72242
183 1891.1 4.0548
184 1906.5 3.88097
185 1921.5 3.56958
186 1936.89 3.68639
187 1952.4 3.79274
188 1968.35 3.92202
189 1983.43 3.77314
190 1998.98 3.71662
191 2014.04 3.80999
192 2030.05 3.89814
193 2045.89 3.84724
194 2062.01 3.71526
195 2078.07 3.40739
196 2093.72 3.62607
197 2109.38 3.69429
198 2125.23 3.86969
199 2141.18 3.77474
200 2156.94 3.61918
201 2173.48 3.88363
202 2190.03 3.93379
203 2206.41 4.20329
204 2223.09 4.50627
205 2238.42 4.61507
206 2255.26 4.62414
207 2272.24 5.61018
208 2288.51 5.42331
209 2304.53 5.39383
210 2320.75 5.08429
211 2337.43 4.7387
212 2354.31 4.49084
213 2370.88 4.0957
214 2388.13 4.03469
215 2405.09 4.40279
216 2422.14 4.40678
217 2439.1 4.16756
218 2455.18 4.15686
219 2472.01 4.96344
220 2489.15 5.21421
221 2508.09 5.04882
222 2524.23 4.47202
223 2541.45 4.42155
224 2559.34 4.39668
225 2576.91 4.56081
226 2594.08 4.55519
227 2611.7 4.70989
228 2628.4 4.63194
229 2645.3 4.79475
230 2662.06 5.53076
231 2679.25 5.63188
232 2696.46 4.86712
233 2713.74 4.9307
234 2730.98 5.24859
235 2748.35 5.29054
236 2766.1 5.29829
237 2787.02 5.875
238 2803.93 5.97715
239 2819.93 5.60797
240 2837.82 5.70846
241 2854.87 5.52531
242 2872.75 5.23637
243 2889.97 5.43339
244 2907.82 5.8549
245 2924.86 6.45333
246 2942.65 6.63211
247 2960.09 6.46546
248 2978.66 6.874
249 2996.07 7.01811
250 3013.34 6.11907
251 3031.01 6.159
252 3049.05 6.93786
253 3071.68 5.83673
254 3090.69 6.074
255 3108.59 5.93229
256 3125.98 6.32729
257 3143.42 6.18527
258 3161.11 6.69065
259 3179.5 6.27893
260 3198.45 6.46701
261 3215.94 6.22667
262 3234.5 6.28888
263 3252.87 6.54468
264 3272.15 7.48096
265 3291.45 7.25728
266 3309.95 7.56723
267 3326.82 7.36907
268 3344.28 7.83178
269 3362.31 7.38818
270 3383.47 7.97209
271 3401.33 7.0738
272 3419.89 8.25539
273 3437.94 8.61291
274 3455.84 7.92518
275 3474.3 8.36046
276 3494.02 7.12924
277 3511.59 7.79924
278 3529.82 7.44159
279 3548.08 7.26017
280 3568.66 7.44361
281 3587.95 7.59447
282 3606.13 7.7751
283 3624.55 7.68194
284 3644.15 7.62829
285 3662.43 7.82045
286 3682.92 8.03347
287 3701.87 8.07088
288 3720.97 8.34091
289 3740.64 8.4162
290 3763.69 8.19915
291 3782.63 8.30242
292 3802.46 8.31437
293 3820.12 8.65265
294 3841.75 8.39698
295 3862.47 9.10789
296 3881.9 9.17694
297 3902.79 8.5686
298 3921.46 9.07213
299 3941.78 9.22865
300 3963.31 9.00985
301 3983.26 9.93315
302 4003.26 9.50977
303 4022.49 9.33344
304 4041.28 9.20413
305 4060.28 9.67882
306 4081.43 9.61927
307 4101.89 9.58529
308 4121.28 9.77301
309 4140.33 10.2044
310 4161.08 10.0549
311 4182.71 9.6566
312 4200.99 9.99246
313 4220.38 9.98706
314 4238.15 10.0774
315 4256.75 10.2241
316 4276.8 10.2904
317 4296.16 10.471
318 4316.23 10.5602
319 4335.67 10.9181
320 4354.61 11.3159
321 4373.79 11.6615
322 4394.73 11.8789
323 4415.63 11.8288
324 4435.09 11.1655
325 4455.97 11.1874
326 4476.74 11.4476
327 4497.87 12.1805
328 4517.23 11.7656
329 4538.86 11.5913
330 4561.58 11.7895
331 4583.98 11.8986
332 4604.65 11.9135
333 4625.49 12.8145
334 4644.79 12.8194
335 4668.9 12.5275
336 4689.68 13.3509
337 4708.71 12.8119
338 4730.69 12.7738
339 4751.75 12.6127
340 4771.46 12.7691
341 4790.43 13.0741
342 4810.78 13.8204
343 4832.87 13.4639
344 4854.48 13.1995
345 4876.68 13.5514
346 4897.23 13.3057
347 4917.47 14.375
348 4943.15 13.726
349 4964.59 14.0069
350 4985.64 14.4133
351 5005.43 13.6882
352 5025.79 13.9872
353 5046.68 14.5074
354 5068.9 14.5213
355 5092.43 14.5741
356 5115.25 15.572
357 5139.62 16.064
358 5161.03 16.462
359 5180.63 16.2408
360 5202.58 17.0587
361 5223.66 17.2911
362 5250.4 19.3353
363 5266.35 16.6729
364 5290.53 16.8384
365 5311.4 16.5674
366 5332.88 17.5851
367 5356.74 17.9822
368 5382.27 19.5834
369 5402.22 20.1655
370 5422.68 22.1698
371 5443.49 22.2759
372 5468.05 23.7488
373 5492.29 19.8366
374 5510.55 22.9154
375 5528.27 21.5703
376 5552.28 20.649
377 5576.61 20.4721
378 5598.64 22.0671
379 5623.78 24.7232
380 5647.41 24.6093
381 5666.07 25.4386
382 5686.83 26.5347
383 5707.57 27.7726
384 5731.91 31.204
385 5754.56 28.2233
386 5774.35 27.7665
387 5797.32 24.7756
388 5821.58 26.0043
389 5845.67 23.388
390 5869.61 24.3583
391 5889.62 26.2842
392 5908.63 26.7434
393 5930.28 26.2714
394 5951.67 27.6216
395 5969.51 21.4729
396 5992.07 19.8676
397 6017.98 22.148
398 6042.79 21.2255
399 6068.34 20.937
400 6085.64 22.132
401 6108.6 21.1294
402 6136.09 22.8106
403 6156.73 24.2706
404 6179.23 26.092
405 6201.14 26.4931
406 6223.26 27.7198
407 6243.51 24.9592
408 6268.36 27.1352
409 6291.18 26.0999
410 6312.81 27.2698
411 6336.86 24.4034
412 6358.52 25.0712
413 6378.3 24.7038
414 6400.85 25.1796
415 6425.1 25.6059
416 6449.68 26.8426
417 6477.58 27.1058
418 6504.19 27.6549
419 6527.8 26.5529
420 6551.63 29.1447
421 6578.67 29.4254
422 6604.1 26.1211
423 6626.23 25.6235
424 6647.66 25.3682
425 6668.58 27.2012
426 6695.96 27.4318
427 6718.87 29.68
428 6744.03 27.0099
429 6770.73 27.1216
430 6790.36 29.6404
431 6820.17 30.0042
432 6838.74 29.8526
433 6860.04 30.6884
434 6885.84 29.3491
435 6908.87 27.6163
436 6932.48 29.1744
437 6958.05 32.9664
438 6981.2 29.4755
439 7002.72 31.5467
440 7030.57 31.9038
441 7053.4 30.323
442 7078.4 30.8184
443 7103.19 30.088
444 7127.58 29.027
445 7152.05 28.9527
446 7175.79 29.6393
447 7198.31 31.5363
448 7222 31.0129
449 7246.08 32.5249
450 7272.64 30.9077
451 7293.41 32.0727
452 7313.76 31.985
453 7340.37 31.1793
454 7357.73 31.8994
455 7385.32 30.7168
456 7408.63 36.3576
457 7435.65 38.5683
458 7457.23 37.629
459 7477.75 37.7296
460 7503.08 41.2817
461 7528.5 41.1747
462 7552.6 38.1502
463 7577.42 35.4012
464 7597.51 38.1804
465 7621.09 37.5432
466 7654.68 39.9039
467 7678.53 37.5026
468 7704.54 35.6324
469 7728.34 37.6708
470 7750.16 37.9754
471 7770.52 37.0137
472 7800.24 35.8918
473 7822.54 38.2662
474 7850.18 39.0383
475 7876.51 38.0294
476 7902.53 38.2206
477 7918.42 37.5646
478 7944.57 41.3044
479 7986.95 42.8842
480 8009.62 41.3773
481 8033.69 43.847
482 8055.54 45.2464
483 8091.86 39.1984
484 8121.76 40.6777
485 8139.3 39.2591
486 8162.03 45.714
487 8184.64 41.5854
488 8216.17 42.227
489 8236.93 44.3817
490 8271.28 45.3567
491 8295.13 43.6074
492 8319.06 44.8988
493 8354.56 46.7686
494 8372.57 49.6165
495 8394.4 52.0639
496 8411.89 54.9094
497 8437.52 55.4152
498 8470.61 51.8102
499 8495.28 52.6698
500 8515.52 50.7435
501 8546.37 59.2023
502 8566.52 57.6054
503 8588.9 57.3969
504 8608.58 57.4474
505 8643.5 60.5
506 8670.6 59.7063
507 8691.01 60.1239
508 8707.7 59.9075
509 8746.32 57.8164
510 8770.78 50.1527
511 8788.24 48.8418
512 8817.24 47.3357
513 8838.66 47.6976
514 8865.04 46.2817
515 8894.32 46.9102
516 8918.83 48.1981
517 8936.95 54.0657
518 8972.98 51.3337
519 8993.47 53.6371
520 9020.28 57.2191
521 9042.63 51.2549
522 9067.49 55.2487
523 9102.05 52.6486
524 9134.08 54.1065
525 9160.39 50.3616
526 9189.12 52.7334
527 9226.83 54.0955
528 9253.2 56.3797
529 9275.24 53.7925
530 9299.22 55.5897
531 9326.53 55.7604
532 9343.5 59.8555
533 9372.72 54.4987
534 9387.29 55.6625
535 9405.29 54.6925
536 9438.9 60.0786
537 9462.62 65.0989
538 9486.71 66.0755
539 9509.77 76.2282
540 9535.7 74.3482
541 9557.19 73.3452
542 9591.23 70.9454
543 9617.81 74.0203
544 9637.79 70.6448
545 9647.74 67.4136
546 9690.17 69.6004
547 9718.06 68.3853
548 9751.15 74.0736
549 9776.61 63.9994
550 9792.38 60.9637
551 9812.63 64.6352
552 9839.96 67.0683
553 9869.37 67.5455
554 9903.12 68.803
555 9925.48 63.6638
556 9951.89 68.0716
557 9984.4 65.7176
558 10015.5 64.0903
559 10039.9 66.4383
560 10064.4 66.6709
561 10090.2 64.5617
562 10107.1 66.8027
563 10136.4 64.765
564 10158 72.9195
565 10194.6 67.7496
566 10227.4 71.2558
567 10254.2 70.7341
568 10284.1 91.8712
569 10303.3 93.6773
570 10339.9 75.2295
571 10357.6 72.2256
572 10393.7 78.4624
573 10405.8 77.3883
574 10424.4 79.5576
575 10454.3 84.2164
576 10474 84.3573
577 10507.5 86.8176
578 10537.6 77.4193
579 10567.3 84.0397
580 10590.6 83.9989
581 10624.5 94.5909
582 10632.2 92.3724
583 10652.3 93.9509
584 10693.6 95.3938
585 10725.1 91.7469
586 10747.8 93.8104
587 10780.6 95.6442
588 10805.1 92.946
589 10843.7 85.9644
590 10884.8 91.3782
591 10911 97.32
592 10926.2 98.7061
593 10947.1 97.0175
594 11005.7 105.489
595 11029.2 104.594
596 11055.7 107.862
597 11085.2 104.52
598 11119.6 99.6998
599 11148.7 99.8996
600 11168.3 96.5429
601 11170.6 97.3453
602 11195.4 98.1651
603 11210.5 96.2331
604 11244.8 97.0356
605 11269.1 95.8011
606 11297.4 95.8167
607 11309.4 93.0623
608 11349.3 98.5902
609 11366.2 111.187
610 11386.8 106.002
611 11406.7 125.094
612 11426.2 135.464
613 11457.9 150.155
614 11492.3 144.024
615 11532.4 144.455
616 11549.5 147.792
617 11579.6 141.089
618 11620.6 149.27
619 11661.4 143.518
620 11697.7 141.627
621 11719.4 148.086
622 11743.9 157.298
623 11765.2 152.412
624 11777.3 134.673
625 11808.7 140.268
626 11848.7 132.138
627 11906.6 133.515
628 11924.7 129.011
629 11946.7 127.717
630 11982 127.294
631 12003.6 129.27
632 12032.4 143.179
633 12064.6 140.112
634 12100 125.699
635 12109.7 121.08
636 12138.7 120.74
637 12167.2 119.837
638 12183.4 119.05
639 12205.8 112.659
640 12241.8 112.266
641 12258.8 116.453
642 12279.4 117.683
643 12316.1 119.403
644 12353.3 115.707
645 12391.4 112.663
646 12418.9 119.053
647 12432.7 111.627
648 12450.2 106.559
649 12480.9 109.255
650 12488.5 104.808
651 12516 107.823
652 12525.2 113.265
653 12586.6 115.135
654 12620 111.435
655 12666.4 117.274
656 12700.4 110.347
657 12721.8 112.256
658 12731.7 111.75
659 12767.9 143.991
660 12808.8 149.467
661 12826.3 155.698
662 12851.9 157.378
663 12881 144.011
664 12911.9 160.49
665 12969 145.162
666 13001.4 140.337
667 13019.1 121.911
668 13036.4 130.316
669 13063.9 133.653
670 13096 125.358
671 13140.8 125.688
672 13157.6 141.061
673 13173.8 131.224
674 13188 132.317
675 13234.5 121.944
676 13292.1 125.706
677 13327.1 122.679
678 13350.5 133.084
679 13389.5 154.406
680 13423.8 140.472
681 13449.8 155.67
682 13473.3 171.266
683 13503 181.745
684 13527 174.119
685 13543.2 138.55
686 13589.7 149.211
687 13640 156.203
688 13687.5 161.826
689 13691.3 166.721
690 13703.4 166.676
691 13736.1 164.882
692 13758 167.19
693 13790.8 134.576
694 13826.3 152.446
695 13872.3 136.705
696 13902.2 137.099
697 13903.6 135.708
698 13920.3 148.667
699 13966.2 141.447
700 14017.6 146.319
701 14060.1 159.881
702 14079.5 158.994
703 14081.4 154.176
704 14137.4 170.99
705 14168.2 177.169
706 14200.2 166.928
707 14225.2 165.58
708 14257.2 164.476
709 14277.3 170.728
710 14293.8 159.72
711 14314 155.576
712 14346.2 146.087
713 14384.9 158.746
714 14438.4 162.275
715 14482.5 152.878
716 14497.1 143.963
717 14536.1 149.875
718 14564.4 158.781
719 14620.2 166.974
720 14644.6 168.54
721 14693 182.059
722 14719.1 188.284
723 14735.2 206.157
724 14768 209.615
725 14782.9 229.201
726 14820.4 197.443
727 14860.2 215.722
728 14916.1 211.838
729 14937.8 229.506
730 14970 208.28
731 15001.1 198.521
732 15036.3 212.039
733 15075.4 208.316
734 15122.9 215.008
735 15179.5 207.626
736 15248.9 191.281
737 15312.1 208.135
738 15337.5 196.315
739 15385.6 217.352
740 15374.2 228.383
741 15391.6 229.635
742 15423.7 217.128
743 15423.5 220.553
744 15462.5 178.323
745 15491.7 183.931
746 15524 181.468
747 15580.1 176.714
748 15600.4 193.209
749 15615.7 206.383
750 15658.2 221.687
751 15709.4 206.612
752 15755.1 205.785
753 15776.4 213.956
754 15807.1 212.671
755 15836.6 210.56
756 15852.1 218.281
757 15884.1 202.268
758 15869.5 213.706
759 15891.8 217.293
760 15933.5 238.264
761 15976.5 228.437
762 15997.1 240.591
763 16014.8 237.767
764 16030.9 242.359
765 16067.7 260.605
766 16118 244.128
767 16114.8 270.639
768 16162.5 300.339
769 16178.9 286.313
770 16218.7 272.601
771 16271.2 230.073
772 16293.3 238.577
773 16333.9 238.063
774 16332.8 233.58
775 16375.5 248.096
776 16377.2 244.838
777 16366.8 252.335
778 16399.7 227.814
779 16434.7 209.351
780 16480.2 210.693
781 16488.8 208.258
782 16504 214.477
783 16523.3 211.433
784 16556 227.614
785 16562.5 230.904
786 16593.8 231.915
787 16637.8 218.61
788 16633.7 215.756
789 16704.6 231.668
790 16691.5 213.745
791 16736.4 223.135
792 16797.1 238.84
793 16825.4 237.846
794 16864 235.753
795 16912.5 247.528
796 16964.8 251.585
797 16986.8 258.278
798 17061.5 256.835
799 17074.2 258.478
800 17134.5 299.947
801 17155.9 313.006
802 17181.1 263.787
803 17148.3 257.484
804 17188.8 247.368
805 17207 240.605
806 17241.3 242.273
807 17243.5 235.28
808 17281.8 257.128
809 17337.1 263.74
810 17326.8 274.816
811 17368 242.602
812 17367.3 243.642
813 17420.8 262.539
814 17467.7 255.436
815 17507.1 263.375
816 17512.6 259.285
817 17506.7 273.244
818 17539.7 266.775
819 17564.3 258.412
820 17637 259.41
821 17644.3 268.968
822 17678.5 257.073
823 17789.4 276.307
824 17814.4 272.205
825 17869.3 273.032
826 17876.9 282.397
827 17867.4 275.258
828 17963.5 279.633
829 17984.1 271.047
830 17952.5 290.291
831 17991.5 293.483
832 18015 296.876
833 18036.7 307.5
834 18076 296.428
835 18140.9 311.209
836 18215 378.77
837 18226.9 380.952
838 18249.5 416.929
839 18352.8 383.91
840 18338.1 392.55
841 18436.6 397.92
842 18475 372.542
843 18443.8 368.136
844 18497.3 391.691
845 18631.4 383.91
846 18639.3 358.375
847 18678 321.052
848 18725.2 337.898
849 18724.2 318.562
850 18755.9 329.901
851 18830.5 377.997
852 18841.5 356.148
853 18911.7 311.49
854 18868.9 322.741
855 18901.1 315.236
856 18930.7 318.097
857 18913.3 315.094
858 18970.7 316.036
859 18980.6 361.215
860 19022.7 354.204
861 19059.7 351.787
862 19032.8 333.837
863 19049.4 354.821
864 19110 339.2
865 19154.1 350.834
866 19252.3 358.913
867 19321.6 369.021
868 19288.4 427.931
869 19370.8 385.499
870 19392.8 375.95
871 19359.4 373.08
872 19385.5 367.206
873 19457 379.902
874 19412.2 427.931
875 19454.3 359.709
876 19506.6 374.184
877 19570 363.778
878 19526.7 370.177
879 19545 381.155
880 19626.7 385.286
881 19655.6 364.194
882 19667.8 371.503
883 19623.3 348.959
884 19709.4 351.87
885 19689.5 375.208
886 19778.6 390.519
887 19809 400.912
888 19906.3 390.054
889 19978.9 366.307
890 20023.8 369.729
891 20011.6 363.519
892 20092.8 390.645
893 20170.5 381.463
894 20198 356.547
895 20254.8 380.074
896 20256.2 394.131
897 20257.2 386.991
898 20253.8 378.93
899 20226.2 385.254
900 20210.3 369.101
901 20274.9 384.057
902 20338.9 391.207
903 20323 419.798
904 20456.7 380.768
905 20484.9 421.42
906 20559.9 440.27
907 20539.5 437.321
908 20570.3 442.911
909 20637.3 385.719
910 20615.5 421.494
911 20636.9 420.404
912 20664.5 414.404
913 20651.8 424.972
914 20665.3 425.254
915 20572.2 417.239
916 20714.8 453.331
917 20812.7 428.816
918 20798.6 432.332
919 20754.7 420.932
920 20701.8 446.305
921 20755.3 448.938
922 20795.5 466.675
923 20864.2 424.162
924 20950.8 437.576
925 20956.1 511.728
926 21027.8 451.607
927 21047.9 473.309
928 21099.9 507.487
929 21137.2 540.313
930 21385.8 619.68
931 21391.7 646.753
932 21415.7 675.487
933 21368.6 721.815
934 21423.1 696.111
935 21450.7 688.688
936 21457.9 673.983
937 21424.5 668.476
938 21356.1 623.374
939 21376.3 620.168
940 21472.3 719.947
941 21487.5 650.622
942 21571.1 609.841
943 21654.4 545.438
944 21637.5 600.254
945 22039.9 603.846
946 22054.3 544.252
947 22045.6 536.596
948 22130.8 550.056
949 22084.9 540.786
950 22090.6 513.35
951 22183.9 528.67
952 22191.2 576.868
953 22237.5 575.423
954 22278.4 558.472
955 22277.4 563.159
956 22358.4 554.227
957 22382.7 532.038
958 22482.3 568.969
959 22377.2 563.532
960 22527 589.968
961 22567.2 560.903
962 22588.4 572.022
963 22585.8 541.635
964 22686.9 596.814
965 22628.4 530.195
966 22758.8 533.62
967 22811.8 565.768
968 22830 546.171
969 22757.7 575.731
970 22818.8 668.047
971 22810.6 556.656
972 23014.2 566.278
973 23047.9 558.668
974 23065.2 562.034
975 23065.8 561.054
976 23072 623.954
977 23136.7 605.746
978 23117.4 577.758
979 23214.4 595.405
980 23194.4 576.903
981 23454.3 582.758
982 23553.8 579.343
983 23494.6 598.285
984 23436.3 665.568
985 23509.8 581.561
986 23501.7 648.937
987 23579 617.735
988 23578.2 705.573
989 23754.7 673.952
990 23901.3 724.822
991 23938.6 692.938
992 23921.1 708.08
993 23869.3 679.318
994 23888.3 662.31
995 23920.4 639.121
996 23944.8 632.593
997 24092.7 626.874
998 24097.6 604.666
999 24018.4 605.81
1000 24386.9 612.907
1001 24381.4 677.19
1002 24447.2 724.308
1003 24461 670.718
1004 24458.4 664.179
1005 24382.9 689.789
1006 24288.6 662.425
1007 24324.2 646.329
1008 24300.1 686.359
1009 24453.1 681.077
1010 24421.4 620.758
1011 24737.1 632.502
1012 24597.3 630.901
1013 24632.7 752.019
1014 24617.7 832.486
1015 24584.8 913.846
1016 24551.1 920.111
1017 24723.3 793.56
1018 24677.8 785.85
1019 24676.5 803.109
1020 24688 814.737
1021 24690.7 780.965
1022 25228.2 835.415
1023 25189.4 772.046
1024 25193.4 755.168
1025 25158.7 760.239
1026 25113.5 838.968
1027 25047.6 849.703
1028 24871.3 934.283
1029 24942.5 824.445
1030 24986.1 802.073
1031 25498.6 774.269
1032 25381.8 809.09
1033 25441 789.714
1034 25234.6 835.718
1035 25282 850.329
1036 25243.9 868.008
1037 25466 826.37
1038 25386.1 804.413
1039 25453.7 810.898
1040 25370.8 833.912
1041 25350 891.125
1042 25385 922.577
1043 25440.1 882.041
1044 25454.4 878.638
1045 25452.1 902.555
1046 26025.4 864.394
1047 26102.1 906.23
1048 26002.2 807.814
1049 25944.6 811.976
1050 26068 788.804
1051 25993.8 836.752
1052 25955.5 999.843
1053 25950.2 911.565
1054 25824.5 970.78
1055 25900.6 907.273
1056 25948.5 897.097
1057 25799.5 876.06
1058 26096.6 821.72
1059 26085.4 1010.23
1060 26140.6 935.559
1061 26053.6 985.054
1062 26068.6 977.631
1063 26158.8 978.536
1064 26191.5 965.204
1065 26388.1 998.487
1066 26499.5 964.581
1067 26497.4 952.234
1068 26551.2 963.885
1069 26541.5 905.43
1070 26675.3 943.622
1071 26946.8 948.344
1072 26998.4 1007.7
1073 27048.5 1038.94
1074 27082.1 1014.99
1075 27029.1 988.108
1076 27020.7 951.349
1077 26916.4 893.348
1078 26792.6 895.084
1079 26866.3 861.756
1080 26839.9 877.431
1081 26968.9 849.967
1082 26911.3 826.184
1083 26898 897.803
1084 26911.7 921.645
1085 26905.1 985.652
1086 26780.6 985.583
1087 26655.7 1111.68
1088 26697.7 1105.32
1089 26681.5 1034.75
1090 26725.9 883.33
1091 26868.8 894.98
1092 26838.6 903.863
1093 26916.8 867.086
1094 26883.8 857.252
1095 26960.9 851.749
1096 27052.9 810.958
1097 27384 838.249
1098 27263.8 866.145
1099 27214.9 849.481
1100 27188.6 845.718
1101 27112.3 879.736
1102 27209.2 921.317
1103 27250.3 851.807
1104 27390.4 875.73
1105 27379.3 943.392
1106 27333.4 960.598
1107 27291.8 970.537
1108 27792.7 1134.67
1109 27829.4 1154.27
1110 27920.4 1168.89
1111 27898.8 1198.31
1112 27815.2 1075.71
1113 27667.7 1031.8
1114 27607.6 1099.79
1115 27737.2 1101.15
1116 27910.6 1164.85
1117 27964.4 1136.23
1118 28506.4 1179.18
1119 28448.7 1153.94
1120 28463.2 1146.05
1121 28389.6 1232.8
1122 28351.7 1236.83
1123 28270.9 1288.12
1124 28175.2 1295.22
1125 28241.4 1212.63
1126 28330.7 1182.14
1127 28547.9 1184.24
1128 29036.1 1173.08
1129 29003.3 1209.69
1130 28809.2 1101.25
1131 28664.4 1103.11
1132 28617 1159.41
1133 28548.7 1191.18
1134 28742.3 1249.84
1135 28698.9 1228.3
1136 28749.1 1262.05
1137 29400 1309
1138 29208.6 1132.22
1139 29265.8 1180.32
1140 29202.5 1229.51
1141 29053.8 1395.31
1142 29114.4 1348
1143 29133.2 1347.79
1144 29159.6 1352.04
1145 30097.8 1549.61
1146 29948.7 1543.88
1147 30036.9 1441.54
1148 29948.8 1437.46
1149 29894.9 1470.4
1150 30154.6 1507.14
1151 30056.3 1521.48
1152 29830.3 1413.65
1153 29939.3 1525.6
1154 29784.2 1581.23
1155 30045.5 1521.61
1156 30003.5 1581.8
1157 29962.1 1663.36
1158 30823.2 1681.94
1159 30761.9 1776.87
1160 30577 1713.47
1161 30435.9 1585.76
1162 30334.5 1553.89
1163 30319.5 1469.32
1164 30164.7 1654.5
1165 30161.7 1877.84
1166 30214.1 1857.98
1167 30142.3 1733.79
1168 30070.1 1704.75
1169 30103.9 1717.5
1170 30159.7 1809.78
1171 30164.7 1916.96
1172 30245.1 1980.81
1173 30649.1 1697.81
1174 30488.6 1494.6
1175 30275.8 1520.55
1176 30433.1 1541.1
1177 30376.2 1422.21
1178 30772.1 1343.39
1179 30754.1 1379.24
1180 30853.3 1332.6
1181 30884.1 1350.88
1182 30972.3 1364.57
1183 30888.1 1320.3
1184 30789.5 1280.8
1185 30657.5 1353.05
1186 30507.4 1306.87
1187 30799.4 1330.26
1188 30727.2 1320.28
1189 31100.2 1424.21
1190 31174 1407.44
1191 30985.9 1456.86
1192 30915.4 1641.98
1193 30971.4 1564.71
1194 30975.5 1363.78
1195 30946.3 1546.1
1196 31256.3 1553.8
1197 31307.2 1464.62
1198 31321.5 1423.48
1199 31024.7 1560.22
1200 30682.2 1700.95
1201 30733.7 1685.63
1202 30879.1 1693.4
1203 30712.8 1771.48
1204 30579.8 1769.17
1205 30708.9 1614.64
1206 30766.1 1652.25
1207 30803.2 1638.04
1208 31268.2 1869.58
1209 31050.7 1902.56
1210 31081.1 1847.48
1211 30851.3 1694.77
1212 30661.1 1532.79
1213 30730.1 1499.79
1214 30629.3 1398.01
1215 30698.4 1469.04
1216 30781.4 1460.64
1217 30765.3 1480.82
1218 30869.3 1493.74
1219 30925.5 1556.73
1220 31196.6 1734.02
1221 31219.1 1687.67
1222 31316.2 1680.46
1223 31440 1742.52
1224 31620.9 1771.25
1225 31452.2 1747.06
1226 31418.5 1871.15
1227 31578.7 1875.12
1228 31847.6 1952
1229 32318.7 1620.28
1230 32332.3 1636.9
1231 32439.5 1738.45
1232 32271.7 1604.44
1233 32233.7 1733.5
1234 32144.3 1864.51
1235 32116.5 1777.09
1236 32106.9 1868.22
1237 32141 1886.01
1238 32109 1810.21
1239 32127.5 1771
1240 32031.9 1809.21
1241 31884.3 1889.09
1242 31746.8 1839.14
1243 31609.1 1712.15
1244 31563.3 1667.88
1245 31551.3 1757.35
1246 31874.3 1739.77
1247 32503 1672.96
1248 32500.2 1670.88
1249 32765.2 1818.14
1250 32820.8 1813.1
1251 33051.1 1703.75
1252 33208.5 1765.1
1253 33182.2 1755.78
1254 33171.5 1677.67
1255 32909.4 1788.02
1256 32770.6 1902.22
1257 32977.1 1847.6
1258 33049.9 1784.65
1259 32761.1 1752.69
1260 32373 1890.38
1261 32512.7 2037.43
1262 32582.5 2061.13
1263 32919.8 2117.32
1264 32947.5 2059.88
1265 33221.7 1925.58
1266 33431.2 1875.08
1267 33575.2 2066.22
1268 33824.5 2095.47
1269 33724.1 1963.19
1270 33713.9 1924.47
1271 33632.2 1987.11
1272 33513 1842.39
1273 33674.1 1948.26
1274 33252.2 1879.32
1275 33252.5 1813.15
1276 33528.2 1876.96
1277 33257.7 1734.28
1278 33413.1 1751.36
1279 33248.3 1871.23
1280 32835.6 2106.41
1281 33020.1 1982.27
1282 33489.6 1943.87
1283 33618.9 1872.67
1284 33900.7 1896.8
1285 34019.8 1877.21
1286 33612.4 1776.69
1287 33691 1736.98
1288 33445.2 1670.6
1289 33582 1732.48
1290 33484.2 1671.75
1291 33451.7 1825.99
1292 33125.6 1923.98
1293 33188.6 1760.52
1294 33556.9 1788.87
1295 33713.1 1614.82
1296 33396.7 1594.14
1297 33284.1 1607.56
1298 33314.9 1859.22
1299 33641 1661.73
1300 33603.3 1909.83
1301 33767.6 1870.08
1302 34494.5 1697.05
1303 34523.7 1748.56
1304 34438.3 1715.77
1305 34180.1 1795.22
1306 34436.4 1817.52
1307 35153.8 1788.63
1308 35174.3 1699.96
1309 34668.9 1767.79
1310 34851.1 1780.62
1311 35024.7 1832.38
1312 35424.4 1943.94
1313 35104.7 1848.34
1314 35112.3 1784.8
1315 35298.9 1793.03
1316 35631.4 1811.89
1317 35699.7 2036.69
1318 35695.9 1990.3
1319 35805.5 1939.32
1320 36058 1871.33
1321 35510.6 1846.44
1322 35618.2 1972.59
1323 35284.4 1904.67
1324 35485.3 1880.61
1325 35429.9 1781.62
1326 35386.2 1940.97
1327 35622.6 2082.05
1328 35376.6 2014.13
1329 35438.7 2023.21
1330 35136.7 1865.63
1331 35057 1711.53
1332 34808.4 1990.37
1333 34803.1 1774.29
1334 34987.2 1914.09
1335 34545 1717.73
1336 34504.7 1833.07
1337 34302.4 1880.3
1338 34139 1972.04
1339 34080.1 2010.59
1340 34302.8 1875.25
1341 34208.1 1855.21
1342 34618.5 1907.76
1343 34715.4 1894.24
1344 34660.9 1956.31
1345 34540.9 1949.21
1346 34496.9 1812.63
1347 35030.7 1988.57
1348 34541 1986.83
1349 34491.2 1980.31
1350 34448 1806.84
1351 34174.9 2013.93
1352 33890.7 2171.31
1353 34083.2 1974.67
1354 34851.1 1967.92
1355 34902.1 1994.79
1356 35103.6 1940.8
1357 34920.3 1961.85
1358 34903.7 1876.85
1359 34790.4 2033.12
1360 35008.3 2019.48
1361 35273.4 2011.54
1362 35300.1 2003.77
1363 34383.2 2495.36
1364 34212.5 2535.1
1365 34516.8 2346.31
1366 34526.5 2203.65
1367 34791.2 2235.74
1368 34838.8 2254.97
1369 36079.9 2676.83
1370 35641.3 2362.93
1371 35473 2493.99
1372 35080.5 2596.36
1373 35582.7 2737.24
1374 35353 2727.84
1375 35819 2474.89
1376 36133.6 2510.51
1377 36305.8 2597.63
1378 36519.9 2514.89
1379 35827.8 2149.53
1380 36074.3 2089.48
1381 35898.7 2092.35
1382 36249.4 2053.83
1383 36669.1 2121.15
1384 37164.1 2166.85
1385 37332.1 2278.37
1386 37323.3 2291.03
1387 37027.4 2694.87
1388 36760.7 2590.97
1389 36330.3 2463.85
1390 36470.6 2301.39
1391 36086.8 2344.72
1392 37165.4 1947.22
1393 37498.3 2059.14
1394 37792.9 2241.17
1395 37164.9 2131.44
1396 36940.5 2116.79
1397 37347.4 1923.25
1398 37411.7 2122.17
1399 37466.2 2370.05
1400 37798.7 2068.71
1401 37751.6 2185.41
1402 38302.9 2213.21
1403 38192.2 2170.11
1404 38737.7 2325.18
1405 39317.7 2373.23
1406 39044.2 2242.88
1407 39088.3 2588.21
1408 39668.1 2617.48
1409 39520.9 2767.13
1410 40165.1 2823.45
1411 39577.9 2242.25
1412 39821.6 2301.61
1413 39635.8 2476.9
1414 39926.5 2231.74
1415 40416.9 2353.25
1416 39819.9 2429.35
1417 39491.8 2384.91
1418 40081.1 2043.28
1419 39159.6 2804.97
1420 39549.1 2415.07
1421 39855.3 2115.64
1422 39626 2140.47
1423 39858.8 2075.66
1424 39551.7 2441.92
1425 39722.6 2555.37
1426 39114.5 2408.02
1427 38333 2289.69
1428 38483.5 2122.57
1429 39224.2 2240.74
1430 39321.7 2466.14
1431 39562.5 2617.23
1432 39236.9 2769.72
1433 39264.2 2778.99
1434 39540.8 2805.05
1435 39764.1 2392.79
1436 40058.6 2112.53
1437 40439.1 2170.74
1438 40704.2 2235.62
1439 40213.8 2010
1440 39767.8 2538.77
1441 39412.9 2660.96
1442 39986.1 2660.67
1443 40971.7 2525.92
1444 41359.6 2656.72
1445 40817.3 2715.66
1446 41579.8 2622.61
1447 40646.7 3059.99
1448 40891.7 3036.75
1449 41072.1 2998.33
1450 40765.1 3366.36
1451 41335.8 2940.9
1452 41186 3180.19
1453 40470.1 2969.26
1454 40987 2399.87
1455 41247.6 2374.45
1456 41030.2 2464.86
1457 41086.5 2851.1
1458 41864.5 2876.92
1459 40476.5 2687.21
1460 40787.1 2637.83
1461 40419.1 2969.38
1462 40750.9 2931.83
1463 41211.3 2916.16
1464 41095.1 3015.77
1465 40867.3 3082.35
1466 41704.9 2466.06
1467 41753 2375.12
1468 41282.3 2396.61
1469 41270.5 2814.97
1470 42087.3 2806.23
1471 41552.4 2307.78
1472 41675.4 2712.71
1473 41363 2704.69
1474 41187.3 2566.91
1475 41163.9 2545.66
1476 41358.9 2555.34
1477 40722.1 2347.68
1478 39960.9 2832.6
1479 40505.3 2681.51
1480 40438 2449.01
1481 41492.5 2608.85
1482 41262.1 3507.11
1483 41920.2 3329.53
1484 40386.9 3086.27
1485 41564.3 2447.85
1486 42127.9 2579.12
1487 42051.4 2487.75
1488 42253 2695.53
1489 40228.6 2616.99
1490 40612.4 2669.33
1491 41656 2941.21
1492 41537.6 2709.23
1493 41076.4 2977.47
1494 40168 3062.58
1495 40902.4 3128.72
1496 41936.6 3382.67
1497 41880.4 3427.82
1498 41249.4 3938.42
1499 41868.8 3712.37
1500 42221.3 3732.9
1501 42267.9 3918.76
1502 41879.6 3859.47
1503 42423.7 3239.99
1504 39979.1 3587.89
1505 41279.7 3390.24
1506 41120.7 3353.87
1507 40526.5 3047.21
1508 41470.6 3375.96
1509 41166 3502.95
1510 39544.5 2872.2
1511 40294.1 3341.06
1512 40212.6 3285.01
1513 38607.4 3447.89
1514 38906.8 3137.55
1515 37235.2 3220.03
1516 38560.3 3157.91
1517 38626.1 2850.7
1518 39715.6 3233.93
1519 39248.7 3420.6
1520 40159.6 3591.86
1521 40764.1 3661.09
1522 41848.8 3888.39
1523 41556.2 3982.04
1524 38125.4 3419.53
1525 37278.9 3979.84
1526 37389.2 3642.39
1527 38674.6 3995.21
1528 37848.2 3596.31
1529 37579.8 3619.14
1530 37517.7 3441.4
1531 37489.7 3311.59
1532 37742.2 3464.75
1533 37485.1 3453.91
1534 37377.5 3549.84
1535 36984 3176
1536 37443.3 3330.28
1537 37234.8 3221.94
1538 36433.5 3136.2
1539 36604.2 3093.49
1540 36424.3 3463.17
1541 36511.3 3367.65
1542 36406.8 3916.3
1543 36966.3 3268.77
1544 38151.6 3305.43
1545 36777.3 4698.62
1546 36332 4009.69
1547 36644.2 3655.16
1548 35270.4 4028.72
1549 35558.3 3863.25
1550 34958.2 4316.49
1551 35916.8 4220.25
1552 36508.8 4039.9
1553 34826.5 4206.22
1554 34201 3928.9
1555 34955.5 4511.71
1556 34464.9 3444.1
1557 33553.2 3939.88
1558 32862.8 3201.13
1559 33281.6 3450
1560 34147.1 3486.56
1561 34841.3 3528.89
1562 34603.7 3559.29
1563 34530.7 3677.55
1564 33337.3 3481.69
1565 33649.5 3507.36
1566 33949.9 3416.75
1567 33584.1 3712.2
1568 33920 3324.11
1569 34193.4 3141.47
1570 34472.8 3454.81
1571 35375.3 3815.06
1572 34673.3 3554.05
1573 34152.8 3493.12
1574 33596.7 3502.68
1575 32965.9 3787.24
1576 32453.6 3140.05
1577 32958.7 3153.68
1578 33144.5 3140.28
1579 33242.6 3204.78
1580 33477 3720.96
1581 34669.9 3911.66
1582 34885.6 3546.63
1583 35155.1 3895.01
1584 35492.4 4520.37
1585 35992 4258.85
1586 36117.6 4024.37
1587 36530.5 4915.9
1588 37441.8 5706.15
1589 37321 5570.42
1590 37344 5795.17
1591 37044.1 5265.06
1592 37155 4723.77
1593 37167.4 4085.55
1594 36229.3 4027.35
1595 36404.5 4568.39
1596 37152.9 4663.46
1597 36734.7 4733.37
1598 36501.2 4619.31
1599 36694.2 4564.86
1600 36943 4345.63
1601 36981.3 4474.26
1602 36851.5 4536.66
1603 37510 4304.98
1604 36855.4 4073.89
1605 36466.2 3632.79
1606 36191.8 3130.58
1607 35887 3444.9
1608 34947.7 3465.38
1609 34638.7 3400.85
1610 34177.1 3031.04
1611 34249.9 3139.93
1612 34271.5 2731.83
1613 34758.1 3725.41
1614 34092.8 3681.6
1615 34297.5 3446.22
1616 33983.1 2806.37
1617 34706.7 3114.74
1618 34461.2 3405.91
1619 34014.4 2981.75
1620 34080.9 2855.8
1621 34403.9 2926.42
1622 34630.7 3919.32
1623 34837.6 4136.25
1624 34492.4 3611.22
1625 34050.2 3536.83
1626 33489.3 3011.18
1627 33658.9 3035.32
1628 33584.9 2965.01
1629 33506.7 2795.25
1630 33099.9 3029.15
1631 33023.9 2791.43
1632 32696.9 2219.51
1633 32501.3 2588.6
1634 32343.2 2003.25
1635 32576.2 1709.57
1636 32399 2015.14
1637 32579.1 1861.13
1638 32637 2610.08
1639 31505 1977.77
1640 31700.5 2100.4
1641 31604 1645.54
1642 31804.3 1845.24
1643 31822 1890.38
1644 31919.2 2030.41
1645 31997 2683.1
1646 32029 2659.17
1647 32226.7 2421.84
1648 31425.6 2692.31
1649 31507 2372.78
1650 31447.7 2762.5
1651 31895.8 2571.49
1652 31708.5 2734.76
1653 31570.8 2445.19
1654 31399.5 2965.75
1655 30893.1 2960.76
1656 32096.4 2566.4
1657 32155.2 2155.37
1658 32765.7 2528.86
1659 32951.4 2706.56
1660 33546.2 2841.15
1661 33580.5 3039.02
1662 34144.3 3025.56
1663 33392.8 3505.98
1664 34390.4 2413.55
1665 34913.5 2918.21
1666 36076.8 3055.46
1667 35435.2 2908.26
1668 35887 3386.61
1669 34089.3 3069.92
1670 33663.3 2522.24
1671 32236.7 4064.17
1672 33722.3 3117.33
1673 33104.9 3439.87
1674 33762.4 3174.64
1675 34706.1 3321.52
1676 35747.6 3386.76
1677 35794.8 3168.1
1678 35913.1 2913.02
1679 36511.9 2544.51
1680 36074.1 3143.2
1681 35974.7 2709.68
1682 35514 2772.81
1683 35737 2766.57
1684 36690.6 3451.13
1685 36288.6 2995.29
1686 37592.6 3400.12
1687 38393.2 3317.17
1688 38547.7 2999.27
1689 37872.8 2878.99
1690 38173.1 2720.28
1691 39039.2 2780.54
1692 39298.7 3006.41
1693 38670.7 2417.96
1694 38681 2991.58
1695 38006.8 2835.07
1696 38152.6 2384.58
1697 38312.2 2382.68
1698 39436.2 1965.36
1699 39212.5 2300.95
1700 39404.5 2799.74
1701 40432.4 2369.31
1702 39853.4 2449.26
1703 40222.6 2500.67
1704 40345.2 2218.55
1705 41002 2688.1
1706 40626.9 2227.16
1707 40628.7 2659.46
1708 40345.5 2375.17
1709 40433.9 3003.54
1710 41097.3 2450.63
1711 40744.6 3066.06
1712 41748.3 2661.3
1713 41841.8 2549.9
1714 42148.5 2604.44
1715 41691.7 2400.65
1716 40432.3 2699.24
1717 41952.5 2978.98
1718 41937.8 2801.75
1719 41982.8 2723.53
1720 42449.7 2756.39
1721 41442.4 3254.49
1722 42247.8 2627.03
1723 43370.8 2360.59
1724 41846.5 2574.74
1725 43275.8 2644.73
1726 42967.5 2244.15
1727 43926.2 2718.13
1728 43269.3 2177.82
1729 44056 2217.77
1730 43354.4 2310.65
1731 43399.7 2633.42
1732 43262.3 2315.42
1733 42924.4 2681.24
1734 43433 2687.8
1735 43354.6 2646.01
1736 44334.2 2774.12
1737 45017.7 2775.12
1738 45128.4 2797.45
1739 44633.6 3289.57
1740 45971.7 3303.14
1741 45822.6 3125.44
1742 46451 3293.16
1743 46671.7 2998
1744 46311.8 3109.83
1745 46216.4 3316.15
1746 46319.7 4132.95
1747 45578.1 3911.47
1748 47280.2 3976.67
1749 47451.9 4134.05
1750 48131 4735.56
1751 49378.8 4390.12
1752 49401.9 3173.53
1753 49067.4 3005.87
1754 47841.8 2672.29
1755 47474.2 2665
1756 47697.9 2604.58
1757 48742.3 2734.66
1758 48607.2 3004.95
1759 48453.7 3120.85
1760 49767.1 3419.62
1761 49960.1 3489.72
1762 51108.3 3225.28
1763 51981.4 3404.31
1764 53308.7 3911.23
1765 53881.7 2831.52
1766 53681.2 3650.33
1767 53436.3 3326.72
1768 53518.9 3846.17
1769 53050.1 4324.53
1770 53246.2 4346.93
1771 54802.2 2621.3
1772 55571.4 2065.41
1773 56004.2 1905.87
1774 56878.4 1786.96
1775 56489.7 2535.2
1776 57602.8 1258.7
1777 58981.3 799.113
1778 59090.6 778.556
1779 58576.9 791.783
1780 58561.9 863.226
1781 59198.6 817.564
1782 59301.6 721.3
1783 59828.7 611.179
1784 59419.5 865.366
1785 59667 844.873
1786 60050.3 715.721
1787 60402.3 850.064
1788 60673.4 886.803
1789 61481.5 920.934
1790 61695 1058.87
1791 62401.8 851.257
1792 62514.6 873.029
1793 62035.7 1261.97
1794 62128.4 1175.73
1795 61353.3 1087.12
1796 61096.2 1183.27
1797 61150.5 1195.36
1798 62247.8 1622.21
1799 62195.8 1665.07
1800 63323.8 1530.83
1801 61897.5 1254.27
1802 63272.3 1392.54
1803 63832.5 1672.42
1804 62565 1167.26
1805 61461.4 1152.36
1806 61454.3 1188.6
1807 59823 997.388
1808 59092 1240.35
1809 60747.2 1015.08
1810 61069.7 1130.2
1811 61379.1 881.731
1812 60612.7 1090.12
1813 60585.8 903.227
1814 60638 667.26
1815 60968.7 832.682
1816 60949.1 794.161
1817 59987.3 622.113
1818 59730.1 573.393
1819 59533.7 661.804
1820 59179.9 640.583
1821 59195.6 556.583
1822 58612.9 613.951
1823 58984 480.529
1824 59869.8 412.799
1825 59008.2 385.753
1826 59742.4 416.348
1827 59417.1 566.136
1828 61828 0
