N J h steps 
750 0.7 0 10000000000
-520 414
-518 840
-516 948
-514 985
-512 1194
-510 2187
-508 2055
-506 2744
-504 3319
-502 5497
-500 4701
-498 6445
-496 9501
-494 8970
-492 10616
-490 9134
-488 9554
-486 8834
-484 13577
-482 13453
-480 9059
-478 7604
-476 6827
-474 5842
-472 5762
-470 7716
-468 9021
-466 6550
-464 6625
-462 7470
-460 8874
-458 9359
-456 8858
-454 9197
-452 8686
-450 8502
-448 7836
-446 9990
-444 9848
-442 14057
-440 14921
-438 17708
-436 17142
-434 19460
-432 19976
-430 18207
-428 22775
-426 24730
-424 24563
-422 28318
-420 37823
-418 36932
-416 37065
-414 33758
-412 37701
-410 32674
-408 40884
-406 39326
-404 42904
-402 43008
-400 50295
-398 53168
-396 52993
-394 52255
-392 55927
-390 55941
-388 61738
-386 63697
-384 68121
-382 71435
-380 82003
-378 85752
-376 91848
-374 103439
-372 114778
-370 122277
-368 127642
-366 156578
-364 151178
-362 161395
-360 172585
-358 191058
-356 214113
-354 224442
-352 232960
-350 259449
-348 273567
-346 286857
-344 291930
-342 311773
-340 330445
-338 340176
-336 358836
-334 402589
-332 421870
-330 462842
-328 502896
-326 546376
-324 574516
-322 619819
-320 643223
-318 707584
-316 720683
-314 762615
-312 812118
-310 847201
-308 870432
-306 901422
-304 976001
-302 1016478
-300 1085436
-298 1142352
-296 1229446
-294 1288728
-292 1390345
-290 1490646
-288 1576989
-286 1672741
-284 1770495
-282 1860845
-280 1955301
-278 2088018
-276 2201370
-274 2370215
-272 2514356
-270 2704225
-268 2882526
-266 3030428
-264 3163117
-262 3322794
-260 3475769
-258 3670813
-256 3827271
-254 4020895
-252 4213369
-250 4389718
-248 4562285
-246 4816660
-244 5060705
-242 5247258
-240 5451250
-238 5761225
-236 5970547
-234 6260127
-232 6560422
-230 6842568
-228 7111985
-226 7472500
-224 7891204
-222 8198878
-220 8573591
-218 8945158
-216 9232156
-214 9590722
-212 9851779
-210 10237638
-208 10530806
-206 10870849
-204 11341483
-202 11738016
-200 12216895
-198 12727828
-196 13228923
-194 13722606
-192 14242114
-190 14627530
-188 15174192
-186 15587689
-184 16083341
-182 16610550
-180 17206696
-178 17686492
-176 18299017
-174 18902588
-172 19462508
-170 20068977
-168 20747664
-166 21412253
-164 22047935
-162 22621904
-160 23195519
-158 23898044
-156 24621482
-154 25219948
-152 25921211
-150 26738468
-148 27417956
-146 28110389
-144 29017176
-142 29658120
-140 30375918
-138 31320961
-136 32040422
-134 32847928
-132 33744521
-130 34586871
-128 35332934
-126 36189026
-124 37154916
-122 37898316
-120 38775470
-118 39511968
-116 40476099
-114 41301326
-112 41963025
-110 42800053
-108 43393620
-106 44133732
-104 44837597
-102 45627486
-100 46592118
-98 47155157
-96 47959764
-94 48590788
-92 49541814
-90 50374545
-88 50959073
-86 51612062
-84 52510969
-82 53241268
-80 54007640
-78 54689219
-76 55527027
-74 56285077
-72 56905113
-70 57814014
-68 58423363
-66 59096686
-64 59801916
-62 60158023
-60 61000948
-58 61485210
-56 62166269
-54 62887097
-52 63474250
-50 64048628
-48 64520297
-46 64990936
-44 65524842
-42 66022339
-40 66446769
-38 67080106
-36 67384357
-34 67812759
-32 68226616
-30 68879154
-28 69180625
-26 69702887
-24 70035021
-22 70165949
-20 70499087
-18 70808874
-16 70994589
-14 71156934
-12 71386100
-10 71638597
-8 71590900
-6 71796267
-4 71755529
-2 71722501
0 71864758
2 71981174
4 72002864
6 71726948
8 71836306
10 71661982
12 71442049
14 71223388
16 71189565
18 70978724
20 70581903
22 70264194
24 70043692
26 69861163
28 69437909
30 69108428
32 68598714
34 68000262
36 67974238
38 67542488
40 67050156
42 66775773
44 66351077
46 65845564
48 65396418
50 65053370
52 64618190
54 64037395
56 63475852
58 62669847
60 62102073
62 61575586
64 60721751
66 60150904
68 59416612
70 58695218
72 58009841
74 57382596
76 56558647
78 55780787
80 55050294
82 54142351
84 53297222
86 52667902
88 51672172
90 50839795
92 50055179
94 49369849
96 48611797
98 47828615
100 46957610
102 46188998
104 45235630
106 44419061
108 43545295
110 42828449
112 42078210
114 41140429
116 40319779
118 39505630
120 38661388
122 37981104
124 37245982
126 36323719
128 35530850
130 34838686
132 34046513
134 33287304
136 32442979
138 31495183
140 30757725
142 29886888
144 29110896
146 28388474
148 27695258
150 26940311
152 26249032
154 25504270
156 24847087
158 24186738
160 23324353
162 22742738
164 21989448
166 21499715
168 20792958
170 20214782
172 19612168
174 19096143
176 18508815
178 17782332
180 17271233
182 16737598
184 16203823
186 15755319
188 15218256
190 14617171
192 14191069
194 13677790
196 13074370
198 12654809
200 12107791
202 11789535
204 11245738
206 10747771
208 10353075
210 9998132
212 9630017
214 9261488
216 8885011
218 8453243
220 8065676
222 7816439
224 7486654
226 7185028
228 6977202
230 6660837
232 6431719
234 6166279
236 5932540
238 5704290
240 5450073
242 5293770
244 5056852
246 4819546
248 4533020
250 4340637
252 4168478
254 4014394
256 3804606
258 3632917
260 3453651
262 3285905
264 3160705
266 2992745
268 2871642
270 2694495
272 2541677
274 2425515
276 2285706
278 2207724
280 2078918
282 1988765
284 1870845
286 1730323
288 1667487
290 1551801
292 1466703
294 1402053
296 1317773
298 1249267
300 1163208
302 1111231
304 1071368
306 1028792
308 979458
310 918971
312 858966
314 786462
316 736417
318 688432
320 648993
322 591963
324 572483
326 523999
328 485103
330 445385
332 418114
334 389220
336 359802
338 336870
340 300109
342 282167
344 248290
346 231911
348 219884
350 197171
352 188776
354 172757
356 162209
358 145852
360 146767
362 126807
364 111995
366 97641
368 89850
370 89943
372 81298
374 72817
376 72637
378 69564
380 61011
382 57690
384 58469
386 49258
388 45846
390 42602
392 32292
394 31700
396 30877
398 16948
400 17141
402 11742
404 12183
406 15610
408 12489
410 8025
412 9612
414 9077
416 6124
418 4027
420 6395
422 3762
424 4420
426 8695
428 5316
430 6437
432 3626
434 4523
436 2693
438 2704
440 1017
442 638
444 661
446 161
