N J h mean_R_sq err_mean_R_sq mean_R_gyr_sq err_mean_R_gyr_sq 
1000 0.67 0 3179 62 589.104 2.74835
1 6071319
5 14384652
9 7509528
13 15938418
17 16369206
25 25732284
29 17454139
37 17897572
41 18140134
45 18309546
49 9212226
53 18592687
61 18832602
65 37894895
73 19131148
81 9668206
85 38818354
89 19500851
97 19663269
101 19678932
109 19766619
113 19828786
117 19875632
121 9948546
125 39967261
137 20112435
145 40316284
149 20220715
153 20258709
157 20207690
169 30521295
173 20308124
181 20382745
185 40796671
193 20417798
197 20474471
205 41011363
221 41016086
225 30826078
229 20565765
233 20525006
241 20553601
245 20593226
257 20647395
261 20560513
265 41196530
269 20606735
277 20605160
281 20600588
289 30947151
293 20625003
305 41227375
313 20610513
317 20630480
325 61853519
333 20610381
337 20616353
349 20590873
353 20591570
361 10292137
365 41125904
369 20527859
373 20542799
377 41140653
389 20542267
397 20559839
401 20554223
405 20549474
409 20530986
421 20496704
425 61404356
433 20428646
441 10218104
445 40846917
449 20411328
457 20402953
461 20387386
477 20343390
481 40677670
485 40655343
493 40614949
505 40547483
509 20215638
521 20215635
529 10096122
533 40377813
541 20157066
545 40283444
549 20161304
557 20127899
565 40124212
569 20078257
577 20021081
585 39983536
593 19998392
601 19929980
605 19905252
613 19978847
617 19938176
625 49684458
629 39692518
637 19831868
641 19826819
653 19749421
657 19743603
661 19726276
673 19689392
677 19722597
685 39359847
689 39247621
697 39219499
701 19609294
709 19580532
725 58444075
729 9770410
733 19479978
745 38874355
757 19357248
761 19318303
765 38672401
769 19316263
773 19282435
785 38492084
793 38495936
797 19188387
801 19170033
809 19200098
821 19105150
829 19057776
833 19080611
841 28544575
845 57058781
853 18939458
857 19046185
865 37807842
873 18902456
877 18920998
881 18825845
901 37606712
905 37498445
909 18813595
925 56033264
929 18630733
937 18588407
941 18635730
949 37219381
953 18576113
961 9303866
965 37094114
977 18512512
981 18447425
985 36822079
997 18443130
1009 18313443
1013 18230396
1017 18238644
1021 18287868
1025 54916437
1033 18306235
1037 36378456
1049 18201933
1053 18100496
1061 18131376
1069 18072016
1073 36168806
1089 9052437
1093 18116055
1097 17921712
1105 71722483
1109 17854538
1117 17812089
1125 35755504
1129 17789824
1145 35422597
1153 17787845
1157 35490674
1165 35405495
1181 17705098
1189 35143194
1193 17569933
1201 17429090
1205 35006125
1213 17379887
1217 17408404
1225 26149160
1229 17517325
1233 17418539
1237 17419862
1241 34752385
1249 17308641
1261 34602581
1277 17244725
1285 34323637
1289 17213883
1297 17223514
1301 17078444
1305 34225619
1313 33999579
1321 17133470
1325 51000606
1341 16854943
1345 33877312
1361 16760756
1369 25356102
1373 16915956
1377 16829699
1381 16799651
1385 33482800
1405 33360525
1409 16558830
1413 16596195
1417 33113868
1421 16613175
1429 16471864
1433 16606641
1445 49473938
1453 16564453
1465 32790276
1469 32864826
1481 16395320
1489 16293469
1493 16368057
1513 32381590
1517 32295435
1521 24361140
1525 48556417
1537 32257030
1549 16060330
1553 15932450
1557 16095516
1565 32059633
1573 15909990
1585 31928427
1597 15830762
1601 15972262
1609 15931718
1613 15833084
1621 15845880
1625 63073833
1629 15683045
1637 15619009
1649 31323549
1657 15629348
1665 31134184
1669 15616006
1681 23432690
1685 31066740
1693 15484397
1697 15602495
1709 15376637
1717 30945447
1721 15432917
1733 15321585
1737 15286733
1741 15209065
1745 30625327
1753 15161953
1765 30429172
1769 30379441
1773 15298942
1777 15158595
1781 30248747
1789 15218134
1801 14957445
1805 15005683
1813 15106890
1825 44916646
1845 29875796
1849 7497834
1853 29770341
1861 14733021
1865 29658257
1873 14659362
1877 14782977
1885 58916572
1889 14756562
1901 14569521
1913 14717058
1921 29073038
1933 14544882
1937 29175287
1945 29049126
1949 14539183
1961 28974936
1973 14309632
1985 28675950
1989 28542526
1993 14315523
1997 14184796
2005 28506097
2009 14154554
2017 14263025
2025 21235918
2029 14286689
2041 28337736
2045 28155437
2053 14092348
2057 14063039
2061 14135969
2069 13937296
2081 13954792
2089 13992849
2097 13866611
2105 27753906
2113 13768876
2117 27709600
2125 55299228
2129 13740910
2137 13668486
2141 13840023
2153 13581249
2161 13655827
2165 27362447
2169 13619827
2173 27182289
2197 26967590
2205 13482664
2209 6780968
2213 13578759
2221 13422482
2225 40306287
2237 13392585
2245 26655630
2249 26566454
2257 26526639
2269 13145983
2273 13231798
2281 13245748
2285 26299011
2293 13159112
2297 13193394
2305 26245989
2309 13111821
2313 13215304
2329 26070326
2333 13045950
2341 12992575
2349 12983115
2353 25946836
2357 12889897
2377 12891398
2381 12749795
2385 25559182
2389 12814772
2393 12687905
2401 6428404
2405 51047430
2417 12798902
2421 12614566
2425 38128732
2437 12681759
2441 12559284
2465 50157215
2473 12540535
2477 12511196
2493 12425195
2501 24888665
2509 24882736
2521 12220531
2525 36901376
2529 12312644
2533 24502337
2545 24463100
2549 12272890
2557 12229187
2561 24323163
2581 24210832
2593 12114782
2597 12070759
2601 18182962
2605 24171383
2609 12064766
2617 12112228
2621 12024834
2633 11956745
2637 11971878
2645 11949402
2657 11865697
2665 47347420
2669 23603221
2677 11686534
2689 11667134
2693 11784764
2701 23463487
2705 23466485
2713 11782346
2725 34870370
2729 11709284
2741 11614794
2745 23207021
2749 11570765
2753 11593913
2777 11467901
2785 22934780
2789 11448799
2797 11420338
2801 11394519
2809 17133548
2813 22692314
2817 11252198
2825 34000570
2833 11327702
2837 11181734
2845 22536982
2853 11165395
2857 11232760
2861 11223249
2873 33452645
2885 22252200
2897 11036145
2909 11112219
2917 11146171
2925 33098170
2929 21997351
2941 21982296
2953 10933166
2957 10881981
2965 21663187
2969 10744176
2977 21599203
2989 10708692
2993 21589892
2997 10799690
3001 10755682
3005 21442970
3025 16012330
3029 21477547
3033 10684874
3037 10692297
3041 10726748
3049 10568724
3061 10631116
3065 21153390
3077 21078070
3085 21059373
3089 10488821
3109 10395992
3121 10297713
3125 31114897
3133 20604417
3137 10422103
3141 10336217
3145 41309713
3161 20563175
3169 10284051
3177 10272442
3181 10160904
3185 20471950
3205 20237461
3209 10141262
3217 10144403
3221 10104565
3229 10116755
3233 20121268
3249 5039833
3253 10076839
3257 10020769
3265 19969031
3277 19925289
3281 19758147
3285 19767591
3293 19708928
3301 9858778
3305 19674413
3313 9907095
3321 9764182
3329 9853778
3341 19492783
3349 19569221
3357 9724650
3361 9678754
3365 19396238
3373 9709372
3385 19279050
3389 9652612
3393 19212676
3413 9585537
3425 28557592
3433 9517444
3445 37803762
3449 9332510
3457 9312055
3461 9398339
3469 9318266
3481 4721613
3485 37453528
3497 18689398
3501 9330759
3505 18576630
3509 9312349
3517 9259777
3529 9213695
3533 9248495
3541 9238285
3545 18449599
3557 9116397
3573 9129137
3577 9117293
3581 9122447
3589 18134195
3593 9084340
3601 18190915
3609 9080940
3613 8900476
3617 8898974
3625 35869154
3637 8853487
3645 8944263
3649 17895418
3653 17734284
3665 17810116
3673 8766222
3677 8840997
3681 8840499
3697 8758281
3701 8803732
3709 8773818
3721 13195530
3725 26205910
3733 8756608
3737 17413432
3757 25931137
3761 8644791
3769 8628861
3785 17053815
3789 8441019
3793 8508127
3797 8419459
3805 17061805
3809 16905609
3821 8529378
3825 25305629
3833 8454796
3845 16812058
3853 8423953
3865 16758130
3869 16660595
3877 8330051
3881 8323548
3889 8321737
3893 16660000
3897 8221659
3917 8272933
3925 24704664
3929 8147565
3961 16135623
3965 32374812
3969 4094032
3973 16104275
3977 16203402
3985 16034314
3989 8063285
4001 7898909
4005 16079714
4013 8040667
4021 7886821
4033 15959193
4041 7933573
4045 15788686
4049 7916145
4057 7897923
4069 15836743
4073 7783148
4093 7828890
4097 15697656
4105 15564655
4113 7799386
4121 15564212
4129 7728687
4133 7761862
4141 15196899
4145 15274220
4149 7661710
4153 7531952
4157 7671125
4165 15206887
4177 7648967
4181 15067426
4201 7445861
4205 22703039
4217 7598945
4225 33766761
4229 7560580
4241 7505961
4253 7362955
4261 7477213
4265 14917920
4273 7379217
4285 14692514
4289 7422970
4293 7405801
4297 7342135
4321 14593214
4325 21716559
4329 14434253
4337 7084429
4349 7083627
4357 7294136
4361 7175891
4365 14310962
4369 14468405
4373 7182381
4381 14403003
4385 14236198
4397 7144954
4405 14215249
4409 7007838
4421 7118329
4437 14000670
4441 7076564
4453 14022663
4457 7056696
4469 13895378
4477 7007572
4481 7012318
4489 3520436
4493 6982238
4505 27611922
4513 6720177
4517 6702526
4525 20468194
4537 13505500
4545 13590831
4549 6867874
4553 13504924
4561 6821227
4573 13433598
4581 6773614
4589 13432635
4597 6609776
4621 6689736
4625 26621741
4633 13359122
4637 6616652
4645 13331289
4649 6607387
4657 6488687
4673 6583938
4685 13126187
4689 6530418
4693 6450122
4705 12831159
4709 12829764
4717 12802262
4721 6492218
4729 6279022
4733 6362678
4745 25599364
4753 6431158
4761 3205629
4765 12658547
4777 12690655
4789 6231387
4793 6334352
4797 12664037
4801 6352818
4805 6314467
4813 6323438
4817 6186177
4825 18831973
4849 12346741
4861 6212224
4869 6193956
4877 6177720
4885 12254494
4889 6190312
4901 18235626
4905 12045465
4909 6123587
4913 12081666
4925 17950829
4933 6077741
4937 6089884
4941 5881621
4949 6019067
4957 6032887
4961 5867890
4969 5956630
4973 6004072
4981 11965368
4985 11863514
4993 5983736
5009 5964804
5013 5810745
5017 11818691
5021 5898226
5041 2927773
5045 11586072
5057 11693546
5065 11679086
5069 11626805
5077 5777906
5081 5706227
5085 11646183
5101 5568525
5105 11302141
5113 5551032
5121 5651613
5125 22740861
5141 11182930
5153 5682589
5161 11165217
5165 11261906
5185 22298971
5189 5635171
5193 5562799
5197 5622922
5209 5548379
5213 10985890
5233 5508457
5237 5547459
5245 10932155
5249 11022986
5261 5522971
5265 10906383
5273 5481542
5281 5344730
5297 5443354
5305 10640073
5309 5224130
5317 10592185
5321 10671187
5329 7864659
5333 5307634
5337 5365120
5341 5360622
5345 10467370
5353 10693498
5365 21005795
5381 5287225
5389 10422088
5393 5243332
5409 5255429
5413 5165940
5417 5090205
5429 10442269
5437 5207509
5441 5217712
5445 5153183
5449 5055916
5465 10239006
5473 10298204
5477 5066322
5485 10037090
5501 5062241
5513 9934000
5517 4894309
5521 5009381
5525 30039293
5537 4857503
5545 10093399
5553 4843241
5557 4989241
5569 4904328
5573 4816359
5581 4931467
5585 9920288
5597 9737718
5617 9748083
5625 12101744
5629 9736697
5641 4805996
5645 9711653
5653 4875079
5657 4712429
5661 9623786
5669 4763953
5689 4781251
5693 4669494
5701 4804286
5713 9468117
5717 4754588
5725 14022029
5729 9321361
5733 4631255
5737 4567291
5741 4705861
5749 4538187
5765 9207330
5769 4680330
5777 9180886
5785 18312090
5801 4587962
5809 9054869
5813 4607967
5821 4619011
5825 13677114
5837 9030129
5849 4516782
5857 4533528
5861 4527785
5869 4402536
5877 4448769
5881 4529245
5897 4494461
5905 8817949
5913 4448312
5917 8870485
5929 2188409
5933 8753205
5941 8695884
5945 17394529
5949 4414170
5953 4252836
5965 8628006
5981 4202482
5989 8590156
5993 8661322
6001 8536872
6005 8638789
6025 12777619
6029 4289218
6037 4205077
6053 4142878
6057 4218125
6065 8475053
6073 4252218
6085 8242198
6089 4137021
6093 4142244
6101 4191137
6109 8359018
6113 4164569
6121 4062904
6125 8295962
6133 4159353
6137 4159140
6145 8178147
6161 7989543
6165 8095382
6173 3973225
6185 8046435
6197 4036226
6201 7964402
6205 16097226
6217 4052149
6221 3898534
6229 3983397
6241 1974692
6245 7849874
6253 11949535
6257 3970150
6269 3919825
6273 7777684
6277 3968571
6301 3904570
6305 15521377
6309 3954913
6317 3888841
6329 3901377
6337 3830863
6341 7695375
6353 3812879
6361 3802996
6373 3865293
6381 3737124
6385 7553961
6389 3708955
6397 3692462
6401 7546752
6409 14946271
6413 3803533
6421 3719506
6425 11106934
6437 7507840
6445 7388290
6449 3748295
6469 3610928
6473 3631667
6481 3702575
6485 7288455
6497 7307435
6505 7317160
6521 3683383
6525 10874095
6529 3536180
6553 3568425
6561 1788704
6565 14254496
6569 3605931
6577 3575438
6581 3530882
6597 3567527
6605 7014939
6613 6973890
6617 6956559
6625 13980053
6637 3413678
6641 6980005
6649 6892771
6653 3387153
6661 3518284
6673 3369549
6689 3466456
6697 6728379
6701 3366233
6705 6832037
6709 3425121
6713 3409444
6725 10120449
6733 3383529
6737 3361912
6749 6698993
6757 6675988
6761 3383684
6773 6648994
6781 3291623
6793 3258883
6805 6620717
6813 3301089
6817 6622838
6829 3264378
6833 3226428
6841 3295678
6845 9698356
6849 3198280
6857 3185879
6865 6427668
6869 3171816
6877 3191209
6885 6396860
6889 1601860
6893 6461386
6905 6332096
6917 3183882
6921 3129769
6925 9506684
6929 9418972
6949 3177435
6953 6292140
6957 3069663
6961 3157131
6977 3081615
6989 6187031
6997 3061089
7001 3054936
7013 3112051
7025 9177103
7033 6129760
7045 6119030
7057 3037875
7065 6010642
7069 2977468
7081 5966313
7085 11971364
7093 5900625
7105 5917341
7109 2940096
7121 2901595
7129 2965202
7137 5956224
7141 5835264
7145 5878183
7157 5808653
7165 5807470
7173 2885276
7177 2956890
7193 2833331
7209 2833936
7213 2922345
7225 12805493
7229 2880209
7237 2865853
7241 5711573
7253 2871809
7261 5645519
7265 5620240
7281 2835932
7289 5668948
7297 2747910
7301 2736710
7309 2734320
7321 2713016
7325 8288151
7333 2706704
7345 10959138
7349 2751738
7361 5408125
7369 2774886
7373 5413907
7381 2675248
7389 2695063
7393 2669777
7397 5378396
7405 5348472
7417 2721028
7421 5431464
7433 2625637
7445 5318683
7453 5260254
7457 2630151
7461 2646999
7465 5276538
7477 2663138
7481 2658547
7489 2583887
7497 2636952
7501 5150277
7517 2636243
7529 2545361
7537 2519565
7541 2517697
7549 2602020
7561 2536535
7565 10256648
7569 3786486
7573 2569729
7577 2497591
7585 10114987
7589 2475921
7605 7499841
7621 2546983
7625 9926219
7633 4988514
7649 2418058
7669 2504103
7673 2471402
7677 2415164
7681 2481961
7685 9742298
7693 2405806
7709 4852943
7713 2467393
7717 2382841
7741 2373442
7745 4788784
7753 2424114
7757 2431258
7765 4780085
7769 4740149
7785 4701296
7789 2349927
7793 2392516
7801 4691815
7813 4625628
7817 2313623
7825 7041006
7829 2294832
7837 4630650
7841 2281316
7853 2257259
7857 2263277
7865 4615477
7873 2257539
7877 2262724
7893 2324475
7897 4534790
7901 2284405
7913 4566162
7921 3368650
7925 6804227
7929 2226924
7933 2219898
7937 2269083
7949 2206144
7957 4465010
7969 4543029
7985 4413641
7993 2172105
8005 4317941
8009 2211175
8017 2175187
8021 4420376
8033 4357249
8045 4259925
8053 2184963
8065 4343332
8069 2108776
8077 4213652
8081 2102979
8089 2093039
8093 2078800
8101 2166459
8105 4225941
8109 4227131
8117 2172738
8125 10484150
8145 4171350
8149 4165949
8161 2039202
8177 8250694
8181 2102455
8185 4091684
8209 2010035
8221 2084860
8233 2001111
8237 2049645
8245 8078150
8249 3985088
8269 2062469
8273 2024321
8281 2975221
8285 3985291
8293 1952782
8297 2005935
8317 1997044
8321 3936943
8325 5873556
8329 1933493
8333 3856005
8345 3894956
8353 1961533
8357 3840570
8361 1910656
8369 1946120
8377 1896818
8381 5781666
8389 1974441
8405 5677477
8425 5681392
8429 1870992
8433 1861253
8461 1916398
8465 3719707
8469 1876600
8473 3796455
8477 1902469
8485 3671728
8489 3694629
8497 3682374
8501 1815736
8513 1876803
8521 1806874
8537 1855856
8541 3619338
8545 3641127
8573 1780045
8577 1758847
8581 1756872
8585 7163682
8593 3543557
8597 1795085
8605 3585244
8609 1741821
8621 3503199
8629 1783507
8633 3529241
8641 1743969
8649 885526
8653 3490485
8665 3487315
8669 1710952
8677 1699107
8681 1759809
8685 3467991
8689 1764916
8693 1684232
8705 3455154
8713 1754927
8725 5100614
8737 1672385
8741 1666348
8749 3376439
8753 1731602
8761 1657143
8765 3378195
8793 1703160
8801 3252719
8821 1651116
8825 4892480
8829 1650388
8833 1628926
8837 1653312
8845 6543493
8849 1600778
8857 3253433
8861 1665958
8865 3183505
8869 1596336
8885 3241139
8893 1571119
8905 6403217
8917 3178117
8929 1558290
8933 1540133
8941 1588446
8945 3103924
8957 4732651
8969 1544632
8973 1587062
8989 3047465
8993 1571616
9001 1523432
9005 3072290
9013 1509621
9025 2281740
9029 1561289
9041 1557738
9049 1542061
9061 6108269
9065 2994189
9077 2970180
9081 1467510
9089 3061239
9109 1445046
9113 2918964
9117 1459570
9125 5916817
9133 1492582
9137 1456066
9153 1437537
9157 1431776
9161 1431964
9169 2896402
9173 1416902
9181 1457354
9189 1434019
9193 2856298
9197 2873001
9209 1403522
9217 2867629
9221 1459544
9225 4302379
9241 1451271
9245 1395353
9257 1376815
9265 5576702
9277 1417872
9281 1435950
9293 1358938
9297 1426533
9305 2779125
9325 4100449
9333 2690429
9337 1396645
9341 1327254
9349 1391649
9365 2686490
9377 1308775
9385 2686004
9389 2627291
9397 1306142
9409 1987571
9413 1365461
9421 1298740
9425 7913877
9433 1331043
9437 1305744
9441 1354912
9445 2649573
9457 1269204
9461 1315124
9469 2559678
9473 1334100
9477 1266970
9497 1260179
9505 2602059
9509 2614931
9521 1263100
9529 2482471
9533 1245690
9549 1273076
9553 2541893
9565 2493170
9577 2503007
9593 2457980
9601 1250802
9605 4956134
9613 1268305
9621 1207117
9629 1262290
9649 1176299
9653 1249280
9657 2418245
9661 1187433
9665 2430460
9673 2394548
9677 1218273
9685 4799559
9689 1191711
9697 1164087
9701 2397774
9721 1170518
9725 3536284
9733 1196935
9745 2350449
9749 1137677
9769 1169455
9773 2323683
9781 1151851
9797 2288632
9801 595699
9805 4565411
9809 2322331
9817 1185086
9829 1159792
9833 1120120
9837 1173846
9841 2241941
9857 1123128
9865 2255797
9873 1107402
9881 2185755
9893 2255842
9901 1141750
9925 3261688
9929 1074810
9941 1067370
9945 4379347
9949 1080985
9953 2146579
9965 2164352
9973 1041063
9981 1059848
9985 2156488
9997 2148293
10001 2162612
10009 1095790
10025 3160690
10037 1045980
10045 2102202
10049 2137377
10053 1023419
10057 2131293
10061 1038156
10069 1025441
10081 2072981
10085 2059173
10093 1019003
10121 2039486
10125 2050813
10133 1034036
10141 984995
10145 1991735
10161 972915
10169 1033839
10177 1005043
10181 997986
10193 1006848
10201 1513819
10205 3918723
10217 2002148
10225 2958988
10229 1967773
10237 1985637
10249 1931212
10253 934740
10265 1951033
10273 947691
10285 1922859
10289 987426
10301 971278
10305 1876468
10309 2841069
10313 942248
10321 937635
10333 961433
10337 925085
10345 1892280
10357 936080
10361 1863213
10369 898319
10377 943161
10397 1861011
10405 1832704
10413 1843137
10421 1777730
10429 938532
10433 910168
10441 1819716
10445 1795556
10453 928658
10457 920135
10469 889412
10477 906719
10485 1768521
10489 1734778
10501 875716
10513 865718
10517 1743091
10525 2679718
10529 892272
10537 1713837
10553 1711943
10565 1733198
10573 1746241
10585 3412084
10589 834642
10597 838669
10601 869650
10609 434035
10613 868642
10625 4226983
10629 869470
10645 1686518
10657 817357
10673 1654771
10685 1660626
10693 2475244
10701 1639579
10705 1615257
10709 831826
10729 826447
10733 785348
10737 804964
10753 836067
10765 1615733
10769 775125
10777 1590501
10781 777058
10789 784959
10805 1596493
10809 782235
10817 1582216
10825 2354512
10829 1563569
10837 761930
10841 1592128
10845 1583617
10853 767626
10861 767737
10865 3112925
10877 1531127
10889 757873
10897 1537748
10909 739825
10917 743019
10933 2284083
10937 774270
10949 730814
10953 739547
10957 749501
10961 1484617
10973 736241
10985 2955782
10993 719651
11009 1469394
11025 1072460
11029 1470737
11041 1483275
11045 710014
11057 701872
11061 738793
11065 1413244
11069 683925
11089 1441120
11093 731445
11097 701042
11101 1424487
11105 1426790
11113 703064
11117 685253
11125 2797159
11133 714287
11141 1384573
11149 674442
11161 690820
11169 1391532
11173 685776
11177 705225
11185 1383162
11197 661130
11213 665618
11221 696240
11225 2013761
11237 1344202
11241 659676
11245 2664588
11257 674581
11261 673822
11273 652518
11281 1317170
11285 2647299
11317 661126
11321 628925
11329 642258
11345 1294256
11349 1283493
11353 627604
11357 1296537
11365 1278103
11369 631408
11393 649222
11401 1252237
11405 1271507
11413 1240134
11417 605579
11425 1875909
11437 611667
11441 1255298
11449 311071
11453 1243410
11461 1245019
11465 1226565
11485 1228799
11489 591575
11493 621411
11497 607179
11509 1243695
11513 1205293
11521 1183594
11525 1801650
11545 1196285
11549 605801
11565 1168114
11581 1145051
11593 598937
11597 598228
11601 592559
11617 575785
11621 564676
11629 1152252
11633 585912
11645 2285267
11657 588484
11665 1129903
11673 580116
11677 585952
11681 557279
11689 565062
11701 575193
11705 1146816
11709 563026
11713 2207717
11717 558890
11729 1098660
11737 550425
11745 1106886
11765 2206812
11773 1101716
11777 563137
11785 1086058
11789 543692
11801 527216
11809 554333
11813 532963
11817 1060044
11821 528041
11833 550783
11849 1599450
11861 1068576
11881 781002
11885 1040613
11889 540598
11897 526892
11905 1051366
11909 513769
11917 1034512
11925 1551681
11933 529712
11941 500570
11945 1017704
11953 522801
11965 1016035
11969 505932
11981 511766
12005 498652
12013 990732
12017 987440
12025 3003146
12037 496433
12041 497074
12049 501452
12053 986421
12069 480938
12073 483404
12077 996096
12085 951020
12097 478583
12101 483323
12105 968892
12109 487491
12113 470321
12125 1917194
12137 954876
12149 473294
12157 467803
12161 464565
12181 946612
12185 928981
12193 946600
12197 473478
12205 929849
12209 911356
12221 470083
12233 923496
12241 451333
12249 451745
12253 444894
12269 463820
12277 440773
12281 464754
12289 462593
12301 444039
12317 866129
12321 667688
12325 2657275
12329 444054
12337 1324530
12349 890562
12357 434573
12365 895702
12373 425640
12377 421890
12385 872327
12389 858537
12393 439549
12401 429312
12409 428225
12413 421869
12421 432920
12429 414877
12433 420323
12437 423147
12457 431252
12461 856158
12465 842204
12469 842195
12473 429448
12493 411187
12497 407248
12505 1653904
12517 416032
12541 418638
12545 1598856
12553 405135
12557 812802
12569 406678
12577 407633
12589 393860
12593 399910
12601 395074
12605 800496
12613 388353
12625 1574097
12629 788884
12637 380331
12641 403436
12645 806598
12653 398098
12665 1568372
12681 398487
12689 378135
12697 373710
12701 769838
12713 390195
12717 376226
12721 388174
12725 1144582
12745 746901
12753 760351
12757 381320
12769 566871
12773 738827
12781 376496
12785 744679
12789 367002
12805 1474155
12809 360458
12821 363112
12829 368734
12833 735855
12841 354638
12853 360305
12861 363486
12869 720398
12889 354586
12893 359605
12897 366157
12905 1427073
12913 704732
12917 351029
12937 691424
12941 355451
12953 341838
12961 696802
12965 717128
12973 359446
12985 702352
12997 685461
13001 352524
13005 1013205
13009 335639
13021 685151
13025 1011553
13033 337689
13037 342021
13045 682158
13049 340629
13061 668443
13073 670088
13077 332099
13085 651220
13093 336450
13105 657286
13109 321183
13117 647487
13121 321895
13141 643476
13165 640431
13169 651298
13177 323819
13181 322113
13185 640510
13189 322245
13213 616183
13217 311386
13221 631990
13225 467493
13229 308582
13241 313535
13249 306563
13253 622310
13261 610055
13273 609417
13285 639505
13289 636950
13297 321702
13309 317707
13313 297644
13325 1824937
13329 297953
13337 292639
13345 1210888
13357 306825
13369 601238
13381 291897
13385 584891
13397 294973
13401 290856
13417 283305
13421 289831
13429 580447
13437 291617
13441 288803
13445 572020
13457 282358
13465 573097
13469 287765
13477 286222
13481 1135761
13505 1126506
13513 276789
13525 831864
13537 276767
13549 557626
13553 277165
13565 536468
13573 268671
13577 277106
13597 272786
13613 289582
13617 564753
13621 539480
13625 1092775
13633 268763
13637 545721
13645 527065
13649 264723
13653 540195
13669 258324
13673 272360
13681 263535
13689 379437
13693 255734
13697 270066
13705 520806
13709 263670
13721 257051
13725 779148
13729 252450
13745 506140
13753 498200
13757 258199
13765 517041
13769 256425
13781 255852
13789 250980
13793 501058
13801 502329
13817 494391
13829 248920
13833 497529
13837 487087
13841 241597
13873 232784
13877 243843
13885 489998
13897 482550
13901 239099
13913 244043
13921 244137
13925 710766
13933 234162
13941 235357
13945 497528
13949 962462
13957 487726
13969 486492
13973 467953
13977 239191
13985 482375
13997 224805
14005 471132
14009 227593
14013 227197
14029 236639
14033 229766
14045 672242
14057 238147
14065 903393
14081 223218
14085 453251
14089 446671
14093 449084
14125 878481
14149 216845
14153 214876
14157 220273
14161 322747
14165 430663
14173 215509
14177 212070
14185 424751
14197 214505
14209 427953
14213 424275
14221 213656
14225 643867
14249 204361
14257 424591
14261 416902
14265 414870
14281 230776
14285 432330
14293 225100
14297 613097
14305 428010
14309 409851
14321 217692
14341 215768
14357 197591
14365 1206921
14369 205867
14373 199552
14381 399092
14389 193132
14393 410837
14401 197363
14409 194777
14417 382088
14425 601191
14437 196249
14449 197168
14453 388574
14461 197172
14473 378028
14481 190737
14485 374685
14489 192916
14501 379290
14517 194168
14521 375690
14533 191624
14537 186560
14545 367867
14549 181603
14557 186796
14561 179261
14569 368742
14585 366233
14589 176168
14593 183430
14621 206323
14625 738526
14629 182766
14633 199482
14641 87352
14645 736261
14653 176955
14657 177313
14661 190515
14669 177531
14677 355854
14681 364268
14689 348029
14701 354721
14705 715907
14713 165953
14717 175506
14733 183415
14737 168459
14741 171636
14753 172560
14761 345600
14765 345814
14785 341813
14797 167782
14801 174905
14813 164825
14821 165269
14825 504407
14837 327895
14841 332165
14845 327461
14869 167310
14885 649440
14893 324398
14897 155062
14909 323979
14913 165333
14929 156188
14933 321787
14945 307593
14957 160699
14965 647524
14969 172807
14977 333939
14985 318227
14989 325311
15005 325348
15013 150526
15017 154938
15021 156454
15025 465735
15041 460156
15049 313885
15053 151268
15061 144428
15073 149270
15077 160138
15101 152332
15109 305459
15121 148748
15125 292537
15129 214678
15133 298030
15137 147660
15145 592681
15149 145392
15161 146171
15165 297675
15173 138647
15185 289182
15193 145197
15205 288461
15217 136929
15229 289240
15233 143784
15237 139998
15241 134758
15245 277258
15269 138997
15273 139797
15277 140718
15289 139883
15293 279066
15305 274101
15313 152372
15317 416753
15325 423116
15329 140916
15337 155285
15341 136194
15349 136190
15353 280896
15361 128983
15373 147780
15377 131241
15381 135461
15385 530263
15397 275081
15401 131603
15413 128874
15425 395701
15445 265853
15453 253329
15457 522657
15461 131087
15473 123866
15481 257666
15489 121769
15493 131647
15497 127875
15509 245527
15529 243331
15533 127977
15541 117476
15545 247998
15569 124367
15577 246947
15581 123727
15597 117759
15601 117236
15605 240296
15613 231786
15625 423510
15629 119003
15633 122830
15641 118302
15649 119118
15661 117487
15665 479352
15669 134701
15677 257339
15685 233216
15689 251001
15705 245850
15725 702003
15733 116891
15737 110412
15749 124611
15761 111286
15769 220894
15773 111106
15777 122899
15793 225536
15797 108667
15805 439477
15809 121217
15817 103871
15821 218337
15845 219606
15857 219272
15877 108960
15881 103829
15885 219335
15889 112534
15901 107614
15905 210107
15913 102418
15921 212716
15925 313591
15929 213409
15937 104671
15949 202217
15957 106774
15973 101347
15977 214967
15993 101627
15997 205763
16001 98889
16021 216282
16025 320199
16029 197928
16033 114123
16045 216159
16057 95446
16061 116273
16069 102039
16073 100890
16081 207820
16085 193143
16097 96444
16101 94176
16105 203902
16109 190858
16129 48013
16133 402788
16141 93493
16145 196208
16153 191122
16165 394842
16189 91564
16193 92020
16201 194208
16209 96535
16217 89081
16229 94216
16237 187977
16241 189807
16245 91399
16249 87184
16253 90127
16265 185971
16273 94286
16277 178656
16285 185449
16301 89430
16317 84710
16325 268530
16333 93676
16337 85791
16349 90426
16361 84411
16369 90771
16381 98713
16385 360167
16393 273864
16405 352059
16409 170559
16417 91622
16421 101022
16425 255386
16433 83102
16441 185874
16453 81666
16465 344800
16477 84579
16481 81904
16493 95967
16501 166149
16505 171866
16513 86345
16525 251766
16529 79268
16553 84482
16561 89994
16565 162231
16573 80628
16577 77987
16589 162520
16601 164107
16605 153906
16609 155827
16613 158357
16633 79830
16641 38806
16645 164747
16649 73670
16657 77421
16661 75527
16673 73647
16677 159436
16693 81888
16705 301459
16717 151430
16729 74101
16733 141116
16741 77298
16745 307595
16749 89166
16757 161121
16769 170276
16781 149819
16785 162787
16801 144089
16805 157641
16825 211005
16829 85457
16837 140408
16857 81389
16861 145584
16865 139352
16889 79157
16893 69798
16897 139041
16901 72868
16909 139170
16913 135602
16921 66873
16925 223984
16937 68436
16945 134407
16949 133217
16965 276139
16981 67326
16993 68691
17001 65161
17009 142911
17021 68062
17029 63378
17033 67545
17041 60714
17053 63072
17057 136028
17065 129840
17069 195874
17077 61895
17093 61740
17101 61684
17109 68427
17113 139696
17117 77598
17125 268394
17137 78322
17141 129238
17153 134735
17161 32616
17165 129410
17173 134000
17177 127658
17189 58499
17197 136657
17209 59635
17217 60356
17221 125633
17225 377681
17245 117645
17257 70151
17261 114117
17285 116469
17289 118839
17293 68829
17297 54711
17305 119786
17317 57860
17321 58991
17333 69175
17341 54129
17345 109761
17357 117665
17377 63929
17389 55336
17393 58203
17397 54541
17401 55800
17405 53937
17417 55392
17425 336475
17429 113038
17433 113264
17449 54090
17473 103159
17477 59151
17485 228439
17489 68808
17497 68209
17505 109617
17509 66266
17525 169810
17533 109782
17541 51252
17545 117329
17557 103013
17561 103362
17569 66339
17573 50828
17581 51262
17585 105395
17593 106906
17597 63370
17609 48347
17629 162498
17645 100886
17649 95999
17657 52047
17665 106296
17669 51703
17681 47931
17689 25404
17693 99253
17705 107538
17713 48396
17725 147964
17729 46886
17737 47766
17741 96079
17749 56071
17753 93865
17757 50159
17761 48061
17777 95021
17785 90052
17789 45056
17797 147453
17833 93305
17837 45701
17849 95214
17861 107306
17865 105523
17873 109758
17881 43676
17885 105865
17893 88207
17901 104377
17905 92244
17909 44370
17921 58114
17929 45029
17937 42681
17945 185474
17953 88825
17957 45368
17965 91864
17973 54605
17977 43214
17981 43223
17989 42219
18005 182165
18013 40950
18029 45467
18037 85361
18041 52676
18045 81919
18049 41564
18061 40081
18065 81915
18077 40659
18081 49355
18085 82522
18089 41865
18097 43633
18121 39620
18125 212026
18133 40254
18149 37809
18153 39494
18169 41651
18173 85475
18181 38018
18185 78310
18217 38483
18225 62852
18229 39296
18233 39083
18241 169005
18245 169984
18253 52608
18257 35267
18261 38738
18265 166146
18269 37220
18277 37909
18281 94035
18289 36024
18301 51961
18313 35505
18317 73872
18325 125212
18329 36909
18341 40010
18353 47738
18365 71919
18369 71494
18385 80975
18397 36766
18401 36083
18405 75178
18409 70968
18413 33158
18421 115832
18433 37152
18457 34558
18461 42359
18473 72466
18477 34885
18481 34402
18485 69108
18493 33667
18497 68383
18505 73339
18513 33607
18517 31630
18521 32650
18541 33689
18545 67023
18549 33746
18553 38105
18577 65491
18581 66162
18589 64114
18593 33305
18605 99378
18617 30064
18621 33215
18625 144930
18629 78240
18637 45479
18649 78548
18661 35916
18665 74754
18685 138197
18701 31616
18709 74562
18713 30744
18721 63437
18729 30185
18737 72021
18749 30418
18757 30582
18761 59951
18769 57285
18773 30912
18785 181835
18793 28444
18797 28735
18801 30548
18805 67423
18833 57325
18845 66917
18853 58129
18857 58100
18869 27534
18873 28409
18889 61001
18901 56868
18913 27864
18917 28855
18925 83232
18937 62014
18945 52553
18965 53592
18973 25717
18985 54252
18989 57728
18997 26442
19001 27728
19009 27244
19013 40880
19017 39546
19025 92322
19037 38286
19045 110342
19053 64723
19061 24730
19069 26488
19073 40714
19081 27025
19093 51982
19097 89323
19105 52483
19109 50583
19121 26107
19125 112462
19133 24099
19141 24567
19157 35975
19161 23338
19165 48872
19169 52005
19181 24944
19193 59026
19213 22892
19225 72487
19233 31478
19237 25962
19249 23853
19253 49691
19265 45964
19269 22987
19273 23926
19277 53202
19289 21690
19301 22678
19309 22526
19321 11271
19325 75031
19333 23352
19337 46018
19345 89758
19357 45474
19373 21375
19377 28737
19381 21620
19385 43277
19405 58080
19409 55808
19417 31971
19421 21056
19429 33131
19433 26821
19441 21681
19445 55188
19449 21957
19453 20054
19457 20752
19465 96645
19469 19952
19477 19394
19485 41553
19489 32945
19493 44705
19501 21447
19517 50712
19521 20716
19541 20529
19549 52081
19553 20099
19557 43892
19573 21249
19577 20249
19585 49460
19597 21417
19601 39522
19609 20194
19625 88026
19633 37505
19637 38646
19645 39581
19649 18849
19661 20707
19669 81898
19681 19972
19697 19121
19709 19901
19717 24053
19721 75787
19729 36805
19753 17802
19769 42301
19773 35312
19777 18043
19793 18280
19801 29175
19805 82549
19813 27642
19825 122646
19841 28618
19845 17958
19853 19113
19861 29085
19865 68117
19881 9392
19885 85119
19889 17629
19897 38545
19913 27059
19917 17152
19925 50733
19937 17429
19945 42435
19949 20198
19961 17412
19973 16024
19981 76079
19989 15720
19993 15016
19997 18348
20005 31025
20017 33125
20021 23816
20025 49258
20029 16572
20041 17403
20065 36793
20077 31218
20089 16230
20101 15180
20105 29279
20113 19527
20117 16002
20129 17383
20133 14554
20137 32399
20149 15350
20161 13847
20165 65254
20173 16590
20177 13369
20189 29979
20201 24001
20205 40823
20213 67606
20221 33302
20225 53790
20233 14355
20241 38632
20245 29110
20249 14508
20261 22884
20269 14258
20281 33522
20285 38463
20297 14541
20313 36657
20329 28778
20333 14148
20341 12454
20345 64564
20353 13022
20357 14134
20365 27188
20369 12943
20381 34357
20389 14454
20393 13395
20413 27966
20417 27446
20421 20436
20441 12502
20449 19554
20453 28291
20457 15069
20465 33293
20477 11868
20485 52643
20509 12272
20513 29024
20521 12091
20525 39591
20529 12566
20533 11271
20549 13381
20557 26164
20561 25611
20565 28550
20593 14003
20605 58582
20609 33221
20617 31003
20621 26270
20629 19757
20637 12641
20641 12020
20645 32871
20665 33333
20673 11221
20681 15038
20689 31624
20693 13858
20705 45548
20717 19544
20725 33592
20737 24705
20745 27708
20749 19067
20753 11013
20761 23865
20765 22580
20773 12720
20781 11143
20785 30888
20789 13716
20809 11565
20813 22520
20817 11579
20825 38703
20849 12816
20857 11063
20869 26006
20873 10307
20885 21496
20893 20596
20897 10110
20905 41518
20917 24847
20921 9714
20929 10546
20933 11650
20961 22180
20969 24270
20981 9501
20997 9881
21001 9319
21005 20494
21013 18173
21017 17651
21025 56396
21029 21614
21037 26044
21041 21248
21053 28328
21061 9705
21069 9077
21073 27834
21085 22242
21089 10554
21097 39458
21101 9058
21121 9057
21125 65777
21141 9271
21145 19353
21149 12685
21157 15615
21169 9865
21177 18872
21193 16075
21205 18703
21213 8589
21217 10830
21221 9350
21233 24470
21253 16143
21257 16403
21265 18781
21269 8680
21277 13656
21281 18539
21289 18281
21305 17124
21313 9081
21317 9605
21325 30451
21341 9751
21349 18094
21361 17973
21365 19354
21377 11525
21389 16355
21393 7602
21397 9374
21401 7651
21425 33106
21429 14586
21433 11467
21437 39489
21445 16370
21449 22111
21465 23277
21473 16599
21481 7968
21485 23804
21493 10875
21501 7147
21509 23387
21517 7112
21521 7988
21529 7653
21533 14370
21537 13670
21541 16453
21557 9588
21569 13850
21577 8068
21589 7389
21601 8710
21605 37027
21609 4955
21613 8851
21617 6801
21625 30223
21645 34324
21649 6105
21661 7250
21673 8178
21677 15461
21685 15324
21689 10366
21697 15396
21701 7936
21709 14964
21713 6533
21737 10376
21745 14178
21753 8466
21757 7876
21773 7109
21785 13642
21789 9680
21805 14062
21809 13756
21817 6700
21821 6278
21825 20112
21841 12705
21845 36988
21853 25552
21865 21599
21881 11986
21893 6414
21901 12170
21905 30328
21913 13595
21925 25858
21929 6531
21933 7145
21937 5580
21941 13495
21953 18610
21961 6838
21969 7285
21977 6637
21985 18237
21997 5582
22001 5357
22009 12613
22013 6483
22021 10069
22025 18826
22037 6496
22045 11759
22049 13981
22061 14884
22069 11346
22073 6395
22093 7344
22105 14750
22109 6342
22117 10735
22129 6601
22133 6378
22153 7772
22157 6470
22181 11943
22185 21562
22189 6229
22193 6222
22201 8695
22205 14657
22213 11306
22217 11244
22229 5398
22237 11073
22257 5668
22261 18240
22265 28223
22273 10748
22277 6131
22285 17242
22293 5360
22301 16788
22313 9727
22321 26788
22345 27600
22349 4937
22369 5800
22373 13812
22381 4601
22385 11403
22393 6312
22397 6311
22405 13907
22409 5184
22417 11069
22433 5375
22437 4143
22441 7873
22445 4109
22453 5306
22457 9953
22465 9060
22469 4873
22481 6758
22501 5405
22509 11599
22525 29161
22529 8941
22541 5513
22549 4477
22565 9012
22573 5667
22581 9334
22585 9989
22589 4069
22601 9558
22613 4566
22621 5991
22625 18944
22633 11108
22637 3914
22669 5523
22681 9647
22685 24076
22689 9467
22697 8719
22709 9158
22717 3670
22721 3480
22725 16997
22741 5001
22745 14069
22753 7978
22761 4879
22765 16840
22769 7930
22777 5279
22789 8344
22797 11420
22801 2869
22805 8800
22817 4015
22829 11065
22837 7871
22849 7536
22853 3211
22861 4697
22865 20295
22873 7929
22877 4751
22901 4784
22905 10445
22921 4395
22937 3291
22941 4147
22945 15464
22949 8558
22961 3620
22973 3481
22985 7481
22993 4416
22997 16684
23013 3731
23017 3771
23021 3712
23029 4454
23041 2749
23049 8684
23053 4402
23057 3773
23081 3578
23101 7680
23105 9375
23113 12330
23117 8061
23125 22221
23129 8439
23137 10361
23141 6461
23153 13815
23165 14578
23173 7421
23185 7238
23189 3530
23197 6485
23201 3922
23209 3829
23225 13580
23229 7203
23245 6845
23257 9074
23269 3363
23273 9962
23285 6330
23293 5222
23297 3586
23321 3366
23329 6527
23333 4479
23337 3575
23341 7025
23353 3673
23357 3784
23365 6040
23369 3210
23373 3021
23377 8099
23393 6426
23409 4635
23413 6432
23417 3178
23425 11579
23445 6027
23461 6132
23465 6495
23473 3044
23477 7946
23481 3317
23497 3070
23509 3328
23525 8341
23533 6327
23537 2703
23545 15741
23549 6746
23553 3018
23557 6357
23561 2453
23569 9902
23581 3109
23585 16957
23589 3694
23593 3074
23605 9334
23609 2431
23629 5209
23633 3098
23645 6580
23657 8378
23665 4732
23669 2862
23677 2452
23689 5542
23697 2247
23701 6316
23717 5874
23725 19001
23729 5520
23733 3507
23741 2582
23753 2831
23761 3068
23765 6338
23773 2460
23789 1958
23797 5578
23801 2972
23805 2582
23809 7218
23813 3004
23825 8541
23833 3052
23837 2582
23857 3173
23869 2926
23873 2412
23885 10156
23893 2841
23909 3404
23913 2749
23917 2593
23929 2451
23941 4629
23945 5242
23953 4570
23957 2952
23965 6028
23977 2573
23981 5218
23985 12250
23993 5756
24001 2189
24005 8587
24021 7846
24025 4061
24029 2409
24037 1795
24041 7005
24049 2291
24061 2094
24065 8244
24077 2733
24085 4551
24089 8855
24093 4706
24097 2351
24109 2454
24113 2435
24121 2528
24125 10504
24133 2081
24137 2543
24157 4921
24161 6424
24169 2328
24181 2652
24193 4884
24197 1993
24201 3485
24217 3905
24221 4023
24229 2366
24237 2091
24245 10920
24281 1963
24293 5096
24305 4406
24309 5206
24313 3561
24317 1849
24329 2395
24337 1446
24341 4585
24345 4603
24349 5051
24361 3705
24373 1950
24385 4290
24389 4684
24401 5108
24413 1461
24417 2146
24421 4650
24425 10001
24433 7829
24445 7731
24457 3849
24461 7389
24469 1618
24473 2268
24481 4182
24505 14903
24509 1899
24517 1498
24525 6517
24533 4299
24545 3621
24557 3417
24561 1992
24565 10980
24593 2319
24601 5438
24625 7618
24641 4747
24649 2067
24653 3268
24665 3193
24669 2190
24677 2448
24685 3751
24697 2202
24701 3992
24705 4460
24709 1598
24713 3795
24733 2406
24737 3536
24741 1496
24745 3072
24749 1446
24777 2062
24781 1565
24785 4349
24793 1573
24797 3815
24805 3535
24809 1968
24821 1582
24841 2359
24845 2625
24853 3639
24865 6488
24869 6497
24877 4934
24889 4356
24901 3292
24905 8550
24917 1473
24925 7256
24929 3422
24941 1752
24949 5004
24953 1610
24961 3461
24965 2498
24973 6441
24977 3687
24989 882
24993 1029
25009 4639
25013 1240
25033 1825
25037 1904
25045 4119
25049 3545
25057 1112
25065 3308
25073 1523
25085 6699
25097 1879
25101 1333
25105 2809
25117 1407
25121 1502
25129 3647
25133 3350
25153 1589
25169 1638
25173 1506
25177 3879
25181 3892
25189 1413
25205 1575
25209 1426
25225 4402
25229 2204
25237 1708
25253 1109
25261 1043
25281 1263
25285 5738
25297 2435
25301 1158
25309 1190
25313 5010
25317 4430
25321 1752
25325 6510
25337 5045
25345 5075
25349 1311
25353 3428
25357 1917
25373 3162
25381 2394
25385 2366
25397 4744
25405 2884
25409 1443
25425 5654
25433 2246
25453 1831
25457 2654
25469 1496
25477 2563
25493 6195
25497 1159
25505 2020
25525 3308
25529 1284
25533 2236
25537 1138
25541 1437
25549 2647
25561 1279
25565 2544
25577 2111
25589 1384
25601 454
25605 2337
25609 431
25621 698
25625 6009
25633 1278
25649 1857
25657 1422
25673 1499
25677 1589
25681 1818
25693 1050
25705 4932
25713 898
25717 1019
25721 2613
25733 1362
25741 1016
25749 1268
25765 3738
25769 3865
25777 4648
25789 6248
25793 1400
25801 1226
25805 5445
25825 4069
25841 1071
25849 2898
25857 3439
25873 1482
25877 3168
25889 909
25909 2856
25913 771
25921 367
25925 5916
25933 697
25937 1440
25945 3197
25957 1704
25961 2103
25965 2440
25969 879
25981 1226
25985 2939
25997 877
26017 1284
26021 605
26029 1512
26041 586
26045 1700
26053 888
26065 3596
26073 725
26077 2364
26093 2733
26113 890
26117 1591
26129 3671
26141 969
26153 667
26161 597
26165 2129
26177 1006
26181 557
26185 2136
26189 790
26209 1070
26221 3659
26225 4672
26233 3586
26237 586
26245 4507
26249 1221
26253 452
26261 1920
26269 1072
26281 2705
26293 479
26297 745
26305 2774
26309 828
26317 935
26321 560
26325 1937
26329 1303
26333 3036
26353 774
26357 868
26361 1823
26365 2490
26377 1595
26393 911
26401 2846
26405 1528
26413 1359
26417 677
26437 832
26441 2002
26449 625
26469 1499
26485 2210
26489 592
26497 646
26501 1006
26509 881
26513 640
26525 1782
26533 2840
26545 1708
26557 761
26561 803
26569 54
26573 214
26577 853
26585 3111
26597 568
26605 2139
26613 529
26633 369
26641 1004
26645 2463
26665 1939
26669 604
26681 1986
26685 2506
26689 1013
26693 1906
26701 1050
26705 1826
26713 437
26717 612
26721 1666
26725 2128
26729 587
26737 480
26741 2414
26765 3730
26773 1159
26777 479
26793 2231
26801 950
26813 659
26821 428
26825 4606
26833 600
26849 363
26861 1119
26869 1003
26881 667
26893 449
26897 876
26901 1261
26905 764
26921 191
26937 909
26941 1171
26945 2845
26953 521
26965 1143
26969 1135
26973 270
26977 854
26981 310
26989 1440
26993 1048
27009 549
27017 339
27045 1300
27053 937
27061 348
27065 717
27073 716
27077 752
27085 1017
27101 1388
27109 622
27121 1112
27145 3185
27149 2197
27157 1974
27161 1287
27169 1812
27173 817
27185 1824
27197 538
27205 2429
27217 1454
27225 501
27229 1684
27233 823
27241 155
27245 1108
27253 494
27257 1575
27261 746
27277 461
27281 505
27289 1216
27293 423
27297 299
27325 1639
27329 559
27333 585
27337 550
27353 544
27361 727
27365 2591
27369 123
27385 1452
27389 883
27397 589
27409 1077
27421 667
27425 1323
27437 398
27441 333
27449 386
27457 792
27469 1195
27481 312
27505 941
27509 435
27521 1568
27529 658
27541 486
27549 382
27557 503
27565 1489
27581 202
27585 1132
27593 994
27605 342
27613 2065
27617 1315
27625 4018
27637 1532
27653 1556
27673 1278
27677 585
27685 827
27689 422
27693 708
27697 1047
27701 516
27709 499
27725 1927
27733 431
27737 287
27749 330
27757 1129
27765 856
27773 409
27781 634
27785 862
27793 764
27801 278
27809 605
27817 590
27829 805
27833 1370
27845 821
27857 662
27865 787
27869 388
27877 1071
27881 239
27889 3
27893 34
27901 515
27905 374
27917 421
27925 1184
27941 298
27953 99
27961 478
27977 816
27981 333
27985 1397
27989 866
27997 390
28001 400
28009 574
28013 965
28033 778
28037 423
28057 349
28069 250
28081 452
28085 1541
28089 900
28093 582
28097 944
28109 953
28121 972
28125 1815
28145 2042
28157 626
28169 1285
28181 440
28193 444
28197 1287
28201 406
28205 613
28213 768
28225 751
28229 674
28233 64
28249 1097
28265 1222
28269 251
28273 88
28277 359
28285 805
28289 325
28297 306
28305 1263
28309 189
28333 475
28345 512
28349 604
28373 650
28381 592
28393 236
28397 1020
28409 349
28417 902
28421 842
28429 228
28433 320
28445 721
28449 554
28453 624
28465 574
28477 257
28493 266
28505 532
28513 235
28517 350
28521 383
28537 184
28541 316
28549 281
28561 860
28565 1496
28573 699
28577 517
28585 1055
28593 194
28597 121
28601 1108
28621 809
28625 817
28629 238
28645 1822
28649 165
28657 300
28661 170
28665 445
28669 277
28673 1054
28685 530
28697 292
28705 693
28717 239
28729 195
28741 807
28745 432
28753 284
28757 315
28769 567
28781 729
28789 300
28793 286
28813 279
28817 168
28825 907
28837 164
28845 523
28849 820
28873 578
28881 434
28885 931
28901 29
28909 1
28913 717
28921 305
28925 1200
28933 300
28949 58
28953 404
28961 128
28981 482
28989 217
29005 561
29009 119
29017 351
29021 109
29033 137
29041 954
29045 1482
29053 781
29057 338
29061 204
29065 958
29069 298
29077 244
29081 973
29097 307
29101 709
29105 453
29125 1212
29129 368
29137 330
29153 303
29161 214
29173 183
29185 983
29189 371
29201 137
29209 160
29221 404
29237 785
29241 5
29245 295
29257 288
29261 348
29269 185
29273 302
29277 86
29285 423
29297 211
29305 473
29313 331
29321 566
29333 270
29341 453
29345 363
29353 550
29377 339
29385 286
29389 286
29401 223
29405 458
29429 188
29437 75
29449 306
29453 138
29461 447
29473 709
29485 216
29489 432
29493 350
29497 250
29501 188
29521 667
29525 901
29529 545
29537 377
29549 482
29565 497
29569 319
29573 151
29581 174
29585 1199
29593 227
29597 596
29609 444
29629 232
29633 27
29637 319
29641 36
29645 103
29653 529
29665 684
29669 148
29705 458
29709 296
29717 312
29725 1195
29741 287
29745 441
29753 87
29761 156
29765 321
29789 243
29801 332
29809 121
29817 131
29825 602
29833 58
29837 200
29857 463
29861 576
29873 37
29881 190
29889 259
29905 508
29917 194
29921 76
29929 118
29933 133
29945 575
29957 392
29961 131
29965 609
29989 213
29993 200
30005 743
30013 261
30017 521
30025 600
30029 48
30037 274
30053 538
30069 649
30073 921
30089 50
30097 261
30109 131
30113 119
30125 594
30133 235
30137 315
30141 358
30145 371
30157 279
30161 366
30169 90
30181 29
30185 266
30193 400
30197 251
30209 452
30213 142
30233 105
30241 249
30249 168
30253 26
30265 377
30269 279
30277 499
30285 272
30293 41
30301 348
30313 248
30325 627
30329 230
30341 143
30357 11
30361 145
30365 241
30377 403
30389 77
30397 189
30413 180
30421 642
30425 504
30433 470
30445 485
30449 166
30465 179
30469 72
30493 360
30497 224
30501 13
30505 351
30509 265
30517 382
30529 261
30537 623
30545 891
30553 277
30557 261
30565 173
30577 173
30581 454
30589 449
30593 52
30605 339
30617 478
30625 447
30629 270
30637 7
30641 37
30649 113
30661 6
30665 328
30673 584
30677 99
30685 393
30689 13
30697 355
30713 203
30717 32
30725 327
30733 167
30749 534
30757 56
30769 156
30773 411
30781 418
30805 477
30809 234
30817 239
30821 46
30825 413
30829 389
30841 342
30853 351
30865 129
30869 347
30881 14
30893 124
30897 229
30901 434
30925 440
30929 284
30937 221
30941 286
30953 386
30977 11
30985 176
31001 234
31005 643
31013 245
31025 906
31033 42
31037 416
31041 127
31049 311
31057 59
31061 288
31069 89
31081 236
31085 313
31105 180
31109 183
31113 169
31117 684
31121 25
31145 185
31149 214
31153 345
31177 271
31181 121
31189 174
31193 24
31201 74
31205 136
31213 310
31221 71
31225 652
31237 193
31249 59
31253 85
31265 1008
31277 98
31285 291
31301 154
31313 401
31321 84
31329 11
31333 11
31337 2
31345 276
31357 179
31365 466
31373 517
31385 295
31397 53
31409 93
31417 293
31421 332
31429 265
31433 215
31469 12
31473 14
31477 70
31481 142
31489 61
31501 696
31505 336
31509 239
31513 217
31517 287
31525 958
31529 289
31541 112
31545 145
31561 314
31573 12
31581 36
31585 181
31601 165
31609 386
31613 277
31637 643
31645 380
31649 168
31657 2
31681 319
31685 142
31693 135
31697 123
31705 578
31709 58
31721 82
31729 21
31733 37
31741 54
31753 370
31761 259
31765 112
31769 267
31781 165
31793 79
31797 103
31805 434
31813 165
31817 86
31841 568
31849 4
31853 324
31865 245
31869 40
31873 572
31905 184
31909 342
31921 407
31925 397
31937 90
31945 145
31957 158
31981 67
31985 42
31997 180
32005 842
32009 263
32013 363
32017 644
32029 161
32045 455
32065 185
32069 138
32089 77
32105 357
32113 119
32117 37
32125 253
32129 239
32149 41
32157 36
32161 274
32173 82
32185 126
32189 260
32193 73
32201 607
32213 23
32225 167
32229 68
32233 38
32245 371
32257 287
32261 283
32269 59
32301 472
32309 39
32317 96
32321 173
32337 490
32341 228
32345 70
32353 106
32365 418
32369 146
32377 8
32381 20
32389 101
32393 367
32405 443
32413 41
32425 381
32429 1
32441 4
32449 14
32485 344
32489 522
32497 126
32513 1197
32517 112
32521 15
32525 174
32533 450
32537 81
32549 37
32553 50
32561 95
32573 142
32597 34
32605 383
32609 17
32617 426
32621 138
32625 422
32645 279
32653 68
32657 122
32677 393
32689 81
32693 22
32701 422
32713 14
32717 26
32733 27
32741 680
32749 355
32765 85
32773 172
32777 67
32801 380
32805 108
32825 643
32833 23
32841 57
32845 200
32861 500
32869 21
32877 124
32885 316
32905 233
32909 61
32917 14
32929 432
32933 50
32941 80
32969 91
32977 167
32985 566
32993 35
33001 94
33013 322
33017 189
33025 387
33029 81
33037 62
33049 59
33053 108
33057 51
33065 137
33085 83
33093 83
33109 294
33113 371
33125 537
33129 24
33133 82
33137 74
33161 1
33169 742
33185 110
33197 121
33205 413
33241 437
33245 466
33265 89
33273 68
33289 61
33293 91
33305 366
33309 55
33317 247
33329 5
33337 147
33353 90
33361 487
33365 66
33377 14
33381 240
33389 95
33409 308
33437 97
33445 124
33457 62
33469 146
33485 594
33489 33
33505 25
33517 420
33521 220
33525 134
33529 14
33533 127
33541 27
33545 49
33553 34
33565 40
33569 15
33577 8
33581 69
33601 46
33613 497
33617 214
33625 188
33629 399
33633 32
33637 22
33641 69
33653 6
33661 31
33665 122
33685 3
33709 120
33713 196
33721 28
33745 789
33749 10
33757 9
33761 16
33769 84
33773 3
33785 183
33797 68
33805 121
33809 1
33813 360
33829 8
33849 5
33853 87
33865 553
33881 173
33893 65
33905 88
33917 311
33921 112
33949 128
33961 48
33965 112
33973 23
33977 45
33989 368
34001 1
34021 154
34025 207
34037 48
34057 51
34061 20
34065 4
34073 34
34081 58
34085 106
34101 15
34117 339
34121 41
34129 213
34137 257
34145 3
34153 45
34157 25
34165 289
34173 7
34205 114
34213 35
34225 179
34241 18
34249 246
34253 409
34273 27
34281 25
34289 21
34301 19
34313 115
34325 154
34337 15
34345 4
34349 31
34361 82
34373 234
34381 30
34385 163
34389 58
34425 41
34429 168
34445 17
34465 113
34481 66
34493 47
34497 346
34513 43
34525 261
34537 122
34541 17
34553 23
34585 63
34589 3
34597 22
34605 3
34609 15
34613 15
34621 18
34625 238
34645 140
34649 164
34669 128
34673 2
34697 72
34741 80
34757 168
34765 132
34781 9
34785 58
34801 1
34805 98
34817 200
34821 25
34829 18
34841 102
34877 3
34885 172
34893 266
34897 20
34901 15
34933 29
34945 228
34949 51
34961 34
34969 80
34973 24
34985 7
35005 114
35009 231
35033 153
35053 108
35065 20
35073 13
35081 44
35089 71
35113 3
35117 16
35125 94
35129 3
35137 92
35141 70
35149 18
35165 258
35173 6
35177 81
35197 2
35221 12
35225 116
35249 125
35253 39
35261 67
35269 119
35281 102
35285 9
35325 54
35361 82
35377 26
35381 76
35401 86
35405 104
35425 21
35437 38
35461 12
35465 92
35477 108
35521 52
35525 118
35533 55
35537 19
35545 82
35557 82
35573 138
35593 34
35605 14
35633 8
35641 21
35645 14
35653 50
35657 13
35669 24
35685 128
35689 82
35705 19
35753 5
35785 116
35789 8
35793 5
35801 100
35821 45
35825 22
35837 58
35869 18
35881 5
35885 27
35921 114
35965 40
35969 4
35989 101
35993 32
36045 85
36061 12
36065 30
36073 2
36097 72
36117 8
36125 27
36145 13
36161 13
36173 92
36185 2
36205 35
36209 119
36217 36
36265 31
36297 7
36305 61
36313 26
36325 123
36341 22
36413 40
36433 7
36441 10
36445 97
36517 42
36529 19
36569 184
36581 10
36621 18
36625 77
36657 13
36697 76
36713 17
36725 16
36733 2
36737 77
36749 42
36805 42
36829 85
36845 51
36853 114
36877 18
36905 13
36941 1
36945 32
36965 4
36973 62
37017 7
37025 5
37049 34
37085 5
37097 93
37105 5
37157 60
37189 8
37193 25
37225 58
37269 92
37285 9
37325 9
37357 11
37369 2
37381 6
37385 112
37481 27
37493 5
37505 57
37585 31
37629 58
37637 12
37645 10
37657 5
37693 40
37733 10
37757 17
37805 63
37825 11
37889 15
37921 101
37953 1
38041 48
38125 12
38165 19
38233 28
38293 19
38345 70
38369 9
38425 10
38461 58
38465 5
38561 1
38581 51
38669 1
38705 17
38777 35
38833 22
38889 104
38917 5
38965 14
39005 85
39013 7
39125 40
39249 18
39377 6
39437 11
39553 32
39565 3
39673 13
39797 7
39877 19
39989 32
40105 14
40221 4
40325 1
40433 5
40545 1
