N J h mean_R_sq err_mean_R_sq mean_R_gyr_sq err_mean_R_gyr_sq 
2000 0.65 0 8970 441 1553.55 61.8545
1 103996
5 247125
9 131618
13 278052
17 289770
25 451470
29 304772
37 317640
41 322429
45 323986
49 167206
53 330755
61 340009
65 683633
73 343065
81 177937
85 707000
89 356684
97 359451
101 358992
109 358717
113 363902
117 369370
121 182706
125 730649
137 369686
145 750064
149 371412
153 372747
157 374733
169 568457
173 380551
181 384809
185 762765
193 386559
197 387283
205 772193
221 777926
225 592955
229 392205
233 392142
241 393855
245 396593
257 399708
261 394689
265 790543
269 392665
277 397354
281 399836
289 603133
293 404096
305 810687
313 401919
317 400071
325 1216398
333 407086
337 407870
349 408118
353 408106
361 205616
365 810211
369 407205
373 410205
377 815126
389 410486
397 414272
401 411634
405 414674
409 407352
421 408398
425 1237827
433 411630
441 205847
445 826352
449 413184
457 410586
461 413017
477 411418
481 827546
485 822582
493 827937
505 833705
509 417622
521 417388
529 209511
533 832631
541 415153
545 829963
549 420195
557 417125
565 829760
569 413318
577 424865
585 834245
593 415267
601 417359
605 413958
613 419504
617 414367
625 1045877
629 836111
637 411188
641 419465
653 409765
657 414190
661 417026
673 413109
677 420666
685 842652
689 836127
697 827099
701 422318
709 414527
725 1244556
729 216633
733 424747
745 840145
757 415971
761 423025
765 835303
769 419527
773 416116
785 844500
793 842586
797 417181
801 417012
809 425060
821 414774
829 421488
833 416863
841 641717
845 1261321
853 422293
857 423780
865 837616
873 423717
877 418300
881 416445
901 839190
905 841295
909 424072
925 1273793
929 428606
937 422000
941 417318
949 839983
953 421888
961 213222
965 846059
977 425404
981 421192
985 837922
997 424772
1009 420464
1013 427714
1017 423961
1021 417956
1025 1280321
1033 422422
1037 848284
1049 428654
1053 424630
1061 419535
1069 423297
1073 851217
1089 213295
1093 426312
1097 418104
1105 1705588
1109 427498
1117 431097
1125 847770
1129 421277
1145 845034
1153 429132
1157 860665
1165 848712
1181 427195
1189 849312
1193 420676
1201 424549
1205 850995
1213 426373
1217 418498
1225 645789
1229 429642
1233 425785
1237 427283
1241 847062
1249 423140
1261 848830
1277 426771
1285 835309
1289 430601
1297 432938
1301 419659
1305 847154
1313 844711
1321 425135
1325 1274924
1341 425008
1345 848267
1361 418269
1369 641975
1373 428232
1377 432915
1381 417027
1385 832857
1405 849514
1409 415835
1413 421076
1417 848664
1421 418742
1429 420402
1433 430720
1445 1263412
1453 418056
1465 844220
1469 855451
1481 414751
1489 417554
1493 422172
1513 840093
1517 838686
1521 633920
1525 1263403
1537 836484
1549 422821
1553 418252
1557 417496
1565 845113
1573 417087
1585 839179
1597 421144
1601 424308
1609 414167
1613 419096
1621 426862
1625 1671250
1629 416719
1637 423465
1649 841061
1657 426373
1665 843681
1669 423076
1681 635770
1685 841271
1693 423940
1697 412312
1709 422998
1717 839115
1721 423228
1733 420243
1737 424064
1741 417289
1745 831432
1753 426479
1765 844323
1769 844479
1773 415680
1777 423206
1781 842440
1789 415659
1801 423378
1805 420443
1813 417649
1825 1260364
1845 835678
1849 210349
1853 837522
1861 416462
1865 838221
1873 420491
1877 423490
1885 1682635
1889 419215
1901 422873
1913 415205
1921 840778
1933 429739
1937 831716
1945 832899
1949 418309
1961 840118
1973 419881
1985 837827
1989 832001
1993 434297
1997 425818
2005 838620
2009 419110
2017 413179
2025 622693
2029 418150
2041 828854
2045 848341
2053 412092
2057 423187
2061 415494
2069 418472
2081 416053
2089 414020
2097 416292
2105 844403
2113 423241
2117 832651
2125 1676758
2129 414940
2137 420481
2141 411583
2153 418736
2161 418186
2165 835188
2169 420576
2173 839429
2197 837772
2205 415681
2209 207404
2213 410560
2221 413350
2225 1241063
2237 419887
2245 825256
2249 834336
2257 826732
2269 421550
2273 410071
2281 416707
2285 838840
2293 410921
2297 418261
2305 828655
2309 414657
2313 411158
2329 823796
2333 413335
2341 414081
2349 416778
2353 820746
2357 416393
2377 412405
2381 418677
2385 829554
2389 408852
2393 421695
2401 203664
2405 1656287
2417 405346
2421 414286
2425 1223631
2437 404230
2441 414907
2465 1643518
2473 405833
2477 414343
2493 408773
2501 802665
2509 811550
2521 416240
2525 1228076
2529 407238
2533 832569
2545 820894
2549 403711
2557 411936
2561 820207
2581 816266
2593 410199
2597 407456
2601 602887
2605 810230
2609 411230
2617 399455
2621 399509
2633 407398
2637 399575
2645 412358
2657 411737
2665 1633767
2669 821972
2677 419758
2689 412561
2693 413380
2701 803021
2705 808555
2713 394659
2725 1226387
2729 400451
2741 403041
2745 815212
2749 401750
2753 397738
2777 405461
2785 812749
2789 411142
2797 408718
2801 411843
2809 599905
2813 810516
2817 407987
2825 1200518
2833 410268
2837 404192
2845 797366
2853 401853
2857 404909
2861 409631
2873 1206858
2885 808421
2897 401902
2909 403809
2917 390211
2925 1198049
2929 806636
2941 797804
2953 395811
2957 400278
2965 804147
2969 405956
2977 808585
2989 397016
2993 794861
2997 400947
3001 405863
3005 794495
3025 590396
3029 790151
3033 391717
3037 398670
3041 386474
3049 396734
3061 388725
3065 798258
3077 794326
3085 794688
3089 387940
3109 396590
3121 401528
3125 1197544
3133 798902
3137 390157
3141 391916
3145 1578035
3161 785241
3169 399496
3177 398190
3181 395680
3185 776182
3205 790146
3209 394284
3217 387471
3221 393357
3229 397669
3233 791003
3249 188469
3253 387063
3257 395324
3265 779183
3277 782642
3281 790567
3285 790013
3293 787979
3301 385443
3305 779739
3313 386736
3321 382774
3329 391580
3341 771949
3349 770766
3357 389707
3361 389923
3365 767161
3373 385226
3385 780195
3389 382978
3393 779524
3413 387404
3425 1164376
3433 388687
3445 1565894
3449 393699
3457 387111
3461 382346
3469 388655
3481 189284
3485 1546983
3497 765607
3501 382199
3505 759285
3509 380384
3517 383314
3529 378663
3533 385179
3541 387497
3545 767547
3557 375051
3573 380461
3577 378050
3581 387406
3589 767371
3593 385187
3601 761746
3609 380077
3613 387762
3617 390049
3625 1533352
3637 383062
3645 378643
3649 755232
3653 760957
3665 752913
3673 374116
3677 386742
3681 384336
3697 374918
3701 382129
3709 376360
3721 579996
3725 1143998
3733 375353
3737 764439
3757 1132126
3761 376542
3769 384945
3785 760422
3789 385334
3793 371643
3797 380177
3805 762817
3809 756089
3821 389737
3825 1133863
3833 374758
3845 751565
3853 384779
3865 768302
3869 752769
3877 372775
3881 378899
3889 384867
3893 749465
3897 368464
3917 381680
3925 1125668
3929 368428
3961 750076
3965 1513290
3969 190971
3973 751671
3977 748509
3985 747108
3989 372347
4001 364953
4005 745407
4013 387219
4021 369016
4033 750559
4041 373330
4045 735645
4049 366855
4057 377641
4069 757828
4073 363991
4093 369062
4097 746607
4105 746509
4113 379627
4121 746688
4129 375712
4133 368987
4141 728733
4145 745284
4149 362871
4153 363962
4157 369033
4165 743850
4177 371545
4181 715177
4201 358422
4205 1104728
4217 377176
4225 1645757
4229 378042
4241 380462
4253 355288
4261 374899
4265 737509
4273 360116
4285 730281
4289 372399
4293 363514
4297 369592
4321 727282
4325 1085253
4329 720017
4337 356081
4349 352007
4357 373580
4361 355386
4365 732131
4369 732873
4373 364390
4381 727965
4385 717773
4397 363460
4405 722244
4409 350260
4421 368470
4437 727542
4441 355535
4453 716100
4457 356821
4469 707045
4477 371014
4481 371183
4489 185959
4493 374073
4505 1428925
4513 355252
4517 352815
4525 1089775
4537 708238
4545 708245
4549 361364
4553 721255
4561 351796
4573 708771
4581 364740
4589 719299
4597 348892
4621 347179
4625 1424382
4633 737873
4637 343939
4645 714993
4649 367191
4657 348595
4673 363754
4685 711611
4689 344413
4693 348460
4705 710962
4709 693848
4717 699736
4721 358179
4729 349508
4733 346683
4745 1413419
4753 349171
4761 182880
4765 712424
4777 703913
4789 345779
4793 358690
4797 704472
4801 349973
4805 340654
4813 350269
4817 342098
4825 1050812
4849 692377
4861 365083
4869 341772
4877 347700
4885 685461
4889 348997
4901 1058839
4905 702239
4909 356193
4913 692984
4925 1034843
4933 345608
4937 347534
4941 343360
4949 351703
4957 354897
4961 338446
4969 337506
4973 340896
4981 704320
4985 682483
4993 336349
5009 347275
5013 336129
5017 686554
5021 358566
5041 182697
5045 695517
5057 693611
5065 678318
5069 690884
5077 345387
5081 335234
5085 687148
5101 338627
5105 688274
5113 333367
5121 336700
5125 1358649
5141 683596
5153 331878
5161 677483
5165 666950
5185 1377790
5189 345002
5193 347436
5197 334904
5209 345895
5213 658862
5233 346441
5237 349806
5245 662570
5249 674156
5261 339839
5265 683646
5273 334311
5281 327798
5297 342810
5305 683017
5309 329684
5317 669946
5321 660901
5329 504043
5333 342795
5337 329011
5341 330761
5345 672326
5353 686531
5365 1332500
5381 328884
5389 655791
5393 345216
5409 345473
5413 327930
5417 328493
5429 673562
5437 331045
5441 333498
5445 327945
5449 327504
5465 655966
5473 692207
5477 337186
5485 666755
5501 344856
5513 658175
5517 327435
5521 322054
5525 1974903
5537 325498
5545 661170
5553 317687
5557 346015
5569 324508
5573 319919
5581 324324
5585 669323
5597 665656
5617 643532
5625 810814
5629 666095
5641 338952
5645 669123
5653 333661
5657 317409
5661 662361
5669 319987
5689 335438
5693 316937
5701 337376
5713 637429
5717 320831
5725 976622
5729 646971
5733 317719
5737 319732
5741 322746
5749 320467
5765 651771
5769 339574
5777 649113
5785 1284173
5801 329737
5809 630776
5813 323865
5821 333177
5825 958456
5837 636706
5849 314027
5857 335004
5861 321872
5869 315073
5877 307986
5881 333339
5897 332988
5905 632714
5913 318685
5917 629124
5929 160511
5933 629257
5941 630248
5945 1281836
5949 329440
5953 313964
5965 634051
5981 308083
5989 622460
5993 640146
6001 636029
6005 637498
6025 948284
6029 331101
6037 307051
6053 305267
6057 301636
6065 639231
6073 333784
6085 626624
6089 300091
6093 322009
6101 314730
6109 633818
6113 308534
6121 307396
6125 633471
6133 323982
6137 321416
6145 604286
6161 609624
6165 637636
6173 304596
6185 634529
6197 306216
6201 615517
6205 1228019
6217 315905
6221 301400
6229 306563
6241 158650
6245 620811
6253 937641
6257 315563
6269 300594
6273 607612
6277 317813
6301 304744
6305 1232204
6309 319529
6317 306877
6329 312330
6337 295924
6341 626085
6353 304134
6361 289308
6373 318654
6381 299845
6385 622857
6389 299302
6397 303920
6401 614886
6409 1211047
6413 309157
6421 290590
6425 903347
6437 614460
6445 601606
6449 317782
6469 299233
6473 288013
6481 319841
6485 592316
6497 607288
6505 605528
6521 317600
6525 901284
6529 297353
6553 289452
6561 151318
6565 1205625
6569 316012
6577 302685
6581 284917
6597 304935
6605 594268
6613 596676
6617 594441
6625 1203017
6637 291322
6641 587276
6649 581332
6653 289148
6661 306590
6673 291646
6689 301135
6697 573317
6701 287879
6705 591894
6709 300363
6713 298525
6725 891669
6733 292678
6737 297601
6749 576404
6757 589862
6761 296144
6773 588492
6781 290918
6793 286613
6805 580750
6813 293012
6817 592564
6829 292923
6833 282408
6841 293412
6845 867964
6849 281997
6857 286950
6865 570413
6869 281585
6877 286389
6885 578330
6889 150730
6893 589015
6905 577895
6917 291265
6921 284967
6925 864446
6929 860304
6949 298215
6953 586392
6957 286613
6961 290702
6977 276266
6989 579892
6997 278904
7001 283994
7013 293181
7025 857981
7033 568209
7045 584683
7057 289802
7065 568532
7069 278033
7081 558762
7085 1145654
7093 546927
7105 564894
7109 280358
7121 278981
7129 289043
7137 576582
7141 571767
7145 564819
7157 546381
7165 563208
7173 289613
7177 292643
7193 277844
7209 270517
7213 283466
7225 1259592
7229 277982
7237 290037
7241 558414
7253 285031
7261 550508
7265 550329
7281 284573
7289 561608
7297 271697
7301 271950
7309 276391
7321 262619
7325 815619
7333 265039
7345 1097647
7349 286463
7361 554641
7369 285503
7373 550856
7381 273744
7389 260855
7393 267489
7397 547203
7405 547994
7417 277158
7421 547452
7433 274359
7445 533545
7453 554442
7457 265353
7461 279909
7465 548926
7477 278001
7481 274136
7489 276573
7497 275893
7501 527409
7517 281534
7529 268561
7537 271010
7541 262229
7549 271197
7561 257434
7565 1087918
7569 388562
7573 265811
7577 262893
7585 1081700
7589 261515
7605 796254
7621 271701
7625 1068983
7633 528068
7649 269259
7669 276093
7673 275201
7677 270633
7681 277810
7685 1063143
7693 254817
7709 536068
7713 270077
7717 266608
7741 250972
7745 513258
7753 264369
7757 272100
7765 529102
7769 522955
7785 531673
7789 268879
7793 263774
7801 518592
7813 521038
7817 256057
7825 797402
7829 252277
7837 525739
7841 259689
7853 258997
7857 259375
7865 509855
7873 256936
7877 254382
7893 267470
7897 526761
7901 269760
7913 525677
7921 378416
7925 770972
7929 252737
7933 247374
7937 260782
7949 253901
7957 510837
7969 528589
7985 503437
7993 254380
8005 501990
8009 264187
8017 265617
8021 527724
8033 511274
8045 502255
8053 255223
8065 522901
8069 254026
8077 501836
8081 247494
8089 253433
8093 249548
8101 252072
8105 511079
8109 501022
8117 262921
8125 1278093
8145 506722
8149 503500
8161 246430
8177 999610
8181 258968
8185 507380
8209 250682
8221 260846
8233 250115
8237 255126
8245 1006014
8249 498340
8269 257783
8273 250646
8281 369378
8285 491748
8293 244969
8297 254429
8317 247237
8321 513383
8325 750961
8329 243772
8333 486752
8345 500441
8353 250731
8357 493946
8361 243318
8369 248976
8377 246461
8381 740613
8389 250210
8405 721333
8425 738041
8429 244641
8433 240443
8461 248582
8465 487018
8469 249269
8473 492501
8477 251568
8485 489694
8489 479564
8497 480160
8501 240801
8513 244825
8521 242213
8537 245221
8541 490871
8545 485234
8573 237053
8577 233048
8581 248468
8585 969918
8593 486460
8597 244640
8605 487183
8609 238399
8621 478217
8629 238578
8633 481914
8641 233884
8649 116891
8653 465176
8665 478430
8669 232150
8677 236878
8681 245470
8685 476512
8689 237374
8693 232329
8705 479664
8713 240096
8725 706105
8737 226527
8741 233895
8749 477261
8753 237380
8761 233344
8765 467124
8793 244129
8801 467432
8821 236026
8825 695470
8829 233125
8833 235788
8837 234778
8845 942914
8849 238092
8857 473356
8861 242142
8865 463636
8869 236427
8885 471643
8893 230284
8905 926418
8917 464261
8929 229432
8933 229578
8941 231426
8945 463293
8957 694922
8969 230271
8973 240172
8989 450561
8993 230195
9001 227029
9005 461363
9013 223336
9025 343492
9029 230192
9041 231308
9049 233127
9061 924417
9065 454946
9077 446608
9081 222152
9089 458762
9109 223618
9113 454797
9117 236619
9125 928185
9133 227292
9137 227230
9153 226274
9157 223145
9161 219570
9169 446748
9173 230005
9181 224476
9189 223416
9193 451977
9197 460592
9209 227520
9217 454404
9221 232571
9225 675295
9241 226025
9245 216194
9257 221142
9265 886598
9277 230250
9281 230271
9293 223343
9297 226442
9305 439968
9325 667812
9333 439485
9337 224610
9341 217150
9349 227121
9365 436074
9377 218560
9385 454978
9389 452626
9397 227892
9409 334928
9413 221557
9421 217371
9425 1316413
9433 216197
9437 215490
9441 221622
9445 443337
9457 222528
9461 220773
9469 435633
9473 217697
9477 223023
9497 215276
9505 431918
9509 438029
9521 205496
9529 435997
9533 218564
9549 214403
9553 432542
9565 430094
9577 428961
9593 428430
9601 220245
9605 858152
9613 218827
9621 206145
9629 219738
9649 214914
9653 209527
9657 435438
9661 218738
9665 434648
9673 426475
9677 214631
9685 842896
9689 207687
9697 214375
9701 426121
9721 212521
9725 637543
9733 212850
9745 425479
9749 213330
9769 205991
9773 427044
9781 201517
9797 418713
9801 105724
9805 846298
9809 421848
9817 214127
9829 212101
9833 201612
9837 210950
9841 419797
9857 202188
9865 419390
9873 209660
9881 405459
9893 415058
9901 208797
9925 624311
9929 211529
9941 210355
9945 830340
9949 200673
9953 419059
9965 420556
9973 207422
9981 211645
9985 408069
9997 421773
10001 419798
10009 210313
10025 626804
10037 201036
10045 406197
10049 406724
10053 211488
10057 414761
10061 200808
10069 209212
10081 413300
10085 412134
10093 196043
10121 408115
10125 409443
10133 205627
10141 206309
10145 398568
10161 203564
10169 207177
10177 202632
10181 199974
10193 205083
10201 310900
10205 814112
10217 405256
10225 614856
10229 404954
10237 408550
10249 399758
10253 202706
10265 407885
10273 201254
10285 409962
10289 204140
10301 199384
10305 397595
10309 606242
10313 193022
10321 191683
10333 199788
10337 207565
10345 404327
10357 190226
10361 408497
10369 205897
10377 201809
10397 398743
10405 405986
10413 392883
10421 402282
10429 201427
10433 190939
10441 395691
10445 396790
10453 199094
10457 204607
10469 194856
10477 197850
10485 396449
10489 395962
10501 197992
10513 200867
10517 387851
10525 594518
10529 198074
10537 399399
10553 401421
10565 385890
10573 401210
10585 767772
10589 201910
10597 203200
10601 199851
10609 106358
10613 202924
10625 981982
10629 200931
10645 395286
10657 202393
10673 384033
10685 380319
10693 587003
10701 385714
10705 388904
10709 195544
10729 196654
10733 198376
10737 185287
10753 194637
10765 385337
10769 193498
10777 395313
10781 192098
10789 182420
10805 390476
10809 195227
10817 404155
10825 578993
10829 385210
10837 190640
10841 385382
10845 388536
10853 184173
10861 184379
10865 771935
10877 387389
10889 198697
10897 374468
10909 189746
10917 196012
10933 573213
10937 193190
10949 199383
10953 187616
10957 186286
10961 370312
10973 184385
10985 765847
10993 195556
11009 372373
11025 301510
11029 386913
11041 379528
11045 183312
11057 191057
11061 191001
11065 371391
11069 192469
11089 368884
11093 190007
11097 181703
11101 378271
11105 386345
11113 196488
11117 196100
11125 748190
11133 190318
11141 375267
11149 185153
11161 196207
11169 379938
11173 179436
11177 185792
11185 377796
11197 193422
11213 192738
11221 183117
11225 551638
11237 376982
11241 180761
11245 755913
11257 186382
11261 186530
11273 185377
11281 375339
11285 736646
11317 179022
11321 191435
11329 180937
11345 357285
11349 364921
11353 186317
11357 356747
11365 376142
11369 176313
11393 184294
11401 367055
11405 373101
11413 385235
11417 189382
11425 547920
11437 180920
11441 371338
11449 93641
11453 360348
11461 362230
11465 370925
11485 371809
11489 186386
11493 177766
11497 174064
11509 360524
11513 366911
11521 361329
11525 529688
11545 367300
11549 175498
11565 355753
11581 372606
11593 172528
11597 177913
11601 176206
11617 176089
11621 191819
11629 341882
11633 175637
11645 700201
11657 177244
11665 371474
11673 179338
11677 175022
11681 170263
11689 176428
11701 177627
11705 361615
11709 191242
11713 715773
11717 189543
11729 362722
11737 170893
11745 359359
11765 713418
11773 342793
11777 172732
11785 351259
11789 187285
11801 165048
11809 173928
11813 171795
11817 357811
11821 183398
11833 167683
11849 514273
11861 348732
11881 272631
11885 357096
11889 166006
11897 175467
11905 330366
11909 171619
11917 339235
11925 523031
11933 171901
11941 174729
11945 349683
11953 167707
11965 336394
11969 186922
11981 164145
12005 171816
12013 362549
12017 375677
12025 1016029
12037 183753
12041 162632
12049 162253
12053 345756
12069 179299
12073 181596
12077 328018
12085 333628
12097 179683
12101 172921
12105 330508
12109 169942
12113 169663
12125 697538
12137 321882
12149 166915
12157 177131
12161 176957
12181 320976
12185 331390
12193 341619
12197 161546
12205 328685
12209 317140
12221 162115
12233 347359
12241 172837
12249 171824
12253 156758
12269 161119
12277 181672
12281 158953
12289 161210
12301 166513
12317 323841
12321 237822
12325 1004312
12329 180706
12337 496633
12349 339436
12357 162566
12365 335428
12373 156082
12377 175888
12385 341497
12389 329402
12393 158744
12401 163806
12409 175575
12413 163679
12421 157922
12429 153797
12433 174778
12437 177223
12457 156248
12461 308744
12465 330730
12469 328403
12473 155831
12493 169995
12497 152012
12505 653339
12517 158176
12541 154426
12545 653353
12553 159652
12557 323067
12569 161137
12577 153709
12589 176095
12593 160950
12601 159312
12605 299986
12613 155816
12625 628692
12629 315804
12637 174408
12641 176299
12645 326360
12653 177030
12665 638252
12681 172076
12689 173192
12697 164663
12701 329806
12713 154813
12717 161937
12721 149466
12725 472330
12745 318562
12753 326629
12757 146469
12769 222011
12773 320245
12781 154372
12785 325377
12789 149436
12805 624767
12809 157332
12821 170053
12829 152339
12833 303154
12841 150585
12853 164044
12861 171298
12869 312563
12889 147858
12893 148895
12897 147785
12905 629620
12913 302576
12917 144161
12937 320161
12941 151426
12953 170737
12961 325885
12965 318316
12973 172172
12985 317112
12997 297449
13001 168188
13005 468709
13009 159362
13021 323576
13025 449433
13033 143120
13037 147174
13045 317883
13049 144397
13061 313908
13073 307508
13077 146428
13085 307979
13093 144863
13105 309052
13109 148614
13117 297762
13121 158547
13141 314688
13165 298454
13169 289890
13177 142242
13181 170390
13185 296223
13189 146270
13213 295053
13217 148517
13221 285560
13225 242946
13229 148523
13241 144622
13249 154523
13253 296114
13261 291344
13273 313330
13285 313901
13289 314316
13297 166817
13309 162847
13313 147255
13325 898319
13329 145385
13337 151186
13345 584036
13357 139921
13369 302852
13381 160729
13385 284019
13397 160512
13401 152373
13417 144986
13421 141090
13429 304396
13437 138314
13441 154835
13445 283593
13457 142965
13465 301023
13469 137842
13477 139470
13481 565980
13505 593021
13513 138835
13525 424562
13537 140983
13549 293823
13553 138919
13565 284611
13573 153012
13577 136826
13597 160921
13613 166700
13617 299645
13621 270380
13625 580047
13633 134947
13637 303067
13645 282133
13649 161562
13653 308920
13669 137615
13673 159508
13681 135457
13689 204729
13693 140051
13697 155068
13705 294420
13709 132500
13721 144649
13725 426380
13729 140664
13745 272781
13753 273455
13757 152157
13765 282733
13769 133680
13781 133008
13789 134973
13793 286035
13801 277106
13817 266579
13829 146591
13833 286636
13837 275242
13841 140582
13873 133476
13877 160305
13885 271115
13897 273470
13901 130073
13913 132943
13921 128314
13925 422663
13933 131198
13941 138751
13945 286732
13949 560176
13957 286639
13969 302675
13973 270955
13977 150632
13985 282611
13997 131065
14005 286251
14009 132046
14013 127783
14029 150358
14033 148738
14045 409601
14057 151693
14065 524710
14081 126941
14085 258163
14089 277428
14093 271282
14125 546364
14149 126642
14153 134580
14157 144040
14161 199553
14165 276985
14173 123674
14177 126726
14185 253891
14197 128441
14209 288233
14213 248150
14221 125557
14225 390396
14249 122032
14257 273099
14261 264239
14265 254061
14281 155151
14285 278101
14293 151537
14297 394957
14305 278350
14309 275795
14321 151040
14341 145993
14357 123805
14365 796288
14369 121491
14373 134285
14381 250379
14389 131613
14393 272109
14401 122420
14409 123738
14417 243384
14425 411796
14437 125117
14449 124674
14453 254629
14461 147172
14473 248390
14481 126989
14485 248331
14489 135017
14501 272581
14517 118620
14521 242249
14533 122973
14537 127642
14545 261656
14549 118322
14557 132342
14561 119078
14569 244012
14585 259867
14589 121674
14593 143532
14621 147032
14625 517894
14629 131268
14633 148293
14641 59102
14645 520652
14653 119234
14657 121063
14661 145756
14669 119229
14677 238035
14681 265843
14689 247252
14701 261362
14705 515943
14713 114200
14717 127381
14733 140511
14737 115974
14741 120539
14753 121879
14761 246331
14765 258917
14785 249193
14797 126884
14801 141046
14813 130608
14821 122576
14825 367517
14837 231372
14841 255254
14845 235713
14869 123805
14885 491259
14893 247483
14897 114631
14909 243050
14913 127056
14929 114265
14933 256062
14945 237632
14957 124404
14965 503341
14969 145499
14977 260202
14985 253762
14989 260805
15005 258490
15013 110399
15017 126401
15021 117858
15025 370814
15041 365307
15049 264187
15053 112545
15061 113767
15073 117757
15077 141635
15101 131965
15109 254693
15121 123431
15125 232317
15129 168396
15133 231644
15137 110267
15145 490679
15149 112774
15161 116056
15165 240620
15173 109949
15185 245764
15193 113979
15205 238173
15217 110782
15229 250739
15233 127582
15237 117936
15241 109607
15245 228243
15269 118532
15273 110520
15277 135486
15289 112739
15293 235310
15305 235123
15313 135945
15317 357161
15325 358651
15329 131889
15337 139528
15341 113706
15349 118991
15353 258550
15361 108523
15373 137092
15377 111007
15381 120115
15385 470642
15397 251558
15401 111726
15413 105634
15425 356396
15445 246348
15453 218100
15457 471004
15461 118915
15473 116686
15481 227279
15489 106003
15493 134509
15497 107773
15509 228257
15529 218856
15533 133671
15541 106030
15545 222268
15569 115266
15577 254308
15581 113417
15597 113438
15601 106727
15605 221119
15613 209829
15625 398083
15629 106778
15633 113836
15641 108997
15649 121402
15661 108440
15665 455008
15669 137279
15677 261009
15685 225320
15689 240184
15705 234465
15725 681919
15733 125031
15737 104589
15749 127741
15761 110391
15769 210969
15773 107488
15777 131264
15793 234560
15797 102313
15805 431175
15809 132141
15817 105216
15821 213729
15845 232105
15857 229487
15877 101435
15881 102694
15885 235293
15889 110803
15901 104820
15905 210129
15913 99904
15921 220422
15925 327206
15929 239052
15937 102454
15949 206233
15957 98282
15973 100365
15977 238037
15993 109567
15997 212125
16001 97568
16021 238502
16025 341563
16029 223818
16033 130044
16045 231956
16057 109238
16061 129050
16069 108810
16073 113424
16081 231181
16085 225682
16097 105647
16101 101146
16105 224081
16109 197895
16129 48767
16133 437653
16141 102797
16145 219467
16153 211047
16165 432214
16189 104914
16193 97249
16201 221571
16209 113481
16217 95412
16229 94053
16237 210149
16241 225281
16245 106190
16249 101885
16253 100343
16265 213492
16273 97556
16277 214191
16285 224482
16301 96948
16317 97278
16325 308362
16333 121770
16337 96180
16349 110924
16361 102607
16369 105395
16381 124663
16385 439620
16393 328418
16405 419778
16409 192625
16417 107562
16421 122760
16425 302769
16433 97165
16441 243628
16453 96315
16465 413067
16477 104118
16481 102351
16493 126118
16501 213189
16505 202867
16513 107244
16525 315506
16529 96771
16553 93992
16561 119072
16565 212790
16573 96209
16577 98205
16589 209689
16601 214567
16605 193795
16609 195240
16613 200157
16633 109121
16641 46635
16645 211892
16649 91553
16657 93623
16661 99385
16673 94550
16677 199818
16693 115427
16705 397080
16717 195038
16729 96624
16733 198031
16741 89699
16745 431068
16749 122526
16757 219295
16769 222343
16781 202369
16785 212163
16801 213974
16805 211984
16825 287589
16829 117567
16837 184467
16857 118162
16861 218771
16865 204005
16889 115501
16893 97390
16897 185132
16901 86925
16909 184599
16913 184422
16921 92652
16925 319575
16937 96592
16945 207227
16949 186010
16965 399962
16981 88475
16993 108345
17001 98929
17009 203472
17021 87166
17029 90727
17033 101676
17041 90668
17053 93218
17057 208347
17065 201600
17069 275388
17077 99254
17093 96866
17101 92148
17109 111119
17113 209390
17117 119460
17125 405226
17137 115666
17141 201016
17153 204553
17161 39726
17165 192396
17173 209904
17177 178226
17189 89207
17197 205497
17209 97532
17217 89952
17221 203002
17225 581834
17245 182012
17257 115427
17261 173290
17285 186937
17289 197022
17293 112741
17297 92952
17305 192560
17317 88585
17321 98423
17333 109563
17341 87568
17345 183745
17357 193917
17377 110695
17389 89101
17393 99397
17397 88059
17401 90141
17405 91073
17417 90133
17425 550648
17429 195469
17433 170540
17449 82589
17473 174388
17477 111615
17485 394479
17489 115827
17497 115537
17505 188795
17509 115197
17525 290144
17533 199625
17541 84569
17545 197883
17557 181715
17561 173715
17569 113866
17573 84171
17581 97285
17585 194175
17593 189286
17597 111704
17609 86019
17629 285471
17645 173233
17649 176215
17657 110273
17665 191324
17669 99880
17681 94151
17689 37712
17693 168372
17705 186101
17713 87833
17725 274354
17729 85949
17737 85211
17741 169977
17749 106382
17753 164645
17757 100385
17761 89287
17777 178374
17785 176185
17789 82903
17797 299207
17833 170387
17837 83404
17849 202553
17861 195849
17865 200507
17873 214336
17881 91081
17885 191745
17893 176667
17901 195495
17905 190448
17909 89197
17921 106123
17929 86281
17937 83155
17945 367270
17953 186016
17957 73101
17965 180809
17973 107495
17977 89137
17981 77517
17989 82972
18005 360784
18013 83266
18029 105991
18037 177800
18041 102915
18045 179745
18049 82131
18061 80251
18065 167715
18077 79720
18081 103474
18085 166631
18089 83648
18097 102516
18121 86822
18125 443687
18133 86359
18149 90547
18153 79275
18169 101423
18173 187222
18181 83745
18185 163799
18217 95081
18225 142503
18229 73530
18233 83027
18241 349011
18245 378066
18253 106655
18257 86750
18261 77074
18265 348393
18269 79355
18277 85442
18281 209073
18289 77415
18301 103805
18313 92164
18317 160429
18325 275882
18329 84788
18341 101466
18353 100184
18365 165277
18369 159912
18385 177249
18397 79113
18401 85251
18405 183223
18409 175575
18413 92020
18421 252910
18433 79865
18457 78853
18461 99415
18473 175161
18477 83102
18481 79840
18485 162905
18493 84546
18497 164621
18505 173175
18513 77080
18517 90996
18521 73849
18541 83898
18545 173832
18549 77478
18553 102249
18577 156710
18581 153856
18589 169251
18593 80358
18605 257125
18617 73894
18621 96895
18625 348386
18629 184056
18637 103093
18649 177224
18661 98497
18665 176725
18685 349999
18701 95668
18709 178963
18713 74566
18721 175176
18729 84365
18737 180653
18749 77617
18757 77767
18761 159313
18769 131707
18773 68363
18785 501141
18793 75693
18797 70227
18801 72047
18805 166561
18833 150967
18845 173376
18853 179706
18857 155016
18869 71706
18873 90564
18889 183766
18901 153001
18913 72403
18917 71207
18925 248576
18937 170658
18945 147908
18965 162218
18973 80506
18985 152686
18989 177219
18997 81556
19001 91897
19009 71776
19013 100280
19017 98519
19025 245628
19037 102005
19045 308631
19053 164254
19061 87985
19069 69478
19073 98125
19081 89740
19093 138852
19097 247977
19105 168328
19109 152477
19121 70415
19125 316311
19133 71769
19141 74966
19157 94871
19161 86644
19165 162299
19169 163101
19181 72037
19193 170530
19213 71153
19225 230728
19233 96015
19237 94333
19249 66920
19253 156180
19265 161572
19269 70367
19273 73515
19277 169652
19289 68345
19301 74082
19309 90886
19321 32419
19325 230301
19333 67538
19337 132787
19345 312001
19357 143870
19373 79386
19377 90337
19381 66957
19385 155026
19405 165758
19409 170392
19417 93890
19421 68861
19429 94646
19433 88322
19441 85018
19445 160985
19449 69883
19453 69502
19457 66449
19465 320553
19469 76739
19477 66859
19485 145516
19489 92624
19493 166523
19501 73524
19517 161164
19521 66165
19541 82612
19549 179585
19553 64056
19557 163772
19573 64644
19577 64975
19585 157938
19597 77910
19601 136988
19609 62316
19625 318960
19633 143783
19637 154925
19645 148439
19649 67510
19661 73567
19669 282237
19681 66811
19697 85609
19709 72172
19717 88510
19721 271688
19729 158178
19753 74416
19769 152744
19773 148604
19777 69456
19793 63765
19801 90944
19805 289059
19813 90856
19825 457507
19841 88586
19845 73675
19853 81381
19861 90656
19865 281970
19881 31766
19885 297762
19889 64979
19897 126019
19913 87457
19917 64181
19925 210474
19937 81240
19945 153361
19949 87107
19961 66081
19973 73453
19981 289676
19989 63572
19993 66250
19997 59812
20005 129972
20017 148917
20021 87340
20025 217419
20029 74848
20041 64782
20065 148142
20077 133792
20089 82878
20101 69227
20105 135427
20113 83926
20117 78686
20129 62383
20133 61299
20137 135309
20149 68934
20161 63418
20165 288026
20173 60604
20177 61344
20189 128455
20201 82701
20205 150109
20213 288988
20221 142957
20225 213040
20233 67319
20241 153328
20245 143835
20249 70777
20261 84654
20269 59452
20281 148432
20285 146095
20297 69121
20313 159628
20329 140295
20333 61753
20341 60363
20345 283507
20353 69879
20357 65047
20365 130397
20369 59373
20381 150083
20389 63433
20393 64989
20413 140622
20417 147933
20421 82791
20441 60017
20449 96693
20453 126170
20457 57005
20465 141286
20477 57472
20485 278179
20509 73122
20513 142129
20521 60258
20525 198470
20529 62038
20533 57098
20549 60192
20557 120863
20561 134844
20565 136400
20593 60722
20605 279556
20609 148042
20617 136885
20621 146046
20629 79939
20637 67635
20641 75203
20645 141943
20665 138259
20673 65781
20681 76809
20689 135787
20693 55874
20705 252763
20717 78261
20725 190523
20737 127471
20745 134132
20749 77481
20753 67896
20761 122061
20765 117921
20773 65280
20781 54962
20785 141134
20789 53799
20809 71880
20813 147989
20817 61129
20825 199111
20849 59604
20857 59732
20869 141951
20873 66957
20885 132477
20893 111897
20897 59228
20905 250263
20917 142558
20921 53292
20929 58328
20933 55379
20961 134672
20969 128948
20981 61254
20997 66669
21001 71797
21005 119024
21013 75501
21017 77972
21025 291161
21029 128600
21037 128519
21041 127423
21053 138187
21061 56168
21069 55900
21073 133720
21085 126366
21089 58352
21097 191651
21101 69841
21121 53876
21125 373116
21141 59792
21145 126474
21149 72740
21157 75572
21169 58013
21177 107219
21193 75361
21205 127424
21213 68003
21217 71123
21221 58530
21233 126286
21253 106898
21257 112941
21265 116410
21269 56232
21277 74513
21281 110461
21289 131780
21305 123253
21313 65514
21317 58358
21325 180711
21341 55005
21349 111077
21361 109294
21365 124301
21377 71194
21389 112820
21393 62403
21397 56782
21401 66244
21425 195591
21429 75352
21433 71709
21437 247407
21445 123395
21449 123605
21465 123615
21473 106278
21481 52816
21485 131043
21493 69311
21501 65879
21509 123579
21517 61812
21521 54473
21529 68476
21533 108804
21537 70870
21541 117835
21557 68691
21569 70722
21577 50748
21589 58372
21601 52299
21605 242801
21609 27466
21613 55247
21617 67150
21625 222908
21645 230855
21649 58228
21661 59687
21673 55698
21677 114906
21685 103918
21689 70151
21697 116169
21701 50058
21709 120455
21713 62161
21737 70321
21745 104410
21753 52895
21757 53708
21773 67433
21785 116674
21789 67079
21805 119556
21809 99081
21817 51262
21821 52138
21825 164980
21841 73020
21845 241386
21853 193174
21865 123289
21881 70575
21893 46692
21901 69649
21905 235923
21913 110936
21925 170308
21929 51613
21933 53661
21937 65113
21941 110153
21953 120981
21961 48358
21969 68861
21977 55184
21985 123148
21997 48170
22001 49289
22009 113410
22013 47010
22021 68527
22025 167693
22037 67179
22045 102157
22049 94202
22061 123838
22069 103899
22073 53456
22093 51919
22105 114860
22109 65989
22117 118212
22129 53515
22133 53228
22153 66195
22157 46715
22181 99577
22185 216949
22189 46863
22193 53197
22201 74090
22205 115826
22213 108717
22217 103914
22229 56448
22237 99025
22257 45468
22261 137836
22265 237002
22273 70013
22277 47189
22285 113677
22293 51039
22301 119775
22313 113988
22321 226884
22345 223899
22349 62241
22369 52605
22373 110395
22381 47502
22385 110929
22393 45560
22397 51428
22405 107474
22409 48380
22417 103205
22433 50250
22437 60665
22441 63580
22445 52595
22453 61713
22457 98410
22465 102805
22469 45201
22481 63063
22501 51406
22509 95364
22525 329434
22529 107075
22541 42833
22549 51326
22565 92750
22573 63032
22581 103111
22585 91715
22589 51613
22601 109615
22613 51080
22621 52777
22625 209804
22633 88791
22637 55168
22669 49900
22681 118573
22685 211747
22689 65334
22697 64414
22709 62581
22717 49955
22721 51320
22725 166845
22741 59362
22745 106176
22753 99426
22761 46604
22765 194682
22769 62052
22777 47364
22789 92940
22797 108797
22801 25631
22805 107392
22817 49293
22829 114494
22837 89270
22849 95405
22853 57392
22861 50030
22865 203672
22873 109208
22877 46549
22901 52313
22905 101737
22921 46809
22937 52781
22941 47347
22945 213293
22949 105834
22961 43824
22973 43957
22985 93646
22993 41597
22997 203253
23013 48809
23017 43827
23021 57086
23029 46006
23041 55346
23049 112482
23053 41510
23057 47234
23081 44599
23101 99462
23105 108082
23113 112452
23117 62280
23125 253210
23129 86818
23137 102706
23141 94891
23153 150914
23165 195185
23173 59928
23185 105570
23189 44022
23197 60039
23201 47040
23209 39975
23225 154369
23229 103288
23245 91747
23257 104891
23269 47015
23273 141884
23285 95387
23293 59194
23297 57266
23321 43002
23329 90650
23333 58373
23337 40681
23341 83681
23353 49189
23357 40723
23365 95152
23369 53994
23373 38505
23377 102116
23393 92631
23409 72600
23413 88840
23417 47041
23425 144334
23445 101384
23461 91875
23465 94956
23473 48205
23477 100881
23481 42283
23497 38212
23509 49841
23525 131977
23533 101615
23537 46073
23545 185358
23549 58279
23553 50102
23557 58184
23561 51251
23569 103035
23581 48817
23585 180946
23589 40127
23593 55482
23605 104603
23609 52482
23629 56075
23633 43153
23645 75549
23657 107880
23665 93971
23669 45071
23677 44425
23689 57330
23697 51231
23701 85485
23717 89586
23725 270743
23729 80753
23733 43431
23741 47735
23753 37176
23761 38349
23765 100807
23773 47528
23789 49234
23797 94889
23801 36039
23805 44011
23809 97226
23813 38242
23825 130795
23833 40777
23837 47874
23857 54539
23869 35271
23873 51572
23885 182701
23893 41983
23909 52434
23913 36681
23917 38409
23929 35314
23941 82756
23945 84629
23953 94120
23957 36840
23965 88656
23977 39981
23981 55413
23985 179640
23993 54881
24001 44667
24005 98484
24021 92031
24025 74590
24029 46824
24037 49861
24041 101937
24049 37469
24061 45190
24065 91718
24077 42209
24085 83595
24089 185129
24093 52328
24097 35966
24109 35297
24113 34275
24121 45077
24125 183526
24133 37355
24137 35222
24157 90194
24161 87921
24169 44585
24181 35352
24193 75554
24197 46183
24201 52654
24217 82416
24221 87806
24229 50042
24237 41561
24245 165715
24281 42109
24293 87059
24305 81977
24309 83172
24313 82417
24317 33601
24329 33549
24337 46978
24341 71900
24345 94575
24349 74217
24361 87072
24373 43142
24385 91412
24389 71909
24401 81199
24413 44637
24417 45137
24421 50480
24425 134621
24433 87957
24445 91670
24457 80057
24461 101576
24469 47351
24473 32296
24481 49799
24505 244297
24509 39040
24517 44477
24525 114532
24533 49061
24545 77395
24557 83050
24561 40757
24565 148640
24593 48105
24601 87977
24625 149464
24641 87989
24649 67603
24653 82266
24665 92335
24669 42099
24677 35501
24685 90570
24697 39884
24701 69206
24705 65517
24709 32655
24713 73128
24733 48811
24737 73427
24741 45890
24745 73157
24749 43137
24777 37811
24781 37960
24785 77094
24793 41648
24797 71070
24805 69955
24809 37405
24821 46312
24841 46663
24845 81977
24853 71711
24865 85222
24869 79646
24877 48345
24889 49207
24901 79163
24905 165012
24917 30838
24925 119565
24929 66727
24941 31758
24949 87094
24953 30379
24961 68827
24965 88659
24973 148478
24977 46062
24989 43921
24993 45472
25009 76850
25013 41232
25033 48038
25037 29687
25045 85668
25049 72667
25057 40993
25065 74512
25073 34775
25085 161722
25097 37166
25101 30121
25105 75204
25117 29280
25121 30872
25129 74405
25133 76078
25153 28825
25169 38625
25173 28559
25177 79931
25181 115164
25189 40302
25205 36562
25209 29763
25225 105302
25229 45140
25237 29489
25253 38430
25261 42957
25281 59449
25285 152742
25297 72781
25301 30623
25309 29377
25313 74025
25317 86019
25321 30683
25325 115411
25337 72251
25345 151427
25349 34183
25353 44372
25357 35669
25373 44300
25381 73541
25385 67187
25397 70207
25405 72660
25409 42968
25425 116400
25433 74780
25453 27480
25457 42070
25469 29332
25477 84151
25493 150904
25497 32902
25505 56970
25525 95102
25529 33728
25533 42483
25537 37875
25541 29485
25549 75422
25561 30256
25565 51798
25577 41835
25589 33923
25601 36882
25605 73355
25609 36732
25621 37580
25625 175299
25633 33524
25649 68638
25657 33978
25673 31649
25677 41073
25681 74618
25693 33114
25705 124652
25713 27720
25717 28420
25721 112749
25733 41185
25741 25826
25749 25311
25765 77664
25769 81743
25777 74040
25789 142386
25793 40141
25801 26249
25805 135164
25825 114264
25841 34576
25849 38948
25857 101518
25873 25455
25877 77493
25889 36950
25909 64237
25913 26758
25921 17042
25925 194354
25933 34466
25937 61379
25945 69161
25957 70302
25961 62273
25965 61850
25969 38861
25981 25276
25985 74176
25997 38784
26017 26115
26021 36834
26029 39127
26041 33805
26045 57918
26053 30232
26065 136624
26073 39444
26077 65713
26093 58114
26113 25140
26117 62812
26129 125019
26141 23895
26153 39503
26161 31267
26165 59800
26177 35940
26181 32788
26185 62925
26189 28599
26209 28773
26221 64902
26225 103114
26233 66999
26237 38000
26245 144681
26249 24095
26253 35515
26261 37976
26269 67562
26281 68706
26293 33604
26297 24939
26305 67924
26309 37501
26317 25329
26321 36274
26325 96192
26329 56513
26333 65112
26353 23895
26357 26772
26361 52677
26365 71046
26377 69441
26393 27350
26401 59050
26405 63511
26413 62436
26417 34863
26437 28235
26441 67967
26449 35817
26469 58661
26485 61064
26489 32220
26497 32777
26501 28005
26509 26509
26513 34068
26525 81987
26533 98551
26545 47147
26557 23180
26561 30526
26569 15221
26573 31795
26577 27428
26585 115285
26597 32279
26605 138315
26613 32278
26633 34184
26641 34719
26645 74069
26665 52276
26669 33975
26681 38638
26685 71507
26689 63220
26693 36077
26701 32350
26705 68535
26713 32582
26717 31810
26721 37355
26725 77169
26729 22440
26737 22218
26741 59305
26765 125022
26773 53085
26777 34284
26793 60939
26801 26838
26813 24403
26821 31800
26825 172318
26833 33419
26849 27054
26861 32942
26869 62456
26881 25249
26893 33961
26897 53839
26901 33420
26905 64981
26921 32145
26937 51222
26941 46201
26945 119720
26953 21165
26965 53731
26969 61072
26973 31646
26977 56856
26981 33876
26989 43654
26993 32547
27009 20940
27017 32273
27045 54721
27053 58608
27061 31917
27065 63320
27073 21093
27077 27748
27085 56079
27101 54984
27109 24208
27121 57207
27145 118377
27149 56102
27157 56320
27161 51111
27169 63329
27173 47184
27185 65405
27197 21493
27205 64694
27217 49846
27225 45286
27229 62430
27233 55761
27241 29661
27245 55029
27253 20281
27257 64643
27261 54797
27277 28683
27281 24453
27289 60809
27293 30304
27297 23950
27325 91427
27329 19544
27333 28636
27337 32085
27353 47226
27361 19413
27365 105270
27369 30452
27385 48220
27389 47226
27397 20749
27409 30424
27421 61300
27425 75417
27437 19386
27441 31898
27449 21696
27457 30218
27469 53192
27481 30127
27505 43914
27509 30454
27521 111561
27529 24267
27541 21732
27549 31074
27557 54357
27565 96488
27581 28376
27585 38354
27593 46982
27605 60725
27613 56645
27617 33288
27625 210734
27637 61718
27653 30690
27673 29397
27677 52939
27685 41227
27689 27569
27693 52170
27697 29448
27701 21333
27709 29740
27725 85101
27733 27183
27737 27116
27749 21283
27757 57205
27765 41614
27773 17338
27781 48004
27785 46346
27793 28222
27801 28838
27809 19213
27817 18919
27829 50644
27833 52539
27845 54868
27857 47700
27865 43086
27869 19312
27877 49751
27881 27735
27889 14163
27893 28331
27901 26782
27905 56114
27917 28448
27925 77789
27941 17911
27953 27374
27961 23041
27977 49480
27981 27153
27985 92583
27989 43719
27997 28120
28001 17104
28009 48260
28013 40838
28033 75718
28037 19175
28057 18218
28069 28212
28081 22308
28085 114224
28089 28469
28093 48319
28097 28634
28109 30075
28121 41002
28125 75383
28145 99901
28157 54280
28169 48636
28181 27768
28193 23941
28197 42830
28201 16532
28205 38704
28213 43992
28225 72394
28229 26593
28233 25902
28249 94033
28265 49216
28269 18399
28273 26761
28277 20572
28285 47537
28289 27950
28297 27727
28305 91069
28309 17347
28333 38804
28345 51983
28349 27277
28373 53961
28381 38736
28393 29227
28397 49990
28409 15628
28417 36156
28421 37060
28429 20014
28433 18850
28445 40090
28449 54780
28453 43963
28465 46661
28477 16667
28493 16714
28505 43450
28513 27224
28517 22827
28521 20676
28537 25611
28541 19141
28549 23970
28561 53826
28565 99161
28573 25084
28577 64394
28585 52906
28593 17847
28597 25089
28601 46296
28621 25495
28625 80190
28629 24677
28645 77128
28649 16101
28657 21814
28661 24345
28665 46013
28669 20215
28673 49438
28685 32225
28697 24224
28705 51736
28717 24879
28729 17845
28741 42215
28745 34385
28753 26003
28757 43256
28769 44869
28781 45352
28789 22830
28793 18048
28813 23459
28817 25354
28825 58026
28837 14278
28845 39379
28849 37456
28873 40832
28881 14682
28885 83095
28901 24042
28909 24755
28913 45611
28921 16391
28925 123770
28933 15841
28949 23443
28953 22637
28961 26047
28981 46076
28989 17573
29005 33821
29009 23324
29017 22416
29021 23935
29033 18213
29041 43186
29045 83076
29053 36758
29057 13578
29061 16887
29065 43730
29069 39824
29077 18647
29081 35553
29097 37971
29101 23001
29105 39331
29125 81586
29129 18949
29137 23292
29153 22397
29161 15724
29173 22373
29185 79452
29189 63522
29201 16683
29209 15621
29221 20226
29237 60039
29241 11619
29245 44854
29257 41831
29261 47386
29269 12985
29273 27736
29277 23513
29285 35254
29297 14963
29305 45789
29313 19507
29321 35698
29333 17191
29341 79476
29345 37953
29353 41149
29377 29071
29385 45194
29389 17335
29401 20532
29405 38289
29429 24058
29437 23979
29449 18673
29453 15267
29461 41656
29473 18218
29485 33986
29489 38944
29493 29883
29497 36608
29501 14532
29521 32573
29525 59045
29529 32373
29537 19079
29549 34107
29565 45251
29569 13612
29573 21173
29581 15270
29585 82977
29593 41487
29597 36084
29609 43666
29629 20899
29633 22396
29637 34815
29641 23326
29645 16179
29653 36536
29665 75761
29669 20969
29705 66046
29709 18112
29717 18660
29725 101075
29741 20318
29745 37720
29753 21844
29761 20579
29765 25707
29789 21752
29801 34031
29809 37840
29817 21613
29825 46390
29833 13465
29837 20597
29857 36150
29861 40007
29873 22452
29881 19045
29889 19978
29905 29514
29917 20928
29921 11001
29929 22843
29933 34346
29945 81491
29957 28025
29961 13770
29965 71256
29989 17807
29993 38274
30005 64485
30013 16738
30017 29309
30025 57983
30029 21368
30037 18211
30053 38661
30069 35121
30073 76093
30089 14135
30097 18746
30109 15175
30113 21607
30125 70983
30133 16387
30137 18375
30141 30497
30145 30735
30157 32017
30161 17583
30169 10681
30181 13041
30185 39158
30193 31642
30197 16096
30209 37921
30213 11121
30233 19426
30241 19181
30249 14604
30253 21898
30265 32371
30269 15884
30277 69127
30285 40112
30293 12731
30301 38042
30313 18903
30325 57018
30329 38515
30341 18980
30357 21542
30361 22971
30365 29790
30377 29590
30389 12321
30397 39762
30413 32274
30421 32864
30425 45472
30433 31232
30445 39869
30449 18478
30465 27213
30469 10700
30493 18263
30497 14472
30501 20846
30505 33845
30509 16604
30517 14791
30529 17045
30537 33795
30545 61460
30553 17951
30557 16795
30565 38112
30577 14290
30581 26040
30589 39728
30593 10365
30605 33018
30617 27029
30625 39217
30629 38944
30637 21452
30641 32224
30649 17381
30661 20336
30665 26451
30673 30658
30677 12816
30685 34682
30689 20556
30697 16550
30713 16655
30717 20453
30725 57628
30733 24049
30749 28617
30757 11558
30769 38362
30773 17210
30781 16990
30805 53191
30809 16109
30817 19048
30821 31416
30825 38950
30829 15966
30841 15409
30853 17707
30865 21334
30869 18758
30881 19596
30893 12015
30897 13498
30901 32760
30925 38175
30929 26557
30937 16781
30941 15082
30949 18091
30953 31400
30977 18163
30985 35780
31001 35076
31005 55890
31013 13861
31025 96207
31033 10285
31037 25536
31041 14903
31049 29592
31057 31149
31061 26078
31069 9722
31081 14766
31085 32013
31097 19721
31105 24264
31109 29826
31113 16305
31117 49967
31121 8992
31145 34352
31149 16157
31153 14145
31177 13692
31181 16256
31189 16540
31193 10036
31201 37719
31205 11480
31213 16922
31221 16724
31225 39927
31237 13978
31249 9246
31253 8706
31265 89932
31277 8547
31285 23920
31301 27542
31313 33689
31321 8674
31329 8655
31333 18642
31337 18183
31345 34576
31357 11307
31365 59485
31373 25894
31385 24110
31393 17953
31397 10345
31409 14643
31417 32403
31421 29486
31429 35120
31433 12768
31469 9753
31473 26614
31477 8921
31481 16340
31489 9014
31501 40190
31505 30511
31509 14501
31513 14334
31517 16064
31525 81293
31529 23727
31541 14309
31545 25290
31561 28212
31573 10613
31581 8564
31585 32166
31601 16059
31609 27326
31613 29687
31637 28749
31645 28803
31649 14163
31653 16397
31657 9765
31681 25691
31685 31378
31693 30040
31697 18301
31705 50389
31709 26362
31721 15490
31729 16395
31733 25372
31741 9702
31753 24140
31761 14585
31765 34132
31769 13716
31781 22625
31793 10994
31797 12634
31805 32390
31813 32310
31817 14905
31841 25474
31849 9066
31853 29376
31865 27122
31869 10023
31873 14596
31905 29913
31909 30725
31921 28396
31925 31238
31937 22779
31945 16722
31957 12225
31973 16520
31981 13699
31985 18388
31997 14233
32005 51149
32009 13281
32013 14613
32017 28057
32029 14066
32041 8862
32045 99989
32057 15799
32065 26937
32069 13610
32077 15901
32089 14239
32105 29978
32113 27207
32117 13444
32125 49109
32129 13759
32141 16713
32149 21317
32157 8279
32161 18024
32173 9685
32185 50300
32189 12557
32193 7877
32201 28459
32213 15446
32225 35478
32229 13683
32233 10298
32237 17318
32245 22036
32257 13864
32261 13750
32269 14731
32297 15594
32301 24224
32309 14986
32317 22456
32321 10594
32337 10944
32341 12886
32345 21081
32353 13841
32365 29458
32369 13990
32377 7027
32381 8077
32389 12468
32393 20490
32401 14994
32405 21133
32409 22605
32413 14091
32425 40738
32429 8586
32441 13761
32449 22753
32481 14481
32485 44857
32489 24989
32497 13211
32513 47083
32517 13436
32521 25925
32525 40121
32533 12053
32537 13365
32549 12038
32553 11471
32561 11195
32569 14869
32573 12842
32597 20804
32605 20005
32609 7250
32617 41381
32621 8228
32625 52530
32633 7739
32645 23634
32653 9543
32657 32303
32677 21659
32689 26252
32693 13617
32701 20359
32713 7401
32717 12595
32733 13170
32741 23670
32749 12834
32761 19770
32765 24536
32773 24201
32777 26447
32789 7291
32797 14284
32801 12044
32805 9291
32825 68136
32833 6783
32841 21405
32845 18891
32861 27668
32869 7144
32877 19809
32885 19826
32905 26267
32909 12470
32917 6587
32929 43887
32933 11172
32941 13103
32957 14272
32969 8287
32977 10811
32985 19491
32993 11431
33001 17692
33013 11834
33017 26809
33025 36445
33029 12133
33037 12335
33049 11484
33053 11515
33057 11432
33065 38686
33073 7337
33085 37893
33093 10013
33109 23462
33113 13250
33125 48905
33129 12604
33133 23081
33137 19393
33149 12860
33161 12981
33169 23104
33173 12555
33181 7651
33185 15587
33197 22396
33205 46078
33241 23837
33245 51579
33265 16263
33273 11277
33289 11696
33293 29259
33301 6684
33305 18471
33309 8096
33317 11907
33329 7074
33337 41928
33349 13377
33353 11034
33361 24672
33365 16853
33377 8474
33381 12251
33389 16368
33409 10568
33413 13020
33437 22361
33445 19225
33457 8395
33461 6502
33469 11293
33485 42601
33489 16462
33493 10672
33505 21086
33517 10372
33521 11503
33525 28184
33529 6013
33533 9024
33541 17424
33545 21217
33553 34954
33565 23616
33569 10335
33577 7239
33581 10606
33589 12621
33597 5771
33601 10397
33613 12510
33617 10694
33625 39525
33629 10715
33633 22539
33637 11583
33641 10016
33653 21962
33661 17780
33665 18838
33685 23582
33709 18722
33713 10011
33721 10735
33745 41595
33749 11591
33757 6235
33761 17582
33769 9839
33773 6308
33785 37141
33797 7758
33805 20152
33809 5629
33813 34295
33829 7961
33849 6487
33853 21441
33857 9977
33865 37116
33881 22288
33889 11995
33893 8331
33905 21097
33917 20616
33921 9765
33937 10793
33941 5455
33949 18490
33961 9378
33965 21579
33973 17421
33977 20980
33989 17491
33997 5439
34001 5921
34021 19574
34025 29361
34033 7035
34037 15476
34057 10303
34061 9116
34065 19360
34073 15474
34081 21708
34085 40241
34101 9045
34117 18929
34121 19145
34129 9276
34137 9956
34141 5240
34145 20460
34153 16200
34157 8168
34165 22840
34173 10109
34205 19254
34213 10141
34217 12142
34225 34596
34229 15390
34241 19780
34245 13537
34249 18427
34253 9865
34261 10362
34273 10056
34281 19311
34285 12954
34289 17119
34297 10667
34301 8919
34313 11472
34325 29224
34337 6057
34345 13123
34349 10062
34361 8785
34369 11638
34373 19309
34381 8991
34385 20132
34389 9860
34421 10826
34425 21856
34429 8662
34445 8612
34457 6127
34465 31158
34469 5304
34481 30724
34493 16024
34497 9795
34501 6460
34513 9996
34525 23550
34537 9103
34541 15536
34549 10386
34553 14842
34585 17948
34589 8196
34597 17935
34605 16979
34609 16171
34613 6971
34621 17904
34625 33243
34645 51241
34649 8951
34669 18980
34673 8629
34677 9674
34693 5518
34697 31569
34709 15164
34717 13737
34721 5320
34729 9200
34741 8334
34745 15168
34757 8729
34765 33736
34781 7985
34785 16052
34801 17047
34805 17683
34817 19539
34821 17930
34829 10351
34841 8236
34849 9071
34877 7234
34885 18815
34893 9956
34897 8984
34901 17728
34913 4214
34929 5116
34933 13844
34945 30166
34949 9072
34957 16324
34961 6322
34969 13496
34973 14741
34981 5405
34985 16270
35001 6087
35005 15853
35009 17964
35017 4994
35033 17189
35037 14334
35053 8479
35065 15715
35069 8743
35073 7753
35081 8672
35089 8533
35113 29025
35117 7765
35125 34145
35129 7435
35137 16350
35141 5708
35149 6900
35153 8335
35165 31174
35173 12034
35177 14673
35197 16388
35201 5560
35209 10826
35221 9242
35225 24044
35249 14357
35253 7590
35257 7820
35261 15620
35269 16566
35281 8281
35285 13999
35293 17798
35317 4512
35325 23130
35333 14782
35345 15040
35353 8211
35361 7340
35369 17420
35377 15741
35381 8308
35393 8115
35401 8622
35405 22513
35425 40735
35437 9061
35449 6407
35453 8460
35461 5654
35465 26644
35477 15445
35509 7255
35513 12362
35521 8240
35525 20348
35533 7576
35537 7710
35545 17688
35557 8735
35569 9394
35573 7907
35593 6676
35597 7764
35605 9764
35617 5678
35633 15292
35641 9291
35645 15578
35649 11718
35653 12695
35657 13095
35669 14273
35677 5704
35685 28968
35689 15021
35705 26520
35721 3662
35725 19193
35729 7774
35737 12022
35753 8659
35757 13964
35785 32187
35789 13104
35793 12637
35797 6975
35801 8289
35809 3508
35821 15002
35825 19608
35837 7375
35865 15759
35869 8507
35873 16007
35881 10255
35885 12432
35897 5187
35901 3591
35909 12686
35917 8287
35921 16464
35933 5390
35953 11050
35957 14528
35965 11795
35969 8458
35977 8792
35989 26357
35993 7901
36009 6639
36013 3748
36017 3870
36037 6164
36045 16515
36061 7549
36065 11514
36073 7411
36097 7243
36101 10199
36109 6964
36117 5957
36121 13380
36125 37230
36137 5437
36145 11487
36149 11419
36161 5449
36173 11986
36181 13870
36185 14450
36189 5738
36193 12012
36205 25608
36209 7264
36217 6263
36221 13567
36229 4123
36241 7383
36257 11575
36265 14343
36269 7205
36277 5410
36293 6943
36297 12298
36305 24832
36313 5996
36325 22152
36329 10173
36341 4386
36353 7706
36361 11685
36369 4543
36373 4592
36389 7468
36397 11747
36401 11408
36405 10197
36413 13706
36433 7833
36441 7721
36445 23619
36457 6206
36461 8118
36469 5462
36473 4749
36481 3510
36485 12299
36493 7259
36497 6670
36505 14456
36513 3055
36517 17188
36529 5150
36541 8188
36545 13302
36569 25229
36581 14177
36601 9240
36605 8806
36621 12050
36625 23531
36629 7236
36637 5080
36653 4033
36657 5314
36661 11857
36665 8439
36677 6710
36697 7074
36709 3592
36713 6014
36721 6835
36725 35105
36733 12400
36737 13878
36745 13385
36749 5804
36761 6196
36781 6186
36793 5796
36805 22126
36809 4030
36821 5587
36829 13945
36833 6666
36837 3564
36845 9993
36853 10623
36857 4566
36865 24890
36873 12815
36877 6319
36881 11470
36889 9535
36901 6090
36905 7889
36913 6731
36929 4471
36941 22567
36945 13781
36965 13707
36973 6386
36985 21429
36997 4570
37013 3276
37017 5901
37021 5252
37025 14854
37033 12361
37049 6360
37057 6355
37061 7135
37085 10025
37089 10010
37093 4256
37097 5986
37105 19399
37117 4075
37141 9720
37153 11814
37157 12894
37161 3831
37165 8624
37181 5584
37189 6447
37193 10550
37197 4654
37201 4859
37217 3612
37225 16461
37249 9685
37253 6148
37265 23253
37269 13329
37273 4006
37277 5784
37285 11860
37289 5404
37305 12649
37309 3165
37313 5531
37321 5213
37325 15883
37333 9128
37337 3914
37341 4693
37349 20216
37357 6310
37361 3862
37369 4801
37377 6011
37381 12210
37385 9933
37393 12508
37397 5729
37405 8825
37409 5984
37413 3159
37441 3766
37445 13013
37469 10181
37481 11346
37485 10627
37489 6230
37493 5943
37501 3830
37505 21569
37517 2925
37529 4783
37537 3958
37549 5493
37553 4522
37561 4611
37573 7195
37577 8211
37585 9823
37589 3614
37593 5321
37613 6986
37621 8471
37629 10489
37633 5692
37637 10797
37645 10023
37649 6130
37657 4565
37661 8495
37673 7841
37681 3732
37685 10398
37693 6758
37705 11105
37717 5769
37729 6930
37733 9757
37745 8566
37757 11862
37777 10121
37781 4757
37805 12845
37809 4385
37813 5800
37817 8328
37825 28057
37837 8767
37845 10494
37853 5452
37861 5124
37865 7980
37873 5588
37877 5138
37885 7345
37889 5278
37897 5548
37921 10751
37925 30499
37945 7750
37949 9191
37953 5117
37957 5821
37993 6170
37997 5935
38021 9067
38025 19378
38029 9759
38033 9804
38041 11384
38053 3390
38061 5350
38069 3699
38077 18026
38081 8157
38089 10929
38105 7563
38113 3680
38125 21444
38149 5059
38153 3734
38165 17640
38169 5006
38177 4515
38189 3838
38197 3596
38201 3791
38221 8776
38233 19929
38237 3151
38245 7329
38261 4726
38273 4707
38277 4117
38281 5284
38293 8977
38309 8174
38317 3484
38321 4163
38329 2820
38333 3356
38345 10290
38349 5160
38357 4310
38365 10939
38369 16770
38377 4845
38385 7720
38389 8019
38393 3871
38405 9255
38417 8678
38425 27891
38441 8604
38449 6000
38453 3577
38457 4144
38461 4798
38465 9175
38477 10469
38497 9347
38501 3086
38509 10396
38537 7435
38545 16889
38557 3765
38561 4122
38565 8819
38569 3178
38573 7192
38581 8154
38585 8823
38593 3074
38597 7185
38601 4663
38609 4271
38617 2875
38629 3575
38637 3649
38641 7163
38653 4330
38669 5355
38673 3022
38677 3588
38693 3949
38701 12151
38705 9136
38713 3032
38725 10940
38729 3905
38737 3711
38749 2923
38765 7041
38777 10510
38785 7089
38809 7792
38813 8377
38821 3978
38825 12712
38833 4002
38845 15053
38849 6751
38857 7778
38861 3956
38873 5233
38889 8652
38897 5789
38909 15253
38917 3627
38921 4872
38925 12732
38933 4968
38945 9730
38953 4614
38961 7277
38965 6500
38977 3641
38981 8669
38993 3789
39005 18735
39013 6854
39033 5222
39041 4540
39049 7460
39053 2381
39065 16786
39073 5892
39085 6750
39089 3017
39097 3670
39101 8995
39113 4198
39125 14060
39133 5114
39141 3900
39145 8414
39157 3463
39161 2580
39181 3333
39185 13533
39205 8578
39209 4842
39213 5260
39217 4511
39229 5096
39233 3517
39241 3844
39249 3898
39253 8875
39257 6694
39265 5539
39285 8075
39289 6429
39293 5226
39301 3502
39313 3128
39317 3304
39321 6926
39325 12521
39341 3193
39349 3115
39357 2527
39365 5995
39373 4428
39377 9183
39385 7669
39397 3415
39401 3512
39409 2271
39429 7736
39437 7885
39461 3212
39465 6885
39469 6307
39481 7550
39485 14374
39493 8454
39505 7442
39509 3135
39521 4441
39533 6912
39541 4743
39553 6464
39565 16251
39569 2954
39573 2125
39581 3216
39593 12164
39601 2511
39605 10880
39617 7872
39625 13112
39637 6506
39641 3172
39645 7032
39661 6938
39665 8661
39673 7251
39681 3229
39685 6328
39701 10697
39709 3339
39733 3887
39745 7472
39749 2999
39761 3180
39769 3494
39785 11430
39789 2041
39793 6242
39797 6913
39817 6485
39821 2915
39829 3883
39833 5626
39841 3391
39845 12271
39857 3920
39869 2382
39877 3691
39889 5199
39901 2893
39925 9946
39929 3249
39933 7942
39937 2583
39953 3146
39961 5068
39965 6362
39969 3246
39989 3228
40001 12733
40009 4314
40013 3310
40025 10520
40037 2799
40045 8374
40049 7522
40057 6800
40069 7026
40077 5966
40081 7114
40085 7513
40093 3332
40097 4457
40105 12790
40113 2989
40121 7223
40129 4911
40141 5459
40153 2011
40157 8235
40165 12180
40169 4049
40177 3676
40189 4178
40193 2952
40213 2472
40221 4964
40225 10904
40229 2291
40237 2606
40241 2672
40253 2852
40265 5529
40277 3582
40289 3952
40293 2800
40309 5297
40321 5797
40325 7904
40329 2795
40333 5375
40345 5554
40349 5469
40357 3471
40361 3154
40385 11518
40401 2122
40405 7112
40409 5137
40417 6351
40429 2583
40433 2662
40437 4217
40441 5610
40445 4731
40465 6588
40477 4831
40493 2439
40501 7658
40505 6255
40525 7649
40529 3390
40545 13073
40573 4865
40577 2673
40585 4653
40589 5483
40597 3261
40609 2804
40613 6543
40617 3691
40621 2362
40625 16932
40637 3790
40653 3433
40657 6600
40661 4946
40673 5691
40681 4837
40693 2589
40697 3422
40709 2682
40725 10013
40729 8799
40745 9394
40757 6169
40777 2113
40781 4858
40793 3758
40801 2956
40805 6305
40813 3486
40817 2881
40829 4499
40833 5936
40837 4529
40841 3463
40849 2364
40853 3837
40861 5588
40877 5325
40885 21617
40897 2572
40905 4111
40925 9272
40933 2066
40941 2145
40949 2437
40961 3239
40969 4071
40973 3603
40977 5579
40993 2348
41017 2674
41029 5057
41033 5026
41045 5896
41049 2726
41053 4365
41057 2009
41077 2883
41081 2766
41089 6258
41093 9522
41105 5363
41113 2137
41117 2538
41141 2053
41149 1786
41157 5033
41161 2547
41165 4939
41177 1853
41185 6824
41189 3753
41197 5704
41201 1975
41209 5250
41213 3955
41221 2291
41225 18414
41229 2124
41233 2614
41245 11969
41257 2828
41269 3203
41273 5466
41281 2236
41297 5917
41301 5255
41309 6356
41329 5531
41333 2782
41341 2142
41345 4150
41353 5856
41357 2399
41365 5253
41369 3868
41373 2618
41381 2058
41389 2091
41405 8497
41413 2211
41425 7676
41429 4729
41441 4719
41449 4501
41453 1924
41465 5128
41485 4346
41497 3904
41513 3192
41521 1995
41533 5044
41537 3439
41549 2536
41557 4507
41585 4472
41589 2485
41593 2042
41597 2329
41605 9796
41609 2477
41617 3840
41621 2837
41625 11632
41641 3350
41645 5015
41665 10146
41669 1980
41681 1799
41693 4564
41697 5550
41717 3773
41725 6401
41729 1931
41733 2514
41737 3051
41761 4086
41765 6594
41773 6168
41777 1956
41785 10833
41797 2351
41801 3509
41805 5109
41809 1982
41813 1679
41821 5645
41841 2946
41845 5133
41849 1848
41861 4025
41869 4482
41873 5345
41885 5382
41893 2598
41897 2011
41905 14777
41913 1667
41941 2806
41945 3740
41953 2839
41957 2376
41969 2208
41977 4568
41981 2645
41993 3069
42001 3773
42013 2611
42017 1747
42025 10524
42029 9123
42041 5859
42057 2636
42061 3278
42073 2297
42089 2961
42101 2340
42109 4757
42121 4070
42125 8730
42137 4875
42145 4861
42149 4293
42157 1819
42165 4043
42169 2699
42173 3580
42181 2223
42193 2931
42197 1697
42201 1856
42209 1833
42221 2563
42229 1877
42233 4132
42237 1802
42241 5518
42257 2371
42281 2679
42289 3597
42293 2239
42305 4540
42325 5737
42337 1918
42341 5651
42345 6711
42349 2691
42353 4945
42365 9095
42373 1752
42381 4747
42385 3743
42397 2977
42401 5894
42409 2387
42425 6801
42433 3322
42437 3625
42445 9588
42453 4717
42457 2924
42461 3358
42473 2023
42485 9378
42489 2053
42505 4430
42509 2690
42517 8799
42521 4123
42533 1386
42557 2398
42561 2224
42565 3402
42569 2241
42577 2741
42589 1773
42597 1782
42601 8512
42605 4972
42641 2065
42649 2243
42653 7634
42661 4588
42677 2697
42685 3881
42689 2015
42697 1682
42701 2911
42705 7966
42709 1719
42713 1748
42725 6669
42737 1676
42761 3797
42773 1372
42777 1950
42793 2017
42797 2174
42809 7628
42821 1556
42829 1744
42841 1898
42849 1625
42853 3120
42857 3448
42865 4577
42877 4050
42881 3399
42885 4828
42901 2042
42905 4367
42913 4397
42925 13606
42929 3864
42937 2918
42949 5247
42953 1233
42961 1663
42965 9664
42973 1808
42985 4217
42989 2225
42993 4299
43009 4572
43013 1742
43025 5718
43037 2894
43045 4041
43049 2301
43061 5797
43069 4702
43093 1269
43101 1281
43105 7718
43117 1771
43133 1906
43137 1459
43145 4226
43165 7484
43169 1499
43173 4109
43177 2002
43181 3570
43189 2146
43201 1751
43205 4332
43209 1857
43237 1901
43245 1436
43249 4156
43261 2274
43265 6966
43273 4451
43277 3860
43289 5075
43297 3236
43313 2734
43317 1756
43321 1575
43325 5260
43333 3862
43345 3955
43353 1052
43385 3550
43397 2592
43405 2765
43425 6180
43429 3490
43433 5724
43441 1083
43445 2836
43457 2195
43465 3312
43469 2819
43481 1867
43489 3235
43501 3383
43513 5807
43517 3434
43525 7863
43537 7497
43541 1157
43553 4717
43565 3737
43573 2754
43577 1348
43597 2679
43609 1063
43613 1651
43621 2991
43625 7789
43633 2600
43641 2735
43649 1709
43657 3691
43661 2115
43669 1165
43681 1337
43685 4004
43693 4101
43697 4896
43705 3692
43709 3540
43717 2905
43721 1721
43733 3723
43745 7577
43749 2267
43753 1960
43765 2626
43777 2422
43781 2386
43789 1358
43793 2282
43801 1820
43805 2884
43821 1508
43825 5414
43829 2792
43849 2531
43853 1372
43873 3945
43877 6556
43889 2327
43893 1759
43913 1566
43933 1218
43937 2691
43957 3530
43961 1417
43965 3249
43969 1815
43973 1874
43993 6611
43997 1295
44001 1561
44005 6650
44017 1507
44021 1180
44029 837
44041 2192
44053 1453
44057 2268
44081 3129
44089 1563
44101 2548
44105 5996
44109 7683
44117 4527
44125 6110
44129 2467
44141 3007
44145 4767
44149 4293
44165 4792
44181 2304
44185 2779
44189 2774
44197 2508
44201 1530
44217 3901
44221 2416
44225 9546
44245 3085
44249 2859
44257 2237
44269 1979
44273 798
44281 1471
44285 6788
44293 1729
44305 3640
44325 5157
44329 2631
44345 3450
44353 3099
44357 2180
44369 3284
44381 1188
44389 1415
44397 1463
44417 1835
44425 4366
44433 1169
44437 1724
44449 1588
44453 1337
44461 2991
44465 3759
44469 1424
44489 4015
44497 1843
44501 2214
44521 1119
44525 9389
44533 1580
44537 2800
44541 2071
44549 1080
44557 3634
44573 4484
44581 2944
44585 5958
44613 1372
44617 808
44621 2286
44629 3602
44633 1567
44641 1542
44645 2720
44649 769
44657 1037
44665 3178
44701 3303
44705 5280
44713 3929
44717 2793
44721 1288
44725 5558
44729 1685
44741 2658
44749 2510
44753 1149
44757 1838
44761 4005
44773 1717
44777 1636
44785 9868
44789 837
44797 988
44809 1805
44813 3117
44829 3063
44837 3588
44845 3737
44861 3046
44865 2049
44881 3046
44893 977
44909 1276
44917 1076
44921 3276
44937 1210
44941 4005
44945 5548
44953 2294
44965 2760
44969 3151
44977 3092
44993 3824
45005 3273
45013 1340
45025 5574
45029 2294
45037 2801
45041 3020
45053 1756
45061 1697
45065 3285
45077 1093
45081 1670
45097 3783
45113 2854
45117 569
45121 1016
45125 2656
45133 1224
45137 1244
45145 2205
45153 2697
45161 1411
45169 2767
45181 867
45189 1860
45197 1817
45205 2499
45209 2086
45233 1392
45245 2708
45253 1921
45281 1312
45289 1258
45293 1699
45301 5586
45305 13196
45313 3818
45317 1208
45325 5669
45329 1241
45337 1638
45341 2407
45349 3094
45361 2419
45369 1113
45373 4546
45377 1072
45385 6484
45389 1793
45405 2551
45413 2197
45421 3398
45433 2277
45445 5473
45461 3339
45469 4167
45473 3221
45481 1797
45497 1342
45509 2064
45513 2843
45521 1843
45533 1296
45541 558
45545 2710
45553 1540
45557 1249
45565 5807
45569 1682
45585 2738
45589 1116
45613 1166
45617 1871
45621 2693
45625 5324
45641 1535
45665 2427
45673 1858
45677 1568
45685 2420
45693 1261
45697 1220
45713 1626
45721 2211
45729 1010
45737 1300
45757 801
45765 3077
45769 2836
45781 2278
45785 2781
45797 3344
45805 3021
45817 1715
45821 1864
45833 1381
45841 1556
45845 5053
45853 2101
45865 2964
45869 1202
45877 3667
45889 2294
45893 812
45901 2222
45905 5331
45909 3534
45913 637
45917 8388
45929 3816
45945 4202
45949 1150
45953 959
45965 6271
45985 4334
45989 2029
46001 1556
46017 2129
46021 1267
46033 2318
46045 2545
46049 1920
46061 436
46073 1541
46085 5565
46089 983
46093 1210
46105 2303
46109 1535
46121 3169
46125 4464
46133 1060
46141 405
46153 1781
46157 2669
46169 2925
46177 1579
46181 1453
46205 2073
46213 2371
46217 2108
46225 1206
46229 2086
46237 1624
46241 2637
46261 1740
46269 2650
46273 1213
46285 2710
46289 3814
46301 1107
46309 1026
46313 1927
46325 7858
46337 993
46349 856
46369 2789
46377 1197
46381 1717
46385 2413
46393 2590
46405 2325
46421 3162
46429 2001
46441 999
46449 2435
46457 1313
46465 2982
46477 885
46481 1955
46485 1364
46489 1147
46501 1630
46513 4901
46517 3742
46525 6296
46537 3493
46549 1037
46553 3493
46561 1821
46573 2145
46589 334
46597 3407
46601 548
46625 4940
46633 1221
46637 2759
46649 1534
46657 5309
46661 2371
46665 4676
46681 1432
46685 1808
46693 2867
46697 1058
46701 1553
46705 2688
46709 2560
46733 2127
46737 1935
46745 1864
46757 1384
46769 719
46773 818
46777 2922
46793 2642
46801 2363
46813 2939
46817 1796
46825 3077
46829 325
46853 1065
46861 1010
46877 922
46881 1236
46885 2596
46889 860
46901 1565
46909 2160
46917 974
46925 3603
46933 941
46945 4401
46957 798
46969 2755
46985 2386
46993 789
46997 958
47009 2213
47017 1001
47021 2993
47041 570
47045 3161
47057 759
47065 2020
47069 629
47081 619
47089 794
47093 1770
47097 1081
47105 1875
47125 10271
47129 2636
47133 1546
47137 3217
47149 2360
47153 2578
47161 510
47165 3560
47185 3827
47189 1355
47197 1556
47205 2028
47209 2976
47221 504
47225 3082
47233 2575
47237 1389
47241 1837
47249 2372
47269 1411
47273 1339
47281 2912
47285 2040
47293 756
47297 1201
47305 2686
47309 555
47317 1605
47345 4328
47349 1387
47353 206
47365 1334
47381 1450
47385 2495
47389 973
47413 1335
47417 658
47437 3108
47441 711
47457 729
47473 2869
47477 2512
47485 1811
47489 3247
47497 1342
47501 790
47513 457
47521 1205
47525 3598
47529 713
47533 1548
47545 2854
47549 2420
47569 596
47573 2612
47581 1249
47605 2133
47609 1018
47617 1663
47629 879
47645 4407
47653 1007
47657 1081
47665 1686
47669 2107
47673 1006
47681 409
47693 1932
47701 611
47713 458
47717 701
47737 616
47741 2358
47745 3865
47749 2037
47753 4932
47765 4703
47777 1257
47781 2003
47797 660
47801 2571
47809 507
47813 1345
47821 4274
47825 4102
47837 669
47853 2303
47857 562
47869 709
47873 1359
47881 1210
47885 3459
47889 1695
47917 510
47921 2037
47933 672
47961 1817
47965 3231
47969 970
47977 1220
47981 1192
47989 2433
47997 1361
48005 1806
48017 360
48025 6021
48029 629
48033 1021
48037 1076
48049 231
48053 1717
48061 1966
48065 1743
48069 1383
48073 735
48105 1947
48109 741
48113 2052
48121 1240
48137 1047
48145 1436
48149 1400
48157 1043
48161 2012
48177 1689
48193 937
48197 679
48217 1751
48221 586
48229 934
48245 1878
48253 1714
48265 1142
48281 864
48285 2606
48305 1597
48313 751
48325 2052
48337 1231
48341 1078
48353 612
48361 2765
48365 5155
48373 3928
48385 3548
48397 618
48401 3268
48409 1313
48413 916
48421 2396
48425 4302
48429 842
48437 753
48445 2523
48449 1182
48473 1406
48481 1005
48485 1783
48497 515
48501 947
48505 4206
48521 931
48529 1751
48533 957
48537 947
48541 925
48569 1385
48581 2676
48589 761
48593 748
48605 1785
48613 1866
48617 2012
48625 3039
48637 1559
48649 565
48661 1080
48665 1295
48673 863
48677 602
48681 1101
48689 1763
48717 492
48725 1913
48733 580
48745 1479
48749 2150
48753 224
48757 304
48761 562
48781 721
48809 705
48817 640
48821 661
48841 3728
48845 1383
48853 1147
48857 1473
48861 1415
48865 2608
48869 491
48877 2113
48889 745
48893 1298
48905 1646
48913 1741
48929 1406
48933 821
48941 1260
48953 713
48969 529
48973 532
48985 4674
48989 2038
48997 2483
49005 675
49009 1731
49025 5331
49033 388
49037 817
49041 224
49045 3133
49057 732
49069 1455
49081 843
49085 1357
49097 2054
49109 569
49117 953
49121 403
49129 1793
49141 1054
49145 967
49157 529
49165 1500
49169 612
49177 393
49185 1605
49193 702
49201 316
49205 3068
49213 1681
49237 935
49241 1636
49249 1476
49253 397
49257 1579
49261 876
49277 545
49285 1363
49293 1499
49297 917
49309 1687
49325 1704
49333 1201
49349 1582
49361 1414
49365 1486
49369 400
49373 1324
49393 876
49405 3338
49409 558
49417 613
49421 1054
49429 357
49433 457
49441 923
49453 1246
49457 760
49465 2327
49477 325
49481 353
49489 705
49505 837
49509 650
49517 2084
49529 883
49537 510
49549 698
49561 1190
49573 1087
49589 1215
49597 641
49601 937
49613 1940
49617 2250
49625 4367
49633 290
49637 1778
49645 813
49653 1551
49661 801
49669 484
49673 1620
49681 751
49689 662
49697 1302
49705 806
49725 4282
49729 536
49733 2396
49741 764
49745 1534
49757 886
49765 3004
49769 1349
49789 323
49793 2810
49801 465
49813 1208
49825 1346
49829 1244
49833 906
49853 535
49865 1437
49873 1221
49877 602
49897 1026
49905 906
49909 881
49921 765
49925 2397
49937 365
49957 884
49977 716
49985 1331
49993 327
49997 1636
50005 1920
50013 803
50021 366
50029 746
50033 601
50045 912
50053 351
50069 807
50077 810
50081 1323
50089 563
50093 432
50101 311
50121 300
50125 2072
50129 526
50137 988
50153 387
50157 624
50177 943
50185 1278
50201 2051
50213 824
50221 265
50225 2291
50229 541
50245 3320
50249 2137
50257 2442
50261 219
50265 824
50269 1517
50273 369
50285 2660
50297 2810
50305 1693
50321 301
50329 964
50333 531
50341 750
50345 1223
50357 1434
50373 882
50377 345
50389 926
50401 1263
50405 1765
50417 563
50425 1612
50441 621
50453 754
50461 446
50465 1083
50473 925
50489 574
50497 162
50509 1190
50513 697
50537 630
50549 670
50553 553
50557 850
50569 1189
50581 165
50593 266
50605 1760
50609 2003
50617 676
50625 1172
50629 1411
50641 1121
50653 1342
50661 1493
50665 789
50689 1322
50705 815
50717 536
50725 1667
50737 941
50741 232
50753 432
50769 994
50773 625
50777 491
50789 524
50801 1085
50805 1163
50813 375
50821 1012
50833 453
50837 732
50845 626
50849 367
50857 658
50861 462
50873 428
50877 312
50881 1912
50885 1641
50893 1155
50905 1740
50909 700
50913 85
50921 1673
50929 637
50933 180
50941 837
50949 548
50957 495
50965 1519
50969 270
50989 330
50993 648
51001 394
51005 955
51017 886
51021 466
51025 2828
51061 750
51077 1461
51085 1778
51097 694
51101 1396
51109 539
51125 1758
51133 659
51137 495
51145 1768
51157 1017
51169 193
51173 854
51185 1186
51193 517
51197 864
51201 459
51209 505
51217 562
51229 271
51237 134
51241 103
51245 2001
51257 163
51265 781
51301 1837
51309 457
51313 206
51325 775
51329 544
51341 379
51349 188
51353 943
51361 710
51365 474
51401 432
51409 1030
51413 393
51417 311
51421 303
51425 1100
51437 591
51445 306
51449 283
51453 268
51461 107
51473 185
51481 208
51493 1824
51505 348
51517 476
51521 1128
51525 2056
51529 444
51533 2059
51545 3350
51561 1294
51565 2087
51577 322
51581 781
51593 830
51597 168
51605 1312
51613 260
51629 760
51633 496
51637 366
51641 578
51649 1061
51665 1170
51669 253
51673 818
51685 570
51697 918
51701 2036
51713 86
51721 193
51725 1268
51741 587
51749 167
51757 419
51769 232
51781 457
51785 1120
51797 203
51805 1643
51817 155
51829 386
51833 870
51845 347
51853 341
51857 697
51869 131
51881 594
51885 853
51893 140
51913 72
51917 944
51921 431
51929 479
51941 530
51949 149
51973 534
51977 303
51985 1137
51989 115
51993 741
52001 886
52009 881
52013 444
52021 275
52025 875
52033 1118
52037 670
52057 141
52065 1508
52069 624
52081 145
52093 372
52105 1357
52121 152
52133 371
52145 621
52153 606
52165 1267
52169 1229
52177 1187
52181 94
52189 963
52201 336
52205 2290
52209 464
52225 1661
52229 558
52237 50
52249 674
52253 296
52265 705
52273 440
52277 576
52281 401
52285 226
52289 8
52301 284
52309 991
52313 507
52317 78
52321 678
52345 1060
52357 336
52361 156
52369 171
52381 203
52385 884
52389 402
52393 93
52425 662
52429 2197
52433 169
52441 487
52445 1428
52453 38
52457 687
52477 1036
52489 78
52501 573
52505 617
52513 683
52517 32
52529 735
52533 421
52541 539
52553 371
52561 377
52565 198
52577 415
52585 1375
52597 1108
52609 502
52621 319
52625 532
52637 652
52641 230
52645 654
52673 49
52685 1341
52697 388
52709 318
52713 595
52721 84
52733 230
52741 327
52749 75
52757 412
52765 973
52769 753
52777 515
52813 675
52817 558
52821 95
52825 1611
52837 593
52841 619
52849 334
52853 962
52861 43
52865 605
52873 1024
52889 22
52893 288
52897 950
52901 711
52909 778
52925 2588
52929 195
52937 98
52945 896
52949 571
52957 720
52973 478
52981 426
52985 271
52993 680
53005 312
53017 448
53021 572
53033 814
53045 218
53057 538
53065 298
53069 710
53073 274
53077 616
53089 138
53093 183
53101 276
53113 249
53117 555
53125 1676
53129 346
53145 179
53149 86
53161 75
53173 83
53177 707
53189 407
53197 36
53201 72
53209 260
53217 91
53225 1167
53233 517
53253 142
53261 937
53269 114
53281 141
53285 185
53293 837
53309 399
53329 223
53341 779
53353 288
53357 269
53361 503
53365 1395
53377 700
53381 57
53397 1133
53401 93
53425 884
53429 404
53437 69
53441 73
53453 42
53461 686
53465 1450
53469 781
53477 608
53489 612
53497 696
53505 1586
53509 55
53525 924
53541 57
53545 294
53549 832
53557 432
53569 44
53573 702
53577 791
53593 33
53597 286
53609 1007
53617 309
53621 200
53629 274
53633 30
53645 846
53653 130
53657 97
53665 508
53677 107
53681 83
53685 1088
53689 450
53693 94
53717 206
53729 504
53737 329
53741 322
53753 296
53761 609
53765 48
53773 105
53777 491
53789 23
53813 77
53825 1670
53829 526
53833 1617
53845 401
53849 386
53857 285
53861 208
53873 420
53881 198
53885 1243
53897 83
53901 76
53905 497
53917 58
53937 646
53945 1079
53969 190
53989 285
53993 597
54001 140
54009 448
54013 52
54025 143
54029 731
54037 355
54041 295
54045 132
54049 422
54077 505
54085 519
54101 44
54113 420
54121 404
54125 870
54133 450
54145 941
54149 208
54161 349
54181 514
54185 512
54193 202
54205 1228
54217 13
54225 465
54233 879
54261 237
54265 1364
54269 228
54277 12
54289 512
54293 911
54301 858
54305 706
54317 134
54325 953
54329 23
54333 13
54341 455
54353 801
54361 88
54377 156
54385 1030
54389 687
54401 106
54409 9
54413 129
54421 292
54433 1142
54437 21
54445 136
54449 223
54469 152
54477 48
54485 1284
54493 241
54497 136
54513 192
54517 151
54521 7
54541 570
54545 299
54553 283
54557 283
54569 314
54577 143
54581 225
54585 59
54601 494
54613 370
54617 26
54629 98
54641 82
54657 200
54665 1337
54673 15
54685 136
54689 462
54709 75
54713 86
54721 83
54733 182
54745 116
54749 406
54757 1270
54765 647
54773 213
54781 1377
54785 560
54793 411
54797 86
54801 59
54805 1078
54821 391
54833 169
54837 655
54841 750
54865 800
54869 6
54877 863
54881 267
54893 674
54909 49
54913 186
54917 45
54925 1300
54937 96
54941 43
54949 102
54961 742
54965 257
54977 5
54981 614
55001 270
55009 18
55017 191
55021 227
55045 1049
55049 164
55057 17
55061 25
55073 209
55089 2
55093 695
55109 56
55117 236
55125 233
55129 232
55133 273
55145 620
55189 378
55193 278
55197 255
55201 597
55205 295
55213 23
55217 87
55225 258
55229 454
55233 109
55241 817
55249 110
55261 661
55285 307
55289 790
55297 112
55301 135
55305 177
55313 163
55321 25
55325 1134
55333 3
55337 34
55345 264
55357 298
55369 351
55373 67
55381 251
55393 453
55421 674
55441 28
55445 1032
55449 444
55457 404
55465 460
55469 453
55477 58
55481 491
55485 598
55501 13
55505 493
55525 64
55529 458
55541 255
55549 366
55553 178
55557 414
55565 168
55577 185
55585 168
55589 543
55597 135
55609 104
55621 118
55625 725
55633 3
55661 177
55665 361
55673 104
55681 60
55697 293
55705 792
55709 491
55717 71
55721 277
55733 169
55745 336
55757 468
55777 547
55781 80
55793 115
55801 211
55805 504
55809 414
55813 2
55817 321
55837 47
55845 357
55849 71
55861 7
55865 818
55885 113
55889 77
55897 179
55901 147
55921 255
55925 694
55933 33
55949 52
55953 108
55969 208
55981 226
55985 288
55989 443
56009 150
56033 84
56041 194
56053 68
56057 476
56061 162
56065 7
56081 65
56093 80
56113 532
56117 450
56125 932
56129 267
56137 752
56149 141
56153 553
56169 109
56173 671
56185 270
56197 398
56205 348
56209 118
56225 720
56233 225
56237 131
56249 104
56257 434
56269 267
56277 163
56285 209
56293 350
56305 152
56313 290
56321 315
56333 210
56365 245
56369 153
56377 401
56381 208
56393 3
56405 36
56417 1
56421 46
56425 1070
56429 56
56437 39
56453 42
56457 90
56473 110
56477 538
56489 111
56493 252
56497 35
56509 122
56521 42
56533 382
56537 150
56549 60
56569 127
56585 172
56593 484
56597 36
56605 69
56621 133
56633 116
56645 217
56653 178
56657 467
56669 341
56677 43
56681 116
56693 157
56713 6
56725 739
56737 26
56745 151
56765 247
56773 17
56781 31
56785 752
56789 622
56797 813
56809 473
56813 159
56825 467
56845 550
56849 24
56853 148
56869 724
56873 141
56897 496
56909 32
56921 31
56929 405
56933 277
56941 155
56953 169
56961 69
56965 398
56989 28
57005 531
57025 16
57033 1
57037 70
57049 450
57065 177
57069 42
57073 81
57077 24
57085 90
57097 432
57121 56
57125 430
57137 223
57149 475
57157 210
57161 22
57173 51
57177 13
57185 226
57193 48
57205 888
57217 120
57221 152
57249 24
57265 722
57269 94
57305 198
57313 88
57317 150
57325 86
57329 269
57341 46
57349 41
57373 61
57377 237
57389 49
57397 253
57401 67
57413 21
57425 43
57445 170
57457 68
57461 737
57465 663
57469 128
57473 740
57485 559
57501 690
57517 46
57521 490
57529 5
57545 775
57565 101
57573 450
57601 77
57605 449
57609 85
57613 40
57625 336
57637 19
57641 270
57649 98
57653 19
57661 20
57677 34
57681 693
57697 39
57709 39
57713 4
57717 34
57721 214
57725 318
57733 16
57737 6
57745 97
57769 154
57773 611
57781 2
57789 2
57793 59
57797 147
57809 12
57825 624
57829 63
57869 43
57881 503
57889 329
57905 17
57933 56
57941 380
57961 93
57965 29
57977 15
57985 96
58005 363
58013 7
58021 41
58041 30
58049 49
58057 32
58073 193
58081 61
58085 115
58097 180
58105 17
58117 137
58129 3
58133 42
58141 634
58145 939
58153 643
58165 537
58169 3
58181 693
58189 14
58193 11
58201 398
58221 119
58225 640
58237 35
58253 337
58261 36
58277 218
58285 521
58297 13
58301 101
58309 14
58313 26
58321 251
58325 27
58329 5
58337 91
58361 362
58369 161
58385 107
58405 605
58409 14
58417 8
58453 714
58457 33
58473 296
58477 44
58481 26
58493 15
58505 926
58561 363
58565 298
58573 43
58585 75
58589 160
58613 114
58621 278
58645 206
58657 10
58661 63
58669 2
58685 484
58689 13
58693 32
58721 20
58725 49
58733 154
58753 294
58757 7
58761 29
58789 139
58825 700
58829 432
58837 543
58849 493
58853 48
58865 468
58873 5
58885 341
58901 152
58909 260
58913 16
58925 60
58937 365
58945 13
58969 274
58981 84
58997 54
59005 320
59045 324
59049 18
59053 80
59065 116
59069 36
59085 113
59089 538
59113 88
59121 16
59137 665
59149 144
59153 61
59177 14
59189 451
59193 245
59201 6
59209 13
59237 5
59245 731
59273 33
59281 14
59305 302
59321 42
59341 16
59357 9
59369 266
59373 43
59377 8
59437 321
59441 37
59449 42
59461 5
59509 160
59513 192
59517 225
59525 401
59533 3
59537 477
59545 56
59553 263
59561 117
59573 282
59585 656
59597 486
59617 112
59625 260
59629 11
59653 3
59657 427
59665 90
59681 14
59693 344
59705 190
59725 14
59733 349
59749 96
59761 134
59777 495
59789 4
59825 583
59837 83
59841 12
59877 534
59881 2
59893 4
59897 47
59905 8
59921 49
59929 13
59933 618
59993 481
60025 63
60029 141
60041 94
60057 458
60061 110
60085 6
60089 123
60101 6
60125 671
60169 188
60197 384
60205 182
60209 231
60217 259
60221 149
60229 305
60245 257
60265 247
60273 138
60281 24
60289 256
60317 221
60345 6
60349 404
60353 83
60385 354
60425 488
60437 50
60469 459
60493 5
60517 901
60525 101
60541 140
60565 150
60569 566
60597 250
60617 12
60625 518
60637 142
60685 656
60713 6
60741 74
60749 458
60761 5
60805 7
60813 8
60817 353
60849 9
60889 191
60901 182
60905 144
60913 97
60925 186
60941 213
60961 212
60965 39
60985 162
61009 74
61013 406
61025 164
61045 521
61057 2
61073 209
61081 330
61109 109
61121 596
61129 14
61153 134
61165 735
61205 103
61213 670
61217 5
61265 688
61309 15
61321 799
61381 379
61405 1
61445 480
61469 3
61505 187
61513 391
61529 105
61553 156
61585 235
61601 205
61605 133
61613 151
61625 328
61641 442
61661 339
61673 117
61685 158
61713 271
61729 86
61741 79
61745 300
61781 273
61821 385
61825 35
61865 652
61913 618
61965 643
62001 44
62005 185
62017 106
62021 626
62037 75
62065 77
62081 344
62101 69
62145 192
62197 25
62213 110
62257 4
62285 117
62305 324
62309 208
62317 265
62329 221
62345 329
62361 43
62365 384
62389 370
62417 165
62441 55
62449 222
62485 217
62501 56
62509 62
62525 434
62549 20
62569 470
62581 52
62613 5
62617 312
62621 58
62669 201
62725 218
62785 268
62849 118
62917 73
62989 23
63001 156
63005 51
63013 239
63017 212
63025 306
63037 245
63053 196
63065 19
63073 350
63097 382
63101 40
63125 370
63145 5
63157 222
63193 201
63229 11
63233 245
63277 401
63325 293
63377 89
63433 71
63493 20
63505 23
63513 53
63529 9
63553 9
63557 20
63585 18
63625 18
63697 30
63725 75
63729 180
63737 206
63749 246
63765 218
63773 1
63785 153
63809 105
63837 81
63869 52
63905 123
63945 309
63989 143
64009 18
64013 25
64025 1
64037 72
64045 5
64073 23
64089 25
64109 3
64145 24
64205 25
64269 13
64337 8
64441 58
64445 73
64453 83
64465 171
64481 101
64501 66
64517 3
64525 56
64541 17
64553 18
64565 5
64585 66
64597 1
64621 105
64661 75
64705 51
64753 29
64805 12
64861 5
64921 10
64985 6
65029 1
65041 6
65053 11
65061 18
65089 10
65161 80
65165 67
65173 67
65185 124
65201 134
65221 92
65245 55
65273 31
65305 32
65341 17
65381 25
65425 23
65473 4
65545 3
65561 5
65581 5
65585 27
65617 5
65705 7
65885 49
65889 51
65897 76
65909 126
65925 108
65945 41
65969 16
65997 16
66029 23
66065 1
66085 4
66105 5
66113 2
66429 3
66589 1
66613 51
66617 73
66625 99
66637 60
66653 109
66673 56
66697 45
66725 5
66757 14
66793 1
66833 20
66925 6
67117 2
67145 3
67345 37
67349 37
67357 92
67369 91
67385 56
67405 78
67429 20
67457 5
67489 26
67525 12
67565 4
67609 20
67649 9
67657 3
67709 3
68081 37
68085 51
68093 34
68105 58
68121 89
68141 49
68165 29
68193 31
68225 9
68261 9
68301 25
68345 11
68393 7
68445 9
68821 13
68825 10
68833 33
68845 82
68861 46
68881 58
68905 35
68933 13
68965 5
69001 4
69041 5
69085 6
69133 1
69185 5
69565 11
69569 5
69577 5
69589 18
69605 23
69625 18
69649 21
69677 4
69785 2
69829 3
70337 4
70353 9
