N J h mean_R_sq err_mean_R_sq mean_R_gyr_sq err_mean_R_gyr_sq 
2000 0.667 0 7290 332 1311.88 34.8249
1 137865
5 332560
9 177468
13 373035
17 385259
25 599990
29 410534
37 419575
41 415567
45 426546
49 213868
53 440877
61 433548
65 878407
73 449655
81 224189
85 907414
89 453239
97 458977
101 465858
109 467804
113 461410
117 463872
121 234345
125 948918
137 481161
145 961488
149 474687
153 475703
157 475649
169 721864
173 481177
181 490532
185 971277
193 487665
197 479943
205 975833
221 990121
225 745075
229 489795
233 496275
241 494306
245 496901
257 497754
261 502331
265 995649
269 501877
277 505366
281 497955
289 757174
293 503127
305 1008534
313 503760
317 510307
325 1525786
333 507309
337 514045
349 509226
353 508881
361 258092
365 1031388
369 514154
373 512602
377 1038795
389 516451
397 514625
401 522578
405 521111
409 521020
421 523130
425 1564875
433 524454
441 255938
445 1043009
449 517687
457 519609
461 520478
477 522162
481 1045142
485 1043084
493 1047104
505 1055431
509 521616
521 524065
529 262740
533 1046250
541 523934
545 1062565
549 539361
557 535137
565 1044240
569 531731
577 527655
585 1059011
593 530123
601 527989
605 526574
613 539899
617 539976
625 1336107
629 1049556
637 542604
641 526959
653 534524
657 527478
661 522490
673 530439
677 527660
685 1076591
689 1074695
697 1074213
701 524856
709 542502
725 1592045
729 268579
733 531917
745 1058293
757 530060
761 557710
765 1071972
769 534899
773 541262
785 1075183
793 1057235
797 534046
801 541492
809 527621
821 537049
829 532515
833 531167
841 823194
845 1618888
853 546612
857 523138
865 1076809
873 540009
877 524040
881 539341
901 1074536
905 1064373
909 525795
925 1634070
929 554918
937 545412
941 534507
949 1073769
953 543001
961 260743
965 1068632
977 523851
981 537557
985 1086277
997 525299
1009 542692
1013 554074
1017 553360
1021 542062
1025 1594241
1033 526070
1037 1085838
1049 522383
1053 543075
1061 533655
1069 536669
1073 1069375
1089 263942
1093 517540
1097 540874
1105 2135368
1109 543869
1117 546972
1125 1063853
1129 548873
1145 1072293
1153 523899
1157 1066596
1165 1066293
1181 521968
1189 1072545
1193 532087
1201 541749
1205 1071664
1213 544686
1217 538780
1225 803031
1229 528095
1233 528177
1237 531834
1241 1060827
1249 531959
1261 1054768
1277 526913
1285 1064613
1289 522389
1297 531665
1301 541458
1305 1064253
1313 1072239
1321 527233
1325 1586431
1341 532893
1345 1046939
1361 531432
1369 785644
1373 531780
1377 520121
1381 523854
1385 1060284
1405 1054339
1409 537897
1413 521891
1417 1053061
1421 517930
1429 540464
1433 523148
1445 1600058
1453 521705
1465 1043869
1469 1039282
1481 518357
1489 528420
1493 520481
1513 1033672
1517 1056113
1521 781800
1525 1576099
1537 1064969
1549 509681
1553 532107
1557 512940
1565 1012491
1573 524059
1585 1026230
1597 525727
1601 527431
1609 517878
1613 494215
1621 501381
1625 2073817
1629 531490
1637 532235
1649 1043865
1657 512076
1665 1026448
1669 504076
1681 765528
1685 1031351
1693 518876
1697 505059
1709 515293
1717 991349
1721 496254
1733 509452
1737 513915
1741 528073
1745 1023286
1753 522732
1765 1039895
1769 1011810
1773 511331
1777 505627
1781 1019001
1789 497145
1801 511824
1805 504164
1813 494895
1825 1510608
1845 1009193
1849 254276
1853 1015197
1861 526793
1865 1026218
1873 524666
1877 496089
1885 2020165
1889 494668
1901 515105
1913 488105
1921 1023743
1933 494177
1937 989622
1945 1004245
1949 495631
1961 993739
1973 504168
1985 1011340
1989 1016257
1993 493318
1997 525936
2005 996570
2009 518264
2017 485908
2025 755860
2029 481604
2041 980402
2045 999408
2053 490751
2057 488113
2061 486331
2069 505304
2081 493659
2089 479575
2097 498124
2105 978763
2113 529280
2117 1003780
2125 1969025
2129 492395
2137 517540
2141 483978
2153 505775
2161 484804
2165 968801
2169 482266
2173 983531
2197 978721
2205 491754
2209 238647
2213 471995
2221 475192
2225 1459222
2237 474428
2245 1002607
2249 1009280
2257 1007617
2269 508735
2273 475132
2281 490061
2285 990122
2293 488103
2297 490835
2305 961930
2309 474820
2313 464640
2329 962935
2333 489942
2341 475534
2349 486898
2353 953832
2357 488561
2377 487959
2381 521184
2385 977609
2389 492202
2393 506375
2401 233178
2405 1929761
2417 460050
2421 494778
2425 1441849
2437 460823
2441 492161
2465 1905974
2473 466965
2477 477303
2493 487583
2501 928079
2509 940460
2521 507103
2525 1448078
2529 469021
2533 978569
2545 976455
2549 454929
2557 481021
2561 977116
2581 952162
2593 471769
2597 468838
2601 698575
2605 939502
2609 479056
2617 451923
2621 464035
2633 479251
2637 457727
2645 475652
2657 468305
2665 1906543
2669 967050
2677 493759
2689 489688
2693 470175
2701 935563
2705 935015
2713 441756
2725 1415660
2729 448965
2741 476273
2745 929370
2749 481723
2753 450920
2777 474390
2785 917596
2789 466738
2797 458653
2801 470170
2809 700617
2813 945158
2817 490023
2825 1388582
2833 467697
2837 483374
2845 919364
2853 475755
2857 460814
2861 466006
2873 1367954
2885 928953
2897 463137
2909 448019
2917 448514
2925 1365038
2929 922412
2941 894933
2953 449316
2957 464195
2965 929461
2969 486956
2977 937579
2989 477462
2993 914712
2997 444028
3001 457955
3005 917219
3025 683155
3029 891659
3033 455876
3037 439091
3041 435489
3049 459677
3061 432214
3065 890953
3077 922035
3085 886231
3089 436871
3109 455310
3121 481656
3125 1364069
3133 907236
3137 439472
3141 439687
3145 1801400
3161 886724
3169 426847
3177 444792
3181 461406
3185 876026
3205 888445
3209 442109
3217 432328
3221 431506
3229 450625
3233 889046
3249 214802
3253 434660
3257 428632
3265 875492
3277 878862
3281 900259
3285 893347
3293 899220
3301 438884
3305 886370
3313 425332
3321 448052
3329 441794
3341 896625
3349 868129
3357 433403
3361 425019
3365 874181
3373 430586
3385 881093
3389 426591
3393 869323
3413 426281
3425 1306164
3433 436066
3445 1746482
3449 449930
3457 447126
3461 435183
3469 447375
3481 213616
3485 1724935
3497 850417
3501 432794
3505 858660
3509 433838
3517 416507
3529 434813
3533 424382
3541 433319
3545 856896
3557 436710
3573 424303
3577 436271
3581 419525
3589 852916
3593 426685
3601 861087
3609 420778
3613 442400
3617 437763
3625 1695122
3637 434185
3645 433852
3649 838024
3653 839457
3665 858726
3673 425859
3677 412974
3681 417887
3697 423621
3701 424995
3709 425222
3721 622345
3725 1256644
3733 428206
3737 834885
3757 1250219
3761 431901
3769 411988
3785 833395
3789 426892
3793 419587
3797 416135
3805 841137
3809 842706
3821 416755
3825 1250654
3833 415166
3845 824367
3853 413956
3865 826458
3869 828236
3877 415237
3881 410839
3889 410361
3893 826814
3897 408401
3917 407926
3925 1245848
3929 399583
3961 819187
3965 1637091
3969 201077
3973 809767
3977 819450
3985 810784
3989 414080
4001 406880
4005 820455
4013 405265
4021 403495
4033 815404
4041 408390
4045 800614
4049 405864
4057 409349
4069 804507
4073 397468
4093 401395
4097 801450
4105 795283
4113 405164
4121 801430
4129 406620
4133 400245
4141 802084
4145 801557
4149 399438
4153 397954
4157 398676
4165 792166
4177 400179
4181 791213
4201 394293
4205 1197179
4217 400659
4225 1778886
4229 390866
4241 396939
4253 384806
4261 398005
4265 786098
4273 397922
4285 785745
4289 394541
4293 396716
4297 391635
4321 777179
4325 1176833
4329 783099
4337 383623
4349 381325
4357 385365
4361 393815
4365 769658
4369 783324
4373 394949
4381 785775
4385 770728
4397 390492
4405 789736
4409 382798
4421 387549
4437 763528
4441 385127
4453 780642
4457 388838
4469 760649
4477 382869
4481 385196
4489 192721
4493 386180
4505 1537285
4513 380482
4517 379327
4525 1149328
4537 755479
4545 760222
4549 378529
4553 763429
4561 384156
4573 755935
4581 382135
4589 761328
4597 369371
4621 381893
4625 1523575
4633 762563
4637 377274
4645 758057
4649 388774
4657 364669
4673 386468
4685 758080
4689 375767
4693 369264
4705 747339
4709 753422
4717 741055
4721 378946
4729 372608
4733 372215
4745 1485800
4753 372593
4761 189364
4765 741821
4777 751438
4789 365891
4793 368238
4797 756995
4801 380656
4805 371556
4813 371093
4817 361920
4825 1116748
4849 728809
4861 366851
4869 374046
4877 372296
4885 734710
4889 367509
4901 1115280
4905 729127
4909 374897
4913 727426
4925 1096314
4933 368646
4937 368998
4941 356340
4949 373605
4957 362316
4961 358673
4969 365593
4973 370669
4981 740047
4985 718133
4993 367112
5009 371966
5013 356867
5017 725580
5021 358893
5041 184711
5045 727566
5057 733282
5065 725715
5069 720145
5077 362777
5081 359196
5085 720734
5101 360476
5105 719669
5113 355412
5121 359448
5125 1440341
5141 715370
5153 355904
5161 702961
5165 719114
5185 1430511
5189 352738
5193 360901
5197 357341
5209 361786
5213 708196
5233 360521
5237 347783
5245 695893
5249 720200
5261 347080
5265 712994
5273 355140
5281 351142
5297 340110
5305 701333
5309 344699
5317 706451
5321 715335
5329 532948
5333 359283
5337 347549
5341 344508
5345 696922
5353 696930
5365 1385810
5381 352573
5389 693463
5393 350413
5409 338684
5413 357014
5417 337336
5429 690472
5437 348709
5441 342820
5445 353337
5449 338714
5465 701722
5473 673425
5477 351121
5485 686423
5501 343956
5513 699521
5517 342440
5521 354605
5525 2043164
5537 343619
5545 685642
5553 336952
5557 338945
5569 349378
5573 334667
5581 349591
5585 679896
5597 670802
5617 687571
5625 829642
5629 688902
5641 334223
5645 679670
5653 334914
5657 334842
5661 678600
5669 346446
5689 335205
5693 330591
5701 327882
5713 676094
5717 334780
5725 1012161
5729 665550
5733 338934
5737 333725
5741 341723
5749 332938
5765 659924
5769 327402
5777 679969
5785 1339498
5801 330774
5809 654622
5813 325693
5821 327291
5825 1008455
5837 655579
5849 344172
5857 331520
5861 336101
5869 324592
5877 342317
5881 321839
5897 322279
5905 647514
5913 326108
5917 655753
5929 167307
5933 670043
5941 655866
5945 1304154
5949 323900
5953 327459
5965 647312
5981 327249
5989 661634
5993 661624
6001 648065
6005 639334
6025 961018
6029 319658
6037 331938
6053 323952
6057 336701
6065 636836
6073 317092
6085 648288
6089 337223
6093 321589
6101 319664
6109 621771
6113 322508
6121 326380
6125 650648
6133 315361
6137 313221
6145 655574
6161 647950
6165 642693
6173 320402
6185 635677
6197 324365
6201 632650
6205 1281608
6217 311910
6221 317771
6229 325768
6241 160910
6245 635714
6253 938346
6257 312714
6269 325177
6273 640016
6277 309752
6301 312672
6305 1260000
6309 310125
6317 320450
6329 303537
6337 323027
6341 629612
6353 316298
6361 324728
6373 303379
6381 313653
6385 630314
6389 318259
6397 315894
6401 614286
6409 1252882
6413 302263
6421 322134
6425 942491
6437 616696
6445 613960
6449 302899
6469 314542
6473 319109
6481 303238
6485 633551
6497 606212
6505 605871
6521 299737
6525 923001
6529 307691
6553 319756
6561 152531
6565 1211641
6569 301237
6577 297315
6581 318096
6597 294757
6605 604746
6613 612969
6617 621023
6625 1220363
6637 310568
6641 605949
6649 612741
6653 308129
6661 294666
6673 312469
6689 292861
6697 617961
6701 298407
6705 609906
6709 294480
6713 300764
6725 888831
6733 296834
6737 304813
6749 600326
6757 590883
6761 288222
6773 594740
6781 304569
6793 297419
6805 603168
6813 295250
6817 575112
6829 303284
6833 297975
6841 288505
6845 904641
6849 310873
6857 306310
6865 607723
6869 306463
6877 303943
6885 590210
6889 147019
6893 587273
6905 584611
6917 294323
6921 302741
6925 887481
6929 890393
6949 289044
6953 578655
6957 297832
6961 285156
6977 302574
6989 576000
6997 301542
7001 292605
7013 287298
7025 869076
7033 583399
7045 581189
7057 285903
7065 575331
7069 294911
7081 593116
7085 1164549
7093 600234
7105 584151
7109 292221
7121 297658
7129 289648
7137 558695
7141 588418
7145 574424
7157 590606
7165 574499
7173 290136
7177 280485
7193 285154
7209 288021
7213 282100
7225 1283891
7229 277744
7237 282595
7241 559345
7253 279124
7261 561571
7265 572349
7281 281725
7289 549295
7297 287608
7301 283155
7309 284310
7321 305154
7325 861597
7333 293605
7345 1135245
7349 279317
7361 574381
7369 274061
7373 558061
7381 289988
7389 287468
7393 284395
7397 550070
7405 556753
7417 277315
7421 538138
7433 276913
7445 543585
7453 552362
7457 281225
7461 280192
7465 551636
7477 270345
7481 273186
7489 276574
7497 272571
7501 549248
7517 265965
7529 274626
7537 274843
7541 272504
7549 271026
7561 276549
7565 1104177
7569 424684
7573 263606
7577 290173
7585 1086739
7589 287844
7605 825522
7621 267741
7625 1099010
7633 533801
7649 274411
7669 261290
7673 268427
7677 273087
7681 272703
7685 1079775
7693 269886
7709 538778
7713 261026
7717 271913
7741 268181
7745 522715
7753 257327
7757 262719
7765 526980
7769 525766
7785 536635
7789 269651
7793 260255
7801 527144
7813 550341
7817 282727
7825 797436
7829 263376
7837 542597
7841 261966
7853 274223
7857 269014
7865 522255
7873 276994
7877 261572
7893 254227
7897 532156
7901 268382
7913 519993
7921 389762
7925 782220
7929 259298
7933 260283
7937 253980
7949 268188
7957 519431
7969 508520
7985 509036
7993 262679
8005 517915
8009 261162
8017 261557
8021 510024
8033 510721
8045 522242
8053 254258
8065 523734
8069 280588
8077 531068
8081 259845
8089 276007
8093 257831
8101 253861
8105 517970
8109 507884
8117 244707
8125 1281463
8145 515305
8149 506075
8161 256505
8177 1000172
8181 242199
8185 505596
8209 256388
8221 240845
8233 248639
8237 256812
8245 1008870
8249 508692
8269 237487
8273 250123
8281 377640
8285 501966
8293 246617
8297 244778
8317 243978
8321 519330
8325 757879
8329 251190
8333 525942
8345 512689
8353 251727
8357 499582
8361 264123
8369 248432
8377 243923
8381 743699
8389 247856
8405 750447
8425 725777
8429 244140
8433 248512
8461 241480
8465 489470
8469 244787
8473 485064
8477 235178
8485 492348
8489 486453
8497 476597
8501 243197
8513 240377
8521 250399
8537 235218
8541 482435
8545 473602
8573 239253
8577 246562
8581 265039
8585 986645
8593 506097
8597 244145
8605 501863
8609 236764
8621 503449
8629 237945
8633 470752
8641 254871
8649 119229
8653 466270
8665 484146
8669 239308
8677 232066
8681 235621
8685 462946
8689 233773
8693 243137
8705 484019
8713 231463
8725 722239
8737 237745
8741 232406
8749 460563
8753 232250
8761 235406
8765 475958
8793 224313
8801 468980
8821 239341
8825 697688
8829 238867
8833 235114
8837 227201
8845 948152
8849 264492
8857 495408
8861 229988
8865 470397
8869 257185
8885 477073
8893 228452
8905 925051
8917 461487
8929 242650
8933 225741
8941 230633
8945 459862
8957 690589
8969 235002
8973 223821
8989 464058
8993 229631
9001 223468
9005 447454
9013 231411
9025 339441
9029 223359
9041 221234
9049 221247
9061 905917
9065 453258
9077 462703
9081 222670
9089 452627
9109 220643
9113 494628
9117 252938
9125 909565
9133 223171
9137 247454
9153 245482
9157 223291
9161 222569
9169 445102
9173 235253
9181 229623
9189 227648
9193 446243
9197 451177
9209 217537
9217 445895
9221 222279
9225 668254
9241 219362
9245 222093
9257 220560
9265 872783
9277 215545
9281 216630
9293 216886
9297 215505
9305 455157
9325 665468
9333 438226
9337 213019
9341 212897
9349 214233
9365 435729
9377 212148
9385 471562
9389 464206
9397 239304
9409 339659
9413 211978
9421 209299
9425 1302408
9433 221278
9437 224133
9441 215107
9445 438248
9457 214110
9461 220144
9469 439581
9473 214536
9477 207596
9497 215245
9505 422297
9509 426179
9521 215827
9529 423366
9533 207183
9549 219050
9553 434606
9565 435097
9577 423266
9593 421854
9601 213888
9605 834185
9613 211561
9621 212699
9629 209524
9649 206185
9653 212646
9657 419400
9661 245351
9665 449665
9673 448126
9677 210817
9685 846495
9689 210257
9697 201021
9701 433732
9721 211337
9725 628304
9733 209493
9745 424759
9749 198579
9769 203217
9773 414159
9781 206902
9797 419259
9801 101858
9805 821171
9809 409386
9817 207153
9829 209553
9833 208060
9837 210645
9841 414757
9857 203822
9865 407098
9873 198536
9881 412264
9893 409475
9901 204791
9925 611898
9929 201258
9941 229864
9945 843682
9949 200998
9953 425131
9965 414528
9973 194565
9981 210150
9985 406938
9997 401226
10001 400713
10009 203240
10025 601321
10037 195666
10045 402214
10049 411595
10053 194675
10057 404666
10061 202787
10069 198589
10081 392948
10085 400602
10093 200779
10121 393771
10125 390876
10133 197404
10141 190102
10145 389153
10161 190356
10169 200160
10177 201420
10181 198685
10193 197984
10201 291260
10205 763155
10217 385711
10225 603549
10229 410462
10237 409284
10249 399415
10253 184882
10265 400577
10273 187817
10285 389739
10289 194999
10301 194269
10305 382349
10309 580718
10313 190081
10321 195994
10333 194622
10337 189640
10345 378159
10357 190425
10361 373680
10369 187253
10377 195842
10397 379234
10405 376935
10413 380660
10421 364864
10429 190850
10433 197672
10441 383745
10445 374588
10453 187316
10457 188615
10469 190677
10477 187672
10485 369514
10489 365252
10501 181073
10513 205292
10517 391021
10525 578259
10529 187093
10537 377144
10553 365482
10565 383837
10573 377489
10585 736153
10589 176507
10597 185585
10601 187188
10609 91888
10613 184828
10625 912949
10629 186481
10645 355975
10657 178273
10673 361345
10685 368486
10693 549351
10701 364770
10705 360052
10709 180099
10729 182411
10733 168117
10737 182694
10753 183227
10765 362116
10769 170405
10777 354644
10781 176009
10789 181120
10805 370995
10809 192299
10817 367370
10825 542850
10829 371751
10837 168461
10841 359083
10845 362000
10853 182167
10861 177434
10865 709374
10877 350370
10889 174757
10897 354411
10909 171942
10917 172267
10933 526969
10937 178391
10949 165874
10953 168986
10957 185606
10961 359022
10973 180102
10985 687862
10993 165576
11009 354560
11025 248438
11029 355643
11041 357033
11045 173612
11057 162915
11061 173949
11065 342435
11069 162599
11089 351926
11093 170977
11097 181069
11101 360598
11105 358157
11113 179722
11117 160867
11125 689715
11133 175132
11141 343084
11149 164531
11161 168407
11169 335149
11173 172458
11177 174802
11185 333506
11197 161300
11213 165611
11221 172350
11225 516852
11237 332996
11241 167658
11245 682505
11257 168743
11261 177133
11273 160518
11281 334319
11285 674645
11317 171011
11321 156259
11329 162801
11345 332981
11349 325521
11353 159040
11357 340439
11365 336335
11369 168672
11393 169232
11401 341265
11405 340972
11413 327054
11417 153894
11425 496020
11437 158441
11441 324701
11449 83682
11453 329001
11461 332874
11465 324200
11485 329021
11489 151831
11493 171512
11497 169698
11509 336511
11513 326414
11521 322428
11525 482794
11545 317558
11549 164634
11565 317728
11581 306045
11593 165043
11597 163541
11601 161625
11617 152676
11621 152419
11629 322756
11633 169371
11645 628187
11657 165954
11665 310249
11673 163751
11677 159197
11681 164081
11689 165288
11701 157525
11705 329056
11709 158897
11713 608265
11717 160747
11729 308989
11737 160187
11745 312893
11765 617641
11773 324492
11777 164148
11785 301967
11789 151855
11801 159342
11809 157654
11813 148964
11817 301249
11821 145568
11833 162302
11849 463482
11861 302483
11881 221960
11885 305860
11889 159422
11897 163723
11905 322238
11909 142253
11917 306842
11925 461747
11933 153874
11941 145888
11945 299777
11953 157603
11965 311925
11969 138451
11981 154963
12005 144909
12013 293948
12017 293512
12025 901820
12037 154083
12041 154272
12049 161742
12053 295464
12069 137992
12073 144588
12077 310744
12085 287908
12097 146700
12101 157895
12105 296011
12109 156549
12113 137437
12125 586006
12137 305609
12149 151576
12157 138015
12161 136884
12181 306867
12185 286146
12193 287194
12197 157016
12205 287204
12209 289420
12221 151753
12233 283986
12241 133776
12249 133428
12253 145233
12269 151901
12277 132427
12281 144321
12289 145944
12301 137401
12317 272749
12321 225742
12325 874219
12329 144888
12337 445019
12349 290935
12357 152587
12365 279535
12373 144665
12377 128885
12385 285533
12389 279338
12393 144763
12401 137269
12409 136675
12413 132667
12421 143557
12429 141439
12433 130711
12437 136514
12457 143406
12461 289698
12465 273912
12469 277942
12473 147697
12493 129176
12497 142968
12505 538601
12517 144777
12541 140227
12545 542867
12553 145924
12557 269330
12569 147808
12577 142012
12589 127179
12593 145445
12601 127529
12605 292743
12613 132255
12625 545625
12629 261098
12637 124163
12641 137599
12645 276099
12653 137744
12665 553314
12681 128585
12689 119971
12697 121629
12701 253839
12713 138205
12717 122147
12721 140063
12725 393992
12745 263267
12753 273261
12757 138323
12769 207663
12773 265065
12781 139340
12785 267051
12789 135369
12805 526145
12809 123062
12821 123921
12829 139751
12833 278028
12841 130805
12853 121192
12861 121684
12869 256270
12889 137372
12893 138279
12897 132968
12905 512143
12913 258815
12917 135757
12937 237015
12941 135082
12953 115685
12961 260637
12965 263898
12973 129203
12985 260568
12997 269111
13001 119492
13005 369655
13009 116188
13021 258034
13025 373279
13033 134242
13037 135383
13045 258346
13049 129994
13061 243886
13073 248082
13077 134076
13085 245726
13093 133879
13105 252717
13109 120618
13117 246170
13121 115975
13141 247385
13165 246741
13169 261426
13177 130908
13181 118275
13185 243650
13189 130142
13213 244103
13217 120675
13221 260333
13225 177092
13229 129289
13241 134291
13249 113704
13253 238396
13261 263163
13273 246073
13285 251730
13289 254221
13297 121001
13309 117666
13313 112174
13325 714928
13329 118019
13337 111353
13345 495253
13357 129974
13369 236724
13381 106920
13385 254517
13397 113668
13401 106489
13417 109479
13421 126918
13429 221460
13437 127995
13441 107445
13445 246854
13457 126489
13465 241018
13469 127820
13477 124752
13481 487182
13505 470509
13513 124527
13525 342431
13537 126370
13549 235688
13553 125963
13565 225408
13573 102070
13577 120552
13597 109675
13613 114098
13617 233949
13621 248800
13625 463978
13633 122113
13637 222774
13645 226836
13649 104175
13653 215060
13669 121988
13673 104645
13681 124383
13689 176836
13693 119196
13697 104947
13705 229970
13709 121754
13721 102019
13725 357043
13729 105009
13745 228496
13753 235641
13757 107148
13765 225186
13769 122835
13781 119751
13789 122365
13793 226703
13801 222563
13817 238483
13829 100927
13833 219302
13837 226387
13841 104998
13873 111863
13877 101246
13885 216125
13897 214961
13901 120641
13913 120211
13921 118938
13925 334006
13933 114700
13941 101176
13945 226680
13949 443575
13957 222332
13969 197633
13973 218198
13977 96978
13985 217574
13997 108908
14005 217449
14009 116718
14013 115730
14029 99352
14033 98353
14045 307317
14057 98424
14065 446399
14081 115696
14085 233859
14089 211051
14093 209220
14125 413600
14149 111433
14153 98637
14157 94229
14161 153126
14165 203189
14173 113591
14177 110741
14185 216716
14197 112813
14209 188342
14213 227755
14221 117027
14225 321403
14249 116038
14257 201213
14261 205294
14265 209931
14281 102110
14285 211744
14293 97410
14297 302398
14305 201698
14309 197841
14321 94542
14341 92137
14357 107846
14365 619639
14369 115590
14373 90266
14381 214747
14389 96058
14393 196973
14401 103403
14409 105951
14417 223374
14425 289278
14437 104513
14449 106324
14453 196714
14461 90438
14473 206017
14481 107157
14485 203313
14489 90481
14501 187553
14517 109481
14521 215675
14533 107189
14537 86774
14545 204448
14549 105756
14557 89314
14561 108811
14569 205626
14585 188577
14589 109924
14593 87946
14621 89872
14625 386298
14629 87565
14633 89446
14641 49425
14645 384255
14653 107238
14657 101087
14661 88317
14669 109531
14677 209746
14681 197211
14689 195772
14701 183249
14705 379530
14713 109205
14717 88393
14733 85312
14737 103391
14741 100820
14753 98427
14761 192409
14765 199026
14785 185180
14797 88164
14801 88659
14813 90539
14821 92669
14825 302338
14837 205533
14841 193393
14845 209285
14869 85278
14885 390322
14893 176615
14897 100042
14909 185366
14913 90073
14929 100889
14933 183463
14945 199071
14957 82882
14965 365472
14969 82418
14977 185708
14985 187105
14989 186065
15005 179238
15013 105635
15017 84749
15021 99953
15025 269148
15041 266395
15049 162574
15053 95415
15061 103934
15073 93549
15077 81409
15101 82016
15109 182845
15121 81511
15125 182095
15129 144652
15133 188920
15137 101457
15145 346467
15149 102561
15161 99281
15165 174619
15173 95092
15185 186449
15193 93948
15205 172149
15217 94951
15229 176722
15233 81116
15237 81798
15241 102759
15245 182112
15269 88361
15273 94243
15277 80227
15289 99352
15293 177435
15305 177197
15313 78573
15317 275718
15325 263083
15329 82031
15337 76153
15341 94048
15349 81513
15353 162275
15361 101822
15373 78004
15377 83170
15381 78137
15385 338565
15397 164420
15401 88145
15413 93424
15425 267199
15445 173352
15453 184001
15457 339014
15461 77708
15473 82004
15481 171386
15489 97478
15493 75898
15497 88764
15509 165930
15529 179756
15533 77752
15541 98020
15545 162406
15569 75636
15577 153655
15581 80939
15597 82851
15601 88998
15605 186193
15613 183202
15625 298333
15629 80133
15633 76221
15641 85707
15649 75460
15661 86943
15665 346244
15669 73880
15677 149682
15685 155705
15689 158574
15705 160463
15725 487982
15733 77571
15737 89382
15749 73633
15761 90696
15769 173978
15773 88756
15777 70277
15793 150467
15797 95314
15805 326043
15809 69255
15817 87995
15821 156959
15845 163593
15857 156600
15877 75512
15881 82529
15885 148825
15889 71832
15901 80909
15905 157904
15913 89463
15921 163280
15925 239896
15929 151597
15937 86108
15949 167114
15957 80849
15973 91069
15977 144651
15993 79874
15997 152699
16001 84750
16021 142471
16025 226889
16029 159210
16033 67090
16045 148700
16057 76518
16061 67473
16069 74715
16073 71060
16081 149893
16085 157880
16097 83793
16101 80867
16105 150732
16109 170858
16129 37924
16133 292533
16141 71788
16145 148807
16153 159460
16165 296292
16189 76699
16193 77204
16201 149635
16209 68899
16217 84541
16229 76773
16237 150042
16241 148937
16245 69256
16249 80190
16253 82049
16265 142616
16273 77677
16277 147013
16285 156586
16301 80113
16317 81005
16325 219968
16333 68000
16337 86079
16349 65357
16361 67808
16369 70027
16381 63242
16385 277512
16393 206228
16405 301933
16409 155961
16417 69532
16421 63413
16425 228643
16433 76349
16441 130437
16453 74931
16465 290611
16477 69516
16481 69767
16493 64952
16501 145163
16505 141126
16513 68195
16525 220580
16529 76502
16553 73581
16561 64800
16565 142158
16573 76164
16577 76032
16589 135045
16601 145504
16605 146410
16609 144253
16613 143586
16633 65009
16641 33074
16645 134035
16649 79240
16657 68622
16661 70796
16673 72006
16677 135974
16693 63931
16705 275835
16717 150101
16729 78582
16733 143215
16741 71694
16745 268828
16749 59851
16757 127831
16769 124542
16781 137756
16785 132213
16801 133608
16805 135887
16825 205287
16829 59423
16837 147068
16857 60247
16861 127173
16865 130828
16889 61033
16893 72090
16897 143589
16901 63684
16909 134464
16913 145297
16921 76531
16925 187184
16937 64977
16945 131712
16949 132619
16965 269095
16981 69934
16993 61777
17001 66525
17009 131733
17021 68134
17029 76980
17033 63608
17041 70367
17053 61919
17057 134796
17065 128528
17069 206274
17077 63225
17093 66539
17101 72158
17109 60597
17113 127287
17117 53777
17125 253259
17137 54577
17141 128573
17153 127324
17161 30409
17165 121475
17173 116730
17177 126066
17189 64993
17197 119874
17209 62213
17217 69954
17221 124874
17225 394239
17245 135817
17257 56708
17261 129364
17285 135862
17289 119821
17293 56797
17297 60824
17305 124625
17317 69026
17321 62914
17333 57015
17341 63318
17345 133084
17357 127429
17377 56605
17389 65953
17393 59555
17397 68555
17401 63691
17405 58859
17417 63674
17425 371788
17429 125443
17433 123827
17449 60633
17473 131778
17477 57066
17485 232112
17489 47680
17497 50845
17505 126752
17509 50871
17525 179397
17533 118420
17541 68811
17545 115119
17557 127744
17561 124284
17569 52492
17573 66000
17581 60556
17585 117470
17593 123698
17597 52433
17609 65631
17629 179464
17645 119013
17649 118807
17657 57518
17665 121567
17669 55283
17681 60585
17689 28370
17693 115547
17705 113777
17713 61321
17725 182194
17729 64435
17737 62470
17741 125884
17749 52247
17753 123627
17757 57608
17761 57199
17777 116568
17785 117976
17789 61360
17797 175645
17833 116333
17837 63006
17849 110730
17861 113614
17865 103772
17873 101511
17881 55042
17885 105788
17893 117836
17901 105665
17905 117470
17909 55790
17921 49383
17929 57432
17937 63410
17945 229385
17953 111593
17957 56955
17965 110989
17973 51294
17977 57828
17981 56902
17989 61960
18005 215690
18013 56719
18029 53683
18037 111580
18041 50293
18045 113679
18049 60111
18061 63646
18065 120516
18077 59490
18081 51661
18085 113583
18089 54545
18097 55372
18121 53474
18125 281449
18133 51511
18149 55860
18153 60641
18169 53635
18173 105092
18181 58371
18185 114512
18217 55061
18225 77702
18229 54748
18233 58266
18241 210197
18245 206671
18253 44668
18257 52823
18261 54794
18265 208741
18269 61182
18277 54174
18281 96337
18289 54356
18301 46666
18313 55282
18317 107643
18325 155960
18329 52799
18341 50126
18353 47601
18365 108030
18369 106089
18385 107927
18397 51453
18401 51055
18405 104743
18409 105785
18413 52561
18421 157178
18433 53549
18457 58654
18461 48537
18473 105767
18477 53741
18481 52838
18485 102599
18493 48199
18497 102889
18505 97938
18513 57338
18517 51625
18521 50467
18541 48185
18545 103745
18549 48396
18553 47704
18577 104687
18581 104439
18589 106186
18593 51773
18605 150853
18617 52893
18621 50659
18625 191339
18629 94130
18637 41292
18649 99669
18661 46170
18665 95652
18685 199636
18701 52960
18709 94269
18713 52992
18721 98056
18729 47418
18737 95093
18749 49974
18757 51606
18761 98871
18769 70511
18773 49224
18785 297475
18793 53614
18797 51312
18801 48654
18805 96841
18833 96072
18845 98031
18853 98037
18857 94879
18869 50622
18873 48183
18889 94462
18901 91949
18913 49066
18917 52267
18925 148657
18937 91891
18945 97387
18965 94594
18973 47833
18985 101230
18989 90214
18997 50318
19001 48523
19009 47771
19013 41414
19017 40711
19025 131800
19037 40985
19045 184847
19053 90474
19061 47528
19069 47857
19073 41114
19081 45837
19093 93248
19097 133001
19105 93478
19109 93823
19121 44837
19125 183835
19133 49585
19141 47954
19157 43518
19161 46053
19165 94345
19169 92284
19181 51745
19193 88516
19213 46101
19225 135385
19233 44704
19237 48396
19249 47568
19253 89200
19265 89210
19269 43323
19273 46980
19277 90251
19289 47167
19301 45803
19309 46562
19321 23270
19325 140740
19333 44347
19337 90398
19345 178880
19357 86333
19373 46882
19377 42011
19381 47535
19385 89607
19405 80259
19409 78370
19417 37864
19421 47216
19429 38691
19433 42243
19441 47350
19445 81644
19449 44786
19453 45083
19457 47106
19465 169987
19469 42894
19477 46598
19485 86289
19489 40140
19493 84474
19501 44888
19517 83156
19521 47471
19541 46394
19549 81565
19553 41093
19557 84953
19573 41747
19577 42545
19585 84661
19597 38441
19601 89450
19609 45766
19625 173513
19633 83509
19637 86542
19645 85401
19649 42923
19661 43198
19669 174746
19681 44303
19697 45426
19709 41092
19717 40855
19721 172195
19729 83096
19753 43486
19769 83303
19773 84149
19777 37061
19793 43858
19801 37444
19805 160507
19813 37309
19825 243948
19841 36690
19845 40792
19853 40263
19861 37129
19865 165034
19881 20670
19885 157575
19889 41220
19897 84432
19913 36574
19917 42255
19925 123255
19937 39843
19945 79662
19949 41342
19961 38014
19973 39223
19981 164940
19989 40469
19993 41050
19997 40646
20005 76815
20017 83036
20021 39679
20025 117302
20029 41667
20041 37519
20065 80322
20077 78406
20089 41248
20101 40495
20105 76033
20113 38820
20117 39793
20129 37701
20133 41636
20137 78604
20149 37407
20161 39616
20165 156875
20173 38007
20177 39688
20189 78469
20201 35015
20205 72237
20213 158705
20221 76462
20225 114044
20233 37774
20241 71623
20245 77559
20249 40205
20261 37623
20269 38244
20281 77049
20285 71100
20297 36907
20313 74140
20329 74480
20333 36855
20341 38934
20345 150502
20353 36998
20357 38405
20365 75054
20369 37626
20381 73042
20389 36595
20393 37725
20413 76340
20417 77403
20421 36601
20441 35795
20449 54959
20453 77023
20457 37815
20465 75379
20477 38090
20485 150293
20509 38417
20513 74265
20521 38815
20525 108526
20529 37244
20533 37060
20549 36706
20557 75225
20561 74700
20565 73994
20593 36859
20605 142035
20609 67883
20617 69123
20621 71883
20629 34407
20637 37367
20641 37765
20645 70546
20665 66985
20673 34168
20681 35668
20689 69191
20693 36250
20705 145585
20717 33207
20725 107318
20737 71457
20745 73249
20749 34126
20753 37306
20761 67948
20765 71285
20773 37296
20781 34159
20785 71629
20789 35727
20809 37806
20813 74374
20817 35242
20825 107645
20849 32985
20857 36113
20869 69790
20873 36250
20885 70754
20893 70176
20897 36171
20905 139588
20917 70354
20921 34214
20929 35978
20933 34080
20961 68712
20969 69505
20981 32375
20997 33299
21001 35807
21005 65186
21013 30271
21017 30584
21025 150371
21029 68215
21037 64829
21041 70485
21053 63205
21061 34784
21069 34147
21073 67021
21085 67967
21089 34574
21097 98104
21101 37020
21121 33386
21125 201441
21141 34170
21145 63323
21149 35855
21157 32288
21169 34252
21177 66570
21193 33709
21205 67076
21213 36025
21217 34323
21221 32749
21233 67985
21253 65491
21257 61885
21265 64421
21269 33722
21277 35909
21281 63987
21289 64150
21305 67485
21313 32035
21317 31453
21325 100474
21341 32207
21349 62971
21361 63132
21365 65907
21377 33258
21389 61275
21393 29922
21397 33704
21401 32979
21425 91859
21429 28551
21433 32588
21437 123340
21445 67493
21449 59148
21465 62070
21473 63593
21481 31003
21485 63521
21493 32700
21501 32472
21509 61476
21517 30571
21521 30881
21529 35065
21533 62280
21537 30766
21541 60331
21557 32766
21569 31496
21577 30371
21589 29492
21601 30079
21605 128136
21609 15819
21613 31068
21617 35479
21625 119837
21645 121804
21649 29212
21661 31046
21673 29706
21677 61272
21685 59582
21689 31143
21697 63117
21701 30071
21709 64034
21713 31616
21737 30579
21745 58179
21753 30232
21757 30032
21773 34737
21785 58601
21789 31577
21805 60179
21809 59330
21817 28308
21821 29965
21825 88442
21841 26694
21845 115717
21853 90797
21865 60109
21881 28866
21893 28660
21901 28360
21905 118850
21913 56403
21925 83592
21929 27509
21933 30647
21937 34054
21941 59232
21953 59419
21961 30585
21969 30703
21977 28278
21985 60670
21997 27356
22001 29426
22009 58503
22013 27754
22021 31575
22025 91409
22037 31742
22045 56488
22049 56893
22061 60190
22069 56718
22073 27897
22093 27160
22105 59271
22109 30112
22117 61940
22129 27239
22133 28185
22153 29653
22157 27635
22181 55292
22185 114892
22189 26907
22193 29035
22201 41053
22205 56182
22213 55320
22217 53239
22229 28770
22237 55898
22257 26737
22261 55550
22265 109377
22273 25109
22277 26846
22285 53950
22293 25738
22301 54957
22313 59364
22321 108680
22345 110808
22349 29960
22369 25477
22373 53161
22381 28332
22385 54795
22393 27112
22397 24868
22405 54127
22409 26427
22417 52823
22433 25026
22437 30997
22441 28144
22445 26369
22453 28754
22457 53136
22465 53823
22469 26035
22481 29607
22501 26005
22509 50584
22525 165822
22529 56485
22541 26255
22549 26675
22565 51816
22573 27851
22581 51497
22585 48297
22589 26375
22601 54677
22613 24422
22621 26736
22625 106179
22633 49596
22637 28479
22669 25913
22681 56482
22685 99187
22689 23251
22697 24520
22709 24509
22717 25269
22721 24867
22725 76268
22741 27671
22745 48390
22753 53812
22761 24530
22765 105039
22769 24928
22777 24127
22789 50960
22797 51403
22801 13045
22805 52282
22817 25875
22829 54162
22837 49719
22849 50558
22853 29175
22861 24355
22865 98324
22873 54912
22877 24099
22901 24500
22905 51631
22921 23212
22937 27148
22941 24395
22945 104186
22949 54028
22961 22794
22973 23931
22985 48568
22993 23616
22997 100200
23013 23037
23017 23366
23021 27691
23029 22980
23041 28045
23049 53779
23053 22574
23057 24400
23081 23978
23101 50644
23105 50570
23113 48356
23117 23235
23125 118852
23129 48293
23137 47540
23141 48453
23153 71662
23165 95771
23173 24072
23185 51576
23189 24065
23197 23690
23201 22818
23209 21941
23225 70549
23229 46522
23245 49411
23257 49201
23269 21906
23273 74265
23285 47322
23293 24261
23297 25666
23321 21892
23329 45627
23333 24632
23337 23753
23341 42760
23353 25094
23357 22559
23365 49679
23369 25738
23373 22080
23377 46008
23393 48096
23409 37570
23413 47817
23417 21853
23425 71485
23445 52934
23461 46591
23465 46526
23473 23910
23477 46888
23481 23048
23497 20442
23509 23595
23525 70906
23533 45814
23537 23961
23545 85991
23549 22483
23553 23343
23557 21470
23561 25428
23569 42856
23581 25395
23585 85157
23589 21718
23593 24573
23605 44033
23609 27153
23629 21600
23633 21555
23645 43409
23657 46920
23665 45842
23669 22954
23677 20746
23689 21823
23697 26556
23701 45413
23717 45313
23725 134852
23729 42117
23733 22240
23741 25079
23753 19787
23761 21804
23765 47705
23773 22359
23789 25352
23797 48770
23801 20579
23805 21986
23809 43172
23813 21065
23825 62647
23833 20231
23837 22747
23857 22648
23869 19700
23873 25653
23885 90127
23893 20277
23909 22599
23913 19326
23917 21908
23929 20365
23941 42189
23945 40478
23953 47890
23957 19921
23965 41778
23977 21083
23981 19575
23985 85870
23993 19879
24001 22411
24005 41258
24021 41152
24025 34501
24029 22802
24037 26434
24041 46256
24049 21625
24061 24162
24065 39478
24077 19601
24085 42132
24089 87505
24093 22009
24097 17656
24109 20909
24113 19576
24121 23275
24125 87145
24133 20889
24137 18886
24157 42694
24161 41611
24169 20493
24181 18923
24193 39140
24197 22661
24201 20874
24217 44529
24221 39785
24229 23337
24237 21129
24245 79831
24281 19924
24293 39914
24305 43478
24309 40342
24313 43494
24317 18618
24329 18987
24337 23239
24341 40536
24345 43401
24349 36299
24361 43117
24373 20818
24385 45963
24389 39379
24401 39867
24413 21812
24417 21520
24421 18105
24425 57581
24433 36727
24445 38469
24457 40178
24461 39097
24469 23507
24473 16784
24481 19183
24505 115045
24509 17712
24517 21303
24525 56384
24533 20797
24545 39425
24557 40006
24561 18064
24565 75791
24593 19674
24601 39144
24625 78223
24641 39277
24649 32669
24653 42093
24665 42213
24669 21396
24677 16207
24685 41541
24697 17920
24701 36902
24705 35042
24709 16487
24713 40874
24733 19039
24737 36616
24741 22551
24745 42407
24749 20109
24777 16788
24781 19692
24785 38315
24793 19055
24797 38042
24805 35661
24809 18180
24821 23051
24841 19474
24845 37827
24853 37246
24865 31920
24869 35035
24877 16902
24889 17199
24901 38420
24905 76661
24917 16328
24925 52866
24929 37804
24941 17016
24949 37194
24953 17463
24961 35619
24965 41050
24973 78789
24977 18444
24989 21849
24993 20593
25009 34716
25013 21847
25033 18713
25037 18527
25045 38711
25049 33679
25057 18464
25065 35166
25073 18104
25085 73608
25097 20901
25101 18555
25105 35765
25117 18301
25121 18650
25129 32584
25133 32310
25153 18431
25169 18807
25173 16679
25177 33715
25181 56947
25189 15829
25205 19436
25209 19081
25225 50519
25229 18237
25237 16013
25253 16427
25261 20541
25281 29749
25285 76996
25297 36936
25301 17956
25309 18254
25313 30997
25317 37142
25321 15366
25325 49315
25337 33405
25345 74662
25349 17091
25353 16834
25357 17424
25373 17304
25381 36169
25385 36197
25397 30531
25405 35031
25409 17635
25425 49168
25433 36055
25453 17665
25457 16240
25469 14236
25477 33222
25493 67664
25497 18150
25505 32640
25525 51598
25529 18527
25533 16596
25537 15678
25541 16508
25549 33562
25561 16328
25565 31489
25577 16742
25589 13920
25601 21324
25605 34254
25609 20436
25621 18907
25625 86152
25633 17158
25649 36934
25657 18305
25673 15759
25677 17567
25681 33469
25693 14400
25705 68340
25713 15120
25717 17807
25721 55673
25733 17107
25741 14039
25749 16058
25765 31904
25769 32199
25777 31302
25789 65003
25793 16509
25801 16468
25805 62472
25825 47596
25841 18418
25849 14878
25857 45491
25873 16535
25877 35157
25889 15381
25909 29971
25913 15388
25921 10493
25925 99590
25933 16194
25937 34253
25945 30619
25957 32430
25961 28676
25965 35189
25969 18285
25981 15007
25985 33214
25997 16723
26017 12921
26021 17436
26029 15351
26041 13926
26045 33415
26053 14778
26065 65464
26073 16582
26077 32658
26093 29961
26113 14791
26117 27718
26129 60932
26141 13828
26153 17813
26161 16303
26165 33716
26177 14740
26181 14446
26185 27880
26189 14481
26209 15236
26221 32060
26225 43833
26233 32861
26237 17284
26245 62324
26249 12882
26253 18453
26261 14407
26269 36464
26281 30562
26293 18161
26297 16831
26305 28374
26309 15924
26317 13706
26321 13984
26325 48411
26329 26804
26333 27173
26353 13115
26357 15790
26361 28627
26365 30717
26377 32633
26393 16215
26401 28926
26405 29253
26413 27662
26417 17399
26437 14577
26441 28911
26449 14823
26469 29540
26485 27971
26489 16183
26497 13075
26501 15635
26509 15683
26513 17549
26525 42639
26533 42769
26545 24869
26557 16678
26561 13924
26569 8490
26573 17109
26577 12961
26585 55401
26597 12450
26605 62229
26613 18333
26633 16198
26641 13964
26645 42679
26665 31025
26669 15467
26681 15342
26685 28174
26689 30239
26693 14125
26701 14122
26705 24928
26713 15034
26717 16972
26721 12307
26725 45115
26729 12258
26737 13073
26741 24693
26765 55396
26773 24145
26777 16739
26793 26599
26801 14735
26813 11970
26821 13246
26825 83100
26833 14932
26849 16287
26861 13812
26869 27895
26881 12098
26893 11267
26897 30553
26901 14585
26905 30308
26921 15411
26937 27859
26941 26157
26945 56877
26953 13379
26965 27961
26969 24358
26973 11520
26977 29990
26981 14593
26989 26516
26993 14089
27009 13071
27017 14592
27045 25058
27053 27246
27061 14994
27065 29693
27073 13476
27077 12143
27085 25066
27101 27581
27109 13263
27121 23716
27145 50996
27149 26163
27157 26006
27161 25579
27169 29132
27173 27661
27185 23190
27197 11798
27205 25283
27217 21099
27225 22334
27229 26973
27233 29849
27241 14632
27245 24956
27253 14552
27257 22942
27261 28213
27277 16322
27281 11047
27289 27078
27293 16132
27297 15535
27325 44589
27329 13823
27333 12354
27337 10652
27353 22914
27361 11037
27365 49738
27369 14229
27385 28115
27389 27581
27397 11505
27409 13538
27421 28787
27425 39031
27437 12951
27441 14730
27449 10643
27457 13004
27469 23148
27481 12328
27505 28207
27509 13552
27521 50951
27529 13437
27541 14051
27549 11225
27557 26295
27565 51503
27581 13638
27585 21574
27593 25173
27605 27825
27613 22980
27617 11537
27625 101021
27637 23922
27653 10253
27673 10461
27677 27356
27685 22726
27689 14237
27693 26697
27697 9915
27701 13729
27709 10173
27725 34165
27733 17366
27737 11379
27749 15138
27757 25782
27765 23755
27773 10286
27781 22712
27785 25587
27793 10919
27801 9916
27809 10441
27817 12327
27829 28448
27833 25438
27845 26352
27857 21177
27865 24051
27869 12984
27877 26304
27881 15102
27889 7408
27893 12938
27901 10720
27905 26472
27917 10609
27925 35240
27941 13273
27953 12849
27961 15939
27977 24169
27981 14629
27985 47154
27989 22192
27997 10042
28001 10387
28009 23029
28013 19742
28033 38663
28037 9843
28057 12097
28069 12940
28081 14141
28085 46417
28089 9903
28093 22580
28097 9226
28109 9070
28121 22499
28125 32781
28145 43668
28157 26737
28169 19580
28181 9416
28193 16190
28197 19146
28201 9687
28205 25803
28213 20600
28225 37750
28229 10411
28233 12769
28249 47380
28265 20193
28269 8869
28273 12360
28277 12326
28285 21978
28289 10269
28297 13580
28305 49549
28309 13599
28333 21683
28345 24848
28349 11842
28373 23063
28381 24336
28393 10321
28397 20691
28409 10483
28417 19557
28421 22899
28429 11264
28433 11943
28445 23719
28449 21344
28453 21926
28465 20192
28477 13367
28493 11157
28505 19607
28513 9803
28517 9525
28521 10057
28537 12221
28541 13107
28549 14109
28561 28514
28565 43723
28573 9485
28577 33131
28585 19791
28593 11608
28597 11289
28601 19182
28621 8198
28625 42857
28629 12402
28645 37083
28649 12405
28657 13570
28661 9163
28665 22412
28669 8932
28673 18934
28685 18003
28697 12726
28705 19686
28717 12925
28729 10935
28741 20269
28745 20138
28753 9953
28757 22656
28769 26039
28781 19493
28789 10337
28793 12021
28813 12581
28817 9454
28825 31127
28837 8735
28845 20321
28849 18017
28873 17585
28881 10824
28885 44820
28901 12337
28909 10865
28913 22401
28921 7531
28925 65102
28933 11042
28949 10581
28953 10387
28961 9386
28981 20044
28989 9215
29005 24678
29009 12287
29017 12981
29021 9032
29033 10794
29041 19448
29045 39043
29053 16664
29057 8544
29061 11899
29065 18081
29069 18130
29077 9859
29081 16871
29097 23150
29101 7023
29105 19257
29125 39581
29129 11771
29137 9120
29153 7597
29161 8046
29173 12510
29185 36471
29189 32569
29201 11862
29209 11918
29221 9357
29237 29357
29241 5123
29245 22635
29257 21012
29261 17626
29269 8165
29273 18823
29277 10046
29285 20325
29297 7047
29305 17603
29313 9297
29321 22511
29333 8807
29341 36887
29345 18808
29353 19474
29377 22882
29385 20627
29389 10723
29401 10713
29405 17614
29429 7986
29437 7876
29449 8666
29453 11106
29461 17636
29473 10728
29485 18925
29489 20906
29493 18227
29497 15482
29501 11486
29521 19966
29525 27611
29529 14527
29537 8062
29549 19159
29565 14850
29569 9698
29573 12711
29581 7831
29585 35774
29593 18622
29597 22073
29609 15922
29629 8211
29633 8098
29637 18867
29641 8059
29645 10506
29653 18780
29665 40714
29669 7536
29705 30942
29709 10121
29717 9134
29725 55560
29741 7845
29745 16181
29753 7744
29761 10718
29765 15675
29789 7770
29801 21757
29809 17768
29817 8031
29825 28349
29833 10739
29837 7962
29857 18497
29861 18788
29873 7273
29881 10479
29889 8359
29905 17923
29917 8171
29921 6600
29929 11473
29933 16006
29945 34673
29957 16282
29961 11351
29965 38301
29989 8365
29993 17150
30005 34925
30013 6806
30017 16008
30025 21039
30029 8020
30037 6112
30053 17279
30069 19286
30073 31647
30089 10575
30097 6620
30109 10605
30113 7910
30125 32671
30133 9698
30137 9226
30141 13804
30145 16722
30157 12801
30161 8276
30169 7771
30181 10677
30185 16631
30193 13088
30197 10667
30209 16693
30213 7904
30233 7463
30241 9417
30249 6670
30253 6747
30265 17794
30269 6539
30277 34657
30285 16368
30293 10696
30301 18586
30313 7026
30325 21153
30329 16807
30341 9967
30357 6753
30361 17306
30365 15488
30377 13862
30389 4930
30397 14765
30413 14747
30421 17083
30425 27046
30433 13979
30445 15955
30449 9590
30465 20250
30469 8906
30493 7614
30497 6221
30501 6078
30505 12318
30509 5376
30517 5544
30529 5841
30537 16258
30545 33168
30553 8607
30557 7996
30565 11568
30577 9648
30581 13609
30589 23694
30593 5159
30605 15851
30617 13553
30625 16709
30629 16645
30637 5673
30641 18894
30649 6830
30661 6957
30665 16205
30673 18099
30677 6118
30685 13712
30689 6560
30697 9229
30713 6113
30717 5980
30725 21657
30733 18821
30749 16719
30757 10749
30769 12540
30773 9192
30781 9327
30805 26254
30809 6760
30817 6379
30821 15181
30825 19462
30829 6435
30841 6356
30853 8520
30865 12722
30869 6898
30881 5211
30893 9960
30897 8759
30901 15339
30925 21803
30929 18082
30937 8796
30941 9067
30949 5101
30953 13556
30977 7126
30985 14510
31001 11888
31005 26918
31013 5058
31025 39525
31033 5139
31037 13120
31041 6573
31049 16638
31057 15204
31061 10438
31069 6509
31081 8712
31085 13143
31097 6130
31105 15785
31109 9977
31113 6551
31117 21744
31121 7591
31145 12177
31149 8226
31153 9287
31177 5804
31181 5778
31189 8527
31193 8805
31201 10090
31205 9430
31213 8336
31221 6386
31225 25153
31237 5279
31249 4561
31253 4814
31265 36255
31277 4982
31285 17993
31301 9490
31313 13738
31321 7040
31329 3205
31333 7028
31337 4756
31345 14006
31357 5906
31365 27277
31373 13243
31385 16340
31393 5668
31397 9205
31409 4804
31417 11668
31421 15082
31429 12746
31433 5503
31469 8138
31473 10002
31477 4198
31481 6589
31489 4470
31501 15109
31505 9022
31509 8635
31513 5245
31517 7519
31525 36628
31529 15097
31541 5161
31545 11530
31561 13600
31573 8974
31581 7872
31585 9037
31601 4129
31609 12137
31613 12175
31637 15827
31645 10596
31649 5489
31653 3946
31657 8470
31681 13912
31685 13321
31693 11792
31697 12658
31705 25820
31709 9688
31721 5745
31729 3923
31733 11254
31741 4095
31753 16308
31761 6915
31765 9825
31769 7522
31781 12304
31793 4407
31797 4984
31805 13087
31813 9306
31817 4274
31841 15129
31849 6662
31853 11982
31865 11109
31869 8311
31873 7409
31905 10671
31909 11270
31921 10952
31925 14680
31937 13253
31945 8197
31957 4984
31973 3464
31981 6464
31985 10159
31997 7384
32005 22621
32009 4259
32013 7183
32017 10865
32029 5108
32041 3459
32045 47466
32057 6024
32065 9279
32069 4370
32077 5486
32089 5190
32105 11786
32113 10308
32117 4483
32125 23101
32129 6939
32141 4298
32149 8548
32157 2952
32161 10929
32173 7316
32185 18202
32189 6938
32193 4621
32201 11194
32213 2723
32225 17624
32229 4180
32233 3854
32237 3910
32245 12617
32257 7016
32261 5312
32269 5146
32297 3612
32301 11184
32309 3017
32317 11614
32321 6888
32337 6440
32341 6807
32345 11389
32353 4462
32365 10253
32369 5785
32377 3259
32381 4211
32389 4265
32393 9806
32401 6337
32405 11481
32409 13416
32413 2677
32425 18473
32429 3251
32441 3458
32449 9968
32481 4303
32485 19635
32489 12317
32497 3740
32513 22784
32517 4256
32521 12110
32525 11923
32533 6065
32537 4315
32549 5458
32553 4591
32561 4479
32569 4179
32573 4688
32597 12395
32605 10339
32609 2842
32617 15836
32621 4096
32625 20244
32633 3065
32645 9335
32653 6830
32657 13377
32677 10082
32689 9503
32693 4709
32701 14255
32713 5419
32717 2673
32733 4428
32741 10129
32749 5947
32761 6201
32765 11894
32773 7414
32777 9918
32789 6817
32797 5067
32801 6423
32805 5741
32825 28097
32833 3081
32841 6983
32845 8656
32861 9735
32869 4237
32877 7518
32885 12749
32905 10095
32909 3978
32917 4544
32929 16207
32933 5019
32941 3100
32957 3447
32969 5707
32977 5556
32985 11501
32993 5618
33001 11500
33013 5466
33017 10021
33025 13703
33029 4894
33037 4528
33049 4495
33053 3667
33057 4798
33065 14187
33073 5971
33085 14466
33093 3310
33109 10137
33113 5896
33125 23210
33129 2447
33133 10312
33137 9886
33149 4696
33161 3586
33169 9245
33173 4058
33181 7113
33185 8978
33197 8971
33205 17668
33241 8268
33245 16045
33265 9184
33273 5437
33289 4224
33293 11159
33301 2560
33305 9240
33309 5850
33317 5018
33329 2625
33337 13764
33349 3349
33353 5716
33361 8176
33365 9090
33377 3110
33381 5273
33389 9506
33409 5505
33413 3770
33437 8766
33445 8793
33457 4556
33461 5149
33469 4780
33485 16896
33489 5608
33493 5506
33505 9397
33517 4856
33521 4892
33525 13261
33529 3479
33533 3165
33541 7471
33545 7095
33553 16971
33565 7672
33569 4991
33577 2644
33581 4122
33589 3668
33597 3827
33601 4622
33613 5098
33617 5693
33625 16790
33629 4650
33633 6482
33637 5415
33641 2992
33653 6907
33661 7928
33665 9780
33685 6909
33709 7494
33713 6025
33721 3704
33745 19255
33749 2378
33757 3097
33761 6425
33769 2293
33773 3236
33785 14822
33797 4864
33805 7313
33809 3781
33813 13604
33829 2684
33849 5059
33853 6897
33857 5274
33865 19274
33881 9281
33889 3196
33893 2634
33905 9317
33917 7426
33921 2385
33937 3695
33941 4500
33949 9706
33961 4975
33965 6517
33973 7019
33977 5685
33989 7995
33997 3144
34001 2229
34021 9464
34025 11425
34033 2058
34037 10568
34057 2148
34061 4227
34065 7166
34073 8380
34081 5158
34085 14668
34101 4476
34117 9173
34121 7807
34129 4914
34137 4637
34141 4662
34145 6877
34153 9183
34157 2557
34165 6547
34173 3843
34205 5929
34213 2119
34217 2784
34225 18391
34229 9769
34241 8438
34245 4893
34249 6923
34253 4194
34261 3987
34273 2017
34281 7104
34285 5204
34289 7341
34297 2779
34301 5457
34313 3728
34325 11809
34337 4243
34345 6635
34349 1858
34361 1982
34369 2607
34373 9155
34381 4786
34385 7181
34389 1948
34421 2272
34425 11103
34429 4841
34445 3446
34457 2576
34465 13748
34469 3070
34481 9588
34493 3720
34497 4465
34501 3086
34513 1577
34525 11001
34537 5040
34541 6450
34549 2614
34553 8532
34585 6794
34589 4744
34597 7919
34605 9084
34609 5925
34613 3041
34621 7219
34625 14809
34645 19363
34649 5299
34669 7847
34673 5149
34677 3195
34693 2261
34697 10325
34709 3753
34717 7005
34721 3196
34729 4094
34741 5046
34745 6993
34757 3947
34765 14249
34781 2971
34785 5058
34801 4002
34805 5440
34817 5116
34821 7243
34829 8052
34841 4887
34849 3855
34877 2228
34885 6418
34893 4897
34897 4210
34901 6267
34913 3845
34929 2614
34933 3673
34945 12244
34949 3972
34957 4367
34961 3345
34969 4823
34973 6022
34981 3256
34985 8109
35001 1729
35005 8512
35009 5693
35017 3656
35033 8504
35037 5880
35053 4553
35065 5442
35069 3018
35073 4536
35081 1795
35089 1478
35113 14389
35117 4468
35125 11257
35129 3722
35137 8311
35141 3117
35149 2048
35153 3456
35165 13107
35173 6467
35177 5723
35197 8358
35201 3280
35209 5936
35221 1951
35225 7116
35249 5446
35253 1540
35257 4343
35261 6223
35269 8756
35281 3893
35285 5221
35293 6051
35317 4154
35325 7715
35333 5223
35345 7693
35353 3631
35361 3621
35369 5276
35377 4334
35381 1876
35393 4078
35401 3785
35405 12905
35425 16387
35437 1392
35449 2342
35453 2391
35461 2775
35465 12345
35477 6473
35509 4852
35513 4943
35521 1446
35525 8428
35533 3818
35537 1255
35545 5392
35557 1363
35569 1760
35573 3929
35593 3486
35597 4399
35605 6007
35617 2284
35633 6047
35641 5201
35645 6385
35649 5873
35653 5886
35657 8776
35669 4931
35677 1099
35685 11511
35689 7088
35705 9690
35721 1505
35725 8467
35729 4226
35737 7660
35753 962
35757 7824
35785 12371
35789 5573
35793 3273
35797 3906
35801 3206
35809 3504
35821 3734
35825 7368
35837 2900
35865 5851
35869 1115
35873 6061
35881 3265
35885 7392
35897 1381
35901 3195
35909 7011
35917 1660
35921 6361
35933 1334
35953 7455
35957 5455
35965 3114
35969 1445
35977 1581
35989 9207
35993 1173
36009 3087
36013 3033
36017 3399
36037 4334
36045 4576
36061 2725
36065 4225
36073 1089
36097 2926
36101 7046
36109 2826
36117 1213
36121 3876
36125 13689
36137 2794
36145 5096
36149 4648
36161 1412
36173 6602
36181 7262
36185 4961
36189 3396
36193 5133
36205 11286
36209 2791
36217 3358
36221 5681
36229 3702
36241 3907
36257 4349
36265 4656
36269 1639
36277 1103
36293 3963
36297 2899
36305 9635
36313 3484
36325 8087
36329 5797
36341 1098
36353 2688
36361 5135
36369 2340
36373 1375
36389 1356
36397 3923
36401 6783
36405 4976
36413 3947
36433 1024
36441 2841
36445 10719
36457 1164
36461 1228
36469 1502
36473 1580
36481 1346
36485 6577
36493 3491
36497 3023
36505 3013
36513 3161
36517 8754
36529 1159
36541 1199
36545 6257
36569 7380
36581 4267
36601 6038
36605 3158
36621 1804
36625 8561
36629 1307
36637 1621
36653 2017
36657 3465
36661 4778
36665 3987
36677 1216
36697 2592
36709 2547
36713 748
36721 4283
36725 14333
36733 4635
36737 3798
36745 4535
36749 3022
36761 3359
36781 3699
36793 3019
36805 8267
36809 1148
36821 1706
36829 3441
36833 3811
36837 1916
36845 4707
36853 3690
36857 2062
36865 9974
36873 4778
36877 1148
36881 1933
36889 4849
36901 3669
36905 3382
36913 3553
36929 1156
36941 10460
36945 5344
36965 3672
36973 2496
36985 7429
36997 1037
37013 3213
37017 992
37021 3556
37025 5089
37033 4523
37049 2678
37057 1085
37061 848
37085 4131
37089 1833
37093 1488
37097 2025
37105 9068
37117 2103
37141 3809
37153 2458
37157 3015
37161 2295
37165 2296
37181 1510
37189 786
37193 3467
37197 1110
37201 2784
37217 2175
37225 6052
37249 3271
37253 2262
37265 10523
37269 6162
37273 899
37277 3535
37285 5141
37289 3499
37305 4464
37309 2387
37313 2098
37321 738
37325 5920
37333 3958
37337 854
37341 1216
37349 8655
37357 2172
37361 754
37369 905
37377 3229
37381 3225
37385 3765
37393 2423
37397 1719
37405 3955
37409 2776
37413 2175
37441 2465
37445 4450
37469 1867
37481 5426
37485 3964
37489 665
37493 1933
37501 1063
37505 4701
37517 2423
37529 2679
37537 1805
37549 1702
37553 849
37561 2992
37573 809
37577 3585
37585 3909
37589 797
37593 536
37613 3437
37621 1754
37629 4608
37633 1700
37637 3060
37645 4693
37649 807
37657 691
37661 4460
37673 2511
37681 1175
37685 4365
37693 2361
37705 1739
37717 1762
37729 3410
37733 3409
37745 3086
37757 3558
37777 2306
37781 627
37805 3108
37809 2577
37813 4276
37817 5563
37825 9331
37837 4373
37845 3164
37853 3439
37861 693
37865 2328
37873 2908
37877 3108
37885 2946
37889 1675
37897 2916
37921 4403
37925 7586
37945 3161
37949 3399
37953 924
37957 2658
37993 2953
37997 591
38021 3363
38025 7596
38029 2261
38033 3955
38041 3105
38053 1267
38061 1426
38069 953
38077 5495
38081 2174
38089 2094
38105 3782
38113 1356
38125 7449
38149 579
38153 910
38165 4813
38169 1129
38177 2637
38189 2990
38197 609
38201 901
38221 1611
38233 5572
38237 1564
38245 1921
38261 481
38273 601
38277 3044
38281 798
38293 3941
38309 1631
38317 800
38321 1438
38329 1511
38333 612
38345 3417
38349 573
38357 2813
38365 3845
38369 8248
38377 3166
38385 1761
38389 4732
38393 661
38405 3476
38417 2040
38425 10199
38441 2409
38449 2664
38453 1665
38457 920
38461 1654
38465 3460
38477 2832
38497 3650
38501 674
38509 3565
38537 2113
38545 4407
38557 520
38561 947
38565 3584
38569 632
38573 3744
38581 2634
38585 3291
38593 778
38597 1029
38601 415
38609 741
38617 1338
38629 2800
38637 543
38641 1586
38653 2741
38669 2175
38673 1493
38677 2644
38693 496
38701 1489
38705 2190
38713 737
38725 1710
38729 2384
38737 2624
38749 1469
38765 1650
38777 2232
38785 3676
38809 1039
38813 1623
38821 1018
38825 4284
38833 1060
38845 5460
38849 1864
38857 1225
38861 674
38873 825
38889 1912
38897 1773
38909 5091
38917 2580
38921 3149
38925 4004
38933 2989
38945 3699
38953 688
38961 4340
38965 2138
38977 2824
38981 3400
38993 550
39005 5072
39013 2636
39033 2523
39041 317
39049 3265
39053 971
39065 4940
39073 872
39085 1580
39089 500
39097 1004
39101 3813
39113 1857
39125 5489
39133 623
39141 2433
39145 745
39157 546
39161 861
39181 652
39185 4937
39205 3681
39209 557
39213 681
39217 1683
39229 701
39233 2583
39241 756
39249 1075
39253 1165
39257 569
39265 1639
39285 3217
39289 3374
39293 457
39301 437
39313 708
39317 484
39321 823
39325 3436
39341 3015
39349 483
39357 1197
39365 1090
39373 656
39377 3670
39385 822
39397 322
39401 3473
39409 1115
39429 855
39437 2060
39461 396
39465 3272
39469 2660
39481 4295
39485 4449
39493 3726
39505 3899
39509 855
39521 2607
39533 2821
39541 2890
39553 1499
39565 5665
39569 823
39573 844
39581 407
39593 3561
39601 483
39605 3522
39617 948
39625 3930
39637 1547
39641 228
39645 889
39661 3152
39665 2240
39673 1759
39681 2364
39685 881
39701 3590
39709 239
39733 276
39745 3012
39749 346
39761 2352
39769 1534
39785 2359
39789 390
39793 2605
39797 1237
39817 1127
39821 320
39829 237
39833 1154
39841 425
39845 6360
39857 266
39869 834
39877 992
39889 962
39901 2673
39925 2262
39929 356
39933 2478
39937 384
39953 507
39961 3938
39965 516
39969 891
39989 1075
40001 2208
40009 497
40013 510
40025 5489
40037 288
40045 2896
40049 3229
40057 3400
40069 3214
40077 1255
40081 669
40085 2678
40093 2324
40097 1093
40105 4511
40113 434
40121 2278
40129 2303
40141 534
40153 789
40157 2934
40165 2903
40169 224
40177 269
40189 2371
40193 511
40213 495
40221 2176
40225 3588
40229 364
40237 306
40241 2137
40253 486
40265 2669
40277 228
40289 285
40293 466
40309 2494
40321 2568
40325 2215
40329 294
40333 931
40345 1224
40349 1277
40357 1907
40361 246
40385 1648
40401 305
40405 2837
40409 2587
40417 844
40429 144
40433 1004
40437 389
40441 651
40445 1038
40465 2582
40477 1083
40493 1978
40501 457
40505 583
40525 3104
40529 260
40545 1677
40573 650
40577 520
40585 1814
40589 3187
40597 149
40609 542
40613 2682
40617 2426
40621 512
40625 4250
40637 2757
40653 2327
40657 2514
40661 1143
40673 3064
40681 1869
40693 361
40697 1989
40709 112
40725 2466
40729 2494
40745 1598
40757 2163
40777 236
40781 1851
40793 2307
40801 192
40805 2609
40813 445
40817 260
40829 270
40833 2186
40837 946
40841 174
40849 453
40853 280
40861 861
40877 1823
40885 4705
40897 92
40905 1178
40925 2148
40933 234
40941 195
40949 326
40961 149
40969 2195
40973 145
40977 1987
40993 778
41017 272
41029 586
41033 2626
41045 423
41049 189
41053 792
41057 1564
41077 81
41081 288
41089 570
41093 2373
41105 1412
41113 121
41117 355
41141 499
41149 1327
41157 1792
41161 270
41165 467
41177 140
41185 2079
41189 1858
41197 2512
41201 148
41209 1973
41213 294
41221 454
41225 5044
41229 250
41233 208
41245 3728
41257 58
41269 2148
41273 506
41281 342
41297 4166
41301 575
41309 437
41329 2201
41333 127
41341 396
41345 1148
41353 696
41357 348
41365 1718
41369 314
41373 1726
41381 479
41389 383
41405 2019
41413 75
41425 407
41429 527
41441 482
41449 2375
41453 1408
41465 623
41485 652
41497 2371
41513 145
41521 92
41533 232
41537 1552
41549 1500
41557 681
41585 448
41589 75
41593 366
41597 66
41605 2843
41609 248
41617 138
41621 230
41625 2147
41641 319
41645 130
41665 2334
41669 543
41681 36
41693 487
41697 214
41717 972
41725 716
41729 1269
41733 107
41737 126
41761 2322
41765 1674
41773 1559
41777 150
41785 2339
41797 1404
41801 1602
41805 387
41809 84
41813 1131
41821 1940
41841 205
41845 1772
41849 37
41861 753
41869 1775
41873 2092
41885 185
41893 115
41897 211
41905 2785
41913 743
41941 1614
41945 1599
41953 94
41957 338
41969 147
41977 366
41981 2065
41993 42
42001 252
42013 136
42017 661
42025 3453
42029 828
42041 175
42057 120
42061 130
42073 1505
42089 133
42101 53
42109 1413
42121 549
42125 2403
42137 289
42145 490
42149 372
42157 311
42165 179
42169 62
42173 118
42181 1322
42193 324
42197 1293
42201 104
42209 47
42221 178
42229 116
42233 355
42237 502
42241 1304
42257 247
42281 84
42289 1306
42293 206
42305 1222
42325 276
42337 31
42341 1972
42345 1694
42349 228
42353 2100
42365 2049
42373 1054
42381 1781
42385 1069
42397 382
42401 1257
42409 202
42425 1805
42433 237
42437 54
42445 1628
42453 1556
42457 25
42461 81
42473 904
42485 2074
42489 236
42505 129
42509 123
42517 245
42521 2621
42533 104
42557 49
42561 1640
42565 427
42569 305
42577 42
42589 609
42597 364
42601 1437
42605 1495
42641 188
42649 397
42653 1777
42661 260
42677 222
42685 1041
42689 70
42697 687
42701 83
42705 1412
42709 153
42713 61
42725 688
42737 156
42761 1042
42773 788
42777 696
42793 159
42797 123
42809 1009
42821 1193
42829 10
42841 53
42849 28
42853 32
42857 400
42865 949
42877 138
42881 177
42885 887
42901 46
42905 555
42913 151
42925 2816
42929 1327
42937 1240
42949 1160
42953 911
42961 552
42965 1582
42973 26
42985 1074
42989 199
42993 218
43009 1332
43013 55
43025 1319
43037 1178
43045 496
43049 54
43061 540
43069 1148
43093 43
43101 984
43105 1497
43117 212
43133 146
43137 2
43145 1451
43165 892
43169 375
43173 296
43177 375
43181 840
43189 1028
43201 116
43205 236
43209 227
43237 1052
43245 21
43249 279
43261 236
43265 1022
43273 443
43277 168
43289 975
43297 188
43313 17
43317 50
43321 2
43325 406
43333 278
43345 1157
43353 841
43385 540
43397 53
43405 1182
43425 420
43429 460
43433 310
43441 28
43445 798
43457 388
43465 131
43469 880
43481 87
43489 86
43501 479
43513 1101
43517 1349
43525 1397
43537 2299
43541 355
43553 987
43565 366
43573 1161
43577 96
43597 1044
43609 1136
43613 49
43621 467
43625 1058
43633 11
43641 292
43649 199
43657 981
43661 1
43669 121
43681 16
43685 1252
43693 1300
43697 171
43705 225
43709 331
43717 8
43721 160
43733 1068
43745 825
43749 41
43753 55
43765 1324
43777 1164
43781 3
43789 1
43793 120
43801 326
43805 31
43821 37
43825 967
43829 202
43849 776
43853 208
43873 175
43877 1264
43889 109
43893 72
43913 29
43933 1107
43937 538
43957 109
43961 4
43965 407
43969 119
43973 144
43993 1202
43997 91
44001 58
44005 280
44017 14
44021 97
44029 447
44041 325
44053 140
44057 922
44081 272
44089 85
44105 767
44109 1024
44117 779
44125 1353
44129 822
44141 110
44145 759
44149 77
44165 1104
44181 7
44185 57
44189 799
44197 1464
44201 353
44217 1227
44221 1
44225 501
44245 474
44249 669
44257 125
44269 15
44273 808
44281 58
44285 1070
44305 103
44325 1098
44329 146
44345 448
44353 683
44357 19
44369 965
44381 12
44389 56
44397 41
44417 959
44425 273
44433 167
44437 877
44453 154
44461 104
44465 24
44469 799
44489 94
44497 73
44501 199
44525 1604
44533 257
44541 160
44549 123
44557 21
44573 274
44581 52
44585 1133
44617 360
44629 184
44641 239
44645 219
44649 609
44657 96
44665 153
44701 561
44705 661
44713 989
44717 701
44721 116
44725 933
44729 126
44741 704
44749 106
44753 39
44757 69
44761 890
44773 87
44777 12
44785 1242
44789 622
44797 30
44809 47
44813 775
44829 304
44837 20
44845 681
44861 204
44865 881
44881 786
44893 106
44909 171
44917 89
44921 903
44937 10
44941 131
44945 427
44953 7
44965 1028
44969 27
44977 114
44993 119
45005 182
45013 1381
45025 122
45029 477
45037 116
45041 236
45053 53
45061 17
45065 803
45077 327
45081 93
45097 129
45117 389
45121 637
45125 28
45133 154
45137 47
45145 19
45153 115
45161 299
45169 213
45181 598
45197 22
45205 134
45209 369
45233 8
45245 761
45253 97
45293 81
45301 701
45305 1033
45313 1174
45317 11
45325 620
45329 279
45337 111
45341 632
45349 62
45361 781
45373 120
45377 160
45385 1051
45389 118
45405 167
45413 576
45421 179
45433 10
45445 876
45461 581
45469 2
45473 14
45481 676
45497 113
45509 83
45513 4
45521 898
45533 125
45541 513
45545 4
45553 15
45557 95
45565 1233
45569 21
45585 162
45589 68
45613 931
45617 57
45621 8
45625 718
45641 118
45665 724
45673 2
45685 301
45697 2
45713 254
45721 575
45729 32
45737 42
45757 150
45765 145
45769 62
45781 599
45785 11
45797 4
45805 198
45821 19
45833 48
45841 36
45845 672
45853 17
45865 77
45869 75
45877 202
45889 41
45893 139
45901 145
45905 535
45909 387
45913 446
45917 505
45929 698
45945 478
45965 714
45985 454
45989 458
46001 256
46017 698
46033 86
46045 11
46049 562
46061 330
46073 14
46085 802
46089 42
46093 85
46105 150
46109 63
46121 64
46125 712
46133 204
46141 322
46153 13
46157 72
46169 1035
46177 213
46181 1
46205 87
46213 101
46217 784
46225 272
46229 13
46237 12
46241 120
46261 49
46269 541
46289 54
46309 1
46313 197
46325 735
46337 25
46349 110
46369 10
46377 48
46381 44
46385 353
46393 56
46405 222
46421 6
46429 208
46441 48
46449 521
46477 23
46485 212
46489 16
46501 331
46513 356
46517 629
46525 293
46537 404
46553 527
46561 163
46573 429
46589 413
46597 567
46601 91
46625 850
46637 17
46649 30
46657 444
46661 39
46665 400
46681 18
46685 186
46693 473
46697 13
46701 36
46705 63
46733 601
46737 15
46745 301
46769 57
46773 28
46777 742
46801 184
46813 99
46817 82
46825 559
46829 261
46877 571
46889 48
46901 1
46909 57
46917 347
46925 123
46933 521
46945 209
46985 137
46993 401
46997 26
47009 204
47017 3
47021 10
47041 19
47045 148
47057 438
47069 6
47081 53
47097 11
47105 151
47125 731
47129 580
47137 253
47149 218
47153 3
47161 26
47165 375
47185 604
47189 7
47197 322
47205 118
47209 469
47221 69
47225 78
47233 72
47237 406
47241 80
47269 587
47273 323
47281 29
47285 43
47293 101
47305 471
47309 99
47345 613
47349 89
47353 252
47365 115
47385 2
47389 592
47413 63
47417 49
47437 867
47457 20
47473 201
47477 16
47485 8
47489 782
47501 36
47513 22
47525 307
47529 35
47545 604
47549 5
47573 3
47581 57
47605 595
47609 73
47617 143
47645 53
47657 49
47665 5
47669 845
47673 1
47681 25
47693 30
47701 7
47713 53
47737 329
47741 202
47745 133
47749 51
47753 195
47765 202
47777 9
47781 128
47797 1
47801 374
47809 265
47813 23
47821 63
47825 437
47853 553
47857 75
47869 12
47885 877
47889 22
47917 40
47921 543
47933 13
47961 409
47965 291
47969 29
47981 9
47997 7
48005 372
48017 16
48025 76
48029 27
48033 21
48037 23
48049 248
48053 581
48061 43
48069 19
48073 10
48105 624
48109 117
48113 35
48121 38
48137 289
48145 6
48149 42
48161 557
48177 14
48193 40
48197 1
48221 637
48229 222
48253 47
48265 22
48285 619
48305 61
48313 4
48325 131
48353 364
48361 142
48365 309
48373 301
48385 157
48397 9
48401 182
48421 195
48425 322
48445 283
48473 414
48497 34
48501 207
48505 404
48529 56
48541 451
48569 2
48581 775
48589 6
48593 1
48605 34
48617 6
48625 557
48637 39
48665 391
48673 726
48677 26
48717 25
48725 697
48733 14
48745 11
48749 27
48753 280
48757 18
48781 631
48821 29
48841 533
48845 290
48861 6
48865 26
48869 20
48877 13
48889 3
48893 23
48905 407
48913 15
48929 18
48933 17
48941 207
48969 11
48973 475
48985 259
48989 131
48997 145
49009 120
49025 296
49033 18
49041 93
49045 429
49069 294
49097 334
49109 7
49121 178
49129 305
49141 52
49145 86
49157 8
49165 396
49169 5
49177 7
49185 23
49193 4
49201 330
49205 373
49213 9
49237 10
49249 419
49253 54
49257 8
49277 3
49285 237
49297 557
49325 20
49349 509
49361 13
49365 42
49369 45
49373 251
49405 405
49421 9
49429 9
49433 5
49457 8
49465 697
49477 14
49481 42
49505 37
49517 3
49529 402
49561 154
49589 10
49597 494
49601 22
49613 207
49617 210
49625 89
49633 25
49637 54
49645 2
49653 94
49661 120
49669 280
49673 112
49681 24
49697 223
49725 277
49745 239
49757 291
49765 72
49793 250
49825 223
49833 318
49853 9
49873 97
49877 409
49905 12
49909 197
49925 483
49957 5
49977 542
49985 82
49993 2
49997 293
50005 14
50033 409
50089 194
50093 205
50101 11
50125 2
50157 233
50185 179
50225 241
50245 144
50249 239
50257 131
50269 55
50285 216
50297 230
50305 88
50329 116
50333 7
50357 224
50373 194
50389 285
50425 306
50453 340
50461 4
50465 288
50497 73
50509 300
50537 188
50557 463
50609 401
50625 181
50665 243
50717 221
50725 234
50773 5
50789 120
50813 132
50857 129
50877 3
50881 152
50885 141
50893 110
50905 75
50913 122
50921 25
50929 179
50941 81
50965 175
50993 169
51005 222
51017 76
51025 170
51061 143
51085 296
51097 1
51101 127
51125 37
51145 174
51169 214
51193 250
51237 46
51245 139
51257 196
51301 126
51349 243
51353 26
51361 102
51425 107
51445 191
51493 133
51521 125
51525 173
51533 90
51545 200
51561 38
51565 229
51581 43
51605 78
51633 139
51641 178
51649 71
51665 113
51701 63
51721 188
51741 99
51757 45
51785 93
51805 104
51833 96
51869 59
51885 81
51893 132
51941 103
51985 294
52001 106
52065 65
52081 257
52105 1
52133 156
52165 117
52169 150
52177 80
52181 315
52189 74
52205 172
52225 84
52249 53
52277 50
52281 144
52285 115
52309 46
52345 26
52361 180
52385 33
52393 56
52429 29
52445 190
52477 58
52505 87
52529 68
52533 196
52585 95
52621 36
52625 149
52645 158
52709 174
52721 224
52741 3
52777 119
52813 44
52817 180
52821 126
52825 83
52837 25
52849 93
52853 43
52873 20
52897 11
52925 200
52957 12
52993 13
53005 155
53033 122
53077 15
53089 222
53125 12
53145 25
53177 164
53233 98
53261 9
53269 133
53293 85
53357 59
53365 127
53381 2
53425 61
53465 93
53469 2
53497 115
53549 1
53569 102
53573 168
53577 1
53609 7
53645 5
53653 196
53677 21
53685 22
53729 14
53737 123
53777 13
53825 85
53829 37
53885 67
53905 2
53917 76
53945 79
54009 21
54013 105
54077 59
54113 76
54149 101
54217 18
54225 91
54305 112
54385 5
54389 74
54433 9
54477 37
54485 24
54541 30
54569 14
54601 41
54665 34
54733 7
54765 1
54805 84
54881 61
54961 55
55045 51
55093 12
55133 31
55145 5
55201 1
55225 1
55321 1
55393 11
55421 5
55465 32
55541 37
55621 25
55705 25
55793 13
55989 1
56057 5
56129 21
56205 30
56285 10
56369 26
56457 17
56549 36
56657 2
56725 12
56797 45
56873 38
56953 26
57037 20
57125 26
57217 68
57313 2
57329 1
57397 29
57413 7
57469 73
57545 31
57625 6
57709 9
57797 141
57889 34
57985 7
58005 9
58073 10
58085 7
58145 58
58221 28
58301 5
58385 11
58473 8
58565 7
58661 15
58753 2
58761 1
58825 12
58901 9
58981 3
