N J h mean_R_sq err_mean_R_sq mean_R_gyr_sq err_mean_R_gyr_sq 
1000 0.68 0 2825 84 543.195 7.50343
0 18574173
1 37184101
2 37343921
3 37433256
4 37652386
5 37789181
6 37877981
7 37872276
8 37847081
9 37790602
10 37795422
11 37711207
12 37530571
13 37307216
14 37151987
15 36882317
16 36625159
17 36329016
18 35993955
19 35638566
20 35207449
21 34735308
22 34252953
23 33746535
24 33220410
25 32694169
26 32107262
27 31529864
28 30996654
29 30486699
30 29955768
31 29373074
32 28752429
33 28161303
34 27509674
35 26891421
36 26299168
37 25682731
38 25116604
39 24583541
40 24015073
41 23443056
42 22848494
43 22213354
44 21636231
45 21071267
46 20496490
47 19922435
48 19312797
49 18751992
50 18191659
51 17588587
52 17006534
53 16436712
54 15869572
55 15266160
56 14687929
57 14141011
58 13590366
59 13085307
60 12624454
61 12135473
62 11626701
63 11148831
64 10647057
65 10159236
66 9644658
67 9167755
68 8717938
69 8301633
70 7862834
71 7437777
72 7024724
73 6634631
74 6287763
75 5927603
76 5596310
77 5271907
78 4953029
79 4634438
80 4325806
81 4041143
82 3788393
83 3532005
84 3275634
85 3058433
86 2827256
87 2616275
88 2408117
89 2230503
90 2052346
91 1892286
92 1733592
93 1588238
94 1448960
95 1342308
96 1239100
97 1129062
98 1042051
99 943453
100 858166
101 773420
102 701359
103 640417
104 579917
105 527968
106 484495
107 444790
108 407762
109 372922
110 334973
111 302235
112 277622
113 251960
114 225304
115 204995
116 190525
117 171663
118 156276
119 137913
120 123663
121 109509
122 98550
123 86166
124 80116
125 71023
126 60934
127 55049
128 50187
129 42454
130 39157
131 34780
132 31370
133 27708
134 24097
135 19126
136 16193
137 14540
138 11792
139 9495
140 7256
141 5928
142 4414
143 3268
144 2773
145 1941
146 1554
147 1292
148 829
149 618
150 413
151 309
152 156
153 123
154 130
155 106
156 68
157 86
158 12
159 4
