N J h mean_R_sq err_mean_R_sq mean_R_gyr_sq err_mean_R_gyr_sq 
2000 0.67 0 8231 573 1415.78 65.892
0 5941313
1 11880374
2 11955717
3 11975897
4 11976001
5 12020102
6 12008363
7 11994389
8 12015817
9 11988431
10 11992747
11 12010942
12 12063606
13 12084768
14 12092513
15 12104153
16 12082196
17 12049801
18 12005698
19 11996466
20 11952161
21 11947929
22 11868092
23 11824298
24 11742616
25 11650517
26 11570272
27 11481493
28 11412001
29 11288231
30 11178339
31 11041883
32 10978627
33 10858398
34 10778244
35 10671564
36 10559011
37 10450413
38 10391353
39 10307668
40 10167163
41 10096343
42 10045497
43 9942976
44 9822353
45 9683663
46 9557513
47 9454613
48 9340127
49 9212003
50 9105968
51 9000223
52 8862766
53 8725625
54 8575727
55 8430551
56 8334563
57 8157271
58 8015890
59 7876328
60 7692274
61 7565455
62 7479887
63 7347399
64 7209213
65 7077226
66 6964169
67 6843790
68 6747631
69 6669290
70 6577639
71 6479274
72 6404984
73 6305180
74 6212328
75 6147851
76 6062041
77 5963839
78 5882005
79 5785913
80 5655269
81 5522935
82 5446166
83 5374019
84 5281215
85 5206954
86 5078619
87 4961178
88 4873206
89 4770039
90 4659117
91 4566407
92 4488986
93 4402209
94 4302722
95 4208091
96 4112978
97 4009431
98 3935422
99 3832038
100 3732238
101 3628677
102 3532829
103 3451174
104 3362382
105 3277879
106 3191204
107 3117939
108 3045867
109 2960791
110 2882750
111 2832043
112 2760632
113 2699771
114 2609726
115 2510947
116 2418315
117 2320700
118 2259905
119 2193039
120 2118353
121 2055369
122 2005605
123 1960393
124 1879286
125 1815842
126 1742677
127 1706376
128 1659311
129 1594787
130 1531166
131 1480461
132 1424113
133 1385159
134 1341514
135 1305311
136 1270545
137 1226973
138 1188745
139 1140505
140 1090844
141 1054469
142 1011953
143 974291
144 927527
145 876915
146 846061
147 807372
148 771895
149 736885
150 696053
151 655859
152 628673
153 595083
154 552551
155 517616
156 478189
157 447218
158 417779
159 389094
160 363146
161 339582
162 319047
163 295688
164 270279
165 249098
166 228334
167 210509
168 193282
169 180332
170 166749
171 154951
172 142370
173 132307
174 123285
175 117717
176 104493
177 95401
178 91009
179 87297
180 77700
181 73938
182 67397
183 62419
184 58353
185 55558
186 50576
187 47010
188 41493
189 40180
190 37925
191 35861
192 34290
193 32347
194 29431
195 28338
196 26868
197 25808
198 26260
199 27294
200 26330
201 26151
202 25807
203 24986
204 25343
205 23720
206 22877
207 23201
208 21950
209 23791
210 23003
211 23907
212 23131
213 21860
214 20388
215 19567
216 19230
217 17711
218 16827
219 15166
220 13854
221 12504
222 10314
223 9140
224 7354
225 6581
226 5320
227 6021
228 5572
229 4677
230 3757
231 3624
232 3043
233 2746
234 2231
235 2027
236 1752
237 1611
238 1436
239 1117
240 883
241 612
242 385
243 491
244 509
245 455
246 523
247 322
248 229
249 209
250 124
251 70
252 31
253 23
254 3
