N J h mean_R_sq err_mean_R_sq mean_R_gyr_sq err_mean_R_gyr_sq 
2000 0.667 0 7290 332 1311.88 34.8249
0 5941626
1 11913517
2 11913538
3 11925817
4 11926603
5 11930952
6 11905443
7 11948599
8 11954472
9 11988385
10 11951233
11 11926449
12 11942052
13 11923303
14 11923283
15 11942683
16 11913569
17 11873552
18 11835659
19 11822082
20 11838470
21 11772502
22 11754942
23 11695058
24 11662552
25 11660595
26 11584194
27 11532578
28 11462529
29 11430687
30 11414444
31 11345631
32 11270693
33 11199596
34 11112840
35 10990683
36 10910537
37 10820002
38 10724685
39 10628341
40 10539014
41 10402314
42 10276043
43 10122667
44 9962583
45 9860513
46 9733748
47 9615797
48 9478656
49 9375442
50 9272165
51 9141536
52 9037142
53 8911323
54 8802604
55 8678738
56 8599815
57 8516593
58 8409614
59 8316473
60 8227016
61 8143083
62 8052319
63 7978903
64 7885801
65 7779294
66 7676998
67 7579427
68 7460405
69 7323514
70 7184895
71 7042936
72 6875675
73 6723652
74 6585676
75 6416511
76 6280534
77 6144943
78 6006405
79 5860876
80 5739626
81 5605697
82 5508939
83 5396469
84 5308806
85 5174018
86 5063592
87 4954908
88 4826196
89 4727615
90 4617189
91 4539066
92 4444054
93 4322179
94 4230285
95 4134278
96 4045538
97 3951861
98 3849681
99 3766762
100 3635484
101 3523257
102 3432364
103 3314965
104 3239659
105 3161806
106 3082849
107 2973522
108 2886914
109 2801999
110 2735780
111 2635599
112 2555172
113 2494264
114 2440539
115 2351295
116 2300477
117 2236360
118 2144895
119 2062756
120 1986162
121 1915386
122 1833527
123 1748722
124 1679392
125 1596624
126 1516167
127 1425865
128 1357048
129 1296249
130 1225604
131 1157617
132 1102905
133 1046275
134 988231
135 933571
136 877549
137 833403
138 794277
139 752489
140 724356
141 696266
142 660013
143 627152
144 593927
145 560950
146 536041
147 495595
148 464245
149 437553
150 403490
151 379709
152 358373
153 336304
154 318197
155 299621
156 278789
157 264583
158 251353
159 236768
160 223641
161 213374
162 201107
163 191116
164 180846
165 178778
166 170157
167 159870
168 149885
169 137867
170 126411
171 115229
172 105916
173 96484
174 83554
175 74867
176 66553
177 57625
178 49974
179 45691
180 41734
181 37403
182 33623
183 31327
184 27750
185 23116
186 20610
187 19456
188 17481
189 16187
190 14194
191 13965
192 13941
193 12747
194 11673
195 8786
196 7020
197 6217
198 5661
199 4225
200 3906
201 3180
202 2504
203 2281
204 2097
205 1604
206 1194
207 839
208 806
209 643
210 739
211 384
212 176
213 160
214 133
215 87
216 81
217 31
218 5
219 7
