0.79 -2.08145 50720000000
133.231 0.459112
1 163043001
2 216195153
3 214993841
4 241322893
5 233400839
6 251552836
7 244202885
8 259634874
9 253899682
10 264927556
11 261519528
12 269818249
13 266794586
14 273706810
15 270935092
16 276847785
17 274359438
18 279088069
19 276631603
20 280738479
21 278512896
22 282060815
23 279815899
24 282826371
25 280562906
26 282952725
27 280713817
28 282923534
29 280878317
30 282666770
31 280662558
32 282117947
33 280089011
34 281296332
35 279341505
36 280256369
37 278201161
38 278940599
39 277002743
40 277507367
41 275526261
42 276017895
43 274055472
44 274341235
45 272306510
46 272402241
47 270376208
48 270529045
49 268596681
50 268291540
51 266563768
52 266251029
53 264395975
54 264105323
55 262346544
56 261832664
57 259993346
58 259575227
59 257687705
60 257150931
61 255413321
62 254686211
63 252836535
64 251960236
65 250160990
66 249546857
67 247944685
68 247025204
69 245220753
70 244224609
71 242439585
72 241551260
73 239874311
74 238865394
75 237039194
76 236019869
77 234359205
78 233515786
79 231776242
80 230608081
81 229123890
82 227978284
83 226313718
84 225264528
85 223646778
86 222634670
87 220712854
88 219805512
89 218278039
90 217173606
91 215546543
92 214503485
93 212828027
94 211814566
95 210399650
96 209202354
97 207725604
98 206432780
99 204912271
100 203661974
101 202162190
102 201025335
103 199427567
104 198265717
105 196616892
106 195446292
107 193909513
108 192778227
109 191432964
110 190332979
111 188610054
112 187549444
113 185922993
114 184898959
115 183519700
116 182466294
117 180844306
118 179738138
119 178363920
120 177064471
121 175778746
122 174778409
123 173373313
124 172365724
125 171019612
126 169956333
127 168601051
128 167758427
129 166411418
130 165625208
131 164016446
132 162952095
133 161443462
134 160463058
135 159161787
136 158207602
137 156856659
138 156043585
139 154804094
140 153831135
141 152755887
142 151698307
143 150417273
144 149526854
145 148201140
146 147174032
147 145996380
148 144922505
149 143911029
150 142892892
151 141748783
152 140827998
153 139657351
154 138628869
155 137557495
156 136448633
157 135340133
158 134420325
159 133305558
160 132469540
161 131307339
162 130428480
163 129467004
164 128498707
165 127422535
166 126735916
167 125599426
168 124647790
169 123720520
170 122766921
171 121801458
172 120889601
173 119820073
174 119058841
175 118105689
176 117140593
177 116321745
178 115310349
179 114299367
180 113433484
181 112408881
182 111679764
183 110662531
184 109701445
185 108751020
186 108013687
187 106952965
188 106139231
189 105158443
190 104371433
191 103457487
192 102708586
193 101819692
194 101181122
195 100267366
196 99743723
197 98743722
198 98203343
199 97256672
200 96467662
201 95422374
202 94819812
203 93902139
204 93102893
205 92482611
206 91627213
207 90872090
208 90227674
209 89392558
210 88603047
211 88015995
212 87193616
213 86443825
214 85661410
215 84903841
216 84395780
217 83573268
218 83039331
219 82136397
220 81657656
221 80746289
222 80104917
223 79374319
224 78756998
225 78044820
226 77402647
227 76651892
228 76116322
229 75416711
230 74768531
231 74100127
232 73641965
233 72996038
234 72302374
235 71699095
236 71089233
237 70512354
238 69807716
239 69189658
240 68606192
241 68073373
242 67353530
243 66847118
244 66264120
245 65737572
246 65133576
247 64579519
248 63984632
249 63543214
250 63085738
251 62541068
252 62061402
253 61441213
254 60996320
255 60406663
256 59922732
257 59473148
258 58938743
259 58457505
260 57921929
261 57474503
262 56919207
263 56465154
264 56071073
265 55514291
266 55120223
267 54688589
268 54224772
269 53749149
270 53293349
271 52854187
272 52332755
273 51923181
274 51540819
275 51087110
276 50625344
277 50238683
278 49765356
279 49250084
280 48860905
281 48463102
282 48021035
283 47618895
284 47270333
285 46929141
286 46507751
287 46016788
288 45664731
289 45420174
290 44952881
291 44652473
292 44251944
293 43798108
294 43363467
295 43020975
296 42656845
297 42299579
298 41848275
299 41447639
300 41124561
301 40815096
302 40446932
303 40105734
304 39818938
305 39443309
306 39136225
307 38768918
308 38378742
309 38049822
310 37714658
311 37237817
312 36897357
313 36536690
314 36261247
315 36005730
316 35651395
317 35357922
318 35068781
319 34728835
320 34465350
321 34138204
322 33805201
323 33526708
324 33314997
325 32931247
326 32560574
327 32323334
328 32022895
329 31687969
330 31463361
331 31214696
332 30988962
333 30660004
334 30357658
335 30082070
336 29874217
337 29575521
338 29217307
339 29047652
340 28726420
341 28458538
342 28215174
343 27963560
344 27675144
345 27482763
346 27200009
347 27041461
348 26764112
349 26627206
350 26335591
351 26091758
352 25834055
353 25583418
354 25378701
355 25210653
356 24943017
357 24755045
358 24595673
359 24329593
360 24158076
361 23908884
362 23707203
363 23503572
364 23248316
365 23148564
366 22864450
367 22650402
368 22431606
369 22246880
370 22050954
371 21847556
372 21678041
373 21522104
374 21344724
375 21110244
376 20952531
377 20777668
378 20602349
379 20500779
380 20297857
381 20072545
382 19864958
383 19674372
384 19429104
385 19326616
386 19179914
387 18968451
388 18744372
389 18588161
390 18434599
391 18218455
392 18136795
393 17988994
394 17825745
395 17658854
396 17513790
397 17367732
398 17223727
399 17164523
400 17006382
401 16884557
402 16706369
403 16584296
404 16407754
405 16274387
406 16123916
407 16011014
408 15877273
409 15778812
410 15625216
411 15563122
412 15393022
413 15213059
414 15078029
415 14875069
416 14765945
417 14578079
418 14444243
419 14304594
420 14216078
421 14111925
422 13993531
423 13850634
424 13744661
425 13589817
426 13512029
427 13355435
428 13221703
429 13102540
430 13020643
431 12889340
432 12824383
433 12709094
434 12603593
435 12479559
436 12385604
437 12237383
438 12138429
439 12051151
440 11876491
441 11788740
442 11611439
443 11566626
444 11398531
445 11378782
446 11254290
447 11137806
448 10999418
449 10917051
450 10822681
451 10780215
452 10678742
453 10610746
454 10542432
455 10405853
456 10286761
457 10206612
458 10134120
459 9980832
460 9871659
461 9736255
462 9645432
463 9572862
464 9428824
465 9301859
466 9261008
467 9214134
468 9079227
469 8963724
470 8897979
471 8834732
472 8745305
473 8651089
474 8545017
475 8478536
476 8385417
477 8302864
478 8216218
479 8142706
480 8109854
481 7987959
482 7947782
483 7836329
484 7793365
485 7711821
486 7661980
487 7582531
488 7537816
489 7466495
490 7388409
491 7336938
492 7281908
493 7220172
494 7140751
495 7082427
496 7013775
497 6948815
498 6906495
499 6817726
500 6764382
501 6678970
502 6620450
503 6538484
504 6493923
505 6424523
506 6363122
507 6289289
508 6281419
509 6192712
510 6134130
511 6092763
512 5984223
513 5939397
514 5884941
515 5839192
516 5764652
517 5727977
518 5659974
519 5647171
520 5562619
521 5568317
522 5496502
523 5458827
524 5394612
525 5340045
526 5271364
527 5222065
528 5166288
529 5114607
530 5049528
531 4999611
532 4940186
533 4894888
534 4852117
535 4796820
536 4758182
537 4716582
538 4701400
539 4664828
540 4621222
541 4564112
542 4568944
543 4476610
544 4498915
545 4443098
546 4386292
547 4354110
548 4306448
549 4246982
550 4195036
551 4176175
552 4112851
553 4078505
554 4032978
555 3982789
556 3940537
557 3894330
558 3842458
559 3780678
560 3753061
561 3756749
562 3701991
563 3708482
564 3653058
565 3631336
566 3572723
567 3541709
568 3535880
569 3481670
570 3455302
571 3415759
572 3395182
573 3339697
574 3323981
575 3289687
576 3289897
577 3240443
578 3207638
579 3179341
580 3147916
581 3104667
582 3104553
583 3055992
584 3017115
585 2978050
586 2946251
587 2911727
588 2889301
589 2847799
590 2838043
591 2824712
592 2784777
593 2732835
594 2708740
595 2685319
596 2668252
597 2660206
598 2628277
599 2606833
600 2572915
601 2552639
602 2501256
603 2473853
604 2421881
605 2412131
606 2399558
607 2359783
608 2325367
609 2292888
610 2273874
611 2255220
612 2247094
613 2228758
614 2219768
615 2201372
616 2188091
617 2171008
618 2156713
619 2147839
620 2112140
621 2119149
622 2100306
623 2091722
624 2036171
625 2015207
626 1992346
627 1975196
628 1936941
629 1931860
630 1890764
631 1899196
632 1848215
633 1858219
634 1819397
635 1810955
636 1803611
637 1775577
638 1778997
639 1754759
640 1727944
641 1723927
642 1693768
643 1684186
644 1665986
645 1664278
646 1649967
647 1640974
648 1632608
