0.84 -2.15601 50720000000
63.8479 0.184938
1 527203995
2 671016269
3 640729225
4 703818817
5 657847993
6 696890113
7 655508846
8 687253200
9 654107728
10 672468795
11 647744120
12 658609683
13 636914724
14 644829050
15 624572549
16 629477976
17 610816217
18 613931383
19 596935999
20 598384757
21 582635946
22 582780486
23 567796570
24 567193250
25 552897258
26 551671597
27 537973706
28 535705500
29 523359845
30 521095639
31 508939642
32 505858175
33 494258789
34 491274614
35 480299853
36 476785903
37 466254052
38 462783604
39 452502961
40 448854221
41 439438608
42 435414778
43 426149820
44 421829631
45 412854076
46 408851481
47 400325474
48 396528219
49 388061892
50 384177009
51 376388367
52 372633083
53 364668211
54 360847948
55 353676655
56 350104152
57 342851622
58 339238879
59 332052465
60 328367121
61 321627365
62 318256406
63 311661866
64 308105566
65 301832533
66 298241588
67 292232623
68 289023144
69 283058756
70 280011434
71 274272991
72 271035711
73 265744392
74 262549079
75 257302157
76 254026794
77 248955554
78 245821100
79 241107191
80 238121327
81 233595091
82 230570661
83 225947199
84 223220829
85 218807236
86 216058583
87 211785685
88 209169936
89 205084001
90 202606084
91 198711401
92 196105159
93 192059345
94 189618931
95 185672320
96 183235042
97 179495320
98 177331502
99 173735124
100 171578975
101 168218667
102 166009826
103 162738775
104 160469259
105 157520816
106 155288889
107 152311371
108 150311711
109 147419308
110 145328605
111 142854922
112 140766550
113 138351938
114 136310651
115 133721683
116 131582552
117 129560098
118 127515517
119 125113830
120 123392811
121 121246579
122 119449531
123 117376493
124 115661445
125 113717204
126 111966446
127 110202624
128 108270016
129 106493171
130 104719757
131 103092873
132 101539304
133 99651450
134 98092332
135 96428506
136 94877686
137 93089409
138 91517907
139 90150722
140 88662937
141 87171938
142 85635496
143 84106644
144 82696849
145 81257202
146 79961172
147 78746323
148 77477011
149 76309692
150 75064167
151 73902056
152 72842366
153 71481770
154 70433678
155 69050769
156 67913118
157 66608534
158 65731863
159 64635394
160 63804401
161 62625355
162 61625586
163 60515839
164 59623146
165 58745966
166 57867148
167 56634617
168 55625607
169 54785447
170 53842780
171 53048558
172 52181212
173 51281901
174 50306481
175 49505533
176 48520944
177 47834431
178 46976760
179 46141952
180 45356980
181 44665734
182 43943152
183 43134692
184 42385734
185 41736905
186 41074352
187 40258058
188 39754869
189 39163322
190 38627796
191 37951445
192 37324082
193 36698919
194 36166926
195 35512254
196 34975606
197 34324813
198 33765229
199 33180771
200 32747931
201 32038319
202 31536701
203 30974078
204 30568363
205 30055459
206 29603047
207 29062746
208 28542243
209 27986820
210 27475408
211 26968963
212 26518509
213 26030543
214 25653642
215 25234905
216 24908194
217 24398936
218 24093332
219 23700798
220 23377381
221 23011305
222 22597132
223 22176827
224 21847323
225 21438957
226 21126616
227 20841648
228 20556329
229 20192296
230 19868159
231 19540704
232 19280907
233 18927202
234 18639064
235 18340245
236 18172564
237 17741749
238 17523980
239 17165772
240 16936024
241 16552792
242 16364670
243 16058835
244 15805884
245 15542865
246 15189670
247 14804042
248 14622902
249 14360782
250 14246284
251 14006146
252 13807762
253 13525532
254 13343986
255 13125166
256 12928580
257 12717114
258 12472034
259 12287666
260 12188486
261 11941148
262 11775975
263 11538446
264 11329064
265 11119621
266 11125883
267 10799634
268 10722763
269 10521219
270 10467878
271 10283204
272 10122309
273 9907034
274 9776458
275 9609903
276 9538148
277 9212126
278 9104340
279 8950412
280 8898380
281 8688498
282 8632018
283 8443042
284 8349273
285 8209312
286 8034853
287 7905432
288 7748468
289 7619987
290 7393901
291 7380339
292 7232572
293 7106935
294 6953891
295 6872227
296 6722607
297 6606633
298 6513996
299 6426883
300 6400566
301 6225753
302 6188698
303 6055691
304 6002870
305 5855844
306 5852943
307 5694034
308 5591087
309 5455688
310 5362623
311 5306126
312 5225147
313 5122116
314 5162287
315 4962003
316 4912648
317 4769627
318 4805528
319 4643901
320 4757346
321 4581500
322 4669494
323 4484554
324 4550582
325 4303218
326 4298795
327 4231544
328 4177453
329 4118470
330 4075259
331 3986344
332 3946339
333 3935469
334 3847523
335 3760073
336 3630113
337 3600072
338 3503587
339 3472915
340 3420450
341 3347321
342 3292928
343 3240726
344 3184278
345 3100372
346 3096599
347 3008062
348 2980083
349 2907828
350 2870211
351 2797524
352 2746964
353 2719705
354 2684810
355 2647429
356 2605461
357 2530058
358 2508785
359 2459767
360 2436922
361 2433167
362 2416453
363 2356340
364 2316531
365 2242377
366 2265129
367 2195928
368 2176390
369 2157539
370 2082209
371 2049780
372 2020468
373 1988516
374 1946715
375 1923242
376 1879211
377 1793007
378 1829569
379 1745418
380 1701094
381 1661697
382 1632709
383 1615259
384 1646892
385 1607623
386 1630948
387 1563880
388 1555627
389 1546103
390 1479321
391 1453257
392 1405284
393 1369050
394 1377818
395 1334264
396 1352595
397 1278837
398 1265770
399 1252902
400 1234838
401 1224735
402 1216437
403 1193440
404 1166234
405 1123584
406 1130712
407 1114255
408 1105278
409 1084749
410 1081694
411 1068896
412 1079709
413 1039791
414 1021477
415 990255
416 986950
417 978836
418 953448
419 951836
420 943715
421 947935
422 900745
423 897583
424 874880
425 863819
426 840002
427 838194
428 799187
429 802052
430 785527
431 805588
432 789445
433 801878
434 802977
435 780485
436 759917
437 729703
438 745365
439 695056
440 677100
441 672637
442 665798
443 651713
444 635082
445 635416
446 603946
447 579073
448 558270
449 549906
450 536631
451 507315
452 505244
453 489095
454 489023
455 482041
456 472822
457 463526
458 472851
459 459613
460 466384
461 453117
462 444527
463 414271
464 396878
465 395019
466 375737
467 391210
468 371540
469 371721
470 365749
471 368941
472 357086
473 356996
474 339572
475 340428
476 334358
477 316818
478 305565
479 319684
480 306853
481 308038
482 287080
483 282019
484 283282
485 264350
486 261131
487 253994
488 249495
489 231630
490 255731
491 240673
492 243750
493 235302
494 234945
495 223084
496 218852
497 210380
498 214568
499 201409
500 206350
501 198418
502 202389
503 194065
504 193308
505 190168
506 190888
507 192448
508 191895
509 194004
510 195716
511 184803
512 189703
513 190882
514 185050
515 176625
516 174948
517 165100
518 171931
519 163740
520 166654
521 155028
522 159679
523 145904
524 142608
525 143833
526 133490
527 131868
528 130327
529 129998
530 124167
531 133149
532 123953
533 127894
534 115995
535 113706
536 111730
537 108029
538 106385
539 100389
540 93617
541 94815
542 96024
543 93706
544 93173
545 87069
546 94629
547 94088
548 96168
549 89783
550 94572
551 93034
552 97646
553 83097
554 86031
555 85075
556 78209
557 83072
558 79771
559 89465
560 83826
561 88113
562 83920
563 93190
564 80336
565 81953
566 73586
567 79300
568 80525
569 77104
570 73471
571 73208
572 71835
573 72851
574 69314
575 70013
576 68075
577 60867
578 64152
579 58196
580 61277
581 63278
582 63190
583 67622
584 67171
585 67054
586 64834
587 55979
588 54666
589 52205
590 50981
591 54124
592 51201
593 50947
594 45717
595 44606
596 46420
597 48868
598 45856
599 45239
600 43075
601 40137
602 41099
603 38139
604 34798
605 34704
606 35745
607 39836
608 42334
609 36830
610 41436
611 40656
612 36853
613 38118
614 39504
615 37133
616 40885
617 34946
618 38023
619 34564
620 33254
621 30745
622 33067
623 33240
624 35801
625 38424
626 39897
627 36175
628 32693
629 29588
630 30835
631 30540
632 31293
633 30377
634 32095
635 32930
636 32186
637 29942
638 28906
639 29372
640 30984
641 31535
642 28728
643 31164
644 31962
645 28573
646 29615
647 29877
648 32152
