0.87 -2.194 50720000000
97.893 1.97581
1 0 0 0 0 0 0 0.000311288 0.000213474 1 5.1461e-09 0.000311288 0.000213474 
2 0.70133 0.000136988 1 5.11106e-09 1 5.11106e-09 0.000229907 0.000236539 0.850665 6.84941e-05 0.000229907 0.000236539 
3 1.40246 0.000263186 2.98324 0.000539983 11.9329 0.00215993 7.27326e-05 0.000265941 0.75424 0.000110475 9.24319e-05 0.000257661 
4 2.52462 0.000344731 8.46126 0.00142219 105.537 0.0241201 -9.40009e-05 0.000311569 0.742213 9.24547e-05 -3.76791e-05 0.000302858 
5 3.37572 0.000518844 14.106 0.00296367 283.789 0.0819016 0.000105132 0.000352299 0.695582 0.000124623 0.000215164 0.000331954 
6 4.59769 0.00076428 25.1723 0.00557702 901.469 0.288612 0.000214414 0.00037583 0.692111 0.000128766 0.000317626 0.00035396 
7 5.49819 0.00082951 34.9111 0.00793303 1668.13 0.55213 6.54028e-05 0.000369641 0.657216 0.000129435 0.000120751 0.000337674 
8 6.78923 0.00107183 52.3087 0.0139877 3704.98 1.6299 3.05437e-05 0.000420882 0.658519 0.000140057 6.61426e-05 0.000403605 
9 7.77897 0.00103959 67.5976 0.0150346 6045.43 2.14323 -0.000127679 0.000466496 0.633782 0.00015334 -8.00511e-05 0.0004447 
10 9.05516 0.00126909 90.5718 0.0211333 10672.1 3.87527 -0.000220176 0.000468719 0.632684 0.000151434 -0.00027643 0.000416791 
11 10.1311 0.00132843 112.312 0.0255008 16155.9 6.09241 -0.000150279 0.000474039 0.615638 0.000163457 -0.000164694 0.000423758 
12 11.4208 0.00148732 141.712 0.0324699 25398.2 9.85727 -0.000361778 0.000460421 0.614476 0.000170294 -0.000327868 0.000404008 
13 12.5241 0.00163705 169.243 0.0392015 35710.5 15.3567 -0.000479898 0.00049656 0.600263 0.000179622 -0.000449151 0.000437314 
14 13.8464 0.00192887 205.894 0.0514552 52384.5 24.9551 -0.000522309 0.000517191 0.600182 0.000192213 -0.000501182 0.000446988 
15 14.9731 0.00210464 239.54 0.0611766 70092 31.5807 -0.000202048 0.000530222 0.58785 0.000199359 -0.00018462 0.000466385 
16 16.3109 0.00229007 283.228 0.0759113 97224.1 52.0542 0.000274076 0.00054922 0.588027 0.000231765 0.000256969 0.000471589 
17 17.4682 0.00252108 323.596 0.0863615 125746 59.7922 -6.22508e-05 0.000570595 0.577536 0.000221693 -5.26508e-05 0.000489424 
18 18.8163 0.00278376 374.437 0.10314 167294 83.1748 0.000123528 0.000655938 0.577735 0.000228247 0.000171039 0.000546019 
19 19.9928 0.00294907 421.424 0.115941 210251 104.839 1.03649e-05 0.000664212 0.568565 0.000235676 0.000145056 0.000554295 
20 21.3561 0.00324855 479.834 0.137733 271178 143.615 -0.000177446 0.000705808 0.569129 0.000250836 -0.000117003 0.000598455 
21 22.5454 0.00344442 533.433 0.153959 332915 177.337 -0.000433525 0.000727651 0.560659 0.000251679 -0.000448546 0.000594761 
22 23.9203 0.00376343 599.443 0.178922 418608 230.308 -0.000192287 0.000777378 0.561189 0.000268865 -0.000273233 0.000655534 
23 25.1238 0.00378974 659.859 0.189009 504217 268.132 -0.000598179 0.000710318 0.553728 0.000262618 -0.000604021 0.000592431 
24 26.5064 0.00442772 733.408 0.232111 620499 361.34 -0.000630649 0.000757643 0.554186 0.000272014 -0.000624734 0.000634781 
25 27.7284 0.0044558 801.164 0.247726 736702 431.108 -0.000580018 0.000723964 0.547557 0.000302697 -0.000476981 0.000598503 
26 29.1211 0.00500103 882.587 0.293869 891131 563.15 -0.000261204 0.000766224 0.54815 0.000329901 -0.000319419 0.000638773 
27 30.3571 0.00497314 957.624 0.300418 1.04437e+06 619.406 -0.000824358 0.000822706 0.541981 0.00029588 -0.00081427 0.000680806 
28 31.7509 0.0056033 1046.5 0.356347 1.24371e+06 805.795 -0.000601184 0.00084117 0.542369 0.00041713 -0.000558125 0.000706068 
29 33.0018 0.00581498 1129.05 0.384185 1.44182e+06 928.385 -0.00106509 0.000818432 0.536959 0.000345413 -0.000859733 0.000687439 
30 34.4051 0.00595006 1226 0.407157 1.6957e+06 1062.93 -0.000947594 0.000857195 0.537424 0.000399824 -0.000739835 0.000709981 
31 35.6595 0.00652331 1315.51 0.478317 1.9455e+06 1428.13 -0.00117238 0.000851679 0.532101 0.000394979 -0.000928269 0.000694587 
32 37.0778 0.00662592 1421.1 0.484729 2.26515e+06 1473.9 -0.00135106 0.000851045 0.53311 0.000379399 -0.00108826 0.000715533 
33 38.3433 0.00691561 1518.14 0.531553 2.57655e+06 1727.73 -0.00100363 0.000892951 0.528231 0.0003729 -0.000738603 0.000733103 
34 39.7669 0.00735369 1631.86 0.585717 2.97118e+06 2045.89 -0.00177059 0.000946213 0.529307 0.000397118 -0.00142443 0.000765495 
35 41.0377 0.00721288 1736.16 0.593774 3.35301e+06 2217.15 -0.00150858 0.000932234 0.524471 0.000394836 -0.00122745 0.000768613 
36 42.4645 0.00852305 1857.87 0.735446 3.83282e+06 3007.88 -0.000947823 0.00094598 0.525373 0.000444551 -0.000834877 0.000761259 
37 43.7456 0.00847187 1970 0.744043 4.29815e+06 3394.5 -0.00107284 0.00104031 0.521012 0.000461316 -0.000949903 0.000840958 
38 45.1871 0.00916595 2100.81 0.838653 4.87977e+06 3823.13 -0.00122355 0.00104555 0.522262 0.000413351 -0.00112106 0.00085502 
39 46.4791 0.00931371 2220.96 0.884336 5.44059e+06 4322.24 -0.00111244 0.00103947 0.518374 0.00048008 -0.00104166 0.000849964 
40 47.9159 0.0102861 2359.23 1.00178 6.12986e+06 5115.35 -0.00130785 0.00105805 0.519305 0.000565166 -0.00102371 0.000843389 
41 49.2109 0.0107649 2486.72 1.08816 6.79466e+06 5959.07 -0.00158247 0.00104703 0.51567 0.000534342 -0.00128964 0.000849532 
42 50.6543 0.0123771 2633.56 1.28418 7.61053e+06 7411.81 -0.00115676 0.00110958 0.516352 0.00055329 -0.000925111 0.000911853 
43 51.9636 0.0112324 2769.72 1.21653 8.40037e+06 7670.45 -0.00143342 0.00110904 0.513231 0.000555098 -0.00122303 0.000900862 
44 53.4106 0.0114916 2924.88 1.24249 9.35546e+06 7862.67 -0.00201711 0.00116498 0.513757 0.000517918 -0.00166457 0.000977371 
45 54.7262 0.0117286 3069.04 1.3068 1.02818e+07 8742.52 -0.00185257 0.00118529 0.510557 0.000495651 -0.00160372 0.000965338 
46 56.1725 0.0121876 3232.19 1.39526 1.13905e+07 9834.06 -0.00211126 0.00142226 0.511025 0.000520763 -0.00174622 0.00113356 
47 57.484 0.0121274 3383.06 1.40977 1.24566e+07 10246.6 -0.00239149 0.00125226 0.508113 0.000548939 -0.00201745 0.000992464 
48 58.9471 0.014659 3556.18 1.76863 1.37485e+07 13757.5 -0.00270201 0.00124843 0.509115 0.000622366 -0.00243115 0.00101828 
49 60.2825 0.0141257 3717.32 1.7262 1.49984e+07 13919.5 -0.00248702 0.00125892 0.506435 0.000537078 -0.00221331 0.00107024 
50 61.7334 0.0143697 3897.1 1.82659 1.64662e+07 15786.3 -0.00240918 0.00128031 0.506896 0.000583886 -0.00214952 0.00103074 
51 63.0667 0.0137533 4065.45 1.76079 1.78929e+07 15787.3 -0.00222865 0.00126812 0.504196 0.000587624 -0.0018549 0.00101624 
52 64.5214 0.0147671 4253.95 1.98742 1.95728e+07 19098.8 -0.0014119 0.00138332 0.504752 0.000610134 -0.0012854 0.00110708 
53 65.8546 0.0169476 4429.63 2.25491 2.11915e+07 21375.3 -0.00179295 0.0013368 0.501873 0.000572625 -0.00165521 0.0010652 
54 67.3176 0.0160455 4627.46 2.18322 2.31083e+07 21615.5 -0.00138413 0.00141886 0.502739 0.000580145 -0.00132702 0.00122067 
55 68.6475 0.0154504 4810.1 2.14824 2.49333e+07 22264.4 -0.0019487 0.0014853 0.500221 0.000537626 -0.00172711 0.00127941 
56 70.1222 0.0163665 5017.71 2.3276 2.7109e+07 25048 -0.00217473 0.00149601 0.500974 0.000567664 -0.00183799 0.00122658 
57 71.474 0.016686 5211.22 2.41818 2.92056e+07 27081.2 -0.00197763 0.00182076 0.498778 0.000565926 -0.00157371 0.00144454 
58 72.9363 0.0188539 5425.17 2.84252 3.16244e+07 34231.3 -0.00146525 0.00148051 0.499376 0.000595943 -0.00141671 0.00117194 
59 74.2967 0.0176161 5627.71 2.69617 3.39943e+07 33538.2 -0.00290056 0.0018437 0.497369 0.000572863 -0.0025974 0.00152871 
60 75.7736 0.0205268 5852.12 3.18888 3.67268e+07 40737.9 -0.00157653 0.00165669 0.498244 0.000614564 -0.00138407 0.00133112 
61 77.1285 0.018693 6061.51 2.92936 3.93629e+07 38373.3 -0.00128062 0.00155912 0.496159 0.000585728 -0.00114197 0.00129 
62 78.5968 0.0199207 6293.01 3.19075 4.23926e+07 43402.4 -0.00145269 0.00150754 0.496716 0.000606967 -0.00116628 0.00120496 
63 79.9446 0.0194372 6508.83 3.11842 4.53056e+07 43427.9 -0.00198069 0.00159268 0.494035 0.000598498 -0.00177698 0.00127739 
64 81.4302 0.0202535 6751.54 3.35793 4.87116e+07 48897.7 -0.00149194 0.00173836 0.495258 0.000602985 -0.00120541 0.00150287 
65 82.801 0.0201485 6978.9 3.38633 5.20005e+07 50679.4 -0.00143864 0.00171014 0.493477 0.000626184 -0.00119775 0.00140102 
66 84.2895 0.0222386 7230.67 3.80917 5.57831e+07 59510.1 -0.000157496 0.00178112 0.494244 0.00064329 -3.62713e-06 0.00140585 
67 85.6609 0.0243608 7465.94 4.21522 5.9418e+07 66743.7 -0.000737198 0.00171151 0.492007 0.000636047 -0.000418868 0.00136199 
68 87.139 0.0238868 7724.35 4.26767 6.35618e+07 71735.8 -8.38622e-05 0.0018899 0.492692 0.000667913 3.71984e-05 0.00155344 
69 88.5301 0.02357 7971.19 4.23272 6.76351e+07 71766.9 -0.00118911 0.00175005 0.491186 0.000705539 -0.000931735 0.00148214 
70 90.019 0.0270071 8240.37 5.01304 7.22482e+07 91096 -0.00112818 0.00192104 0.49217 0.000713717 -0.000862393 0.00158985 
71 91.3926 0.0245576 8491.43 4.56585 7.66411e+07 83046.3 -0.00150985 0.00202544 0.490124 0.000705425 -0.00127799 0.00166963 
72 92.8827 0.0250213 8769.39 4.72728 8.17054e+07 89019.8 -0.000702753 0.00232742 0.49106 0.000685356 -0.000483057 0.00199327 
73 94.2766 0.0289248 9032.76 5.5353 8.66274e+07 106432 -0.000671959 0.00210943 0.48948 0.000800208 -0.000450752 0.0018047 
74 95.7773 0.0272466 9321.09 5.32669 9.21952e+07 107403 -0.000481111 0.00212164 0.490709 0.000756404 -0.000255319 0.00180735 
75 97.1495 0.0295808 9588.47 5.8515 9.75012e+07 120599 -0.00055357 0.00211616 0.488956 0.000785898 -0.000398364 0.00173076 
76 98.6718 0.0315034 9889.89 6.41637 1.03675e+08 139461 0.000854596 0.00224347 0.48989 0.00082072 0.000945415 0.00175368 
77 100.039 0.0311744 10163.6 6.38091 1.09404e+08 142946 0.000155435 0.00229839 0.487793 0.000831099 0.0003209 0.00187596 
78 101.558 0.0302939 10473.1 6.26163 1.16119e+08 153932 0.00158456 0.00213934 0.489164 0.00079745 0.00145496 0.00178076 
79 102.912 0.0335082 10751.7 7.00055 1.22275e+08 175354 -0.000183867 0.00241724 0.486915 0.000846078 -1.31677e-05 0.0019918 
80 104.419 0.0346812 11067.6 7.35956 1.29512e+08 173896 0.000512749 0.00201431 0.488038 0.000868466 0.000434356 0.00166316 
81 105.819 0.0370104 11364.5 8.19614 1.36471e+08 209113 -4.21747e-05 0.00247268 0.48676 0.000986367 -0.00016486 0.002121 
82 107.312 0.0382196 11685.8 8.67434 1.44226e+08 231842 0.000403635 0.00239809 0.487321 0.000966928 2.89227e-05 0.00186882 
83 108.717 0.0351342 11991.5 7.77664 1.51773e+08 199910 0.00113915 0.00215425 0.485827 0.000872308 0.00056627 0.00170811 
84 110.236 0.0392622 12327.7 9.01267 1.60346e+08 246511 0.000990128 0.00229911 0.486597 0.000904717 0.000343603 0.0018466 
85 111.625 0.0389655 12637.5 8.80397 1.68371e+08 259583 -0.000352887 0.00227953 0.485171 0.000961104 -0.000608696 0.0017979 
86 113.159 0.0409877 12985.8 9.3852 1.77715e+08 257149 -0.00182798 0.00238744 0.486193 0.000987625 -0.00177485 0.00185391 
87 114.54 0.0426724 13302.4 10.1802 1.86361e+08 298454 -0.000304222 0.00245041 0.484584 0.000985783 -0.000672335 0.0019959 
88 116.103 0.0454173 13666.8 10.9077 1.96665e+08 324357 0.00023657 0.00259585 0.486122 0.00095445 6.18711e-05 0.00215061 
89 117.489 0.0537689 13992.7 12.8474 2.06025e+08 379234 -0.000498984 0.00273751 0.484669 0.00101058 -0.000815953 0.00202161 
90 118.996 0.0436975 14352.6 10.5356 2.16691e+08 315635 -0.000926009 0.0025052 0.485463 0.000985963 -0.000809598 0.00180695 
91 120.445 0.0506024 14702.2 12.411 2.27266e+08 387342 -0.00127651 0.00257755 0.484637 0.00097193 -0.00126204 0.00197349 
92 121.932 0.0394284 15065.3 9.76674 2.38508e+08 313204 -0.00280573 0.00280081 0.484675 0.000954629 -0.00224124 0.00202135 
93 123.321 0.0453693 15408.8 11.3783 2.49409e+08 368405 -0.00184696 0.00249797 0.483295 0.000967685 -0.00162855 0.00187899 
94 124.854 0.0425247 15792.4 10.6334 2.61875e+08 346403 -0.00183443 0.00294697 0.48443 0.000994276 -0.00163002 0.00212799 
95 126.286 0.0481171 16155.6 12.1802 2.73993e+08 413588 -0.00227501 0.00277991 0.483661 0.00110228 -0.00217841 0.00197786 
96 127.762 0.0489324 16533.1 12.6843 2.86807e+08 454371 -0.000701321 0.00279098 0.483779 0.00115847 -0.000939862 0.00208567 
97 129.2 0.0530568 16905.8 13.9069 2.99783e+08 497098 -0.00156747 0.00268957 0.482861 0.00112956 -0.00187841 0.00209097 
98 130.708 0.0557083 17300.3 14.9199 3.13781e+08 555133 -0.00329642 0.00309523 0.483338 0.00108497 -0.00298064 0.00229848 
99 132.145 0.0496452 17681.2 13.2513 3.27633e+08 498221 -0.0016651 0.00343808 0.482318 0.00121979 -0.00161413 0.00255137 
100 133.646 0.0553455 18082.3 15.1377 3.42481e+08 584776 -0.0020747 0.00298818 0.482711 0.00113254 -0.00190697 0.00218841 
101 135.048 0.051926 18461.5 14.2234 3.5685e+08 553496 -0.000805472 0.00268085 0.480558 0.00118319 -0.000851609 0.00206909 
102 136.607 0.0537016 18889.8 14.8897 3.73562e+08 596684 -0.0033655 0.00281717 0.482513 0.00118701 -0.00311752 0.00217951 
103 138.023 0.0522147 19280.8 14.6755 3.8899e+08 602428 -0.00287257 0.0031712 0.481232 0.00121046 -0.0027161 0.00243581 
104 139.581 0.0555608 19717.5 15.8157 4.06752e+08 674512 -0.00336593 0.00277449 0.482114 0.00128208 -0.00322939 0.00213952 
105 140.969 0.0549544 20108.9 15.8544 4.22834e+08 686131 -0.00160688 0.00289392 0.480355 0.00123922 -0.00157198 0.00220316 
106 142.512 0.052409 20549.6 15.2173 4.41446e+08 672402 -0.000757599 0.00277882 0.481556 0.00118559 -0.00133476 0.00214725 
107 143.933 0.0549312 20959.1 16.0205 4.59019e+08 710177 -0.00123481 0.00296558 0.479956 0.00126471 -0.00106988 0.00235264 
108 145.456 0.0546193 21403.4 16.1939 4.7855e+08 737705 -0.000746977 0.00318103 0.480464 0.00122607 -0.00144539 0.00241508 
109 146.893 0.0589369 21826.4 17.6395 4.97481e+08 818525 -0.00167378 0.00304952 0.480233 0.00129077 -0.00221764 0.00234266 
110 148.412 0.058491 22278.7 17.5804 5.18197e+08 823877 -0.000392814 0.00336032 0.480037 0.00137513 -0.00105206 0.00239983 
111 149.792 0.0558281 22692.2 17.0444 5.37385e+08 820337 -0.00157732 0.00322782 0.478381 0.00120033 -0.00154359 0.00252153 
112 151.31 0.0557667 23153.1 17.1305 5.59318e+08 837880 -0.00166933 0.00326185 0.478707 0.00125332 -0.002178 0.0025401 
113 152.797 0.0708218 23608.7 21.6767 5.81395e+08 1.05605e+06 -0.00252749 0.00349509 0.478774 0.00133025 -0.0027429 0.00262597 
114 154.307 0.0647898 24075 20.3512 6.04338e+08 1.03573e+06 -0.00275032 0.00339266 0.478673 0.00122633 -0.00252334 0.00262357 
115 155.785 0.0594273 24536.7 18.8027 6.27578e+08 977538 -0.00186643 0.00321205 0.478444 0.00123625 -0.00217068 0.00251719 
116 157.271 0.0682017 25005 21.7136 6.51549e+08 1.13374e+06 -0.000334957 0.00347919 0.47886 0.00143237 -0.00054195 0.00273681 
117 158.73 0.0681953 25468.9 21.6096 6.75762e+08 1.12504e+06 0.00223059 0.00339691 0.47854 0.00122717 0.00143238 0.00271707 
118 160.241 0.0636552 25954.6 21.0689 7.01649e+08 1.18076e+06 0.00198614 0.00341793 0.479148 0.00151546 0.00103688 0.00273149 
119 161.72 0.0655359 26433.7 21.5568 7.27583e+08 1.20666e+06 0.000668327 0.0032631 0.478888 0.00124263 0.000406584 0.00258203 
120 163.189 0.0647089 26914.8 21.4375 7.54151e+08 1.21769e+06 0.000339758 0.00323959 0.478534 0.00140534 -0.000119456 0.00260689 
121 164.651 0.0683401 27395.8 22.9264 7.81005e+08 1.3327e+06 0.000718466 0.00341988 0.478078 0.0012743 0.000373929 0.002782 
122 166.238 0.0760216 27926.4 25.9937 8.11542e+08 1.56999e+06 -0.000763474 0.00362121 0.479036 0.00149454 -0.000643664 0.00298833 
123 167.67 0.0717495 28407.3 24.561 8.39522e+08 1.50159e+06 -0.00030947 0.00374428 0.478472 0.00137082 -0.000651575 0.00299201 
124 169.22 0.0887465 28932.6 31.348 8.70601e+08 2.01889e+06 0.000351414 0.00400941 0.479305 0.00162498 -0.00023257 0.00338116 
125 170.573 0.0878811 29392.5 31.0111 8.97964e+08 1.97596e+06 -0.00147185 0.00390214 0.477493 0.00164724 -0.00162926 0.00308671 
126 172.122 0.102614 29928.1 36.3744 9.30895e+08 2.35171e+06 -0.000373316 0.0039752 0.477856 0.00197265 -0.0011712 0.00331275 
127 173.539 0.0858508 30420.2 30.2547 9.61452e+08 1.93428e+06 -0.000643121 0.00407689 0.477102 0.00142573 -0.00111219 0.00329111 
128 175.139 0.119609 30981.9 42.9714 9.97065e+08 2.8533e+06 -0.000362785 0.00493435 0.478333 0.00173623 -0.000812407 0.00403497 
129 176.592 0.0927868 31494.9 33.2637 1.02996e+09 2.23239e+06 0.00213933 0.00394319 0.47764 0.00159576 0.000688749 0.00291425 
130 178.177 0.108161 32062 39.8375 1.06732e+09 2.77764e+06 0.00141942 0.00410053 0.478505 0.00180945 -0.000239255 0.00360339 
131 179.546 0.0856914 32551.6 31.0539 1.09949e+09 2.10224e+06 0.00120854 0.00416659 0.477116 0.00156787 -0.00014988 0.00313203 
132 181.122 0.087283 33125 31.9622 1.13852e+09 2.20171e+06 0.00282432 0.00402844 0.477797 0.00158241 0.00115603 0.00317321 
133 182.587 0.103207 33660.9 37.9564 1.1754e+09 2.63379e+06 0.0064121 0.0041279 0.477752 0.00169085 0.0040791 0.00326091 
134 184.092 0.110121 34216.3 41.2172 1.21424e+09 2.96556e+06 0.00267774 0.00451424 0.477546 0.00196201 0.0012151 0.00350854 
135 185.525 0.098955 34748.7 37.0667 1.25202e+09 2.67555e+06 0.0068391 0.00386535 0.476615 0.00154195 0.00461015 0.00303919 
136 187.132 0.105956 35351 40.1399 1.29549e+09 2.94997e+06 0.00625309 0.00413576 0.477308 0.0016326 0.00381613 0.0029853 
137 188.566 0.108007 35891.9 41.2446 1.33503e+09 3.09028e+06 0.00420005 0.00414765 0.475796 0.00150847 0.00269966 0.00316752 
138 190.082 0.0973619 36468.3 37.5822 1.37781e+09 2.8741e+06 0.00273652 0.00448799 0.476027 0.00176206 0.00111193 0.00352856 
139 191.583 0.107038 37044.1 41.8735 1.42134e+09 3.28773e+06 0.00179528 0.0043532 0.475379 0.00152306 0.000492885 0.00315781 
140 193.111 0.10556 37634.4 41.4861 1.46657e+09 3.28294e+06 0.00293197 0.00426212 0.47648 0.00151952 0.000684782 0.00336136 
141 194.638 0.114675 38232.3 45.3669 1.51356e+09 3.64691e+06 0.00243948 0.00436909 0.477099 0.00181862 0.00107498 0.00324754 
142 196.203 0.104298 38845.8 41.2081 1.56199e+09 3.31231e+06 0.00577294 0.00424139 0.477977 0.00194061 0.00270786 0.00336815 
143 197.721 0.111515 39448.2 45.292 1.61066e+09 3.83124e+06 0.00765486 0.00500673 0.477481 0.00224442 0.00420126 0.00396036 
144 199.142 0.0937003 40014.3 37.7592 1.65671e+09 3.13557e+06 0.00581939 0.00446615 0.475921 0.00212714 0.0024203 0.00348553 
145 200.708 0.102299 40646.1 41.441 1.70953e+09 3.5931e+06 0.00651136 0.00435879 0.477298 0.00212368 0.00428996 0.00337067 
146 202.219 0.120132 41257.6 50.1853 1.76085e+09 4.49888e+06 0.00551521 0.00536482 0.477417 0.00200874 0.00323808 0.0041597 
147 203.619 0.12398 41828.2 52.0622 1.80949e+09 4.71563e+06 0.00388124 0.00509748 0.476241 0.00191673 0.00199029 0.00390409 
148 205.205 0.11724 42478.6 48.2596 1.86551e+09 4.18148e+06 0.00532605 0.00600171 0.477647 0.00202201 0.00283311 0.00461933 
149 206.756 0.100251 43121.8 42.4327 1.92227e+09 4.17314e+06 0.00463177 0.00503942 0.477559 0.00184346 0.00214633 0.00393428 
150 208.313 0.111824 43770.7 47.0395 1.97998e+09 4.27154e+06 0.00546274 0.00484719 0.479431 0.00197719 0.00233504 0.00378397 
151 209.773 0.118339 44385.1 50.8048 2.03581e+09 4.80284e+06 0.00572837 0.00500228 0.477712 0.00190104 0.0030382 0.00400942 
152 211.278 0.100707 45021.8 43.2013 2.0942e+09 4.08135e+06 0.00383307 0.00487291 0.478279 0.00192553 0.000748255 0.00393386 
153 212.761 0.101048 45654.6 44.2644 2.15331e+09 4.37553e+06 0.00325763 0.00463691 0.476417 0.00179946 0.00146063 0.00361475 
154 214.303 0.118419 46315.5 51.9862 2.21546e+09 5.11969e+06 0.00175011 0.00468285 0.477926 0.00212653 -9.78254e-05 0.00371129 
155 215.764 0.134779 46947.6 59.3883 2.27608e+09 5.91672e+06 0.000198 0.0045414 0.475546 0.00220131 -0.000844901 0.00359268 
156 217.289 0.130722 47611.5 58.7622 2.34054e+09 6.08625e+06 6.08786e-05 0.00453088 0.476253 0.00196485 -0.000934855 0.00351774 
157 218.91 0.133936 48322.6 60.1261 2.41064e+09 6.24938e+06 0.00152818 0.00561751 0.47791 0.00209537 1.88233e-05 0.00397169 
158 220.493 0.113404 49023.3 51.0889 2.48088e+09 5.35104e+06 0.00233923 0.00483739 0.47883 0.00191754 0.000566617 0.00393799 
159 221.91 0.10979 49654.1 49.4978 2.54494e+09 5.16861e+06 -0.000301728 0.00565536 0.476991 0.00198668 -0.00123544 0.00412301 
160 223.371 0.124742 50305.2 56.0013 2.61113e+09 5.78784e+06 -0.000585285 0.00453002 0.476819 0.00188144 -0.00157633 0.00362615 
161 224.829 0.140309 50962.1 62.6909 2.67943e+09 6.41688e+06 -0.00239596 0.00522887 0.47688 0.00189256 -0.00281928 0.00424528 
162 226.491 0.161289 51717.2 73.7116 2.7591e+09 7.87438e+06 -0.00448024 0.00483729 0.478534 0.00194424 -0.00536511 0.00374945 
163 227.927 0.163484 52374.5 75.1295 2.82966e+09 8.12619e+06 -0.00517935 0.00551436 0.477605 0.0025416 -0.00460839 0.00421822 
164 229.504 0.171626 53099.4 80.0775 2.908e+09 8.90329e+06 -0.00513569 0.00548251 0.478008 0.00289518 -0.00471265 0.00445494 
165 231.009 0.177245 53797.8 83.9282 2.98504e+09 9.60263e+06 -0.00575408 0.00548017 0.478473 0.00302035 -0.00495513 0.00443358 
166 232.638 0.16503 54558.6 77.7661 3.06997e+09 8.82624e+06 -0.00617511 0.00592588 0.47892 0.00259811 -0.00572038 0.00505226 
167 234.083 0.172983 55235 83.3184 3.14582e+09 9.84967e+06 -0.00363244 0.00565969 0.478609 0.00240455 -0.00306329 0.00457282 
168 235.649 0.153656 55972.9 73.5085 3.22954e+09 8.61294e+06 -0.00505477 0.00597646 0.478254 0.00258579 -0.0044355 0.00500026 
169 237.088 0.151891 56656.4 71.8602 3.30843e+09 8.27878e+06 -0.00360123 0.00540378 0.478214 0.00210215 -0.00321155 0.00430898 
170 238.738 0.169366 57445.1 81.8739 3.40059e+09 9.80465e+06 -0.00435428 0.0052308 0.479105 0.00244337 -0.00355465 0.00409013 
171 240.197 0.152837 58149 74.0104 3.48435e+09 8.88672e+06 -0.00324386 0.00584043 0.478997 0.00224081 -0.0037721 0.00467293 
172 241.731 0.164865 58892.5 80.8235 3.57368e+09 9.93e+06 -0.00426887 0.0057675 0.478607 0.00225172 -0.00355707 0.00456205 
173 243.252 0.142716 59631.6 71.6839 3.66301e+09 9.28913e+06 -0.00561938 0.00622496 0.478653 0.00263714 -0.00541715 0.00502087 
174 244.891 0.153149 60437.5 77.3764 3.76253e+09 1.01515e+07 -0.00456228 0.00608075 0.480261 0.00242916 -0.00358562 0.00493373 
175 246.334 0.140345 61146.8 69.8119 3.85003e+09 8.91391e+06 -0.00401003 0.00623734 0.47899 0.00240551 -0.00326901 0.0052347 
176 247.837 0.143744 61892.6 72.2621 3.94395e+09 9.35099e+06 -0.00241621 0.00691182 0.478781 0.00242449 -0.00178877 0.0055169 
177 249.301 0.171627 62623.8 85.739 4.03712e+09 1.09314e+07 -0.00104009 0.0100466 0.47864 0.00263893 -0.0005833 0.00793811 
178 250.834 0.192296 63394.4 97.8364 4.13679e+09 1.29361e+07 -0.00185019 0.00937426 0.478082 0.00266555 -0.00101426 0.00731773 
179 252.406 0.17109 64188.8 87.137 4.24025e+09 1.15432e+07 -0.00147547 0.00930334 0.47896 0.00294426 -0.00154065 0.00734177 
180 254.031 0.196397 65014.6 101.665 4.34931e+09 1.38956e+07 -0.000460114 0.00979516 0.479266 0.00303623 -0.000346794 0.00764411 
181 255.416 0.170503 65724.8 88.8548 4.44473e+09 1.23027e+07 0.000441094 0.00971661 0.47732 0.00313756 0.000164764 0.00771032 
182 257.121 0.198075 66600 103.735 4.56241e+09 1.45157e+07 0.00124169 0.00913658 0.478756 0.00374232 0.0010864 0.00714393 
183 258.535 0.191017 67334.2 99.4442 4.66367e+09 1.37672e+07 7.2582e-05 0.006618 0.478706 0.00291551 -0.000485468 0.00544582 
184 260.157 0.179675 68175.8 93.7214 4.77926e+09 1.3363e+07 -0.00259651 0.00799091 0.479661 0.0033288 -0.0014124 0.00618875 
185 261.715 0.227028 68996.3 121.147 4.89539e+09 1.75864e+07 5.03184e-05 0.00833821 0.479612 0.00345196 0.000135747 0.00686358 
186 263.273 0.213743 69816.1 114.435 5.01134e+09 1.66742e+07 -0.0038865 0.00878647 0.480179 0.00326106 -0.00315555 0.00703203 
187 264.869 0.212798 70670 118.081 5.13616e+09 1.85893e+07 0.00382342 0.00900049 0.481326 0.00327583 0.00304335 0.00729174 
188 266.346 0.199513 71457.4 110.296 5.25041e+09 1.72478e+07 -0.000817086 0.00928534 0.480832 0.00308489 -0.00137962 0.00775929 
189 267.975 0.264085 72334.4 149.015 5.38037e+09 2.42457e+07 0.0012893 0.0106993 0.481445 0.00366197 0.00147665 0.00904984 
190 269.474 0.197267 73138.4 108.765 5.49827e+09 1.68812e+07 -0.00113002 0.0079515 0.480289 0.00318418 -0.00112625 0.00691348 
191 270.871 0.204196 73894.5 114.551 5.61144e+09 1.84897e+07 0.00235355 0.00683292 0.480225 0.00306815 0.00167107 0.00581413 
192 272.481 0.198912 74774.3 111.116 5.74551e+09 1.77375e+07 0.00364015 0.00743324 0.480061 0.00326814 0.00191494 0.0061498 
193 273.92 0.201886 75563.2 113.894 5.86648e+09 1.85769e+07 -0.000452496 0.00711413 0.479336 0.00317615 1.34165e-05 0.00580973 
194 275.645 0.203127 76514.9 114.77 6.01386e+09 1.86546e+07 0.000192057 0.00719957 0.481974 0.00328057 -0.000212825 0.00562601 
195 277.069 0.252899 77305.7 143.491 6.13859e+09 2.34767e+07 -0.00300237 0.00783607 0.480809 0.00378437 -0.00325615 0.00569001 
196 278.756 0.205561 78251.4 117.696 6.29013e+09 1.96059e+07 0.00472511 0.00791138 0.482439 0.00339495 0.00331646 0.00594355 
197 280.243 0.190272 79082 109.247 6.4223e+09 1.83713e+07 0.00456682 0.00869068 0.482156 0.00341267 0.00236046 0.0066955 
198 281.794 0.212574 79961.1 123.801 6.56644e+09 2.125e+07 0.0033565 0.00826981 0.48217 0.00355879 0.000856821 0.00656936 
199 283.402 0.207863 80872.5 120.679 6.7159e+09 2.0697e+07 0.0031672 0.00890025 0.484149 0.00375339 0.000757962 0.00716241 
200 284.981 0.244494 81771.8 141.624 6.86458e+09 2.41144e+07 0.00519388 0.0100083 0.483573 0.00368959 0.00316453 0.00814369 
201 286.398 0.211362 82584.3 123.453 7.00086e+09 2.1375e+07 -2.409e-05 0.0110656 0.483587 0.00402154 -0.00174948 0.00903774 
202 288.022 0.290437 83523.5 170.469 7.1609e+09 2.97789e+07 0.00140072 0.0100323 0.48457 0.0046005 0.000245517 0.00810427 
203 289.418 0.240636 84333.2 142.272 7.29997e+09 2.52464e+07 -0.000719703 0.00851519 0.483552 0.00370285 -0.00154732 0.00684773 
204 291.025 0.271559 85268.7 161.016 7.46155e+09 2.8725e+07 -0.00244463 0.00891522 0.484132 0.00378442 -0.0019366 0.00683278 
205 292.648 0.245715 86219.4 146.967 7.62782e+09 2.67661e+07 -0.000800664 0.00869035 0.484268 0.00336005 -0.00107032 0.00680543 
206 294.161 0.25988 87113.1 156.419 7.78686e+09 2.88e+07 0.00105205 0.00798228 0.483403 0.00381472 0.000427305 0.00632777 
207 295.636 0.235425 87986.5 142.552 7.94289e+09 2.68585e+07 0.00241709 0.00769473 0.483214 0.00374185 0.000698092 0.00622712 
208 297.177 0.260029 88905.8 162.32 8.10974e+09 3.19905e+07 -3.07002e-05 0.00751568 0.483827 0.00379083 -0.00152145 0.00606314 
209 298.665 0.231294 89790.1 141.227 8.26889e+09 2.70523e+07 -0.00262143 0.00847369 0.4822 0.00356482 -0.00334315 0.00666345 
210 300.179 0.371376 90703.7 231.448 8.43852e+09 4.54909e+07 -0.00437092 0.008926 0.482324 0.00460693 -0.00520906 0.00721412 
211 301.641 0.299419 91586.6 185.668 8.60263e+09 3.62398e+07 -0.00133737 0.00804605 0.481634 0.00406285 -0.0025466 0.00661209 
212 303.244 0.313939 92562.9 198.434 8.7873e+09 4.02485e+07 -0.00144961 0.00841775 0.481662 0.00386672 -0.00344396 0.00684606 
213 304.681 0.331461 93437.5 209.844 8.95219e+09 4.25119e+07 -0.00118065 0.0086763 0.481384 0.00485816 -0.00239602 0.00692053 
214 306.243 0.306539 94396.2 195.128 9.13653e+09 4.01379e+07 -0.001245 0.00826732 0.480797 0.00480115 -0.0025737 0.00676923 
215 307.852 0.340133 95388.2 216.232 9.32833e+09 4.43671e+07 -0.00074337 0.00847583 0.480505 0.00530913 -0.00235554 0.0067797 
216 309.402 0.316563 96349.4 204.558 9.51699e+09 4.34722e+07 -0.00261138 0.00842033 0.48148 0.00461765 -0.00392632 0.00685102 
217 310.668 0.355603 97130.8 228.73 9.66824e+09 4.80643e+07 -0.000813202 0.00954447 0.478384 0.00536913 -0.00345344 0.00760207 
218 312.171 0.273622 98071.2 176.205 9.85578e+09 3.71574e+07 -0.00695496 0.010275 0.478705 0.0035285 -0.00739863 0.00810368 
219 313.831 0.289529 99114 187.452 1.00655e+10 4.03889e+07 -0.00494425 0.0126946 0.480547 0.00389522 -0.0065182 0.00967821 
220 315.305 0.264493 100045 170.459 1.02543e+10 3.60476e+07 -0.0067014 0.0110797 0.479716 0.00348498 -0.00815762 0.00852058 
221 316.877 0.270447 101043 174.084 1.04589e+10 3.67228e+07 -0.00459002 0.0148515 0.479896 0.00345535 -0.00683989 0.010954 
222 318.3 0.246892 101949 158.86 1.06464e+10 3.35428e+07 -0.000437049 0.0148387 0.478775 0.00322118 -0.00302528 0.0106172 
223 319.876 0.260938 102959 171.422 1.08577e+10 3.76366e+07 -0.00326576 0.0162403 0.48032 0.00367824 -0.00485241 0.0119362 
224 321.588 0.270266 104061 177 1.10894e+10 3.86936e+07 -0.00106812 0.0156841 0.481374 0.00380977 -0.00369106 0.0118695 
225 323.018 0.264865 104988 172.684 1.12882e+10 3.74587e+07 -0.00355237 0.0121966 0.481033 0.00357148 -0.00612126 0.00978583 
226 324.692 0.262057 106075 172.337 1.15213e+10 3.80438e+07 -0.00500228 0.0138942 0.481166 0.00374904 -0.00777158 0.0105557 
227 326.181 0.2779 107049 189.838 1.17333e+10 4.47799e+07 -0.00973802 0.00910933 0.481253 0.00377828 -0.0118975 0.00672788 
228 327.838 0.276231 108141 183.601 1.19749e+10 4.13523e+07 -0.00335948 0.00895596 0.481826 0.00357718 -0.00608617 0.00699484 
229 329.366 0.347844 109142 239.647 1.21934e+10 5.74319e+07 -0.000904379 0.0104898 0.48073 0.00419258 -0.00394801 0.00797105 
230 331.301 0.303043 110431 207.89 1.2484e+10 5.1109e+07 0.00297718 0.0110682 0.484314 0.0044458 -0.000141814 0.008713 
231 332.441 0.354776 111181 248.671 1.26498e+10 6.16847e+07 -0.00376163 0.00983606 0.481976 0.00476412 -0.00485935 0.00740009 
232 334.102 0.310354 112301 218.819 1.29087e+10 5.49468e+07 -0.00143934 0.0107653 0.482879 0.00430724 -0.00354612 0.00825479 
233 335.536 0.290196 113257 203.122 1.31249e+10 5.03914e+07 -0.00509296 0.00922062 0.482526 0.00388147 -0.00580351 0.00699802 
234 337.058 0.275842 114293 188.017 1.33687e+10 4.45204e+07 -0.00357433 0.0107136 0.481953 0.00417884 -0.00502599 0.00816516 
235 338.692 0.286913 115394 195.171 1.36235e+10 4.71261e+07 0.00139761 0.010113 0.484365 0.00408824 -0.00250387 0.00755226 
236 340.273 0.302367 116477 211.362 1.38818e+10 5.22695e+07 -0.00254519 0.0109411 0.4847 0.00415712 -0.00528592 0.00824313 
237 341.595 0.307534 117374 211.444 1.40918e+10 5.33156e+07 -0.000201361 0.0118529 0.48128 0.00416873 -0.00379728 0.00899731 
238 343.356 0.317901 118592 220.106 1.43877e+10 5.38341e+07 -0.00139481 0.0121813 0.483457 0.00438835 -0.00262914 0.00884388 
239 344.644 0.325881 119474 231.612 1.45989e+10 5.93882e+07 -0.00453584 0.0118267 0.481116 0.00455676 -0.0069684 0.00841735 
240 346.367 0.32692 120674 232.778 1.48948e+10 6.02235e+07 -0.00557772 0.0111007 0.482197 0.00406554 -0.00794348 0.00813865 
241 347.811 0.392504 121674 279.637 1.5139e+10 7.20558e+07 -0.00789686 0.0105947 0.481715 0.00471509 -0.0106215 0.00772472 
242 349.541 0.332173 122885 235.171 1.54405e+10 6.05733e+07 -0.0122044 0.0125245 0.483564 0.00442048 -0.0142444 0.00906553 
243 351.035 0.353707 123938 250.949 1.5706e+10 6.57324e+07 -0.014085 0.0150515 0.483582 0.00423333 -0.014927 0.0106656 
244 352.466 0.320605 124952 231.235 1.59654e+10 6.11611e+07 -0.0196165 0.014577 0.483955 0.00443879 -0.0206342 0.0107226 
245 354.129 0.327866 126129 235.856 1.62644e+10 6.20573e+07 -0.0211761 0.0141385 0.484963 0.00455522 -0.0212342 0.0102333 
246 355.702 0.340084 127251 247.39 1.6555e+10 6.63826e+07 -0.0199454 0.0131039 0.485074 0.00491789 -0.019981 0.00983402 
247 357.311 0.406478 128401 295.541 1.68539e+10 7.93046e+07 -0.0209557 0.0130112 0.484171 0.00469282 -0.0204709 0.00966009 
248 359.031 0.393798 129639 289.888 1.71797e+10 7.98467e+07 -0.0218264 0.0134726 0.48563 0.00464726 -0.0210816 0.0101525 
249 360.449 0.376651 130657 275.799 1.74469e+10 7.53019e+07 -0.0219599 0.0128603 0.485816 0.00471299 -0.0217724 0.0101169 
250 362.254 0.441596 131970 326.661 1.78e+10 9.0952e+07 -0.0235563 0.0139735 0.485915 0.00564638 -0.0222432 0.0109566 
251 363.809 0.388755 133104 286.188 1.81058e+10 7.88411e+07 -0.0229249 0.0149633 0.486547 0.00519855 -0.0218932 0.0117509 
252 365.301 0.397886 134197 294.63 1.84038e+10 8.21775e+07 -0.0202991 0.0164837 0.487537 0.0049074 -0.0203652 0.0128213 
253 367.093 0.461644 135520 344.896 1.87708e+10 9.78076e+07 -0.022769 0.0148435 0.488732 0.00515554 -0.0219874 0.0114184 
254 368.504 0.522776 136556 390.991 1.90539e+10 1.10889e+08 -0.0217666 0.0146474 0.487035 0.00569157 -0.0210192 0.0114401 
255 370.227 0.449355 137835 337.067 1.94119e+10 9.64415e+07 -0.0256897 0.0134442 0.488546 0.00526026 -0.024642 0.0104006 
256 371.686 0.533669 138912 402.611 1.97106e+10 1.16228e+08 -0.0248109 0.0151683 0.48973 0.00603837 -0.0225371 0.0120644 
257 373.319 0.566702 140136 429.35 2.00592e+10 1.24914e+08 -0.0305938 0.0181512 0.490722 0.00634961 -0.0293491 0.0145426 
258 374.874 0.601914 141296 459.986 2.03879e+10 1.36161e+08 -0.0248252 0.0188401 0.4922 0.00692893 -0.0254321 0.0153596 
259 376.54 0.551324 142566 425.367 2.07628e+10 1.28155e+08 -0.0355558 0.0172708 0.492545 0.00624413 -0.033561 0.0135841 
260 378.171 0.649804 143796 502.95 2.11183e+10 1.52789e+08 -0.0326375 0.0185801 0.492938 0.00699497 -0.0302827 0.0151399 
261 379.645 0.530728 144915 411.876 2.1446e+10 1.2573e+08 -0.027605 0.0156045 0.492959 0.00595536 -0.0268392 0.0127715 
262 381.267 0.487695 146157 378.949 2.1815e+10 1.16029e+08 -0.0273532 0.0166335 0.491168 0.00540031 -0.0259927 0.0133556 
263 382.969 0.592486 147465 464.815 2.22073e+10 1.44865e+08 -0.0232751 0.0191952 0.492614 0.00641108 -0.0231424 0.015285 
264 384.565 0.546583 148694 429.242 2.25782e+10 1.34285e+08 -0.0304122 0.0184081 0.492835 0.00584148 -0.0278618 0.0145156 
265 385.922 0.521075 149738 410.797 2.28925e+10 1.29417e+08 -0.0383571 0.0190606 0.491192 0.00572371 -0.034069 0.0146999 
266 387.524 0.52752 150981 420.816 2.32729e+10 1.35738e+08 -0.032762 0.0193258 0.491269 0.00518204 -0.0281717 0.0151764 
267 389.083 0.526126 152198 416.877 2.36493e+10 1.32638e+08 -0.0305696 0.0170752 0.49113 0.00506891 -0.0271925 0.0136157 
268 390.519 0.455926 153308 360.987 2.39862e+10 1.14946e+08 -0.0251649 0.015967 0.490007 0.00502719 -0.0209674 0.0119997 
269 392.095 0.460056 154553 366.342 2.43804e+10 1.17778e+08 -0.0289458 0.0158082 0.489317 0.00556652 -0.0250088 0.0113374 
270 393.486 0.533449 155639 429.253 2.47171e+10 1.41242e+08 -0.0212596 0.0174548 0.490261 0.0047685 -0.016452 0.0134311 
271 395.164 0.43322 156966 349.379 2.51374e+10 1.15422e+08 -0.021673 0.0190548 0.489768 0.00471695 -0.0191093 0.0147935 
272 396.678 0.430803 158165 348.292 2.55194e+10 1.15593e+08 -0.0211089 0.0195571 0.491949 0.00487172 -0.0185677 0.0151726 
273 398.356 0.46011 159501 374.17 2.59494e+10 1.25527e+08 -0.0224256 0.0170005 0.492471 0.00515732 -0.0195199 0.0133505 
274 399.906 0.527338 160740 432.272 2.63515e+10 1.47215e+08 -0.0242946 0.0154303 0.492726 0.00615986 -0.0222385 0.0117142 
275 401.47 0.488934 162002 399.72 2.67673e+10 1.36043e+08 -0.0228302 0.0150501 0.491224 0.00589821 -0.0202597 0.0116219 
276 402.913 0.459062 163156 376.8 2.7143e+10 1.28913e+08 -0.0214249 0.0150473 0.490432 0.00501797 -0.0189114 0.0117634 
277 404.494 0.530825 164443 437.326 2.75756e+10 1.50527e+08 -0.0227288 0.013453 0.490538 0.00558734 -0.0196722 0.0105638 
278 405.914 0.556229 165594 460.842 2.79584e+10 1.60435e+08 -0.0160142 0.0156114 0.49226 0.00549753 -0.0149569 0.0122038 
279 407.627 0.520584 166995 439.801 2.84336e+10 1.58495e+08 -0.0207242 0.0171403 0.493961 0.00629868 -0.0187742 0.0131959 
280 409.26 0.516444 168326 431.57 2.88824e+10 1.52706e+08 -0.0216079 0.0166239 0.494993 0.00572394 -0.018876 0.0119293 
281 410.788 0.512076 169591 428.264 2.93222e+10 1.52079e+08 -0.0232652 0.020829 0.496308 0.00599006 -0.0211865 0.0160107 
282 412.536 0.468403 171030 390.848 2.98162e+10 1.38223e+08 -0.0223457 0.0195552 0.49687 0.00572846 -0.0198571 0.0148096 
283 414.008 0.514264 172260 430.757 3.02522e+10 1.53507e+08 -0.0179019 0.0221726 0.495218 0.00526395 -0.0166659 0.0167454 
284 415.922 0.513383 173856 433.578 3.08141e+10 1.56858e+08 -0.019529 0.0225222 0.496911 0.00533774 -0.0179929 0.0168378 
285 417.254 0.586636 174970 499.292 3.12107e+10 1.83506e+08 -0.0179999 0.020886 0.494917 0.00573716 -0.0169464 0.0158147 
286 418.765 0.577302 176227 492.68 3.16516e+10 1.82056e+08 -0.007314 0.0175348 0.493135 0.00610135 -0.00777439 0.0133758 
287 420.733 0.66207 177892 569.261 3.22566e+10 2.13749e+08 -0.0100105 0.0167763 0.495256 0.00627705 -0.00969216 0.013348 
288 422.131 0.527961 179064 452.949 3.26728e+10 1.69106e+08 -0.00679011 0.0144067 0.494961 0.0054475 -0.00667027 0.0113387 
289 423.398 0.564592 180139 486.205 3.30656e+10 1.82791e+08 -0.00564842 0.0143217 0.493065 0.00564512 -0.00598707 0.0112972 
290 425.077 0.550989 181564 477.377 3.35856e+10 1.81912e+08 -0.00415992 0.0165013 0.494113 0.0058138 -0.0053326 0.0124586 
291 426.444 0.530831 182722 460.931 3.4007e+10 1.76115e+08 -0.00642849 0.0165296 0.492227 0.00533373 -0.00781608 0.0124402 
292 428.168 0.658798 184215 576.04 3.45749e+10 2.22854e+08 0.00130637 0.0173276 0.494733 0.0056615 -0.000883891 0.0122624 
293 429.482 0.676229 185338 589.403 3.49906e+10 2.26621e+08 0.00191519 0.0164893 0.489769 0.00524539 -0.000892144 0.0112965 
294 431.27 0.600352 186879 526.321 3.55711e+10 2.07604e+08 -0.0040934 0.0180139 0.49312 0.00565339 -0.00428769 0.0129222 
295 432.361 0.561029 187814 495.652 3.5919e+10 1.95543e+08 -0.000346774 0.0176666 0.489301 0.00536982 -0.00333141 0.0126113 
296 434.027 0.561456 189264 497.892 3.64762e+10 1.98044e+08 -0.00253389 0.0212859 0.489526 0.00555193 -0.0040304 0.0153509 
297 436.009 0.584741 191003 513.921 3.71539e+10 2.0139e+08 -0.00750045 0.0181744 0.495423 0.00540354 -0.00769072 0.0133842 
298 436.933 0.535931 191799 473.423 3.74527e+10 1.86987e+08 -0.00688769 0.0245412 0.490583 0.00537228 -0.00888078 0.0179642 
299 438.902 0.472953 193537 419.344 3.81394e+10 1.67321e+08 -0.00744401 0.0233847 0.495917 0.00534877 -0.0098992 0.0173928 
300 440.445 0.540834 194894 487.226 3.86712e+10 1.9959e+08 -0.00190456 0.0218152 0.494205 0.00578052 -0.00503021 0.0160211 
301 442.065 0.606139 196332 547.712 3.92464e+10 2.25212e+08 -0.00595251 0.0172818 0.493673 0.00524367 -0.00745915 0.0121417 
302 443.7 0.757645 197786 684.063 3.9829e+10 2.81606e+08 0.00112198 0.0190795 0.497047 0.00556594 -0.00274992 0.0134545 
303 445.483 0.729289 199382 661.086 4.04773e+10 2.74246e+08 -0.003866 0.0175313 0.497326 0.00528806 -0.00676011 0.0119604 
304 447.246 0.69508 200961 632.819 4.11198e+10 2.64769e+08 0.00429347 0.0219166 0.497404 0.00574932 -0.000119482 0.0154626 
305 448.836 0.815188 202390 745.063 4.1705e+10 3.14401e+08 -0.00532007 0.0174035 0.498304 0.00598875 -0.00927553 0.0120118 
306 450.298 0.774824 203702 706.594 4.22411e+10 2.96957e+08 0.00282737 0.0229175 0.497746 0.00615001 -0.00147363 0.0163477 
307 451.888 0.92887 205136 849.755 4.28312e+10 3.59151e+08 -0.000825539 0.0200692 0.495636 0.00587807 -0.00427618 0.0140122 
308 453.286 0.753025 206396 697.856 4.33506e+10 3.02869e+08 0.000122185 0.0226072 0.495404 0.00632065 -0.0028857 0.0154681 
309 454.949 0.863909 207907 799.399 4.39826e+10 3.4541e+08 -0.00504273 0.0219087 0.495005 0.0061492 -0.00569766 0.0157906 
310 456.305 0.729479 209152 678.914 4.45138e+10 2.97614e+08 -0.00173733 0.0229228 0.492864 0.00668979 -0.00454095 0.0159493 
311 458.111 0.761869 210809 713.924 4.52191e+10 3.16842e+08 -0.00110564 0.0227747 0.495777 0.00661911 -0.00448407 0.0159197 
312 459.459 0.781713 212041 728.611 4.57401e+10 3.20721e+08 -0.00343765 0.0203586 0.494661 0.00686263 -0.00683144 0.0147668 
313 461.348 0.895132 213782 843.6 4.6489e+10 3.78704e+08 -0.0096491 0.0237367 0.494981 0.00699901 -0.0103314 0.0168886 
314 463.018 0.747758 215328 709.252 4.71614e+10 3.23148e+08 -0.00988275 0.0217871 0.498888 0.0070409 -0.00979283 0.0167702 
315 464.441 0.768757 216649 731.382 4.77383e+10 3.35897e+08 -0.00883667 0.024304 0.496332 0.00664417 -0.0080753 0.0174396 
316 466.427 0.840578 218506 801.513 4.85611e+10 3.69271e+08 -0.00716373 0.0247629 0.501407 0.00781386 -0.00758738 0.0184988 
317 468.054 0.812521 220030 780.663 4.92379e+10 3.6519e+08 -0.00483474 0.0234189 0.500117 0.00728273 -0.00262883 0.0177311 
318 469.882 1.00514 221769 976.39 5.00347e+10 4.65738e+08 -0.00283397 0.0276467 0.504094 0.00821541 -0.00166682 0.0207159 
319 471.676 0.930071 223449 904.549 5.07799e+10 4.33726e+08 -0.011257 0.022927 0.502574 0.00827327 -0.0054584 0.0177262 
320 473.134 0.790002 224829 765.365 5.14069e+10 3.63784e+08 -0.00460793 0.0288278 0.502799 0.00781315 -0.0024791 0.0194301 
321 474.442 0.768938 226063 743.979 5.1961e+10 3.52808e+08 -0.0151799 0.026368 0.501532 0.0082054 -0.01273 0.0180374 
322 475.413 0.601628 226966 576.283 5.23554e+10 2.67807e+08 -0.0218867 0.0289815 0.500134 0.00708236 -0.018344 0.0199121 
323 477.378 0.659273 228852 636.452 5.32355e+10 3.00722e+08 -0.0208667 0.0309424 0.502247 0.00711976 -0.0187615 0.020836 
324 478.661 0.691946 230065 671.261 5.37851e+10 3.19417e+08 -0.015207 0.0298039 0.499985 0.00672936 -0.014717 0.019801 
325 480.509 0.679861 231853 664.887 5.46301e+10 3.21094e+08 -0.016064 0.029299 0.502733 0.00665275 -0.0140551 0.0191793 
326 482.267 0.672583 233550 655.031 5.54298e+10 3.14021e+08 -0.0153561 0.0300224 0.504583 0.00698044 -0.0126741 0.0207552 
327 483.315 0.706695 234560 690.847 5.59045e+10 3.33611e+08 -0.0191936 0.0300578 0.505489 0.00691702 -0.0167536 0.0206681 
328 485.049 0.676602 236253 664.732 5.6723e+10 3.2465e+08 -0.0178899 0.0272894 0.504708 0.00691078 -0.0166922 0.0181144 
329 486.565 0.728526 237723 721.198 5.74209e+10 3.57044e+08 -0.0220832 0.0230648 0.504956 0.00676717 -0.0182619 0.0157698 
330 488.424 0.749628 239544 745.459 5.83065e+10 3.72053e+08 -0.0227102 0.028926 0.510062 0.00679513 -0.0195302 0.0201523 
331 489.87 0.707444 240965 703.832 5.89999e+10 3.51705e+08 -0.0269367 0.0268963 0.506143 0.00734218 -0.0218343 0.0188825 
332 491.262 0.698053 242331 695.076 5.96663e+10 3.48689e+08 -0.014973 0.0253917 0.50667 0.00769869 -0.0146542 0.0174383 
333 492.945 0.794269 244007 798.213 6.05063e+10 4.07475e+08 -0.0189937 0.0273389 0.506782 0.0077335 -0.0177303 0.0194183 
334 494.387 0.685591 245426 688.925 6.12018e+10 3.52189e+08 -0.0192428 0.0224416 0.502499 0.00724536 -0.0195164 0.0168568 
335 496.027 0.69818 247052 699.254 6.20109e+10 3.55046e+08 -0.0209341 0.0211891 0.505816 0.00805992 -0.0195946 0.0155795 
336 497.369 0.708597 248379 702.761 6.26655e+10 3.50678e+08 -0.0149521 0.0210343 0.504503 0.00855432 -0.0147824 0.0152193 
337 498.922 0.69536 249924 701.845 6.34398e+10 3.61781e+08 -0.0164727 0.0209948 0.503394 0.00830804 -0.0151772 0.0145498 
338 500.455 0.729342 251455 738.231 6.42116e+10 3.82595e+08 -0.0121845 0.0223041 0.501979 0.00760774 -0.0113352 0.0152658 
339 502.514 0.738576 253527 738.488 6.52739e+10 3.73969e+08 -0.0140236 0.0250736 0.505728 0.00832013 -0.0134885 0.0171708 
340 503.98 0.713648 255012 725.973 6.60421e+10 3.81491e+08 -0.00674247 0.0258518 0.506244 0.00768443 -0.00788511 0.019022 
341 505.797 0.914874 256848 931.021 6.69918e+10 4.87826e+08 -0.010914 0.025113 0.505712 0.0104965 -0.00953189 0.018139 
342 507.787 1.05915 258879 1092.63 6.80611e+10 5.89292e+08 -0.0120251 0.0298578 0.510618 0.0105204 -0.011487 0.0235956 
343 508.981 0.773093 260079 806.295 6.86744e+10 4.43818e+08 -0.0129289 0.0270508 0.50826 0.00789702 -0.0108358 0.0205304 
344 510.743 1.00172 261927 1036.74 6.97025e+10 5.71167e+08 -0.00618696 0.027604 0.50525 0.0084047 -0.00546223 0.0217436 
345 511.694 0.727521 262864 762.984 7.01586e+10 4.2365e+08 -0.00832049 0.021255 0.499819 0.0073074 -0.00711441 0.0163271 
346 513.657 0.841165 264911 870.043 7.12832e+10 4.70427e+08 0.000162099 0.0241368 0.500178 0.00812679 0.000142631 0.0180403 
347 515.109 0.812551 266401 848.327 7.20775e+10 4.6721e+08 9.39163e-05 0.0219647 0.501627 0.00823252 -2.94441e-05 0.0170088 
348 516.566 0.843184 267909 876.245 7.2895e+10 4.78198e+08 0.00472095 0.0267885 0.50228 0.00812857 0.00334785 0.0198953 
349 517.999 0.779449 269382 818.511 7.36843e+10 4.55841e+08 0.00347981 0.0227402 0.501251 0.00757698 -7.23448e-05 0.0170689 
350 519.429 0.692086 270880 724.074 7.45133e+10 4.0093e+08 0.00329594 0.0220868 0.499561 0.00760965 -0.000175373 0.0167716 
351 521.073 0.769465 272593 808.914 7.54531e+10 4.52378e+08 0.00029696 0.0205247 0.50245 0.00731653 -0.00347073 0.0163396 
352 522.683 0.762364 274284 802.127 7.63973e+10 4.49428e+08 0.00517692 0.0233672 0.500168 0.00772313 0.00091358 0.0179882 
353 524.651 0.832423 276363 887.986 7.75722e+10 5.10926e+08 -0.00661218 0.0227792 0.505771 0.00780296 -0.00760869 0.0176846 
354 525.974 0.893144 277751 950.603 7.8343e+10 5.44014e+08 -0.00630979 0.0256967 0.503176 0.0082346 -0.00921535 0.0207224 
355 527.181 0.776332 279017 826.762 7.90469e+10 4.73997e+08 -0.0136941 0.0314538 0.503638 0.00746007 -0.015525 0.0243871 
356 529.679 0.834574 281684 897.453 8.05839e+10 5.24752e+08 -0.0130048 0.0342435 0.507245 0.00832205 -0.0143653 0.0269991 
357 530.592 0.880529 282637 960.22 8.11123e+10 5.75934e+08 -0.0190964 0.0332491 0.502762 0.0077491 -0.0191624 0.0252103 
358 532.715 1.04489 284912 1124.94 8.24305e+10 6.59458e+08 -0.0111611 0.0400966 0.505852 0.00864662 -0.0151092 0.031669 
359 534.271 1.01882 286577 1117.93 8.33969e+10 6.79126e+08 -0.0130296 0.0297987 0.505373 0.00897063 -0.013818 0.0215781 
360 536.606 1.22579 289099 1349.2 8.48821e+10 8.25589e+08 -0.0207608 0.0413132 0.507794 0.010835 -0.0226346 0.0320901 
361 538.018 0.898488 290618 988.321 8.57735e+10 6.04691e+08 -0.0155731 0.0342906 0.509142 0.009012 -0.016143 0.0252393 
362 540.299 1.19669 293111 1347.65 8.7279e+10 8.6095e+08 -0.0241891 0.0437268 0.513202 0.0104728 -0.0276495 0.0347784 
363 541.354 1.03179 294221 1134.39 8.79004e+10 6.93793e+08 -0.0184016 0.0362534 0.511149 0.00907577 -0.0203992 0.0271145 
364 543.502 1.2405 296580 1376.59 8.9336e+10 8.56935e+08 -0.0240954 0.0344517 0.515901 0.0105109 -0.025233 0.0265562 
365 544.72 1.09942 297899 1222.94 9.01213e+10 7.64385e+08 -0.0259566 0.0283333 0.511892 0.0099856 -0.0255776 0.0210192 
366 546.361 1.56241 299706 1747.47 9.12291e+10 1.1042e+09 -0.0284925 0.0309215 0.509579 0.0137874 -0.0300092 0.0246303 
367 547.011 1.01547 300375 1129.46 9.15847e+10 7.09159e+08 -0.0200339 0.0400284 0.501614 0.00894233 -0.0209511 0.0313505 
368 549.725 1.8927 303416 2141.1 9.35126e+10 1.38712e+09 -0.0217193 0.0499754 0.508817 0.0151848 -0.0259604 0.0423993 
369 550.234 1.10288 303896 1240.09 9.37087e+10 7.91296e+08 -0.0238907 0.0349123 0.501224 0.0105608 -0.0216694 0.0266759 
370 553.504 1.99058 307576 2281.01 9.60632e+10 1.51334e+09 -0.0380865 0.0551967 0.513439 0.0137268 -0.0377107 0.0456208 
371 553.404 0.888307 307402 997.43 9.5876e+10 6.36388e+08 -0.0335765 0.0341606 0.501478 0.00949625 -0.028448 0.0244299 
372 555.657 1.41306 309939 1613.88 9.75022e+10 1.0641e+09 -0.0258256 0.0395869 0.506631 0.0120551 -0.0240334 0.0314228 
373 556.893 1.06111 311292 1204.23 9.832e+10 7.82641e+08 -0.0292576 0.0296789 0.505133 0.0115388 -0.0245994 0.0229345 
374 558.218 0.966268 312755 1087.47 9.92202e+10 6.95313e+08 -0.022561 0.0311832 0.502298 0.00942927 -0.0187573 0.0237745 
375 560.297 1.35152 315110 1543.19 1.00748e+11 1.01608e+09 -0.0375612 0.0336959 0.507018 0.0119038 -0.0310142 0.0269864 
376 561.458 0.942361 316380 1073.26 1.01517e+11 7.01746e+08 -0.0215154 0.0253673 0.502248 0.00911953 -0.0188701 0.0195073 
377 563.193 1.14302 318347 1316.13 1.02794e+11 8.82118e+08 -0.0300369 0.0354552 0.507953 0.0103688 -0.0232163 0.0262175 
378 564.3 0.831646 319577 945.728 1.03559e+11 6.17385e+08 -0.0158897 0.0304352 0.501219 0.0092066 -0.012663 0.0218164 
379 565.877 1.00714 321362 1163.54 1.04715e+11 7.84711e+08 -0.0256362 0.0311142 0.504861 0.00948886 -0.0180284 0.0219615 
380 567.256 0.907647 322914 1042.29 1.05708e+11 6.9375e+08 -0.0198643 0.0302554 0.501975 0.00862044 -0.0136809 0.0211156 
381 568.951 0.937769 324844 1077.63 1.06974e+11 7.18094e+08 -0.0222492 0.031726 0.503781 0.00909661 -0.0154371 0.0223325 
382 571.102 0.94484 327312 1094.91 1.08612e+11 7.42323e+08 -0.0154544 0.0314199 0.50469 0.00955519 -0.0113321 0.0225718 
383 572.399 1.06989 328808 1247.3 1.09618e+11 8.53188e+08 -0.0177057 0.0288966 0.506775 0.0108388 -0.0125219 0.0198025 
384 574.733 1.01925 331492 1181.03 1.11409e+11 7.99881e+08 -0.016741 0.032997 0.504687 0.00905796 -0.0119873 0.0253603 
385 575.777 1.05349 332711 1230.64 1.12249e+11 8.45509e+08 -0.0162276 0.0332004 0.505913 0.0107936 -0.0119543 0.0238695 
386 578.533 1.16688 335889 1360.55 1.14383e+11 9.32291e+08 -0.0192509 0.0370184 0.507976 0.0105929 -0.0118862 0.0276217 
387 578.939 1.33341 336371 1571.44 1.14725e+11 1.09731e+09 -0.00814666 0.031352 0.507349 0.0121924 -0.00544625 0.0227171 
388 581.445 1.49282 339291 1762.86 1.16728e+11 1.23719e+09 -0.0020677 0.0320768 0.512583 0.0121409 -0.000203017 0.0235257 
389 582.506 1.37242 340521 1610.57 1.17565e+11 1.11856e+09 -0.00104209 0.0327433 0.511583 0.0127745 0.0010896 0.024091 
390 584.381 1.44357 342717 1710.37 1.19087e+11 1.20936e+09 -0.00580191 0.0345681 0.510789 0.01141 -0.00240412 0.0268713 
391 585.816 1.47785 344396 1744.12 1.20251e+11 1.22582e+09 0.0026483 0.0394103 0.505954 0.0126158 0.00229323 0.0302248 
392 587.991 1.3976 346973 1683 1.22077e+11 1.22933e+09 -0.00146591 0.0469361 0.510419 0.0134203 0.000631569 0.0387234 
393 588.684 1.57696 347790 1882.13 1.22654e+11 1.35285e+09 -0.00292055 0.0424844 0.503142 0.0135887 -0.00162107 0.0332551 
394 592.394 1.76432 352206 2128.66 1.25811e+11 1.57227e+09 0.00311701 0.0554068 0.514086 0.0171949 0.003436 0.0455622 
395 592.733 1.38183 352564 1654.97 1.25999e+11 1.19692e+09 0.00110213 0.0454924 0.508799 0.0137412 0.00214415 0.0337079 
396 595.599 1.64652 355985 1978.07 1.28461e+11 1.43799e+09 -0.00165754 0.0491602 0.509818 0.0171661 0.000383839 0.0383375 
397 596.126 2.30487 356606 2768.4 1.28893e+11 2.00874e+09 -0.00349021 0.0483399 0.503342 0.019021 0.002032 0.0351562 
398 597.938 1.3264 358784 1605.75 1.30485e+11 1.18709e+09 -0.00678342 0.0355649 0.506263 0.0125536 0.000285579 0.028123 
399 598.96 1.17188 360001 1411.87 1.31359e+11 1.03386e+09 -0.021204 0.0359001 0.505157 0.0121035 -0.0124183 0.0280802 
400 600.551 1.03439 361908 1252.24 1.32742e+11 9.26353e+08 -0.0226148 0.0379919 0.507138 0.0112265 -0.0106948 0.0291462 
401 602.21 1.12087 363933 1355.07 1.34266e+11 9.99942e+08 -0.0238718 0.0374 0.508234 0.0109198 -0.011934 0.0282268 
402 604.066 1.03529 366170 1247.03 1.35906e+11 9.13991e+08 -0.0172367 0.0377559 0.50527 0.0116755 -0.00488524 0.0293098 
403 605.463 1.19047 367861 1452.69 1.37157e+11 1.09107e+09 -0.0294402 0.0322946 0.50261 0.012445 -0.0178792 0.0252474 
404 607.401 1.22663 370206 1498.63 1.38891e+11 1.12899e+09 -0.00971675 0.0348559 0.504249 0.0156624 -0.000838305 0.0276776 
405 608.528 1.25069 371608 1531.11 1.39989e+11 1.15968e+09 -0.0275705 0.0347466 0.503991 0.0157591 -0.0177559 0.0260732 
406 610.6 1.24689 374130 1537.21 1.41877e+11 1.18031e+09 -0.0325398 0.0330468 0.504648 0.0144448 -0.018772 0.0246026 
407 611.852 1.28216 375639 1574.06 1.42985e+11 1.19847e+09 -0.0383328 0.0315486 0.507745 0.0147286 -0.025988 0.0251282 
408 613.453 1.37306 377608 1702.67 1.44487e+11 1.32173e+09 -0.0411916 0.0393575 0.502557 0.0150291 -0.0256538 0.0302076 
409 615.065 1.20011 379589 1478.51 1.45999e+11 1.13022e+09 -0.0406973 0.0388182 0.505956 0.0139771 -0.0260403 0.0292878 
410 617.09 1.27327 382067 1573.71 1.47864e+11 1.20973e+09 -0.0535983 0.03234 0.506157 0.0154257 -0.0357329 0.0245165 
411 618.404 1.26158 383685 1558.88 1.49107e+11 1.19711e+09 -0.0431389 0.0342548 0.508088 0.0157044 -0.0304676 0.0250596 
412 620.786 1.09065 386659 1361.51 1.51442e+11 1.07134e+09 -0.0414621 0.0391824 0.506112 0.0142734 -0.0256515 0.0281212 
413 621.98 1.37608 388147 1712.33 1.52607e+11 1.33788e+09 -0.0380186 0.0361142 0.508843 0.0151647 -0.0243382 0.0277825 
414 623.259 1.29064 389754 1615.56 1.5389e+11 1.2772e+09 -0.0376406 0.0330567 0.502035 0.014532 -0.0230573 0.0255396 
415 625.143 1.24642 392114 1562 1.55761e+11 1.23822e+09 -0.0352271 0.0379097 0.505588 0.0126308 -0.0213151 0.0298902 
416 626.645 1.13872 394006 1423.37 1.57273e+11 1.12503e+09 -0.0533145 0.0339102 0.502458 0.0119437 -0.0329392 0.027659 
417 628.542 1.20783 396403 1513.51 1.59206e+11 1.20124e+09 -0.042617 0.041815 0.51067 0.0129739 -0.0288792 0.0340115 
418 629.131 1.08986 397135 1374.76 1.59778e+11 1.10598e+09 -0.0472929 0.0266604 0.506582 0.0117701 -0.0331813 0.0209305 
419 630.924 1.16912 399416 1467.6 1.6164e+11 1.16966e+09 -0.0368431 0.0265744 0.510359 0.0117598 -0.0300415 0.0219303 
420 633.111 1.40244 402161 1746.87 1.63819e+11 1.36959e+09 -0.0391233 0.0402844 0.511792 0.011615 -0.0293034 0.0332576 
421 633.91 1.15872 403193 1464.66 1.64696e+11 1.1818e+09 -0.0428663 0.0293012 0.505983 0.0123512 -0.0327404 0.0240862 
422 635.509 1.20209 405204 1518.63 1.66302e+11 1.22248e+09 -0.046709 0.0300634 0.507079 0.0114244 -0.0342639 0.0244571 
423 636.464 1.18049 406438 1503.42 1.67341e+11 1.23095e+09 -0.0474547 0.0336507 0.505552 0.011 -0.0344476 0.0261362 
424 638.682 1.2047 409253 1526.37 1.69632e+11 1.2368e+09 -0.0567842 0.032181 0.508191 0.0128565 -0.0390884 0.0261347 
425 639.727 1.51494 410591 1930.23 1.70737e+11 1.57952e+09 -0.0462203 0.0401255 0.507999 0.0145988 -0.0330491 0.0306963 
426 642.22 1.47413 413834 1898.76 1.73502e+11 1.59191e+09 -0.0515973 0.0389778 0.510105 0.0149792 -0.0374197 0.0302677 
427 643.933 1.52308 416008 1949.55 1.75266e+11 1.60691e+09 -0.0527657 0.0412741 0.512881 0.0155232 -0.0402984 0.0308421 
428 645.81 1.29574 418432 1667.25 1.77303e+11 1.39316e+09 -0.0603281 0.0366486 0.511526 0.0163269 -0.0452786 0.0296615 
429 647.763 1.59652 420974 2063.24 1.79483e+11 1.73733e+09 -0.0459827 0.0411974 0.51634 0.0164858 -0.0340981 0.0326598 
430 649.014 1.3597 422594 1764.08 1.80855e+11 1.49832e+09 -0.0503736 0.0377198 0.511735 0.0160416 -0.0357294 0.0312268 
431 651.304 1.50615 425588 1958.29 1.83435e+11 1.67846e+09 -0.0545129 0.0425474 0.513818 0.0154996 -0.0416098 0.0329285 
432 651.504 1.4114 425833 1833.14 1.83621e+11 1.56142e+09 -0.0622734 0.0424382 0.513526 0.0140181 -0.0507063 0.0363081 
433 653.271 1.56138 428113 2030.28 1.85539e+11 1.72795e+09 -0.0648254 0.0398012 0.514053 0.0148576 -0.0556357 0.0357266 
434 655.042 1.44331 430460 1891.32 1.87616e+11 1.63849e+09 -0.0522971 0.0402713 0.516009 0.0137252 -0.0423831 0.0321848 
435 657.69 1.50183 433934 1957.79 1.90628e+11 1.68452e+09 -0.0675596 0.0533145 0.52357 0.0115383 -0.0577547 0.044454 
436 658.891 1.47422 435528 1944.38 1.92044e+11 1.70378e+09 -0.0783427 0.0405322 0.516065 0.0157301 -0.0636876 0.0314269 
437 661.478 1.75895 438947 2315.8 1.95055e+11 2.02154e+09 -0.0702886 0.0536311 0.524676 0.0140527 -0.0620938 0.0458678 
438 662.47 1.68513 440282 2231.68 1.96283e+11 1.97127e+09 -0.0758965 0.0397341 0.523915 0.0117544 -0.065279 0.0315359 
439 664.568 1.8232 443080 2426.79 1.98793e+11 2.16687e+09 -0.0565071 0.0545836 0.526686 0.0159875 -0.0489528 0.0431284 
440 664.856 1.63759 443466 2188.85 1.9915e+11 1.97174e+09 -0.0593325 0.0429079 0.521272 0.013571 -0.0489166 0.0338222 
441 667.002 1.72289 446340 2315.38 2.01748e+11 2.10845e+09 -0.0565346 0.0450392 0.522939 0.0139389 -0.043106 0.0349568 
442 667.862 1.65166 447472 2228.66 2.02745e+11 2.04609e+09 -0.0525822 0.0449732 0.512394 0.0149727 -0.0415022 0.0347641 
443 670.195 1.96717 450639 2681.16 2.05685e+11 2.50938e+09 -0.0584784 0.0546949 0.526769 0.0136252 -0.0457076 0.0422403 
444 669.742 1.36957 449990 1843.54 2.05019e+11 1.68514e+09 -0.0485999 0.0448051 0.513615 0.0112283 -0.0379532 0.032617 
445 671.757 1.39497 452718 1883.47 2.07546e+11 1.73352e+09 -0.0478071 0.0399963 0.514991 0.01228 -0.0385708 0.0282109 
446 672.701 1.30626 453965 1760.6 2.08638e+11 1.6144e+09 -0.0546858 0.0397117 0.511266 0.0114694 -0.0418501 0.0280351 
447 675.015 1.27828 457081 1731.23 2.11491e+11 1.60309e+09 -0.0602226 0.0452292 0.514793 0.0110289 -0.0432433 0.0324712 
448 676.55 1.47969 459184 2013.44 2.13479e+11 1.88074e+09 -0.0545324 0.0511159 0.51052 0.0123195 -0.0389356 0.0379714 
449 678.396 1.55284 461683 2127.92 2.15796e+11 2.01486e+09 -0.0549577 0.0404339 0.513474 0.0130729 -0.0348971 0.0290725 
450 679.876 1.46652 463689 2005.27 2.17654e+11 1.89228e+09 -0.0587373 0.0563434 0.510899 0.0128132 -0.0381981 0.0409268 
451 682.015 1.51467 466612 2088.15 2.20404e+11 2.00119e+09 -0.0565213 0.044721 0.516607 0.0135047 -0.036157 0.0316975 
452 684.319 1.44292 469776 1972 2.23416e+11 1.85878e+09 -0.0567112 0.0523094 0.516353 0.0132023 -0.0396978 0.0374125 
453 685.916 1.32585 471944 1824.07 2.25432e+11 1.74279e+09 -0.0646378 0.0468471 0.516886 0.0138591 -0.0433336 0.0337713 
454 687.108 1.48106 473589 2050.73 2.27018e+11 1.98094e+09 -0.0754932 0.0505497 0.520412 0.0130534 -0.0569017 0.0351057 
455 688.29 1.61516 475188 2249.83 2.2849e+11 2.19841e+09 -0.083377 0.0536529 0.519577 0.0145952 -0.0605645 0.0387194 
456 690.634 1.79521 478434 2506.54 2.31626e+11 2.46266e+09 -0.0792187 0.0541008 0.524252 0.0157499 -0.0582171 0.0375691 
457 691.561 1.63016 479735 2260.12 2.32921e+11 2.19041e+09 -0.0553304 0.0458648 0.520113 0.0141373 -0.0363782 0.0334887 
458 694.232 1.8235 483499 2544.35 2.36693e+11 2.5059e+09 -0.0564713 0.0464172 0.529066 0.0172927 -0.0392554 0.0350369 
459 694.934 1.5754 484404 2192.34 2.37437e+11 2.13905e+09 -0.0500214 0.0451971 0.514617 0.0156557 -0.0292892 0.0322765 
460 696.908 1.93862 487200 2708.95 2.40255e+11 2.66578e+09 -0.0332616 0.0422833 0.521119 0.017935 -0.0190133 0.0334417 
461 698.565 1.68085 489491 2370.27 2.42471e+11 2.37308e+09 -0.0386214 0.0389237 0.518395 0.017796 -0.0188538 0.0297264 
462 700.895 1.99327 492785 2801.16 2.45789e+11 2.7857e+09 -0.0226312 0.0389978 0.525627 0.0186344 -0.00512975 0.0309876 
463 702.049 1.67061 494368 2360.31 2.47291e+11 2.38752e+09 -0.0449638 0.0365948 0.518607 0.0162848 -0.0237859 0.0279468 
464 704.142 2.00479 497351 2833.92 2.50347e+11 2.85348e+09 -0.0340944 0.0369994 0.522088 0.0174243 -0.016803 0.028902 
465 704.675 1.74994 498059 2485.54 2.50973e+11 2.52574e+09 -0.0660083 0.0347889 0.520506 0.0170216 -0.0426456 0.026583 
466 706.878 2.06824 501194 2931.39 2.5417e+11 2.96919e+09 -0.0486685 0.0374747 0.52148 0.0168226 -0.032593 0.0286471 
467 707.891 1.79849 502606 2571.14 2.5556e+11 2.64934e+09 -0.0451915 0.0403187 0.517243 0.0165217 -0.0243454 0.0300372 
468 709.315 1.66987 504633 2390.26 2.57634e+11 2.46969e+09 -0.0362513 0.0361489 0.510875 0.0162556 -0.0195446 0.0289417 
469 711.644 1.73695 507980 2512.19 2.61114e+11 2.6506e+09 -0.0345183 0.0431579 0.512631 0.0179338 -0.0149228 0.0346854 
470 712.503 1.81894 509215 2635.02 2.624e+11 2.78727e+09 -0.0238788 0.0418053 0.513489 0.0175442 -0.010154 0.0333933 
471 714.978 2.15002 512743 3119.78 2.66019e+11 3.31311e+09 -0.0211148 0.0479459 0.520893 0.0193626 -0.00646233 0.0366276 
472 715.823 1.75081 513957 2544.51 2.67279e+11 2.71299e+09 -0.00456764 0.0478327 0.51889 0.01684 0.0078463 0.0358692 
473 718.192 2.01457 517341 2928.76 2.70768e+11 3.1236e+09 -0.0015851 0.0462561 0.518954 0.0181599 0.0105884 0.0346984 
474 720.241 1.86861 520304 2705.16 2.73887e+11 2.86838e+09 -0.00115062 0.0459338 0.520128 0.0175369 0.0117971 0.0332253 
475 722.693 2.08295 523909 3051.74 2.77816e+11 3.30705e+09 -0.00536794 0.0531294 0.519243 0.0181072 0.0126638 0.0416266 
476 723.082 1.85741 524443 2716.49 2.78313e+11 2.93207e+09 -0.0301015 0.0551561 0.513238 0.0194576 -0.00823218 0.042631 
477 724.471 2.25298 526491 3312.51 2.80564e+11 3.61445e+09 -0.0244722 0.0529761 0.507553 0.0204447 -0.0059099 0.0427076 
478 724.538 2.0855 526556 3051.5 2.80566e+11 3.29362e+09 -0.0302765 0.0424701 0.499813 0.0182173 -0.013399 0.0318876 
479 726.279 2.18039 529111 3201.34 2.83344e+11 3.47818e+09 -0.050536 0.0448065 0.495846 0.0178938 -0.0268757 0.0313063 
480 727.538 1.78288 530903 2622.06 2.85171e+11 2.85908e+09 -0.0662857 0.039049 0.493944 0.0163324 -0.0437236 0.0278345 
481 728.523 1.93019 532348 2807.87 2.86743e+11 2.99753e+09 -0.0596414 0.0445205 0.494136 0.016868 -0.0414148 0.0315458 
482 729.997 1.77501 534472 2611.35 2.88965e+11 2.84245e+09 -0.0428419 0.0398053 0.486982 0.0169074 -0.0292736 0.0267996 
483 730.998 2.17077 535964 3199.62 2.90645e+11 3.49724e+09 -0.047918 0.0418785 0.490975 0.0192663 -0.0303569 0.0291671 
484 733.645 2.06192 539830 3060.78 2.94798e+11 3.39792e+09 -0.0514777 0.0396164 0.501097 0.0173564 -0.0362445 0.0288005 
485 735.477 1.91384 542525 2845.04 2.97736e+11 3.17078e+09 -0.0652637 0.0395792 0.509778 0.0186817 -0.0436787 0.0275592 
486 737.115 2.16254 544954 3237.76 3.00435e+11 3.65427e+09 -0.055806 0.0366234 0.507592 0.0198082 -0.0400908 0.024956 
487 738.82 1.85105 547452 2756.75 3.03137e+11 3.0901e+09 -0.0617644 0.0465155 0.509207 0.0189339 -0.0366484 0.0307174 
488 740.633 1.92125 550149 2883.85 3.06147e+11 3.27578e+09 -0.03549 0.0426793 0.511781 0.0171528 -0.0228462 0.0302136 
489 742.955 1.7641 553610 2614.34 3.10014e+11 2.9003e+09 -0.0507589 0.0451123 0.519045 0.0172816 -0.0342983 0.0333705 
490 744.017 1.98311 555210 2954.39 3.11856e+11 3.31098e+09 -0.0282884 0.0555905 0.516517 0.0171412 -0.0175353 0.035903 
491 745.656 2.09306 557687 3113.89 3.14703e+11 3.48419e+09 -0.0689519 0.0540036 0.528052 0.0191526 -0.047863 0.0363992 
492 747.265 1.82884 560094 2715.82 3.17415e+11 3.02393e+09 -0.0430362 0.0572951 0.516201 0.0183197 -0.0253645 0.0368766 
493 748.992 2.25285 562643 3358.44 3.20218e+11 3.76755e+09 -0.0698977 0.0577412 0.523599 0.0183381 -0.044825 0.0394416 
494 750.202 2.15624 564456 3211.61 3.22272e+11 3.59743e+09 -0.0420333 0.0602801 0.519238 0.0186544 -0.0264468 0.0386624 
495 753.055 2.42277 568766 3619.64 3.27226e+11 4.07619e+09 -0.0583777 0.0643684 0.530264 0.0198053 -0.0373855 0.0424542 
496 754.694 2.25565 571256 3382.36 3.30127e+11 3.84266e+09 -0.0347525 0.0619564 0.524146 0.0219838 -0.0221948 0.0400762 
497 756.993 2.21631 574699 3342.55 3.34029e+11 3.838e+09 -0.0266107 0.0687357 0.538024 0.0195107 -0.0131008 0.0461531 
498 759.377 2.41674 578337 3673.84 3.38294e+11 4.28634e+09 -0.0217111 0.0672377 0.533833 0.0227502 -0.00968226 0.044568 
499 760.266 2.69578 579733 4097.89 3.40032e+11 4.78563e+09 -0.0470716 0.0664676 0.539475 0.0200468 -0.0261397 0.0453786 
500 762.222 2.79206 582741 4266.3 3.43622e+11 5.03543e+09 -0.0264151 0.0642942 0.539207 0.0219061 -0.00800512 0.0429723 
501 763.162 2.95479 584160 4545.91 3.45258e+11 5.43878e+09 -0.0397111 0.0692718 0.539722 0.0232251 -0.0151637 0.0475157 
502 765.864 3.45381 588387 5359.45 3.50471e+11 6.51964e+09 -0.0396917 0.0707206 0.539694 0.0245012 -0.0136586 0.0496571 
503 766.641 2.71121 589578 4193.53 3.51883e+11 5.07209e+09 -0.0480822 0.0653403 0.538986 0.0202437 -0.0196895 0.0424077 
504 769.931 3.68836 594725 5766.36 3.5824e+11 7.12228e+09 -0.0366125 0.071048 0.547496 0.0264143 -0.00955867 0.0506302 
505 769.724 2.76817 594321 4314.2 3.57562e+11 5.29602e+09 -0.0511846 0.072197 0.538737 0.0207277 -0.0229684 0.0461614 
506 772.992 3.62665 599464 5679.16 3.6398e+11 7.03974e+09 -0.054132 0.0771325 0.546363 0.0254917 -0.0251847 0.052711 
507 771.767 2.48581 597471 3851.28 3.61335e+11 4.67088e+09 -0.0793428 0.0708704 0.534033 0.0196026 -0.0471779 0.042748 
508 775.552 4.16502 603407 6626.56 3.68712e+11 8.47325e+09 -0.0775382 0.0853546 0.544918 0.0296107 -0.0400054 0.062784 
509 773.417 2.46477 599963 3825 3.64205e+11 4.65664e+09 -0.107216 0.0715627 0.521821 0.0193875 -0.0688683 0.0438369 
510 775.676 2.42369 603424 3773.11 3.68294e+11 4.61356e+09 -0.111194 0.068982 0.523597 0.0181294 -0.076506 0.0418322 
511 777.818 2.61092 606809 4067.45 3.72555e+11 4.98389e+09 -0.105248 0.0701973 0.523129 0.0193345 -0.0665541 0.0424677 
512 778.609 2.6737 607986 4137.21 3.73863e+11 5.10407e+09 -0.127156 0.0637303 0.528927 0.0171741 -0.0885718 0.0378014 
513 780.727 2.37324 611277 3691.77 3.77857e+11 4.50076e+09 -0.0864448 0.0708908 0.527018 0.0172064 -0.0561344 0.0442179 
514 780.899 2.45911 611453 3820.09 3.77847e+11 4.64161e+09 -0.110265 0.0630404 0.522732 0.0169773 -0.076443 0.0385851 
515 783.519 2.2017 615563 3452.06 3.82934e+11 4.27505e+09 -0.0882653 0.0772189 0.520538 0.0161027 -0.0604492 0.046847 
516 785.213 2.34363 618204 3665.29 3.86166e+11 4.51372e+09 -0.134158 0.063918 0.533682 0.0159087 -0.0935009 0.0391581 
517 786.206 2.30036 619840 3621.58 3.88401e+11 4.52463e+09 -0.10879 0.0923367 0.527439 0.0172593 -0.0744616 0.0549743 
518 787.836 2.48769 622349 3905.58 3.91389e+11 4.85526e+09 -0.121581 0.071208 0.539725 0.0175461 -0.0836572 0.0414093 
519 790.326 2.99406 626356 4740.93 3.96615e+11 5.98792e+09 -0.100954 0.0738405 0.5354 0.0207559 -0.0689699 0.0448525 
520 791.88 2.79567 628717 4432.9 3.99353e+11 5.61964e+09 -0.105008 0.0758582 0.541531 0.0209375 -0.0712965 0.0460565 
521 793.552 2.67016 631419 4262.84 4.02898e+11 5.48127e+09 -0.0790573 0.0745022 0.547621 0.0199855 -0.0516512 0.0469095 
522 797.022 2.68095 636876 4295.57 4.09708e+11 5.56244e+09 -0.109008 0.0748571 0.560121 0.0191096 -0.0741946 0.0497333 
523 799.508 3.24922 640906 5250.23 4.15038e+11 6.90347e+09 -0.0754892 0.0872435 0.565554 0.0213298 -0.0503785 0.0603748 
524 801.975 3.37126 644815 5450.42 4.19977e+11 7.1778e+09 -0.0889923 0.0866304 0.569136 0.0199001 -0.0573877 0.0583761 
525 802.693 3.4901 646008 5663.78 4.21646e+11 7.50266e+09 -0.0646017 0.0909866 0.568991 0.021607 -0.0439909 0.0630605 
526 804.689 3.43292 649186 5548.23 4.25693e+11 7.30543e+09 -0.0968842 0.0863468 0.564536 0.0224223 -0.0647147 0.059568 
527 803.19 2.79611 646748 4568.25 4.22459e+11 6.13999e+09 -0.0564046 0.0916758 0.559255 0.0241933 -0.0409542 0.0638957 
528 807.366 2.95043 653585 4844.83 4.31681e+11 6.60194e+09 -0.0936015 0.0786297 0.56124 0.0230627 -0.063559 0.0563469 
529 806.514 2.573 652093 4227.8 4.29414e+11 5.74602e+09 -0.062904 0.112984 0.559786 0.0254345 -0.0479797 0.0754955 
530 809.132 2.63453 656359 4322.65 4.35113e+11 5.86793e+09 -0.0822576 0.10899 0.5502 0.0262721 -0.0615359 0.0717423 
531 809.272 2.69457 656573 4395.02 4.35367e+11 5.89493e+09 -0.0950813 0.108244 0.559369 0.0249108 -0.0653705 0.0708784 
532 811.524 2.58964 660258 4256.34 4.40313e+11 5.80822e+09 -0.0978468 0.10138 0.538419 0.0244977 -0.0682625 0.0690048 
533 813.815 2.64926 663989 4357.93 4.45305e+11 5.94939e+09 -0.0892403 0.11108 0.55045 0.0256907 -0.0615074 0.0750161 
534 815.366 2.5388 666477 4200.87 4.48519e+11 5.81107e+09 -0.114556 0.0949067 0.540034 0.0287944 -0.0840282 0.0652182 
535 819.08 2.95301 672574 4953.87 4.56804e+11 7.0199e+09 -0.0970808 0.100546 0.554541 0.0284923 -0.0778113 0.0698313 
536 819.986 3.30737 674053 5587.33 4.58786e+11 8.00979e+09 -0.124483 0.103753 0.546656 0.0299856 -0.102465 0.0716432 
537 822.075 3.54151 677509 5953.11 4.6355e+11 8.48113e+09 -0.102835 0.123546 0.556633 0.0259063 -0.0823376 0.083194 
538 826.184 5.09257 684316 8584.06 4.72939e+11 1.22693e+10 -0.123516 0.12542 0.566122 0.0374064 -0.109723 0.0914965 
539 824.989 3.61418 682297 6042.5 4.70065e+11 8.53344e+09 -0.0956505 0.1285 0.553431 0.0292235 -0.0777436 0.0875577 
540 827.346 4.07391 686223 6871.69 4.75536e+11 9.87471e+09 -0.122153 0.125858 0.553385 0.0349991 -0.105415 0.0852456 
541 826.703 3.16189 685120 5282.63 4.73925e+11 7.44312e+09 -0.0798983 0.123976 0.545256 0.024232 -0.0588155 0.0825102 
542 831.113 3.59718 692439 6061.32 4.84067e+11 8.71246e+09 -0.116669 0.121661 0.554433 0.0324474 -0.0995213 0.0832009 
543 829.568 2.74111 689868 4473.35 4.80498e+11 6.20447e+09 -0.0975428 0.124984 0.546729 0.0282771 -0.0654751 0.0851308 
544 831.581 2.8246 693119 4651.14 4.84744e+11 6.37373e+09 -0.088675 0.118512 0.541142 0.0310519 -0.0669622 0.0773665 
545 833.867 3.61272 697028 6083.04 4.90505e+11 8.69717e+09 -0.106728 0.125237 0.550296 0.0284845 -0.0755251 0.084251 
546 835.013 3.20923 698846 5337.71 4.92756e+11 7.45383e+09 -0.0790605 0.129892 0.533531 0.033539 -0.0603896 0.0832707 
547 837.011 3.09002 702325 5194.46 4.98056e+11 7.41587e+09 -0.10901 0.11702 0.553566 0.027823 -0.0698468 0.0806489 
548 838.455 3.78725 704713 6216.36 5.01329e+11 8.44534e+09 -0.143261 0.129769 0.553438 0.0362372 -0.0947122 0.0894799 
549 839.675 3.05068 706747 5008.78 5.04186e+11 7.11759e+09 -0.119026 0.110417 0.549348 0.0292618 -0.0753766 0.076753 
550 843.127 3.97912 712570 6556.05 5.12524e+11 8.97199e+09 -0.143046 0.124657 0.551543 0.0369801 -0.0963697 0.0839988 
551 843.671 4.30956 713483 7126.39 5.1382e+11 9.80651e+09 -0.132332 0.118271 0.54634 0.0371731 -0.0888162 0.0783312 
552 845.915 4.24197 717333 7025.28 5.19507e+11 9.72098e+09 -0.129373 0.11357 0.545504 0.0352216 -0.0848963 0.0761141 
553 846.465 4.24412 718210 7042.85 5.2062e+11 9.75999e+09 -0.115336 0.11809 0.54593 0.0383514 -0.0744578 0.0780268 
554 848.191 3.67381 721236 6012.62 5.25266e+11 8.10254e+09 -0.125022 0.107247 0.537416 0.0364228 -0.0802846 0.0713049 
555 851.711 3.49563 727219 5710.56 5.33994e+11 7.63931e+09 -0.138279 0.109524 0.546369 0.0353254 -0.0929241 0.0714096 
556 853.244 3.25401 729803 5532.91 5.37682e+11 8.08829e+09 -0.130824 0.125501 0.536856 0.0328959 -0.085124 0.0844052 
557 855.583 2.93696 733847 5023.68 5.43769e+11 7.43486e+09 -0.113548 0.121403 0.545968 0.0320997 -0.0766819 0.0811454 
558 857.818 3.70992 737626 6415.29 5.49211e+11 9.68302e+09 -0.0922463 0.123097 0.539208 0.0356882 -0.0567273 0.0845871 
559 860.812 3.58724 742747 6177.81 5.56762e+11 9.24286e+09 -0.12673 0.124005 0.549323 0.0355868 -0.083113 0.0832235 
560 863.552 3.43614 747470 5928.37 5.63802e+11 8.91267e+09 -0.0977863 0.125781 0.550152 0.0289451 -0.0607812 0.0849928 
561 865.408 2.99476 750628 4988.51 5.68413e+11 7.62007e+09 -0.128478 0.126821 0.557097 0.035149 -0.0870604 0.0850055 
562 867.398 3.63133 754145 6228.02 5.73923e+11 9.33456e+09 -0.105545 0.136555 0.557758 0.0334475 -0.0694242 0.0916529 
563 869.966 3.72915 758518 6478.55 5.80309e+11 9.86256e+09 -0.13249 0.144833 0.565651 0.038493 -0.0915067 0.0980785 
564 870.876 3.2352 760156 5388.32 5.82964e+11 8.20357e+09 -0.0976697 0.143157 0.566876 0.0327621 -0.0635153 0.0977598 
565 871.813 3.2927 761773 5761.73 5.85402e+11 8.90013e+09 -0.125959 0.141283 0.566045 0.0322695 -0.0849666 0.09708 
566 875.4 4.71615 768068 8333.81 5.95144e+11 1.31056e+10 -0.11634 0.146183 0.581696 0.036517 -0.0829128 0.10166 
567 876.927 4.22505 770763 7504.62 5.99383e+11 1.19296e+10 -0.120928 0.145561 0.574743 0.0318355 -0.0865991 0.101539 
568 878.233 4.18773 773028 7450.53 6.02801e+11 1.18727e+10 -0.100686 0.150261 0.578518 0.0343076 -0.0714353 0.10468 
569 880.501 5.18839 777140 9165.17 6.09586e+11 1.44271e+10 -0.153745 0.146351 0.5813 0.0346604 -0.113917 0.103667 
570 881.633 3.97604 779061 7041.25 6.12353e+11 1.11373e+10 -0.139271 0.153792 0.581669 0.0315468 -0.100908 0.107525 
571 882.28 3.7914 780295 6759.83 6.14598e+11 1.08306e+10 -0.149214 0.137458 0.578127 0.0278383 -0.111869 0.0951643 
572 883.997 3.86053 783304 6874.62 6.19243e+11 1.09997e+10 -0.146283 0.137541 0.578201 0.0295702 -0.105845 0.09542 
573 887.335 4.20158 789284 7473.92 6.28919e+11 1.20939e+10 -0.185573 0.139424 0.580485 0.0311373 -0.14206 0.0981216 
574 887.007 3.60237 788630 6448.08 6.27665e+11 1.0413e+10 -0.176033 0.143047 0.575528 0.0310606 -0.133187 0.0998431 
575 889.571 4.43343 793277 8040.28 6.35349e+11 1.33231e+10 -0.160423 0.113167 0.582779 0.0280254 -0.119316 0.0851418 
576 888.709 3.795 791660 6828.59 6.32512e+11 1.11507e+10 -0.169315 0.11357 0.570413 0.0277278 -0.125939 0.0813919 
577 891.342 3.90181 796314 6964.78 6.39816e+11 1.12083e+10 -0.176931 0.118573 0.583676 0.0306742 -0.132185 0.0838967 
578 891.939 3.45361 797358 6216.94 6.41417e+11 1.01708e+10 -0.175206 0.112585 0.572422 0.0268051 -0.133845 0.0786926 
579 894.618 5.08319 802297 9280.22 6.49839e+11 1.55771e+10 -0.139509 0.119295 0.579417 0.0320765 -0.101906 0.0873844 
580 895.659 3.38846 804148 6155.49 6.52783e+11 1.02545e+10 -0.157032 0.114042 0.572437 0.0252841 -0.119073 0.0815219 
581 899.491 5.27477 811062 9713.75 6.64136e+11 1.65679e+10 -0.13699 0.12229 0.586893 0.0311956 -0.102356 0.0900744 
582 898.999 4.05821 810047 7356.04 6.62047e+11 1.21829e+10 -0.152276 0.121256 0.572488 0.0272258 -0.116774 0.0843722 
583 902.391 4.85104 816240 8935.69 6.7244e+11 1.52498e+10 -0.127575 0.120694 0.577886 0.0315309 -0.0969565 0.0865011 
584 901.371 3.73097 814254 6829.02 6.68724e+11 1.15157e+10 -0.14999 0.1286 0.566342 0.0276222 -0.112914 0.0842596 
585 905.506 4.8703 821797 8982.05 6.81362e+11 1.53927e+10 -0.121366 0.128864 0.577834 0.0322537 -0.0887015 0.0914166 
586 905.503 3.53511 821832 6448.2 6.81543e+11 1.08226e+10 -0.114673 0.121605 0.564646 0.0278012 -0.0843824 0.0825901 
587 910.148 5.05185 830267 9391.73 6.9557e+11 1.63569e+10 -0.0789464 0.135951 0.577303 0.0330243 -0.0548022 0.0990608 
588 909.644 4.35298 829289 8056.93 6.93736e+11 1.39023e+10 -0.103309 0.130715 0.572521 0.0290153 -0.0768921 0.0933106 
589 915.458 7.28133 840056 13630.9 7.12317e+11 2.40223e+10 -0.0847774 0.148767 0.592898 0.0392276 -0.0592569 0.113497 
590 912.147 3.93733 833820 7327.58 7.01203e+11 1.27787e+10 -0.1095 0.12956 0.569185 0.0271457 -0.0846161 0.0925718 
591 917.054 5.44359 843008 10272.7 7.17421e+11 1.84052e+10 -0.0721905 0.140928 0.582941 0.0308564 -0.0521447 0.10238 
592 913.291 3.14461 835751 5762.21 7.03917e+11 9.75582e+09 -0.134257 0.136524 0.558254 0.0324527 -0.106743 0.0884848 
593 915.208 3.62174 839294 6736.98 7.10003e+11 1.17586e+10 -0.109398 0.137373 0.564988 0.0267786 -0.0877024 0.0945658 
594 916.335 3.40067 841297 6311.93 7.13155e+11 1.0967e+10 -0.152208 0.130083 0.564107 0.0272795 -0.120087 0.0908349 
595 918.033 2.81484 844297 5157.52 7.17851e+11 8.7629e+09 -0.124222 0.142748 0.572077 0.0302532 -0.102513 0.0980153 
596 918.663 2.63249 845416 4830.61 7.19605e+11 8.21556e+09 -0.138823 0.136773 0.563201 0.0267472 -0.109383 0.09427 
597 920.439 3.06602 848634 5588.87 7.24911e+11 9.35704e+09 -0.11885 0.152905 0.560568 0.0304542 -0.0982168 0.102873 
598 923.203 3.40145 853774 6237.3 7.33819e+11 1.05618e+10 -0.173918 0.156551 0.574548 0.0299143 -0.133082 0.107513 
599 925.104 3.09654 857276 5718.34 7.39786e+11 9.84148e+09 -0.174564 0.143842 0.576363 0.0278008 -0.131315 0.100198 
600 926.819 3.58582 860540 6584.09 7.45702e+11 1.11809e+10 -0.200941 0.151226 0.571228 0.0293224 -0.148347 0.101826 
601 928.649 3.0696 863912 5683.54 7.51472e+11 9.82842e+09 -0.207588 0.137545 0.572636 0.0290542 -0.150009 0.0973971 
602 930.606 3.70476 867587 6843.75 7.57961e+11 1.17589e+10 -0.211498 0.138299 0.575365 0.0312262 -0.157109 0.0976254 
603 930.909 3.45035 868156 6426.18 7.58988e+11 1.12313e+10 -0.192594 0.137986 0.568584 0.031967 -0.143064 0.0969789 
604 933.567 3.30971 873038 6095.72 7.67248e+11 1.04153e+10 -0.200689 0.144569 0.580719 0.0308631 -0.150761 0.100467 
605 934.555 2.96554 874910 5519.32 7.70627e+11 9.64754e+09 -0.183418 0.137918 0.58486 0.02802 -0.134367 0.0973953 
606 937.264 2.96324 879859 5450.62 7.78917e+11 9.29355e+09 -0.191041 0.143286 0.587918 0.0273804 -0.139949 0.0991076 
607 936.791 3.61664 879051 6675.11 7.7778e+11 1.14347e+10 -0.216228 0.149237 0.587162 0.0292586 -0.159668 0.102971 
608 941.379 2.85241 887682 5316.11 7.93106e+11 9.31135e+09 -0.159573 0.14221 0.589501 0.0295156 -0.114634 0.101869 
609 943.51 4.01858 891691 7438.12 8.00251e+11 1.28038e+10 -0.199736 0.152141 0.586667 0.0370509 -0.148732 0.105489 
610 945.584 2.93006 895643 5428.47 8.07444e+11 9.38307e+09 -0.158824 0.143384 0.585494 0.0314099 -0.114518 0.103499 
611 947.06 3.87143 898392 7186.01 8.12239e+11 1.24322e+10 -0.202964 0.147766 0.592343 0.0348785 -0.151341 0.104334 
612 948.456 3.63639 901118 6737.27 8.17448e+11 1.16196e+10 -0.201872 0.149336 0.577057 0.0375847 -0.152505 0.102085 
613 949.499 3.42953 903106 6380.07 8.21071e+11 1.10951e+10 -0.214362 0.144031 0.581438 0.0320893 -0.161304 0.100876 
614 951.887 3.14202 907633 5851.2 8.29258e+11 1.0192e+10 -0.19142 0.153771 0.583363 0.0319952 -0.149077 0.104879 
615 952.529 3.57826 908893 6703.42 8.31691e+11 1.18264e+10 -0.209531 0.144655 0.580537 0.0346062 -0.158943 0.101673 
616 954.502 3.19748 912625 5917.87 8.38397e+11 1.03687e+10 -0.220985 0.15051 0.576806 0.0328405 -0.169102 0.10355 
617 956.449 3.05612 916373 5695.65 8.45372e+11 9.93548e+09 -0.18252 0.154732 0.577951 0.0344603 -0.134134 0.109108 
618 959.564 2.95069 922308 5606.5 8.56203e+11 1.01879e+10 -0.231962 0.15177 0.576554 0.0306052 -0.174494 0.105138 
619 962.181 2.71079 927426 5160.25 8.66026e+11 9.43525e+09 -0.222954 0.1505 0.589161 0.029431 -0.169565 0.104935 
620 964.026 2.98238 930857 5546.94 8.71965e+11 9.63904e+09 -0.243377 0.145805 0.587667 0.0356344 -0.186582 0.10312 
621 965.232 3.34979 933300 6428.1 8.76975e+11 1.19305e+10 -0.184911 0.153611 0.588039 0.0292994 -0.138308 0.108032 
622 966.808 3.01416 936326 5764.59 8.82566e+11 1.06345e+10 -0.219245 0.160069 0.58462 0.0305335 -0.162993 0.112386 
623 969.288 3.59575 941184 6947.11 8.9196e+11 1.31069e+10 -0.233912 0.151172 0.586341 0.032821 -0.175291 0.106183 
624 971.005 3.65111 944491 7060.43 8.98129e+11 1.33562e+10 -0.251275 0.148381 0.58272 0.033069 -0.186343 0.103136 
625 971.417 3.04266 945273 5848.82 8.99551e+11 1.09648e+10 -0.236364 0.155437 0.579737 0.0338741 -0.175645 0.10779 
626 973.341 3.50272 948974 6756.65 9.06417e+11 1.26714e+10 -0.251109 0.156507 0.586081 0.0295327 -0.185862 0.105699 
627 973.571 2.79826 949332 5395.78 9.06751e+11 1.01049e+10 -0.248204 0.140037 0.579216 0.0288156 -0.185868 0.0969258 
628 976.166 3.40578 954418 6498.87 9.16543e+11 1.18766e+10 -0.261 0.133334 0.574734 0.0345939 -0.195758 0.0945789 
629 977.275 4.14913 956556 7963.29 9.20545e+11 1.47245e+10 -0.234535 0.158083 0.582273 0.0339124 -0.176261 0.112959 
630 979.237 3.43368 960406 6593.28 9.27977e+11 1.22097e+10 -0.250701 0.1364 0.578625 0.032417 -0.188619 0.0981097 
631 981.037 4.58367 963962 8850.53 9.3495e+11 1.65658e+10 -0.244341 0.151063 0.585536 0.0362189 -0.185453 0.106686 
632 985.897 3.56476 973476 6903.47 9.53254e+11 1.32263e+10 -0.300064 0.142578 0.594669 0.0324915 -0.227627 0.0984542 
633 985.718 2.99061 973131 5721.35 9.52619e+11 1.09709e+10 -0.266367 0.138753 0.594769 0.0303096 -0.204489 0.098281 
634 990.168 4.11529 981930 7986.07 9.69876e+11 1.50965e+10 -0.321949 0.153207 0.608337 0.0301071 -0.247697 0.101169 
635 989.511 4.35254 980599 8433.08 9.67173e+11 1.58777e+10 -0.277075 0.159947 0.596898 0.0350935 -0.209921 0.111249 
636 991.834 4.14832 985242 8045.52 9.76466e+11 1.51889e+10 -0.304965 0.148819 0.601986 0.0302042 -0.229113 0.10496 
637 992.655 3.71965 986859 7168.2 9.79632e+11 1.33391e+10 -0.277087 0.161586 0.595601 0.0332316 -0.210809 0.111692 
638 996.382 4.26358 994400 8307.03 9.95087e+11 1.61966e+10 -0.343699 0.149541 0.610541 0.0322929 -0.256717 0.104051 
639 995.169 4.00331 991921 7755.3 9.8991e+11 1.46026e+10 -0.286705 0.159546 0.604212 0.0309235 -0.216839 0.111144 
640 998.821 4.59873 999215 8969.31 1.00453e+12 1.73784e+10 -0.329288 0.168414 0.60997 0.0331022 -0.250141 0.113954 
641 998.947 3.92326 999403 7733.13 1.00466e+12 1.51112e+10 -0.342691 0.160719 0.606276 0.0332938 -0.25653 0.11007 
642 1001.03 4.38289 1.00364e+06 8578.16 1.01346e+12 1.69036e+10 -0.342469 0.159963 0.605634 0.0350757 -0.253364 0.109858 
643 1001.67 4.24171 1.00492e+06 8244.49 1.01598e+12 1.56198e+10 -0.349186 0.156001 0.603315 0.0342468 -0.257245 0.106967 
644 1002.02 4.5649 1.00566e+06 8934.56 1.01768e+12 1.71707e+10 -0.313224 0.158134 0.595305 0.0340054 -0.231935 0.11055 
645 1006.71 4.73736 1.01504e+06 9280.16 1.03651e+12 1.78627e+10 -0.383882 0.154627 0.616702 0.0357052 -0.282506 0.108291 
646 1007.05 4.22603 1.01577e+06 8352.57 1.03812e+12 1.66316e+10 -0.346878 0.160105 0.607442 0.0358842 -0.255995 0.110996 
647 1010.23 4.65669 1.0221e+06 9144.26 1.05075e+12 1.76826e+10 -0.368969 0.160997 0.612812 0.0373989 -0.272045 0.113318 
648 1010.35 4.46882 1.02246e+06 8961.55 1.05201e+12 1.81193e+10 -0.339182 0.15919 0.604665 0.036817 -0.250244 0.110154 
