0.73 -2.01476 50720000000
118.609 0.427077
1 0 0 0 0 0 0 0.000421961 0.000414392 1 4.63487e-09 0.000421961 0.000414392 
2 0.623208 0.000209938 1 4.49287e-09 1 4.49287e-09 -5.93116e-05 0.00041362 0.811604 0.000104969 -5.93116e-05 0.00041362 
3 1.24683 0.000410789 2.7775 0.000734258 11.11 0.00293703 -7.11911e-05 0.000403921 0.696795 0.00016795 -5.20529e-05 0.000390865 
4 2.20685 0.000605049 7.3342 0.00209236 88.4919 0.0324878 9.36325e-05 0.000456052 0.665485 0.000153873 0.000149603 0.000432974 
5 2.9585 0.000788637 12.0109 0.0038725 231.318 0.0975302 0.000181881 0.00050202 0.610355 0.000177447 0.000229694 0.000464716 
6 3.98213 0.00107005 20.6163 0.00750538 687.95 0.356483 8.81288e-05 0.000521067 0.592554 0.000185516 8.63448e-05 0.000471288 
7 4.7774 0.00122441 28.4453 0.0108934 1256.26 0.697498 -0.000148839 0.00053135 0.553493 0.000196922 -0.000192558 0.000462236 
8 5.83849 0.00168978 41.4182 0.0181332 2643.82 1.7706 0.000100064 0.000586001 0.541989 0.000227427 -3.32363e-05 0.000503088 
9 6.69191 0.00182243 53.1808 0.0237307 4236.27 3.01597 0.000133221 0.000564702 0.513631 0.000254862 -2.99943e-06 0.000472517 
10 7.74021 0.00217013 70.0244 0.0313786 7228.33 5.05869 0.000156228 0.000581917 0.502689 0.000271983 3.22075e-05 0.0004688 
11 8.64817 0.00240819 86.1869 0.0394703 10727.1 7.94611 0.000357124 0.000614303 0.481875 0.000272181 0.000165086 0.000465587 
12 9.69449 0.00239359 107.168 0.0464278 16356.2 12.3296 0.000292266 0.000644366 0.471908 0.000241657 5.48109e-05 0.000496604 
13 10.6218 0.00284641 127.361 0.0617959 22685.5 19.4665 0.000131093 0.000645528 0.454706 0.000244374 -0.000166453 0.000497884 
14 11.6787 0.00290772 152.852 0.0683513 32323.1 25.9123 0.000423385 0.000640807 0.446327 0.000244518 7.42354e-05 0.000495812 
15 12.6255 0.00317739 177.297 0.079691 42827.7 33.336 0.000250732 0.000659498 0.431852 0.000251976 1.26283e-05 0.000509587 
16 13.6857 0.0044097 207.188 0.12588 57938.5 64.7823 0.000322394 0.000675913 0.424471 0.000325226 3.39919e-05 0.000505999 
17 14.6431 0.00450588 235.814 0.134827 74110.7 75.5566 0.000191071 0.000666492 0.411733 0.000305818 -5.03429e-05 0.00048348 
18 15.7025 0.00376976 269.99 0.121482 96327 80.5591 -5.17688e-05 0.000718578 0.404709 0.000257603 -0.000244345 0.000522434 
19 16.6724 0.00432233 302.959 0.143599 119974 99.1562 -5.89563e-05 0.000693218 0.393805 0.000265729 -0.000292326 0.000485511 
20 17.7363 0.0042158 341.679 0.152131 151512 125.683 -5.4833e-06 0.000710808 0.387719 0.000270921 -0.000273152 0.00050229 
21 18.7142 0.00468283 378.961 0.175448 184652 152.607 7.52466e-05 0.000693995 0.378054 0.000290233 -0.000162496 0.000507623 
22 19.7772 0.00549677 422.027 0.231676 227578 245.75 0.000357127 0.000747245 0.37244 0.000304976 1.20988e-05 0.000546038 
23 20.7647 0.00564679 463.731 0.235657 272498 250.837 0.000536852 0.000709917 0.363729 0.000296625 0.000185463 0.000511237 
24 21.8297 0.00591473 511.282 0.261734 329418 319.454 0.000294423 0.000780229 0.358535 0.000314836 -2.58234e-05 0.000531221 
25 22.8258 0.00582065 557.494 0.269654 388824 351.258 0.000564267 0.000728999 0.350901 0.000285003 0.000220083 0.000503131 
26 23.8875 0.00671735 609.304 0.334636 462149 532.284 0.00038663 0.00072998 0.345882 0.000316015 0.000128188 0.000498723 
27 24.8901 0.00715184 659.986 0.37149 538742 616.781 0.000800471 0.000735859 0.338832 0.000312422 0.00043606 0.000485983 
28 25.9559 0.00760341 716.442 0.404288 631997 709.465 0.000587875 0.000803905 0.334247 0.000321235 0.000187961 0.000549451 
29 26.9584 0.00690598 771.303 0.391381 728352 764.166 0.000536464 0.000809679 0.32762 0.000300897 0.000114301 0.000528804 
30 28.0253 0.00864406 832.299 0.503419 844748 994.293 0.000575967 0.000914691 0.323444 0.000373245 0.00017652 0.000613015 
31 29.0275 0.0074351 891.306 0.436472 963779 891.427 0.000522706 0.000860015 0.317243 0.000310913 0.000192698 0.00055597 
32 30.091 0.00930578 956.531 0.574358 1.10607e+06 1279.92 0.000161293 0.000878192 0.31319 0.000381265 -5.61083e-05 0.000551671 
33 31.0998 0.00924221 1020.09 0.578371 1.25191e+06 1326.02 0.000149592 0.000782464 0.307392 0.000337168 -0.000120172 0.000494558 
34 32.1704 0.0103027 1090.28 0.670968 1.42572e+06 1679.56 6.9806e-05 0.000833616 0.30381 0.000341987 -0.000224833 0.000538147 
35 33.18 0.0102281 1158.1 0.684929 1.60139e+06 1827.25 0.00042744 0.000751005 0.298477 0.000343575 -8.85539e-05 0.000484769 
36 34.2504 0.0110826 1232.72 0.762882 1.80915e+06 2085.88 0.000289863 0.000761663 0.294972 0.000393245 -0.000192303 0.00047668 
37 35.2628 0.0107821 1305.01 0.790649 2.01969e+06 2463.8 -0.000245736 0.000765702 0.290159 0.000388753 -0.000480942 0.000467962 
38 36.3325 0.0101139 1384.05 0.76354 2.26566e+06 2461.61 -1.7144e-05 0.000772789 0.286906 0.000337571 -0.000351669 0.000491154 
39 37.3423 0.0115063 1460.33 0.879496 2.51307e+06 2964.56 9.69076e-05 0.00101447 0.282098 0.000349507 -0.000273469 0.000605059 
40 38.4079 0.0119839 1543.5 0.93663 2.80025e+06 3316.81 -8.81107e-05 0.000964848 0.278919 0.000360786 -0.000415717 0.000597587 
41 39.4323 0.012466 1625.21 1.0168 3.09419e+06 3882.22 -0.000222914 0.00106127 0.274648 0.000341324 -0.000535527 0.000644084 
42 40.4997 0.0127995 1712.99 1.08148 3.42918e+06 4419.78 -0.000297077 0.00098782 0.271716 0.000339232 -0.000536839 0.000603522 
43 41.517 0.0131223 1798.4 1.13486 3.7679e+06 4859.88 -0.000275612 0.00105024 0.267604 0.000368099 -0.000514258 0.000644642 
44 42.5803 0.0125962 1890.22 1.11341 4.15282e+06 5028.59 -0.000260749 0.00107267 0.264532 0.000340785 -0.000513388 0.000623158 
45 43.6084 0.0139786 1980.91 1.26648 4.54824e+06 5853.31 -0.000277311 0.00119564 0.261009 0.000354103 -0.000495292 0.000679784 
46 44.6717 0.0145531 2077.25 1.36097 4.99077e+06 6685.46 -0.000314844 0.00104087 0.258123 0.000375047 -0.000424539 0.000629412 
47 45.7092 0.0176404 2173.13 1.62307 5.44821e+06 8058.46 -0.000183915 0.00113302 0.254818 0.000374914 -0.00036095 0.000700199 
48 46.7663 0.0170469 2273.25 1.67078 5.94891e+06 8922.23 -3.2931e-05 0.00103727 0.25213 0.000404999 -0.000276174 0.000613009 
49 47.8013 0.0167275 2373.19 1.65678 6.46763e+06 9057.53 -3.62807e-05 0.00110716 0.248958 0.000357917 -0.000258664 0.000637744 
50 48.857 0.0151425 2477.71 1.5636 7.03704e+06 9257.18 -0.0001796 0.00116521 0.246383 0.000386321 -0.000244301 0.000678432 
51 49.894 0.0135454 2582.19 1.41111 7.62502e+06 8505.04 -0.000154971 0.00131937 0.243207 0.000364235 -0.000274998 0.000774198 
52 50.955 0.0141355 2691.74 1.49402 8.27234e+06 9387.82 -2.98764e-05 0.00119778 0.240691 0.000409337 -0.000272556 0.000686215 
53 51.9882 0.0141528 2800.22 1.51087 8.93306e+06 9758.78 2.47762e-05 0.00107543 0.237731 0.000403395 -0.000200681 0.000568184 
54 53.0574 0.0153559 2915.11 1.70138 9.66597e+06 11794.5 -0.000166674 0.000994012 0.235445 0.000428599 -0.000377558 0.000529728 
55 54.0873 0.0159328 3027.54 1.77212 1.04046e+07 12338.4 0.000151575 0.00109773 0.232527 0.000382262 -4.3584e-05 0.000586015 
56 55.1552 0.0155047 3146.72 1.75726 1.12219e+07 12614.6 0.000260194 0.00087405 0.230442 0.000400429 5.96845e-05 0.000460158 
57 56.1867 0.0149572 3263.64 1.75176 1.20474e+07 13346 8.29987e-05 0.00100937 0.227529 0.000402147 -0.000125338 0.000509511 
58 57.2492 0.0171679 3386.64 2.0356 1.29531e+07 15944.5 0.000157978 0.00096234 0.225352 0.000449693 -5.12468e-05 0.000460132 
59 58.2845 0.0177564 3508.41 2.10509 1.38766e+07 16472.2 0.000270925 0.00086923 0.222572 0.000414087 -4.52769e-06 0.000421872 
60 59.3417 0.0166701 3635.2 2.03321 1.48758e+07 16916.1 0.000303353 0.000902322 0.220445 0.000390937 -4.53104e-07 0.000417902 
61 60.3754 0.019617 3761.15 2.41821 1.58988e+07 20065.4 0.00028103 0.000830739 0.218118 0.000403966 -1.5434e-05 0.000415608 
62 61.4388 0.0190344 3893.2 2.37524 1.70117e+07 20666.3 0.000497639 0.000837054 0.216025 0.000402811 0.000141386 0.000418242 
63 62.4792 0.0194158 4024.22 2.56638 1.81455e+07 24444.2 9.83109e-05 0.000863138 0.213725 0.000406752 -8.78156e-06 0.000414577 
64 63.5436 0.0189343 4160.77 2.50897 1.93706e+07 24201.3 -6.01918e-05 0.000865348 0.211758 0.000419631 -0.000163449 0.000422548 
65 64.585 0.0182498 4296.44 2.42831 2.06245e+07 24177.5 -4.7665e-05 0.00081389 0.209727 0.000396257 -0.000249451 0.000413076 
66 65.6468 0.0200958 4437.25 2.74611 2.19715e+07 28365.3 0.000161289 0.000859495 0.20782 0.00044228 -0.000171666 0.000422071 
67 66.6818 0.020334 4576.34 2.81615 2.3336e+07 29473.7 -1.12712e-05 0.000882995 0.205552 0.000394576 -0.000264759 0.000444888 
68 67.7476 0.0198085 4722.23 2.80412 2.48189e+07 30745 4.87632e-05 0.000898883 0.203654 0.000399777 -0.00024464 0.000437973 
69 68.7828 0.0220239 4865.75 3.09787 2.63139e+07 33577.9 1.91522e-05 0.000867606 0.201511 0.000369395 -0.000274986 0.000422208 
70 69.8503 0.0209409 5016.3 3.05245 2.79373e+07 36003.7 0.000258791 0.000962648 0.199785 0.000423038 -0.000163636 0.00047151 
71 70.8893 0.0194778 5164.77 2.93161 2.95783e+07 37053.9 0.000318199 0.00091361 0.197801 0.000459583 -0.000129245 0.000437112 
72 71.9536 0.0208188 5319.26 3.12137 3.13382e+07 38312.4 0.000244091 0.000884634 0.196143 0.000450153 -0.000145236 0.00042355 
73 72.9919 0.0204697 5471.97 3.10529 3.31234e+07 38988.6 0.00019946 0.000973348 0.194053 0.000397801 -6.99169e-05 0.000457034 
74 74.0564 0.0225036 5631.17 3.62941 3.50454e+07 49697.5 3.07947e-05 0.000964255 0.192478 0.00037148 -4.82686e-05 0.000420222 
75 75.1023 0.0241303 5789.44 3.84765 3.69993e+07 51720.2 7.61345e-05 0.00101111 0.190752 0.000391156 -4.22109e-05 0.000423174 
76 76.1625 0.0239916 5952.36 3.87862 3.90719e+07 53685.2 0.000107856 0.000914034 0.189177 0.000402612 4.74658e-05 0.000402763 
77 77.2 0.0291257 6113.82 4.67314 4.11773e+07 63631.9 7.15318e-06 0.000892645 0.187386 0.000386234 1.46729e-06 0.000418573 
78 78.2692 0.0305901 6282.56 4.99404 4.34389e+07 70542.7 -5.65454e-05 0.000922211 0.185915 0.00042214 -1.01168e-05 0.000431809 
79 79.3045 0.0299903 6447.96 4.90353 4.57074e+07 69598.9 0.000241016 0.000911726 0.184009 0.000400225 0.000179364 0.000406225 
80 80.3659 0.0301244 6619.84 4.92615 4.8129e+07 69872.8 0.000254675 0.000945427 0.182566 0.000433906 0.000115739 0.00039796 
81 81.4116 0.0254253 6791.23 4.18047 5.05998e+07 61421.6 0.000186654 0.000908611 0.180807 0.000433069 0.000141912 0.000396556 
82 82.4733 0.0255461 6967.73 4.23487 5.32172e+07 65878.7 0.000736433 0.00126312 0.179534 0.000439464 0.000298343 0.000558253 
83 83.5172 0.0261817 7143.35 4.35382 5.5881e+07 66866.7 0.000509167 0.000964422 0.177979 0.000416829 0.000236011 0.000402851 
84 84.5754 0.0269169 7323.82 4.61489 5.86927e+07 75174.6 0.000794565 0.00099898 0.176674 0.000403221 0.000348355 0.000406698 
85 85.6322 0.0255691 7506.24 4.50224 6.16014e+07 75874.9 0.000478144 0.000931877 0.175276 0.000386034 0.000186199 0.000400847 
86 86.6883 0.0266798 7690.63 4.72569 6.46083e+07 80170.7 0.000431711 0.000899208 0.17378 0.000396927 0.000164424 0.000392024 
87 87.7269 0.0246444 7874.07 4.44034 6.76677e+07 79052.7 0.000658416 0.00109294 0.172353 0.000398893 0.00026186 0.000443335 
88 88.7777 0.0264746 8061.94 4.8545 7.08758e+07 87367.7 0.00043221 0.00111228 0.170857 0.000398258 0.000136278 0.000435671 
89 89.83 0.0292848 8252.34 5.19964 7.42034e+07 92829.8 -0.000124438 0.00123464 0.169418 0.000410429 -0.00020505 0.00042102 
90 90.8867 0.0345135 8445.25 6.08193 7.76303e+07 97987 6.05022e-05 0.00119548 0.168053 0.000433035 -7.74277e-05 0.000412646 
91 91.9234 0.0345804 8637.18 6.20578 8.11372e+07 104894 0.000467413 0.00133385 0.16661 0.000423816 0.000135103 0.000573034 
92 92.9797 0.0356454 8834.92 6.44956 8.48272e+07 110920 0.000193029 0.0012529 0.165298 0.000377 -2.70995e-05 0.000484953 
93 94.0148 0.0408923 9030.81 7.65638 8.85602e+07 141604 0.00032504 0.00118835 0.16385 0.00040255 0.000105704 0.000448191 
94 95.0861 0.0404323 9236.02 7.64855 9.25682e+07 144442 0.000223374 0.00106215 0.162635 0.000382017 6.74875e-05 0.000409286 
95 96.1235 0.0385515 9436.86 7.37359 9.65704e+07 142724 -1.7446e-05 0.00094082 0.16133 0.000450262 -0.000103046 0.00039689 
96 97.1893 0.0419699 9645.47 8.10879 1.0082e+08 159312 -0.000138012 0.000911261 0.160127 0.000504511 -3.654e-05 0.000386831 
97 98.2259 0.0416631 9850.16 8.24402 1.0506e+08 170633 6.4844e-05 0.000922146 0.158731 0.000475155 0.000124072 0.000385806 
98 99.2739 0.0448973 10059.7 9.11311 1.0951e+08 199976 3.33335e-05 0.000916169 0.157582 0.000487706 1.32884e-05 0.000389089 
99 100.328 0.0377802 10272.4 7.70717 1.14107e+08 170324 0.000308031 0.000900003 0.156411 0.000434965 0.000166235 0.000373139 
100 101.399 0.0380745 10490.9 7.73606 1.18926e+08 169526 0.000427463 0.000976655 0.15535 0.000457063 0.000268323 0.000381571 
101 102.436 0.0382897 10704.6 7.78151 1.23735e+08 168018 0.000235819 0.000929696 0.154103 0.000371001 0.000246055 0.000381477 
102 103.499 0.035387 10926.4 7.47417 1.28854e+08 175163 0.000337973 0.000930534 0.153078 0.000390297 0.000254993 0.000378376 
103 104.542 0.0346015 11145.6 7.36999 1.33984e+08 173898 0.000554439 0.000938463 0.151998 0.000368276 0.000416948 0.000384905 
104 105.608 0.0341003 11372.2 7.24586 1.39405e+08 184945 0.000580794 0.000994891 0.151059 0.000389863 0.000387405 0.000402198 
105 106.644 0.0330186 11594.7 7.20152 1.4483e+08 186826 0.000236499 0.00107115 0.149881 0.000368939 0.000235644 0.000393086 
106 107.705 0.0349515 11824.4 7.77989 1.5053e+08 207205 0.000322135 0.00103055 0.148958 0.00036662 0.000261118 0.000385619 
107 108.73 0.0367671 12048.5 7.82209 1.56187e+08 195231 0.000601876 0.000964245 0.147847 0.000376069 0.00041469 0.000374565 
108 109.788 0.0392914 12282.2 8.57585 1.62208e+08 210090 0.00067756 0.000970624 0.146667 0.00039135 0.00039837 0.000380571 
109 110.846 0.0362776 12518 8.05663 1.68395e+08 215905 0.000962784 0.000969352 0.145716 0.000376078 0.000467509 0.000378724 
110 111.893 0.0396659 12753.4 8.6033 1.74687e+08 222339 0.000949018 0.000988197 0.144645 0.000373011 0.000517864 0.000384406 
111 112.952 0.038449 12994.1 8.51418 1.81255e+08 226736 0.000624276 0.000973113 0.143811 0.000375009 0.000345517 0.000369105 
112 113.997 0.0353888 13233.6 8.23011 1.87889e+08 238153 0.000471758 0.00104572 0.142722 0.000382406 0.000333501 0.000382068 
113 115.043 0.0349146 13475.7 8.22144 1.94722e+08 243942 0.000353444 0.000992851 0.141771 0.000384555 0.000224435 0.000370972 
114 116.097 0.0442872 13722.2 10.4705 2.01825e+08 308476 0.000513196 0.00101543 0.140973 0.000409967 0.000240974 0.000377591 
115 117.149 0.0380733 13970.2 8.98685 2.09081e+08 270335 0.000360506 0.00101907 0.140068 0.000382266 0.000168016 0.000386395 
116 118.202 0.0471438 14220.2 10.9334 2.16501e+08 298667 0.000181802 0.00105828 0.139039 0.000390718 9.24276e-05 0.000374713 
117 119.261 0.0474284 14473.8 11.0524 2.24164e+08 304725 0.000222435 0.00105857 0.138086 0.000409056 0.000121065 0.000379291 
118 120.309 0.0590661 14727.7 14.1018 2.31997e+08 415664 0.000194829 0.0011204 0.137367 0.000386142 0.000212806 0.000370646 
119 121.351 0.0521918 14981.9 12.4834 2.39956e+08 366585 9.62442e-05 0.00103979 0.136448 0.000401693 0.000170273 0.000377792 
120 122.432 0.0544616 15248 13.0861 2.4844e+08 393497 0.000458328 0.00111811 0.135658 0.000385981 0.000186627 0.000379911 
121 123.483 0.0466368 15509.3 11.1367 2.56924e+08 338691 0.000781051 0.0010348 0.134805 0.000388182 0.000365391 0.000377909 
122 124.534 0.0566034 15772.4 13.7575 2.65597e+08 423534 0.00100796 0.00109559 0.133973 0.000405147 0.000518168 0.000382346 
123 125.576 0.0502374 16035.4 12.3229 2.74398e+08 386922 0.000723032 0.00111099 0.133009 0.000445637 0.000389266 0.000386299 
124 126.624 0.0535588 16302.4 13.3476 2.8349e+08 434056 0.000714844 0.00102685 0.13213 0.000489757 0.000358154 0.000374914 
125 127.678 0.0557884 16572.9 14.0824 2.92848e+08 467659 0.000366503 0.00106134 0.1313 0.000455799 0.000220584 0.000379823 
126 128.73 0.0638421 16845.1 16.5387 3.02417e+08 578410 0.000660686 0.00113423 0.130669 0.000444434 0.000329549 0.000376635 
127 129.774 0.0646371 17117.3 16.9795 3.12117e+08 609572 0.000660812 0.00106305 0.129843 0.000433666 0.00029341 0.000379541 
128 130.841 0.0644898 17398.2 17.1915 3.22318e+08 633792 0.000630578 0.00105214 0.129228 0.000413893 0.000306812 0.000378762 
129 131.882 0.0598995 17673.9 16.0705 3.32471e+08 600162 0.000385434 0.0010953 0.128334 0.000390484 0.000195429 0.000376161 
130 132.935 0.0679888 17955.4 18.2785 3.43006e+08 688310 0.000598067 0.00106768 0.127448 0.000419222 0.000285674 0.000379408 
131 133.986 0.0550573 18239 14.6953 3.5381e+08 543180 0.00106312 0.00126733 0.126713 0.000403499 0.000346015 0.000380738 
132 135.039 0.0593576 18524.7 15.8924 3.64831e+08 591967 0.000891766 0.00135067 0.126012 0.000406154 0.000295666 0.000393623 
133 136.095 0.0576215 18813.4 15.5965 3.76147e+08 596977 0.00109452 0.00125621 0.12522 0.000465011 0.000300853 0.00037481 
134 137.136 0.0572697 19100.1 15.5954 3.8752e+08 601617 0.00105401 0.00108046 0.124361 0.000455332 0.000293297 0.000373526 
135 138.19 0.061255 19392.9 16.9717 3.99362e+08 675422 0.000581277 0.00106995 0.123648 0.00041399 0.000195744 0.000365261 
136 139.236 0.0561377 19685.5 15.5629 4.1133e+08 623318 0.000595323 0.00107002 0.1229 0.000422213 0.000159892 0.000371576 
137 140.275 0.0545423 19978.5 15.2519 4.23504e+08 623481 0.00105892 0.00107048 0.122099 0.000457403 0.00033685 0.000369026 
138 141.346 0.0604069 20283.1 17.388 4.36393e+08 756281 0.000762682 0.00106829 0.121563 0.00049306 0.000177794 0.000376857 
139 142.389 0.0574942 20580.5 16.6909 4.49042e+08 739234 0.000891456 0.00106394 0.120756 0.000425772 0.000208279 0.000366183 
140 143.455 0.0572253 20888.4 16.6379 4.62445e+08 739695 0.00117734 0.00108408 0.120185 0.000432655 0.000338234 0.000371686 
141 144.508 0.0555661 21194.3 16.275 4.75923e+08 735749 0.000866689 0.00111369 0.119469 0.000425037 0.000297432 0.000367761 
142 145.554 0.0624896 21500 18.5494 4.89572e+08 856140 0.000862217 0.00122567 0.118804 0.000446747 0.00026427 0.000359964 
143 146.597 0.0535529 21806.6 15.6344 5.03396e+08 695931 0.000939214 0.00110518 0.117893 0.000446009 0.000346109 0.000369347 
144 147.666 0.0526807 22124 15.5629 5.18015e+08 705689 0.000787741 0.00108538 0.117375 0.000498071 0.00032811 0.000367052 
145 148.721 0.053385 22438.8 15.8339 5.32636e+08 735748 0.000431338 0.00112282 0.11661 0.000461251 0.000152295 0.000360479 
146 149.779 0.0587048 22757.4 17.8203 5.47684e+08 850948 0.000387278 0.00111092 0.115971 0.00042537 8.62022e-05 0.000366044 
147 150.827 0.0528617 23075 16.012 5.6292e+08 773825 0.000158728 0.00120927 0.115379 0.000435169 3.5314e-05 0.000372257 
148 151.875 0.0610764 23394.9 18.6146 5.78434e+08 896329 0.000192007 0.00121507 0.114694 0.000449513 2.77089e-05 0.000365023 
149 152.939 0.0582191 23721.4 17.5336 5.94475e+08 815792 0.000610289 0.00113124 0.114037 0.00044977 0.00023981 0.000377787 
150 153.999 0.0657832 24049.7 20.2376 6.10889e+08 985781 0.000467889 0.00106085 0.113447 0.000447052 0.000153874 0.000359174 
151 155.042 0.0657868 24374.4 20.2346 6.27292e+08 981878 0.000433135 0.0011559 0.112806 0.000484724 0.000156045 0.000370476 
152 156.094 0.0705567 24704.2 21.9111 6.44183e+08 1.09302e+06 0.000513895 0.00112904 0.112272 0.000500958 0.000123816 0.000376293 
153 157.123 0.0640745 25028.6 20.2059 6.6095e+08 1.047e+06 0.000544956 0.00112441 0.111601 0.000499011 0.000139018 0.000362335 
154 158.184 0.0687543 25365.8 21.6443 6.78695e+08 1.11471e+06 0.000689661 0.00113732 0.111092 0.000426175 0.000232787 0.000365784 
155 159.219 0.0642045 25696.7 20.5879 6.96298e+08 1.10429e+06 0.000485959 0.00112376 0.110375 0.000418988 0.000141412 0.000368491 
156 160.291 0.0745875 26042.2 23.9515 7.14953e+08 1.29102e+06 0.000794843 0.00114178 0.109899 0.000414334 0.000207843 0.000367616 
157 161.351 0.0734576 26385.9 23.6905 7.33772e+08 1.28378e+06 0.000622596 0.00116346 0.109396 0.000439554 0.000203122 0.000379313 
158 162.391 0.0854061 26725.1 27.7153 7.52527e+08 1.51963e+06 0.000281395 0.00109779 0.10891 0.000419973 0.000128772 0.000355625 
159 163.432 0.0938073 27067.2 31.0382 7.7174e+08 1.77583e+06 0.000594226 0.00117337 0.108308 0.000427716 0.000205368 0.000380305 
160 164.488 0.0883961 27416 29.2752 7.91494e+08 1.67681e+06 0.000362424 0.00118183 0.10765 0.000454347 0.00015688 0.000377386 
161 165.521 0.100874 27759.2 33.6622 8.11234e+08 1.95604e+06 0.000291415 0.00116342 0.106994 0.000412618 7.69251e-05 0.000375394 
162 166.58 0.096368 28113.9 32.1683 8.31896e+08 1.85554e+06 0.000255279 0.00118804 0.106492 0.000422015 2.54564e-05 0.000376724 
163 167.632 0.0918762 28467.9 31.408 8.52731e+08 1.8959e+06 0.000343465 0.00119583 0.105913 0.000424489 3.53596e-05 0.000376043 
164 168.676 0.0866052 28821.6 29.5094 8.738e+08 1.76053e+06 0.00035144 0.00120626 0.105419 0.000524573 8.38368e-05 0.000378267 
165 169.732 0.0861734 29180.8 29.8009 8.95426e+08 1.83445e+06 0.00018317 0.00121412 0.104861 0.000448782 4.91266e-05 0.000373399 
166 170.778 0.0784525 29539.8 27.3357 9.17355e+08 1.71605e+06 0.00036217 0.00124498 0.104291 0.000480253 7.46077e-05 0.000389634 
167 171.835 0.0721603 29904.7 25.0216 9.39954e+08 1.54941e+06 0.000212364 0.0011877 0.103861 0.000492051 8.35683e-05 0.000376743 
168 172.905 0.0814009 30276.4 28.8746 9.63256e+08 1.87032e+06 2.05257e-05 0.00123987 0.103351 0.00048886 4.43996e-05 0.000387579 
169 173.94 0.0790932 30637.7 28.4946 9.8607e+08 1.91082e+06 -0.000309336 0.00120726 0.102814 0.000542488 4.50476e-05 0.000377951 
170 174.982 0.0666015 31003.5 23.6534 1.00948e+09 1.57062e+06 -8.46122e-05 0.00126089 0.102333 0.000537103 9.49365e-05 0.000393439 
171 176.045 0.0705519 31378.8 25.3132 1.03376e+09 1.71564e+06 0.000155589 0.00124506 0.101886 0.000585002 0.000122754 0.000392249 
172 177.106 0.0667422 31756.5 23.7099 1.05856e+09 1.61206e+06 -0.000228456 0.0015717 0.101451 0.000526886 -7.38362e-05 0.000459793 
173 178.149 0.0684865 32128.8 24.8887 1.08319e+09 1.73555e+06 0.000146035 0.00146267 0.10088 0.000556724 5.15373e-05 0.000474955 
174 179.225 0.0672647 32515.6 24.5363 1.10907e+09 1.71559e+06 0.000207655 0.00154938 0.100351 0.000605149 0.000110746 0.000486218 
175 180.265 0.0702092 32892.6 25.6918 1.13471e+09 1.80697e+06 7.74929e-06 0.00144105 0.0997979 0.000656769 2.79491e-05 0.000457748 
176 181.323 0.0699161 33278.5 25.713 1.16134e+09 1.8265e+06 0.000289682 0.00144268 0.0993529 0.000558417 4.12423e-05 0.000432847 
177 182.361 0.0712137 33658.4 26.0456 1.18774e+09 1.8707e+06 -7.01343e-05 0.00127622 0.0987246 0.0006307 -8.50316e-05 0.000407354 
178 183.429 0.073803 34052.2 26.5554 1.2155e+09 1.92089e+06 0.000400863 0.00138229 0.0984075 0.000637395 0.000119861 0.000498417 
179 184.482 0.0717635 34441.3 26.8607 1.24303e+09 1.97388e+06 0.000364346 0.00125942 0.0978572 0.000498192 8.82544e-05 0.000470915 
180 185.531 0.07904 34832.1 28.489 1.27114e+09 2.09395e+06 0.000247422 0.00126089 0.0974951 0.000522195 0.000101086 0.000460374 
181 186.582 0.0844567 35225.6 31.0676 1.29968e+09 2.19831e+06 1.68066e-05 0.00138163 0.0969603 0.000490555 -2.7875e-05 0.000444898 
182 187.682 0.073892 35640.4 27.7613 1.33019e+09 2.13407e+06 1.61249e-06 0.00131746 0.0965854 0.000517265 -5.19494e-05 0.000410636 
183 188.733 0.0834742 36037.7 31.3716 1.35962e+09 2.3085e+06 8.2522e-05 0.00135882 0.0961913 0.000510135 -3.2898e-05 0.000400728 
184 189.775 0.0824021 36434.6 31.201 1.38938e+09 2.32105e+06 -0.000218856 0.00125235 0.0955969 0.000489635 -7.94185e-05 0.00037698 
185 190.797 0.0821447 36826.2 31.599 1.41913e+09 2.43804e+06 -0.000465794 0.00127214 0.0951394 0.000489717 -0.000118736 0.000384442 
186 191.855 0.0877758 37234.3 33.8006 1.45056e+09 2.59789e+06 -0.000477901 0.00127026 0.0946254 0.000516626 -0.00014872 0.000377759 
187 192.91 0.087092 37642 33.8899 1.48207e+09 2.75293e+06 -0.000463248 0.00128779 0.0942234 0.000499339 -0.000156381 0.00046924 
188 193.947 0.0880157 38045.4 34.6478 1.51365e+09 2.80348e+06 -0.000268854 0.00129874 0.0937647 0.000539023 -5.4229e-05 0.000429074 
189 195.011 0.0870698 38461.9 34.3949 1.54662e+09 2.80814e+06 -0.000318634 0.00128949 0.0933946 0.000516838 -7.64686e-06 0.000449176 
190 196.08 0.0920437 38882.2 36.4983 1.58021e+09 2.98583e+06 -0.00040409 0.00149789 0.0929246 0.000542501 -4.35426e-05 0.00040387 
191 197.119 0.0862653 39293.9 35.1165 1.61363e+09 3.02333e+06 -0.000276325 0.00155389 0.092655 0.000537692 2.1448e-07 0.000447636 
192 198.181 0.0921286 39716.5 37.1297 1.64823e+09 3.17276e+06 -0.000196955 0.00148899 0.0922908 0.000518461 3.12526e-06 0.000394943 
193 199.227 0.0996778 40134.7 40.2997 1.68273e+09 3.44283e+06 -0.000422084 0.00147961 0.091821 0.000525059 -0.000107236 0.00042274 
194 200.27 0.097861 40553.7 39.6693 1.71767e+09 3.38547e+06 -0.000751778 0.00136009 0.0915619 0.000611621 -0.000250852 0.000441144 
195 201.309 0.0981116 40972.8 40.1751 1.75283e+09 3.48231e+06 -0.000647469 0.00187946 0.0911271 0.0006091 -0.000187051 0.000574336 
196 202.351 0.0966548 41396.4 39.2685 1.78905e+09 3.50338e+06 -0.000518258 0.00228186 0.0906955 0.000681575 -0.000122955 0.000621982 
197 203.396 0.099885 41823.6 40.6467 1.82589e+09 3.51611e+06 -0.000374863 0.00225587 0.090461 0.000617997 -1.63693e-05 0.000588904 
198 204.474 0.124236 42266 50.8808 1.86434e+09 4.43682e+06 -0.000870835 0.00196821 0.0901092 0.000710107 -8.86751e-05 0.000490172 
199 205.516 0.123415 42694.9 50.5991 1.90191e+09 4.40626e+06 -0.000934426 0.00220517 0.0896994 0.000825994 -8.11248e-05 0.000553537 
200 206.604 0.126107 43145.9 52.07 1.94187e+09 4.59185e+06 -0.000920761 0.00232101 0.0893445 0.000643432 -0.00011062 0.00060368 
201 207.632 0.109538 43574.5 45.3717 1.98031e+09 4.02851e+06 -0.000994824 0.00244982 0.0890312 0.000581743 -0.000121355 0.000611875 
202 208.697 0.111093 44020.5 46.5984 2.02071e+09 4.24394e+06 -0.00111455 0.00233484 0.0887686 0.000536347 -0.000191878 0.000619905 
203 209.781 0.123015 44477 51.9475 2.06251e+09 4.79886e+06 -0.000863471 0.00221002 0.0884653 0.000636501 -8.52592e-05 0.000588688 
204 210.821 0.105948 44917.1 45.5989 2.1032e+09 4.39247e+06 -0.00114703 0.00196814 0.0881162 0.000634677 -0.000205851 0.000526159 
205 211.855 0.111105 45356.8 47.511 2.14419e+09 4.50952e+06 -0.00163621 0.00180005 0.0876339 0.000758575 -0.000292093 0.0004726 
206 212.901 0.108008 45804.1 45.8485 2.18642e+09 4.31748e+06 -0.00149942 0.00137461 0.0873803 0.000764303 -0.000343553 0.000360957 
207 213.952 0.118593 46255 51.3329 2.22914e+09 4.99386e+06 -0.00136836 0.00168966 0.0870115 0.000677825 -0.000284988 0.000409276 
208 215.033 0.109057 46721.2 47.9679 2.27391e+09 4.8344e+06 -0.0012751 0.00162987 0.0867005 0.000628455 -0.00017585 0.000387323 
209 216.068 0.0994086 47168.9 43.5822 2.3171e+09 4.34992e+06 -0.00138183 0.00177279 0.0860831 0.000585849 -0.000196394 0.000369885 
210 217.128 0.10679 47630.7 47.2073 2.36225e+09 4.78943e+06 -0.0013884 0.00164655 0.0856558 0.000568494 -0.000178443 0.000363916 
211 218.173 0.105362 48088.3 46.5087 2.40745e+09 4.70786e+06 -0.00166225 0.00183056 0.0854394 0.000596664 -0.000242353 0.000423007 
212 219.228 0.102457 48552.8 45.2012 2.45394e+09 4.61844e+06 -0.0018396 0.00150875 0.0851512 0.00063489 -0.000285763 0.000366324 
213 220.279 0.109101 49017.3 48.7877 2.50063e+09 5.0677e+06 -0.00161949 0.00155421 0.0847578 0.000708293 -0.000247548 0.000393676 
214 221.357 0.103787 49495.7 46.773 2.54915e+09 4.94581e+06 -0.00172254 0.0015988 0.084362 0.000658916 -0.000236581 0.000411458 
215 222.429 0.113164 49974.2 50.9021 2.59831e+09 5.34323e+06 -0.0019243 0.00151599 0.0840586 0.000598671 -0.00024526 0.000360979 
216 223.466 0.106613 50439.3 48.4885 2.64649e+09 5.20388e+06 -0.00192111 0.00161152 0.083596 0.000631425 -0.000259626 0.000365535 
217 224.527 0.11124 50917.7 50.0881 2.69659e+09 5.28397e+06 -0.00182525 0.00163966 0.0833164 0.000631398 -0.000236051 0.000355141 
218 225.562 0.111317 51385.5 50.795 2.74584e+09 5.49361e+06 -0.00194867 0.00148573 0.0829857 0.00062067 -0.000268168 0.000342703 
219 226.61 0.107563 51861.7 49.1274 2.79645e+09 5.33598e+06 -0.0020458 0.00176942 0.0826443 0.000678923 -0.000277041 0.000386881 
220 227.658 0.107491 52340.6 49.4297 2.84787e+09 5.45955e+06 -0.00172096 0.001807 0.0820642 0.000743768 -0.000189894 0.000390417 
221 228.714 0.104487 52825.4 48.3523 2.90045e+09 5.38644e+06 -0.00171619 0.00169526 0.0818403 0.000697 -0.000198578 0.000404596 
222 229.768 0.115838 53311.1 54.0387 2.9536e+09 6.0998e+06 -0.00223367 0.00177857 0.0814961 0.000712387 -0.000339076 0.00041279 
223 230.818 0.109018 53799 50.8462 3.00785e+09 5.75246e+06 -0.00204267 0.00195534 0.0811775 0.000711777 -0.000307953 0.000416053 
224 231.865 0.111041 54285.2 52.3541 3.06183e+09 6.07349e+06 -0.00235989 0.00186554 0.0807595 0.000728145 -0.000310086 0.00041518 
225 232.923 0.1218 54778.8 57.2182 3.11711e+09 6.55563e+06 -0.00223848 0.0021583 0.0804284 0.000682486 -0.000324212 0.000457264 
226 234.029 0.116465 55298.5 55.3551 3.17612e+09 6.48947e+06 -0.00213986 0.00216159 0.0801366 0.000695922 -0.000334782 0.000437503 
227 235.059 0.12375 55783 58.0024 3.23124e+09 6.60289e+06 -0.0022079 0.00217182 0.0798773 0.000678679 -0.00026523 0.000473976 
228 236.14 0.110426 56296.1 53.0123 3.29077e+09 6.34836e+06 -0.00201236 0.00195777 0.0794538 0.000750965 -0.000277515 0.000389583 
229 237.163 0.114563 56782 55.1192 3.34718e+09 6.61889e+06 -0.00224958 0.00187962 0.0791341 0.000720914 -0.00035925 0.000400768 
230 238.215 0.114037 57286.3 54.7792 3.40677e+09 6.62851e+06 -0.00227801 0.0022357 0.0788843 0.0008082 -0.0003215 0.000480181 
231 239.275 0.116408 57794.5 56.4244 3.46674e+09 6.88085e+06 -0.00225219 0.00222317 0.0786766 0.000870032 -0.000278005 0.000422847 
232 240.347 0.117543 58310.3 57.2029 3.5282e+09 7.03524e+06 -0.00207731 0.00182663 0.078361 0.000799679 -0.000284653 0.000377546 
233 241.417 0.118884 58829.3 58.1768 3.591e+09 7.22793e+06 -0.00189407 0.00185576 0.0780591 0.000824982 -0.000236684 0.000372565 
234 242.454 0.120396 59333.8 59.1642 3.65233e+09 7.41052e+06 -0.00205276 0.00178716 0.0778291 0.000822641 -0.00027979 0.000383858 
235 243.494 0.11954 59841 58.9249 3.71429e+09 7.47673e+06 -0.00159921 0.00184483 0.077506 0.000843858 -0.00016775 0.00039967 
236 244.541 0.129524 60355.8 64.1673 3.77834e+09 8.16381e+06 -0.00158549 0.00167336 0.0773211 0.00100206 -0.000230735 0.000381245 
237 245.585 0.121084 60870.8 60.1843 3.84283e+09 7.74464e+06 -0.00187878 0.00169287 0.0770167 0.000855257 -0.00026659 0.000379547 
238 246.678 0.128647 61412 64.6875 3.911e+09 8.43396e+06 -0.00210738 0.00180242 0.07683 0.000830826 -0.000310306 0.000432918 
239 247.759 0.123622 61949.1 62.1072 3.97907e+09 8.14048e+06 -0.00177975 0.00214356 0.0766239 0.000852494 -0.000182756 0.000504554 
240 248.812 0.143936 62474.4 71.234 4.04619e+09 9.08866e+06 -0.00194815 0.0023125 0.0763805 0.000763297 -0.000234876 0.000538598 
241 249.83 0.128131 62984.5 64.8442 4.11196e+09 8.6101e+06 -0.00196504 0.00204121 0.0760971 0.000730844 -0.000244635 0.000463008 
242 250.893 0.129042 63519.3 65.545 4.18154e+09 8.77094e+06 -0.00183937 0.00212678 0.0757193 0.000746203 -0.000229609 0.000479874 
243 251.917 0.137399 64038.9 70.4136 4.25027e+09 9.56462e+06 -0.00233475 0.00225076 0.0753711 0.000842581 -0.000291991 0.000495692 
244 252.992 0.128439 64584.8 65.7834 4.32254e+09 8.9541e+06 -0.00242532 0.00249974 0.075204 0.000814407 -0.000320297 0.000549557 
245 254.078 0.130494 65138.5 67.3888 4.39642e+09 9.32593e+06 -0.0024048 0.00258286 0.0748832 0.00079748 -0.000264322 0.000550122 
246 255.162 0.131783 65691.8 68.1802 4.4705e+09 9.4603e+06 -0.00160607 0.0023086 0.0746259 0.000797946 -0.000140995 0.000497649 
247 256.196 0.131607 66221.5 68.1045 4.5417e+09 9.51504e+06 -0.00121237 0.00209841 0.0742901 0.00073672 -5.66454e-05 0.000497769 
248 257.265 0.133297 66772.2 69.4214 4.61682e+09 9.76541e+06 -0.001676 0.00241928 0.0738972 0.000673499 -6.69611e-05 0.00055113 
249 258.263 0.135017 67288.6 70.5858 4.6878e+09 9.99998e+06 -0.00187898 0.00216539 0.0735138 0.000722162 -0.000158738 0.000492147 
250 259.328 0.134131 67842.5 70.3054 4.76469e+09 1.00225e+07 -0.00197023 0.00209307 0.0734678 0.000756449 -0.000181282 0.000464683 
251 260.369 0.138582 68389 73.205 4.84196e+09 1.05822e+07 -0.00283838 0.00164634 0.0729627 0.000833956 -0.000324257 0.00040309 
252 261.461 0.137541 68961 72.663 4.92246e+09 1.05188e+07 -0.00257828 0.00165364 0.072602 0.000715931 -0.000275414 0.000412837 
253 262.528 0.141851 69522.3 75.5006 5.00226e+09 1.10732e+07 -0.00274547 0.00184044 0.0724133 0.00070462 -0.000255436 0.000467162 
254 263.613 0.139515 70093.9 73.9832 5.0836e+09 1.08839e+07 -0.0026156 0.00194823 0.0720541 0.000733051 -0.00028939 0.000503157 
255 264.676 0.1411 70657.2 75.4848 5.16471e+09 1.11748e+07 -0.00244128 0.00177219 0.0719779 0.000651527 -0.000301632 0.000495327 
256 265.704 0.14104 71204.6 75.9235 5.24431e+09 1.13836e+07 -0.00232257 0.00157372 0.0716023 0.000639846 -0.000211814 0.000475738 
257 266.73 0.148302 71753 79.8368 5.32468e+09 1.19469e+07 -0.00226196 0.0015961 0.0713925 0.000613568 -0.000251369 0.000479273 
258 267.797 0.143481 72325.7 77.9164 5.40918e+09 1.18541e+07 -0.00210537 0.00184112 0.0710876 0.000592666 -0.000251146 0.000494466 
259 268.89 0.14265 72917.8 77.7013 5.4983e+09 1.19475e+07 -0.00177078 0.00175647 0.0707658 0.00070735 -0.000160147 0.000501613 
260 269.935 0.154442 73482 83.7106 5.58257e+09 1.26696e+07 -0.00169091 0.00162208 0.0704133 0.000659217 -0.000111494 0.000467379 
261 271.003 0.152795 74061.9 83.9099 5.6703e+09 1.30214e+07 -0.00142205 0.00164151 0.0701566 0.000701009 -0.000117404 0.000444832 
262 272.049 0.149106 74630.3 81.9533 5.75631e+09 1.27755e+07 -0.00142831 0.00174932 0.0699019 0.000788156 -0.000118145 0.000471113 
263 273.108 0.150305 75211.2 83.2361 5.84605e+09 1.31443e+07 -0.00167257 0.00163093 0.0695961 0.000741651 -0.000158506 0.00042517 
264 274.161 0.15719 75788.9 87.0189 5.93513e+09 1.37615e+07 -0.00206571 0.00168277 0.0692417 0.000695917 -0.000211752 0.000410388 
265 275.143 0.162528 76333.3 91.977 6.02082e+09 1.52021e+07 -0.00244035 0.00177863 0.0690549 0.00074409 -0.000224783 0.000443591 
266 276.2 0.159323 76917 89.08 6.11189e+09 1.48131e+07 -0.00295092 0.00184567 0.0687034 0.000738042 -0.000327095 0.000426832 
267 277.115 0.192654 77426.1 108.356 6.19268e+09 1.76504e+07 -0.0026776 0.00225214 0.0683572 0.000766059 -0.000289117 0.000491735 
268 278.2 0.192411 78030.6 109.043 6.28886e+09 1.79709e+07 -0.00270033 0.00198823 0.0681167 0.000744534 -0.000294695 0.000411716 
269 279.274 0.180699 78634 102.208 6.38645e+09 1.67799e+07 -0.00266937 0.00208862 0.0679021 0.000700134 -0.000277219 0.000379484 
270 280.351 0.169106 79238.9 95.3179 6.48429e+09 1.55343e+07 -0.00267999 0.00228977 0.0677791 0.000616404 -0.000306234 0.000406064 
271 281.389 0.174378 79824.3 98.6709 6.57957e+09 1.63653e+07 -0.00226105 0.00252514 0.067466 0.000730573 -0.000194988 0.00042313 
272 282.492 0.167076 80447 95.2556 6.68123e+09 1.59841e+07 -0.00273458 0.00208622 0.0673513 0.000691503 -0.000239132 0.000371398 
273 283.537 0.159725 81041.6 91.4268 6.77973e+09 1.54968e+07 -0.00240708 0.00230619 0.0668998 0.000870905 -0.000132768 0.000371595 
274 284.576 0.159148 81632.7 91.3084 6.87771e+09 1.54822e+07 -0.0027847 0.0017894 0.0667239 0.000759614 -0.000198098 0.000365783 
275 285.645 0.162258 82246.1 93.4455 6.98115e+09 1.60026e+07 -0.00299688 0.00186433 0.0665913 0.00066822 -0.000326963 0.000369054 
276 286.705 0.165952 82857.4 95.6778 7.08509e+09 1.64376e+07 -0.00308393 0.00184786 0.0667086 0.000807223 -0.000334773 0.000383837 
277 287.752 0.172512 83461.2 98.9129 7.18791e+09 1.67052e+07 -0.00302014 0.00174665 0.0662903 0.000656588 -0.000308967 0.000374109 
278 288.796 0.173004 84065.8 100.688 7.29182e+09 1.75983e+07 -0.00277727 0.00179927 0.0660551 0.0006051 -0.000284803 0.000382819 
279 289.832 0.183651 84667.9 106.666 7.39596e+09 1.86336e+07 -0.00323508 0.00180063 0.0658169 0.000607388 -0.000392595 0.000380873 
280 290.852 0.191758 85262.7 111.552 7.49934e+09 1.93095e+07 -0.0030917 0.00188514 0.0656667 0.000581659 -0.000378635 0.000405487 
281 291.897 0.191778 85873.7 112.464 7.60626e+09 1.97709e+07 -0.00378465 0.00175013 0.0654442 0.000579237 -0.000577268 0.000371532 
282 292.952 0.1809 86493.7 104.747 7.71582e+09 1.8469e+07 -0.00325127 0.00175853 0.0649816 0.000618371 -0.000437312 0.000356872 
283 294.049 0.187773 87140.4 109.717 7.83081e+09 1.96701e+07 -0.00329955 0.00217299 0.0647471 0.000608907 -0.000482197 0.000419571 
284 295.149 0.21284 87789.8 125.107 7.94655e+09 2.21243e+07 -0.003289 0.00213379 0.0645898 0.00059856 -0.000417009 0.000391816 
285 296.165 0.209927 88391.6 123.737 8.05461e+09 2.19675e+07 -0.00366283 0.00212105 0.0644057 0.000579781 -0.000462348 0.000420995 
286 297.178 0.187917 88995.9 112.389 8.16459e+09 2.06183e+07 -0.00398536 0.00223717 0.0643171 0.000603555 -0.000524828 0.000424146 
287 298.215 0.191896 89615.8 114.274 8.27796e+09 2.11252e+07 -0.00355616 0.00204314 0.0638924 0.000625733 -0.000413277 0.000410604 
288 299.327 0.191555 90282.4 114.218 8.40048e+09 2.12021e+07 -0.00359863 0.00191178 0.0637514 0.00059781 -0.000435997 0.000431358 
289 300.447 0.213927 90957.9 127.935 8.52625e+09 2.33969e+07 -0.00341662 0.00218891 0.0634396 0.000756763 -0.000385775 0.000383849 
290 301.499 0.205259 91591.8 122.681 8.64406e+09 2.27174e+07 -0.00430467 0.00204949 0.0634207 0.00078901 -0.000531934 0.000418625 
291 302.552 0.206154 92232.2 125.075 8.76509e+09 2.36513e+07 -0.00428366 0.00217493 0.0632252 0.000711235 -0.00057093 0.000482826 
292 303.589 0.200068 92861.5 122.327 8.88369e+09 2.35085e+07 -0.00429937 0.00221464 0.0631958 0.000625261 -0.000555512 0.000442559 
293 304.621 0.198567 93493.6 121.688 9.00478e+09 2.35105e+07 -0.00426602 0.00218539 0.0626688 0.000634889 -0.00062586 0.000456418 
294 305.742 0.233757 94180.6 144.097 9.13686e+09 2.79802e+07 -0.00444053 0.00196857 0.0625268 0.000588526 -0.000601668 0.000410625 
295 306.817 0.23508 94840.5 143.532 9.26404e+09 2.72124e+07 -0.00416856 0.00197545 0.0623206 0.000606714 -0.000570821 0.000391714 
296 307.902 0.227026 95511.4 139.241 9.39511e+09 2.66215e+07 -0.00475019 0.00193209 0.0622307 0.000571002 -0.000636458 0.000383957 
297 308.955 0.207694 96161.7 128.449 9.5218e+09 2.51972e+07 -0.00529278 0.00195321 0.0621496 0.000600813 -0.00077936 0.000390115 
298 310.025 0.199353 96825.5 124.451 9.6522e+09 2.49602e+07 -0.00501518 0.00198778 0.0620737 0.000640995 -0.000742391 0.00042456 
299 311 0.212111 97433.8 133.278 9.77341e+09 2.70239e+07 -0.00538819 0.00237211 0.0616357 0.000575807 -0.00089355 0.000469991 
300 312.1 0.225322 98122.5 143.026 9.91139e+09 2.95569e+07 -0.00600538 0.00229981 0.0614164 0.000577601 -0.000927415 0.000448861 
301 313.125 0.230913 98762.7 146.008 1.00389e+10 3.01369e+07 -0.00565214 0.00215039 0.0611127 0.000658652 -0.000860142 0.000411965 
302 314.158 0.236422 99412.8 148.62 1.01703e+10 3.01189e+07 -0.0056065 0.00232203 0.0608453 0.000632598 -0.000873265 0.000459937 
303 315.203 0.259728 100072 162.684 1.03047e+10 3.27696e+07 -0.00538329 0.00253918 0.0607569 0.000610766 -0.000827816 0.000533588 
304 316.327 0.213057 100786 135.912 1.04514e+10 2.84443e+07 -0.00602416 0.00248903 0.0607493 0.000735038 -0.00093391 0.000545932 
305 317.343 0.220957 101431 140.672 1.05847e+10 2.93162e+07 -0.00588496 0.0021171 0.0604087 0.000769247 -0.000960322 0.000440802 
306 318.414 0.225107 102115 143.723 1.0727e+10 3.00844e+07 -0.00602469 0.0019187 0.0603067 0.000794271 -0.00096372 0.000393771 
307 319.494 0.236333 102806 151.969 1.08714e+10 3.21477e+07 -0.00596418 0.00195419 0.0599601 0.000732308 -0.000967296 0.000419106 
308 320.632 0.274196 103537 177.871 1.10254e+10 3.82695e+07 -0.00593684 0.00200056 0.0598524 0.000650117 -0.000939641 0.000454545 
309 321.702 0.2257 104229 146.966 1.11733e+10 3.18807e+07 -0.00625296 0.00186663 0.0598067 0.000616401 -0.00100895 0.00038122 
310 322.716 0.224193 104886 145.552 1.1314e+10 3.22488e+07 -0.0057659 0.00191104 0.0596848 0.000635813 -0.000859022 0.000370738 
311 323.635 0.22912 105479 148.976 1.14404e+10 3.24552e+07 -0.00575196 0.00200716 0.0595353 0.000707572 -0.000925939 0.000415828 
312 324.725 0.261012 106190 172.469 1.1595e+10 3.84984e+07 -0.00579995 0.00193856 0.0593258 0.000701858 -0.000923891 0.000418915 
313 325.754 0.23778 106861 156.446 1.17407e+10 3.47368e+07 -0.00561153 0.00195453 0.0589091 0.000644752 -0.000815135 0.000386826 
314 326.832 0.231298 107567 152.299 1.18952e+10 3.39296e+07 -0.00542514 0.00190868 0.0586485 0.000680328 -0.000711969 0.000393734 
315 327.964 0.236108 108309 153.268 1.20583e+10 3.43826e+07 -0.00494184 0.00197857 0.0585442 0.000660233 -0.000636104 0.000399194 
316 328.993 0.233393 108989 154.102 1.22093e+10 3.42805e+07 -0.00543822 0.00198902 0.0584448 0.000710537 -0.000734012 0.000393224 
317 330.025 0.234083 109671 155.582 1.23613e+10 3.53445e+07 -0.00531807 0.00217884 0.0582999 0.00068367 -0.000706686 0.000419707 
318 331.121 0.243852 110397 162.725 1.25241e+10 3.75376e+07 -0.00547083 0.00218981 0.0583396 0.000759431 -0.000765238 0.000386431 
319 332.034 0.248152 111004 166.283 1.26608e+10 3.83132e+07 -0.00522184 0.00216501 0.058028 0.000863193 -0.000725934 0.000400327 
320 333.15 0.23944 111750 160.696 1.28312e+10 3.71932e+07 -0.00518679 0.00199717 0.0578721 0.000714533 -0.000735306 0.000389493 
321 334.195 0.277891 112452 184.151 1.29926e+10 4.14126e+07 -0.00498809 0.00202677 0.0578282 0.000724412 -0.000739625 0.000400462 
322 335.268 0.296461 113171 199.561 1.31574e+10 4.62791e+07 -0.00568939 0.00233936 0.0575789 0.00078559 -0.000768955 0.000435652 
323 336.337 0.310125 113892 209.692 1.3325e+10 4.91122e+07 -0.00566558 0.00203444 0.0574052 0.000774691 -0.000750397 0.00039872 
324 337.468 0.281635 114655 190.917 1.35017e+10 4.50304e+07 -0.00548735 0.00210053 0.0571991 0.000692938 -0.000736512 0.000424078 
325 338.465 0.277887 115335 188.924 1.36629e+10 4.47351e+07 -0.00631522 0.00213646 0.0569018 0.000799921 -0.000809633 0.000428618 
326 339.561 0.267844 116081 182.831 1.38397e+10 4.35273e+07 -0.00613058 0.00209866 0.056943 0.000707025 -0.000849289 0.000407384 
327 340.539 0.255586 116746 175.279 1.39966e+10 4.23239e+07 -0.00603405 0.0021314 0.0568717 0.000746168 -0.000788754 0.000417968 
328 341.652 0.272579 117509 187.518 1.41788e+10 4.55453e+07 -0.00629867 0.00218638 0.0568167 0.000681014 -0.000849287 0.000404791 
329 342.725 0.256398 118245 175.68 1.43556e+10 4.24119e+07 -0.00609982 0.00212999 0.0565233 0.000700339 -0.000829543 0.000398085 
330 343.747 0.264098 118949 182.402 1.45263e+10 4.47311e+07 -0.00680544 0.00219419 0.056284 0.000636896 -0.000947681 0.000382351 
331 344.807 0.277866 119684 192.647 1.4706e+10 4.76262e+07 -0.00638017 0.00218524 0.0561206 0.000762722 -0.000858235 0.000389084 
332 345.893 0.290434 120438 204 1.48911e+10 5.17026e+07 -0.0063703 0.00230779 0.0559786 0.000839516 -0.000798768 0.000405852 
333 346.833 0.274607 121090 191.182 1.50513e+10 4.76182e+07 -0.00638089 0.00214224 0.0556814 0.000849195 -0.000753083 0.000386029 
334 347.926 0.268967 121851 188.626 1.52397e+10 4.76721e+07 -0.0066838 0.0021367 0.0555196 0.000753061 -0.000801675 0.000396688 
335 348.803 0.304436 122463 214.068 1.53913e+10 5.4266e+07 -0.00594348 0.00230341 0.0555998 0.00087971 -0.000680228 0.000409467 
336 349.906 0.319304 123238 226.796 1.5587e+10 5.87849e+07 -0.00631846 0.00218252 0.0555877 0.000797843 -0.000741733 0.00040975 
337 350.923 0.331715 123952 234.988 1.57663e+10 6.04794e+07 -0.0059764 0.00214579 0.0552267 0.000870414 -0.000710006 0.000387716 
338 352.08 0.274025 124769 194.112 1.59737e+10 5.00061e+07 -0.00638887 0.00233484 0.0549862 0.00078393 -0.000786654 0.000399144 
339 353.102 0.284962 125490 201.528 1.61568e+10 5.21194e+07 -0.00669709 0.00219889 0.0546284 0.000742046 -0.000762632 0.000386418 
340 354.176 0.300606 126253 213.621 1.63529e+10 5.52481e+07 -0.00615536 0.00217613 0.0543826 0.000743922 -0.000713302 0.0003787 
341 355.361 0.319977 127096 227.97 1.65708e+10 5.91957e+07 -0.00613725 0.00213244 0.0543484 0.000788927 -0.000619642 0.000391552 
342 356.367 0.285084 127811 203.947 1.67548e+10 5.33962e+07 -0.00598534 0.00235368 0.0543092 0.00102727 -0.000630435 0.000475647 
343 357.458 0.274301 128595 197.201 1.69608e+10 5.2346e+07 -0.00677609 0.00232181 0.0542947 0.00083304 -0.00084604 0.00043322 
344 358.485 0.296839 129331 211.498 1.71531e+10 5.49688e+07 -0.00628844 0.00244398 0.0541646 0.000659378 -0.000737812 0.000519586 
345 359.598 0.28901 130133 208.914 1.73654e+10 5.60108e+07 -0.00602787 0.00265585 0.0540013 0.000697121 -0.000739459 0.000561771 
346 360.712 0.288796 130938 210.353 1.75796e+10 5.71709e+07 -0.00586241 0.00230331 0.0537306 0.000709604 -0.000720132 0.000483358 
347 361.755 0.303144 131695 220.702 1.77825e+10 5.99487e+07 -0.00587871 0.00225691 0.0536789 0.000853952 -0.000701066 0.000497752 
348 362.77 0.290074 132434 211.429 1.79831e+10 5.77312e+07 -0.00659426 0.00264643 0.0536724 0.000761219 -0.000751126 0.000511745 
349 363.811 0.290085 133190 214.312 1.81862e+10 5.98005e+07 -0.0060684 0.00246814 0.0535955 0.000805204 -0.000772317 0.000462778 
350 364.85 0.30599 133948 224.911 1.83908e+10 6.21189e+07 -0.00611492 0.0022493 0.0533979 0.000722469 -0.000708662 0.00044279 
351 366.003 0.323034 134796 240.981 1.86247e+10 6.85433e+07 -0.00572873 0.00232452 0.053328 0.000757372 -0.000694723 0.000462865 
352 367.093 0.366388 135594 273.31 1.88423e+10 7.76911e+07 -0.00588349 0.00233644 0.0530798 0.000809431 -0.000744978 0.000434583 
353 368.059 0.379044 136308 283.35 1.90415e+10 8.08871e+07 -0.00544545 0.00227624 0.0527564 0.000797584 -0.000634996 0.00049536 
354 369.084 0.35881 137067 268.793 1.92529e+10 7.70755e+07 -0.00569581 0.00227435 0.0530034 0.000730765 -0.000689179 0.00041672 
355 370.135 0.330186 137846 249.593 1.94711e+10 7.2966e+07 -0.00537688 0.00238791 0.0528409 0.000821266 -0.000649059 0.000495314 
356 371.226 0.337349 138659 251.89 1.9701e+10 7.18583e+07 -0.00546869 0.00302804 0.0525737 0.000897242 -0.000636646 0.00056707 
357 372.314 0.301121 139469 226.163 1.993e+10 6.80002e+07 -0.0054236 0.00382738 0.0524122 0.000900305 -0.000675174 0.00070796 
358 373.338 0.330249 140234 255.055 2.0147e+10 7.75965e+07 -0.00510083 0.00346513 0.0521157 0.000860914 -0.000597532 0.000655923 
359 374.315 0.339755 140969 257.51 2.03586e+10 7.54831e+07 -0.004995 0.00305027 0.0522149 0.000837869 -0.000542728 0.000584493 
360 375.367 0.305791 141759 231.097 2.05859e+10 6.76559e+07 -0.00504059 0.00259097 0.0521377 0.000932443 -0.000545009 0.000520933 
361 376.378 0.324348 142523 244.662 2.08084e+10 7.119e+07 -0.00551145 0.00274292 0.0522381 0.000916109 -0.000639602 0.000569542 
362 377.501 0.386048 143369 291.921 2.10523e+10 8.51848e+07 -0.00546455 0.00272916 0.0520381 0.000805979 -0.000589663 0.000483671 
363 378.542 0.367635 144159 276.614 2.12843e+10 8.00398e+07 -0.00554007 0.00272308 0.0518325 0.000765503 -0.000611571 0.00055771 
364 379.61 0.395118 144975 300.203 2.15274e+10 8.86158e+07 -0.00487964 0.00293312 0.0516049 0.000885196 -0.000557831 0.000566365 
365 380.614 0.357338 145741 274.931 2.17546e+10 8.37934e+07 -0.00567379 0.00305679 0.051659 0.000807553 -0.000708887 0.000594194 
366 381.643 0.413305 146528 316.938 2.19886e+10 9.59712e+07 -0.00529971 0.0029068 0.0515393 0.000787638 -0.000673105 0.000548077 
367 382.633 0.439369 147285 342.034 2.22137e+10 1.06738e+08 -0.00480345 0.00312121 0.0515058 0.000821128 -0.000595286 0.000583532 
368 383.713 0.478903 148116 370.389 2.24642e+10 1.14193e+08 -0.00456179 0.00322535 0.051106 0.000800921 -0.000541412 0.000561784 
369 384.734 0.485002 148899 380.862 2.26984e+10 1.20715e+08 -0.00425657 0.0032076 0.0508307 0.000764072 -0.000453332 0.000555084 
370 385.752 0.473151 149683 365.523 2.29345e+10 1.11967e+08 -0.00346017 0.00353165 0.0505654 0.000773883 -0.000294677 0.000732125 
371 386.836 0.413848 150526 322.788 2.31944e+10 1.00981e+08 -0.00396115 0.00363301 0.0504123 0.000818466 -0.000348423 0.000799723 
372 387.957 0.392233 151398 308.676 2.34627e+10 9.82585e+07 -0.00409372 0.00349797 0.0504636 0.000729662 -0.000299057 0.000815898 
373 388.967 0.374865 152182 295.079 2.37027e+10 9.42117e+07 -0.00301684 0.00313561 0.0505963 0.000740059 -0.000203899 0.000710748 
374 390.019 0.390948 153010 308.993 2.39644e+10 9.93471e+07 -0.00317305 0.00330737 0.0503311 0.000735929 -0.000246082 0.000673292 
375 391.061 0.401328 153826 319.008 2.42185e+10 1.0363e+08 -0.00273338 0.00327421 0.0499173 0.000754501 -0.000111274 0.000607782 
376 392.127 0.403898 154663 322.294 2.44817e+10 1.05284e+08 -0.00372872 0.00291905 0.0498462 0.000803531 -0.000255811 0.0005836 
377 393.143 0.360214 155462 289.251 2.47325e+10 9.61983e+07 -0.0036895 0.00287825 0.0497105 0.000798665 -0.000285462 0.000519505 
378 394.212 0.370121 156305 296.605 2.49996e+10 9.8556e+07 -0.00460406 0.00282396 0.04924 0.00087273 -0.000403262 0.000465278 
379 395.29 0.386543 157160 312.058 2.52727e+10 1.04535e+08 -0.00520163 0.00293335 0.0492511 0.000871134 -0.000543879 0.00048698 
380 396.182 0.389754 157868 317.244 2.54994e+10 1.0826e+08 -0.00393491 0.00288348 0.0490778 0.000948887 -0.000434504 0.00053945 
381 397.252 0.419993 158718 341.558 2.57732e+10 1.15709e+08 -0.00358845 0.00315786 0.0489649 0.000773026 -0.000336378 0.000637577 
382 398.351 0.479438 159599 388.187 2.60605e+10 1.30214e+08 -0.00314212 0.00287477 0.048883 0.000851522 -0.00029707 0.000575667 
383 399.373 0.488401 160419 397.194 2.63289e+10 1.34089e+08 -0.0034625 0.00304447 0.0487741 0.000964702 -0.000450989 0.000590864 
384 400.441 0.416318 161272 335.528 2.66056e+10 1.11154e+08 -0.0036404 0.00364036 0.0484225 0.000866587 -0.000391224 0.000509304 
385 401.543 0.420193 162164 340.266 2.69029e+10 1.13813e+08 -0.00356617 0.00370194 0.0481358 0.000943288 -0.000377439 0.000515607 
386 402.603 0.452184 163010 364.639 2.71764e+10 1.21078e+08 -0.0048386 0.00383668 0.0485394 0.000738391 -0.000647038 0.000534765 
387 403.523 0.471995 163756 379.891 2.74259e+10 1.25581e+08 -0.00384332 0.00376719 0.0484551 0.000765862 -0.000484058 0.00063245 
388 404.753 0.46637 164757 377.193 2.77633e+10 1.26256e+08 -0.00376792 0.00374791 0.0484486 0.000759942 -0.000443387 0.000727286 
389 405.851 0.465957 165649 377.362 2.80632e+10 1.26727e+08 -0.00381411 0.00357725 0.0482004 0.000825043 -0.000391805 0.000692872 
390 407.001 0.456972 166586 370.863 2.8379e+10 1.25052e+08 -0.00457786 0.00334579 0.0479463 0.000940378 -0.000466643 0.000694052 
391 408.026 0.480992 167426 389.148 2.86659e+10 1.30403e+08 -0.00518325 0.0029816 0.0476543 0.000903359 -0.000652021 0.000706187 
392 409.053 0.420322 168268 343.051 2.89537e+10 1.17687e+08 -0.00512673 0.00312572 0.0474881 0.00088706 -0.000615224 0.000715463 
393 410.214 0.398348 169226 324.998 2.9285e+10 1.11057e+08 -0.0052704 0.00304342 0.0475371 0.000805697 -0.000580454 0.000527593 
394 411.067 0.442193 169924 360.799 2.95234e+10 1.23184e+08 -0.00447859 0.00300245 0.0476326 0.000922367 -0.000556737 0.000585783 
395 412.108 0.45444 170786 373.017 2.98234e+10 1.28905e+08 -0.00386491 0.00276831 0.0474705 0.000896842 -0.000394427 0.000488311 
396 413.308 0.459005 171778 378.683 3.01691e+10 1.31914e+08 -0.00456309 0.00290626 0.047354 0.00084531 -0.000524371 0.000471226 
397 414.287 0.532429 172590 443.809 3.0453e+10 1.57415e+08 -0.00344859 0.00318135 0.0472185 0.00082995 -0.000343343 0.000579021 
398 415.336 0.526541 173463 440.633 3.07607e+10 1.57628e+08 -0.00320235 0.00277536 0.0470646 0.000833784 -0.000294154 0.000506969 
399 416.437 0.535223 174378 449.751 3.10811e+10 1.62288e+08 -0.00409011 0.00282717 0.0464448 0.000947365 -0.000458931 0.000477958 
400 417.496 0.541751 175260 454.058 3.1392e+10 1.62857e+08 -0.00392811 0.00290576 0.0463345 0.000991963 -0.000408366 0.000447748 
401 418.592 0.539414 176184 452.934 3.17255e+10 1.63189e+08 -0.00468476 0.00274994 0.046317 0.000992964 -0.000537425 0.00046186 
402 419.63 0.567477 177059 480.404 3.20413e+10 1.75836e+08 -0.00543098 0.0029756 0.046396 0.000828226 -0.000585783 0.000548772 
403 420.558 0.638172 177842 542.83 3.23247e+10 2.00297e+08 -0.00358328 0.00286318 0.0463679 0.00088884 -0.000518604 0.000487535 
404 421.569 0.651224 178693 556.095 3.26313e+10 2.06715e+08 -0.00390739 0.00278915 0.0463278 0.000906199 -0.000582029 0.000511307 
405 422.653 0.632416 179615 541.854 3.29704e+10 2.03402e+08 -0.00305011 0.00325372 0.0462504 0.000941196 -0.000565545 0.000541956 
406 423.654 0.629916 180460 538.394 3.32764e+10 2.01214e+08 -0.00214654 0.00286112 0.0464544 0.0009935 -0.000393828 0.000548896 
407 424.832 0.606202 181465 516.232 3.36483e+10 1.91401e+08 -0.00200887 0.00325279 0.0464563 0.000948814 -0.000349191 0.000573254 
408 425.892 0.567121 182371 483.275 3.39833e+10 1.79153e+08 -0.00280332 0.00307179 0.0463482 0.000776054 -0.000492114 0.000719518 
409 426.99 0.64341 183307 548.336 3.43295e+10 2.03048e+08 -0.00213074 0.00299413 0.0462071 0.000773507 -0.000454796 0.000727208 
410 428.103 0.53642 184269 462.026 3.4694e+10 1.75074e+08 -0.00291716 0.00293567 0.0459295 0.000866472 -0.00056564 0.000651958 
411 429.257 0.572277 185262 494.173 3.5069e+10 1.88121e+08 -0.00392587 0.003371 0.0460823 0.000985791 -0.000678781 0.000667975 
412 430.167 0.56848 186044 493.597 3.53619e+10 1.90344e+08 -0.00160898 0.00296573 0.0459048 0.000832165 -0.000418099 0.000551392 
413 431.075 0.542611 186825 471.045 3.56554e+10 1.81878e+08 -0.00157902 0.00306281 0.0455977 0.000795626 -0.000352726 0.000535616 
414 432.255 0.540808 187843 471.249 3.60402e+10 1.8264e+08 -0.00166622 0.00309159 0.0455042 0.000915173 -0.000373732 0.000494727 
415 433.359 0.56991 188802 495.995 3.64078e+10 1.91787e+08 -0.00230056 0.00295115 0.0449812 0.000946415 -0.000436391 0.000487925 
416 434.408 0.534856 189719 466.671 3.67633e+10 1.81397e+08 -0.00312368 0.00310384 0.0451847 0.00101241 -0.000494795 0.000496826 
417 435.471 0.48341 190646 425.996 3.71213e+10 1.69044e+08 -0.0015513 0.00295759 0.0452279 0.000883805 -0.000416212 0.000484575 
418 436.374 0.497215 191435 436.212 3.74275e+10 1.72136e+08 -0.00229801 0.00316398 0.0448475 0.00101444 -0.000529386 0.000489542 
419 437.46 0.540614 192384 473.262 3.77958e+10 1.85029e+08 -0.00293077 0.00304559 0.0445733 0.000980937 -0.000579535 0.00050834 
420 438.448 0.560355 193252 492.808 3.81354e+10 1.94114e+08 -0.00256625 0.00309746 0.0442774 0.00106831 -0.000499911 0.000518959 
421 439.582 0.542483 194248 477.041 3.85258e+10 1.87583e+08 -0.00308244 0.00300283 0.0443861 0.00088164 -0.000562929 0.000604754 
422 440.552 0.561277 195106 495.487 3.88661e+10 1.96801e+08 -0.00128382 0.00299414 0.0441063 0.000805058 -0.000372844 0.00060055 
423 441.652 0.492337 196079 438.269 3.92542e+10 1.76982e+08 -0.00152027 0.00304107 0.0441585 0.000804652 -0.000356659 0.00063077 
424 442.611 0.562878 196925 502.685 3.95867e+10 2.03899e+08 -0.00170445 0.003015 0.0437612 0.000823131 -0.000401793 0.000632767 
425 443.763 0.53732 197951 481.573 4.0001e+10 1.96785e+08 -0.00155663 0.00303718 0.0435896 0.000913974 -0.000351715 0.00058353 
426 444.863 0.552359 198928 497.276 4.0391e+10 2.04885e+08 -0.00127261 0.00305761 0.0433235 0.000984553 -0.000225854 0.000520346 
427 445.974 0.535634 199922 482.899 4.07962e+10 2.00033e+08 -0.000642149 0.00307406 0.0435103 0.000987222 -0.000220601 0.000463059 
428 447.1 0.527031 200930 476.422 4.12056e+10 1.9775e+08 -0.000435085 0.00297857 0.0432128 0.000984489 -0.000157549 0.00051284 
429 448.005 0.508718 201736 460.369 4.15298e+10 1.91757e+08 -0.00108734 0.00299137 0.0431982 0.000977372 -0.000263894 0.000513235 
430 448.97 0.556049 202598 504.238 4.18796e+10 2.11018e+08 -0.00140162 0.00308981 0.0429647 0.000916548 -0.000250459 0.000469962 
431 450.073 0.526395 203587 479.936 4.22839e+10 2.03034e+08 -0.00245988 0.00295779 0.0428476 0.00105666 -0.000344237 0.000451607 
432 451.185 0.541951 204596 494.566 4.27049e+10 2.09216e+08 -0.00326645 0.00303199 0.0427466 0.0010502 -0.000464328 0.000451944 
433 452.27 0.53136 205582 486.765 4.31202e+10 2.07704e+08 -0.00218997 0.0031899 0.042682 0.00133055 -0.000415356 0.00048126 
434 453.185 0.546623 206408 503.797 4.34615e+10 2.17471e+08 -0.000993521 0.00324501 0.0423717 0.00108334 -0.000219387 0.000487412 
435 454.368 0.581828 207489 531.597 4.39185e+10 2.25855e+08 -0.00171861 0.00329039 0.0423614 0.00108333 -0.000313761 0.00047795 
436 455.415 0.603018 208444 555.778 4.43219e+10 2.39595e+08 -0.00268186 0.00356717 0.0420882 0.000826408 -0.000462524 0.000587835 
437 456.49 0.591724 209429 545.816 4.47415e+10 2.35469e+08 -0.00234098 0.00341999 0.0421765 0.000915315 -0.000365631 0.000556635 
438 457.461 0.529086 210319 487.861 4.51217e+10 2.11976e+08 -0.00384076 0.00326873 0.0422947 0.000818299 -0.000546808 0.000520904 
439 458.553 0.6422 211321 594.395 4.55498e+10 2.58363e+08 -0.002212 0.00328049 0.0422697 0.000896811 -0.000447507 0.000464244 
440 459.505 0.586375 212198 539.003 4.59275e+10 2.30929e+08 -0.00261298 0.00325297 0.0421299 0.00104151 -0.00042651 0.000466455 
441 460.551 0.548916 213168 505.123 4.63509e+10 2.17101e+08 -0.00244332 0.00317972 0.042296 0.00101401 -0.000442458 0.000473999 
442 461.557 0.534761 214098 490.757 4.67551e+10 2.12754e+08 -0.00307974 0.0030892 0.0419986 0.000998148 -0.000507524 0.000458075 
443 462.625 0.553 215085 510.406 4.71829e+10 2.2256e+08 -0.0027272 0.00306966 0.0419581 0.00109396 -0.00052039 0.000461279 
444 463.641 0.557652 216031 520.246 4.75985e+10 2.29793e+08 -0.00441492 0.00337664 0.041853 0.000951205 -0.000676319 0.000518319 
445 464.587 0.534014 216902 499.413 4.79732e+10 2.21925e+08 -0.00164084 0.00324545 0.042138 0.000997573 -0.000474867 0.000493925 
446 465.826 0.632241 218061 591.281 4.84879e+10 2.62812e+08 -0.00189808 0.00322946 0.0418725 0.00112439 -0.000491119 0.000520184 
447 467.004 0.57111 219164 532.952 4.89777e+10 2.35746e+08 -0.00147646 0.00334812 0.0415862 0.00105245 -0.000442891 0.000483974 
448 467.968 0.556469 220066 522.483 4.93777e+10 2.33952e+08 -0.00114468 0.0033339 0.0414158 0.00111136 -0.000379391 0.000487283 
449 468.957 0.550149 220999 520.595 4.97985e+10 2.37117e+08 -0.00224673 0.00321109 0.0414343 0.00113065 -0.00051902 0.000460153 
450 470.037 0.546996 222018 516.487 5.02595e+10 2.34951e+08 -0.00128946 0.00318986 0.0411467 0.00125774 -0.000338222 0.000484262 
451 471.109 0.646698 223027 606.962 5.07125e+10 2.71354e+08 -0.00262967 0.00340313 0.0411772 0.0011279 -0.00045838 0.000470941 
452 472.192 0.743755 224057 697.015 5.11862e+10 3.10725e+08 -0.00167245 0.00337103 0.0412751 0.00115234 -0.000410905 0.000651792 
453 473.234 0.730988 225041 689.302 5.16315e+10 3.11326e+08 -0.00226696 0.00327889 0.0412757 0.00101291 -0.000524757 0.000608792 
454 474.382 0.680585 226131 645.188 5.21302e+10 2.94441e+08 -0.0010048 0.00374925 0.0411251 0.00109628 -0.000449483 0.000649111 
455 475.396 0.719937 227087 687.262 5.2561e+10 3.18255e+08 -0.00089365 0.00369078 0.0409822 0.00102389 -0.000422695 0.00063389 
456 476.472 0.624661 228118 597.914 5.30408e+10 2.78613e+08 -0.00141833 0.00337286 0.041019 0.00110377 -0.000527888 0.000472909 
457 477.501 0.576107 229088 551.199 5.34779e+10 2.56493e+08 -0.00230934 0.00333423 0.0409491 0.00107782 -0.000599082 0.000494242 
458 478.594 0.619419 230137 590.851 5.39675e+10 2.72261e+08 -0.00365043 0.0034136 0.0407768 0.00115569 -0.000724293 0.000493247 
459 479.635 0.648215 231146 618.042 5.44487e+10 2.84419e+08 -0.00254725 0.00332725 0.0407208 0.00156834 -0.000602638 0.000500945 
460 480.546 0.665187 232018 643.569 5.48533e+10 3.05488e+08 -0.00258563 0.00355833 0.0406796 0.00148082 -0.000670743 0.000515487 
461 481.618 0.628219 233054 607.328 5.53455e+10 2.87971e+08 -0.00227726 0.00330122 0.0404109 0.00146445 -0.000643267 0.000483248 
462 482.688 0.571274 234087 553.506 5.58312e+10 2.64452e+08 -0.00221252 0.00354029 0.0403432 0.00127402 -0.000730967 0.000555331 
463 483.879 0.616282 235242 598.979 5.63843e+10 2.87705e+08 -0.00287654 0.00340477 0.0404644 0.00120336 -0.000895154 0.000498638 
464 484.89 0.602353 236223 589.814 5.68525e+10 2.8718e+08 -0.00254858 0.00350275 0.0408155 0.00121305 -0.000802303 0.000554589 
465 486.093 0.654427 237394 643.937 5.7415e+10 3.16879e+08 -0.00321103 0.00354941 0.0404858 0.00118904 -0.00092222 0.000573495 
466 487.276 0.578746 238544 565.798 5.79654e+10 2.75504e+08 -0.00465384 0.00353598 0.0404178 0.00124423 -0.00104976 0.000556774 
467 488.206 0.611054 239464 598.284 5.8421e+10 2.91786e+08 -0.00338194 0.00377335 0.0398958 0.00136955 -0.000949077 0.000535308 
468 489.18 0.623004 240418 611.991 5.88846e+10 3.06218e+08 -0.00278573 0.00377584 0.0397449 0.00155277 -0.000938535 0.000532564 
469 490.256 0.675887 241459 667.294 5.93787e+10 3.29985e+08 -0.00270168 0.00383728 0.0394706 0.00154845 -0.000878128 0.00055831 
470 491.373 0.627578 242561 618.417 5.99218e+10 3.05524e+08 -0.00322458 0.00359642 0.0398667 0.00146106 -0.000939545 0.000600191 
471 492.47 0.64413 243648 634.203 6.04616e+10 3.12899e+08 -0.00366295 0.0035082 0.0396156 0.00147779 -0.00103866 0.000571226 
472 493.35 0.648516 244516 648.549 6.08909e+10 3.30068e+08 -0.00294734 0.00356835 0.0393695 0.00129591 -0.000940857 0.000572893 
473 494.192 0.679331 245346 674.262 6.12995e+10 3.37835e+08 -0.00220707 0.00372318 0.0389672 0.00107604 -0.000884576 0.000602684 
474 495.202 0.62867 246349 622.718 6.18019e+10 3.10869e+08 -0.00315991 0.00371568 0.0388173 0.00120153 -0.000956728 0.000594003 
475 496.41 0.718636 247553 722.801 6.24079e+10 3.72266e+08 -0.00324688 0.00372566 0.0388723 0.00104212 -0.000925467 0.000544387 
476 497.458 0.722061 248603 723.007 6.29422e+10 3.69486e+08 -0.00107564 0.00381177 0.0385542 0.00115193 -0.00066519 0.000493184 
477 498.479 0.736247 249626 737.62 6.34624e+10 3.76877e+08 -0.00102939 0.00369175 0.0386769 0.00114463 -0.000592972 0.00051345 
478 499.476 0.656248 250614 658.7 6.39541e+10 3.37625e+08 -0.00113862 0.00355756 0.0386296 0.00117703 -0.000674164 0.000495663 
479 500.68 0.688298 251824 688.797 6.45746e+10 3.50171e+08 -0.000708201 0.00374319 0.0387915 0.00135992 -0.000676421 0.000558434 
480 501.852 0.673933 252993 678.88 6.51634e+10 3.49927e+08 -0.00112847 0.00374073 0.0387322 0.00144808 -0.000618844 0.000544977 
481 503.063 0.674538 254218 687.026 6.57993e+10 3.62681e+08 -0.00192354 0.00367334 0.0385878 0.0015711 -0.000597798 0.000516678 
482 504.203 0.685113 255373 697.244 6.64002e+10 3.6746e+08 -0.000129917 0.00364141 0.0387967 0.00172629 -0.000360199 0.00053548 
483 505.134 0.697875 256314 711.984 6.68876e+10 3.76924e+08 0.00125843 0.00369916 0.0385844 0.00157585 -0.000247855 0.000512196 
484 506.213 0.720462 257401 731.801 6.74472e+10 3.84054e+08 0.00102812 0.0038734 0.0382541 0.00152333 -0.000252162 0.000524166 
485 507.329 0.745131 258528 761.415 6.80293e+10 4.04342e+08 0.000675672 0.00377384 0.0383747 0.00140842 -0.000289387 0.000515994 
486 508.345 0.71164 259563 731.789 6.85743e+10 3.93008e+08 0.00211275 0.0042953 0.0380841 0.00135801 -0.000191799 0.000513596 
487 509.556 0.781404 260794 803.752 6.92182e+10 4.34567e+08 0.00211564 0.00377241 0.0379734 0.00127902 -0.000112968 0.000518717 
488 510.385 0.738426 261643 763.13 6.96688e+10 4.14283e+08 0.00223917 0.00389529 0.0379403 0.00128468 -0.000174742 0.00054603 
489 511.446 0.703882 262727 726.877 7.02434e+10 3.94878e+08 0.00311794 0.00406696 0.0378648 0.00121312 3.34035e-05 0.00053033 
490 512.331 0.753934 263629 777.709 7.07181e+10 4.21598e+08 0.00173839 0.00385308 0.0376294 0.00121096 -0.000105585 0.000509668 
491 513.332 0.771684 264648 787.995 7.12523e+10 4.17586e+08 0.00333893 0.00386557 0.0376603 0.00138495 -1.0502e-05 0.000514442 
492 514.447 0.769505 265799 788.242 7.18735e+10 4.20067e+08 0.0034839 0.00381229 0.0375039 0.0012802 1.51825e-05 0.000506931 
493 515.481 0.797094 266864 823.893 7.24449e+10 4.45982e+08 0.00290576 0.00413593 0.0375935 0.00144691 4.16334e-06 0.000546999 
494 516.593 0.713279 268013 747.428 7.30675e+10 4.16584e+08 0.00191879 0.00395102 0.0375306 0.00149335 -9.13279e-05 0.000531947 
495 517.631 0.73309 269088 762.835 7.36508e+10 4.2044e+08 0.00180601 0.00405118 0.0375146 0.00139928 -7.06013e-05 0.000547995 
496 518.741 0.72138 270246 761.054 7.42892e+10 4.30713e+08 -0.000244691 0.00412543 0.0378237 0.00138946 -0.000234493 0.00056965 
497 519.817 0.743037 271355 773.01 7.48847e+10 4.22992e+08 0.00191656 0.00414676 0.037606 0.00132963 8.90237e-05 0.00053922 
498 520.925 0.749062 272510 788 7.55214e+10 4.4163e+08 0.00101341 0.00416795 0.0377908 0.00144897 2.67914e-05 0.000618691 
499 521.826 0.712394 273454 748.015 7.60435e+10 4.18179e+08 0.000871199 0.00400061 0.0375769 0.00136758 -9.93318e-06 0.000534678 
500 523.007 0.788462 274694 827.452 7.6737e+10 4.67566e+08 0.00172041 0.00407149 0.0375997 0.00166998 5.95489e-06 0.000580297 
501 523.839 0.765759 275560 809.938 7.72121e+10 4.60316e+08 0.00215454 0.00401055 0.0374441 0.00134937 0.000105957 0.000610001 
502 524.925 0.821707 276707 861.803 7.78601e+10 4.79851e+08 0.00136284 0.00452046 0.0376777 0.00133817 -1.45139e-05 0.000802115 
503 525.857 0.838575 277684 884.845 7.84039e+10 5.00061e+08 0.0035973 0.00409906 0.0376514 0.00144467 0.000206859 0.000571022 
504 527.033 0.933433 278932 987.352 7.91138e+10 5.60865e+08 0.00288496 0.00416444 0.0376641 0.00163507 0.000145647 0.000619357 
505 528.122 0.807379 280077 850.216 7.97539e+10 4.78741e+08 0.00195186 0.00426059 0.037699 0.00178004 7.7821e-05 0.000590112 
506 529.448 0.90173 281475 964.425 8.05404e+10 5.58699e+08 0.000957905 0.00419219 0.0377037 0.00170155 -1.91493e-05 0.000572078 
507 530.395 0.919407 282478 984.834 8.11116e+10 5.71963e+08 0.00125832 0.00419949 0.0376399 0.00162164 -3.56311e-05 0.000566203 
508 531.601 0.94475 283771 1004.81 8.18629e+10 5.76443e+08 0.000430211 0.00409954 0.0373472 0.00177487 -8.42428e-05 0.000550768 
509 532.134 0.872792 284341 928.945 8.21931e+10 5.33935e+08 0.00120515 0.0040912 0.0375043 0.00152911 1.57512e-05 0.000570579 
510 533.329 0.843613 285611 898.771 8.29196e+10 5.17771e+08 -0.000125174 0.00444313 0.0369255 0.00142686 -0.000163429 0.000643658 
511 534.387 0.948307 286745 1009.8 8.35791e+10 5.80951e+08 -0.00116234 0.00402887 0.0369782 0.00147715 -0.000242525 0.00053913 
512 535.437 0.935242 287882 1011.04 8.42536e+10 5.99023e+08 -0.00180078 0.00421103 0.0368934 0.00159903 -0.000268032 0.000586509 
513 536.379 0.879794 288886 955.307 8.48294e+10 5.71197e+08 -0.00170175 0.00436255 0.0370753 0.00163666 -0.000231883 0.000573924 
514 537.591 0.855342 290192 928.973 8.55997e+10 5.5689e+08 -0.00146145 0.00432115 0.0368097 0.00155527 -0.000188191 0.000572605 
515 538.747 0.913895 291443 986.28 8.63391e+10 5.88625e+08 -0.00110576 0.00449127 0.0366966 0.00158592 -9.54551e-06 0.000580321 
516 539.264 0.808268 291994 869.158 8.66567e+10 5.10493e+08 0.000515638 0.00415665 0.0367175 0.00171338 4.50214e-05 0.000554494 
517 540.547 0.992363 293391 1064.61 8.74954e+10 6.19663e+08 0.000183915 0.00442054 0.036659 0.00148717 2.72128e-05 0.00055027 
518 541.659 0.933805 294601 999.716 8.82222e+10 5.99248e+08 0.000587377 0.00443995 0.0368243 0.00153765 -1.2802e-05 0.000549307 
519 542.54 1.05546 295545 1139.29 8.87699e+10 6.71714e+08 0.00137809 0.00432091 0.0365872 0.00150286 9.52634e-05 0.000586456 
520 543.722 0.903141 296837 988.26 8.95484e+10 6.01475e+08 0.000813538 0.00449074 0.0365375 0.00157309 -6.55922e-05 0.000574014 
521 544.748 1.1038 297952 1201.1 9.02168e+10 7.20265e+08 -0.000164347 0.00451226 0.0362475 0.00169366 -5.39102e-05 0.000625702 
522 545.854 1.25052 299177 1361.71 9.09769e+10 8.17686e+08 -0.000253945 0.00484532 0.0363676 0.00157535 -0.000110144 0.000606273 
523 546.523 1.61438 299900 1766.89 9.14052e+10 1.07106e+09 0.00206025 0.00609343 0.0362592 0.00187667 0.000126607 0.000622707 
524 547.733 1.66671 301241 1832.06 9.22376e+10 1.11894e+09 0.00232274 0.00607191 0.0364585 0.00206327 0.000233341 0.000691412 
525 548.644 1.51605 302234 1677.01 9.28341e+10 1.03785e+09 0.00259799 0.00578892 0.0363149 0.00193852 0.0001958 0.000602639 
526 549.864 1.57994 303580 1752.14 9.36619e+10 1.08931e+09 0.00194886 0.00625687 0.0361271 0.00193797 0.000219809 0.000602992 
527 550.937 1.4633 304768 1619.65 9.44002e+10 1.00287e+09 0.00177801 0.00569592 0.0361518 0.00186079 0.000177023 0.0006526 
528 551.577 1.41532 305460 1577.93 9.48069e+10 9.91086e+08 0.00169712 0.0047472 0.0358964 0.0018894 0.000249433 0.000604673 
529 552.391 1.54986 306357 1728.47 9.5358e+10 1.08603e+09 0.00134515 0.00556872 0.0361632 0.00203735 0.000169779 0.000684399 
530 553.477 1.51634 307570 1702.07 9.61246e+10 1.08452e+09 0.00165043 0.00513897 0.0359846 0.00187117 0.000234473 0.000699731 
531 554.246 1.42887 308421 1601.79 9.66525e+10 1.01888e+09 0.0016013 0.00580779 0.0354444 0.00158601 0.000209003 0.000633555 
532 554.911 1.58709 309172 1774.63 9.71369e+10 1.12398e+09 0.00431632 0.00525739 0.0358581 0.00167959 0.000419532 0.000747486 
533 555.937 1.62682 310307 1811.02 9.78421e+10 1.13603e+09 0.00420828 0.00591359 0.0356805 0.00163471 0.000444765 0.000653899 
534 557.161 1.45766 311672 1617.95 9.87002e+10 1.01673e+09 0.00314491 0.00562479 0.0358626 0.00201177 0.000449502 0.000640394 
535 558.426 1.34468 313074 1502.34 9.95718e+10 9.51396e+08 0.00201035 0.00581392 0.0360163 0.0020318 0.000203555 0.000755012 
536 559.542 1.44886 314327 1614.37 1.00369e+11 1.01723e+09 0.00148674 0.00612539 0.0357906 0.00184434 7.72438e-05 0.000733783 
537 560.533 1.40134 315442 1571.55 1.01083e+11 1.00382e+09 0.00182525 0.00471672 0.0355389 0.00176337 9.86558e-05 0.000674593 
538 561.655 1.54425 316720 1731.51 1.01923e+11 1.10418e+09 0.0006048 0.00547628 0.0354501 0.00170993 2.86128e-05 0.000719885 
539 562.674 1.48632 317869 1664.36 1.02661e+11 1.05883e+09 0.000681002 0.00588965 0.0357685 0.00192375 6.65638e-05 0.000749033 
540 563.912 1.63886 319259 1842.16 1.03548e+11 1.17982e+09 0.00222093 0.00546305 0.0353902 0.00174765 0.000344288 0.000647243 
541 564.998 1.34693 320512 1524.75 1.04395e+11 9.93594e+08 0.0049548 0.005703 0.035881 0.00154081 0.00046692 0.000878604 
542 566.075 1.24163 321714 1405.76 1.0515e+11 9.15755e+08 0.00491827 0.00618648 0.0357047 0.00164566 0.000607865 0.000833372 
543 567.201 1.32559 323005 1506.07 1.06009e+11 9.89083e+08 0.00450998 0.00635751 0.0358539 0.00164398 0.000464845 0.000978455 
544 568.054 1.33216 323978 1512.18 1.0665e+11 9.91761e+08 0.00490976 0.00575029 0.0357935 0.00170135 0.000670461 0.000804903 
545 569.066 1.4502 325140 1659.96 1.07426e+11 1.10775e+09 0.00411059 0.00541902 0.035559 0.00171931 0.000569157 0.00077505 
546 570.062 1.33693 326267 1531.04 1.08157e+11 1.02074e+09 0.00629067 0.00527254 0.0357964 0.00171999 0.000777215 0.000771918 
547 570.974 1.39654 327313 1586.98 1.08851e+11 1.04474e+09 0.00578906 0.00613611 0.0352768 0.00158965 0.000785434 0.000816398 
548 572.039 1.47603 328537 1678.67 1.09669e+11 1.10499e+09 0.00473919 0.00606806 0.0352967 0.00150557 0.00073181 0.000718455 
549 573.146 1.4784 329819 1686.61 1.1054e+11 1.11594e+09 0.00410035 0.0063682 0.0348126 0.00150767 0.000714414 0.000699227 
550 573.909 1.42905 330702 1633.22 1.1114e+11 1.08558e+09 0.00581802 0.00827359 0.0354409 0.00170249 0.000898144 0.000937112 
551 575.192 1.41886 332192 1620.97 1.12157e+11 1.07338e+09 0.004622 0.0075511 0.0355073 0.00156093 0.000733607 0.000961296 
552 576.356 1.48566 333523 1704.71 1.13036e+11 1.14041e+09 0.0051847 0.00761698 0.0354308 0.00160031 0.000667884 0.00112162 
553 577.565 1.54713 334924 1787.55 1.13989e+11 1.21221e+09 0.0042958 0.00696253 0.0349184 0.0016305 0.000545101 0.00106425 
554 578.515 1.45178 336038 1683.86 1.14765e+11 1.15208e+09 0.00522889 0.00557617 0.0348602 0.00166959 0.000762513 0.000916168 
555 579.533 1.61099 337200 1870.02 1.15531e+11 1.28242e+09 0.0036023 0.00581803 0.0351008 0.00165448 0.000625733 0.000871386 
556 580.261 1.58752 338039 1845.5 1.16095e+11 1.26815e+09 0.00594364 0.00582607 0.0352409 0.00191677 0.000769061 0.000889797 
557 581.239 1.61001 339168 1873.79 1.16858e+11 1.29178e+09 0.00575186 0.00566155 0.0348495 0.0016715 0.000786835 0.000797361 
558 582.611 1.50685 340761 1742.21 1.17941e+11 1.18146e+09 0.00479031 0.00599176 0.0346105 0.00172723 0.000776674 0.000752235 
559 583.67 1.67264 342011 1944.67 1.18821e+11 1.33361e+09 0.00513909 0.00592721 0.0344326 0.00159982 0.000779275 0.000822114 
560 584.836 1.75575 343379 2040.97 1.19773e+11 1.39754e+09 0.00444552 0.00555428 0.0348382 0.00133843 0.00075747 0.000704731 
561 585.151 1.66995 343734 1962.25 1.2e+11 1.37836e+09 0.00521588 0.00637199 0.0342961 0.00144641 0.000765938 0.000770357 
562 586.85 1.72123 345734 2044.45 1.21403e+11 1.46731e+09 0.00573403 0.00624826 0.0344371 0.00153629 0.000859774 0.000779755 
563 588.293 1.87478 347426 2229.4 1.22577e+11 1.60144e+09 0.00561412 0.00611125 0.0344715 0.00170223 0.000865084 0.000761083 
564 589.864 1.82614 349293 2161.12 1.2391e+11 1.53471e+09 0.00455511 0.0053896 0.034314 0.00168958 0.000798051 0.000679706 
565 591.077 1.74339 350723 2065.24 1.24914e+11 1.49169e+09 0.00351619 0.00584505 0.0339414 0.0016186 0.000704438 0.000757508 
566 591.345 1.65403 351044 1976.37 1.25148e+11 1.43364e+09 0.00490489 0.00615263 0.0341857 0.00161314 0.000879476 0.000920908 
567 592.697 1.76222 352653 2095.05 1.26303e+11 1.50515e+09 0.00416193 0.00561088 0.0340576 0.00141475 0.000736763 0.000792231 
568 593.764 1.87393 353923 2252.55 1.27213e+11 1.65163e+09 0.00492188 0.0065866 0.0338277 0.00140733 0.000801188 0.000787013 
569 594.553 1.9066 354835 2274.43 1.27829e+11 1.64258e+09 0.00397221 0.00599937 0.033856 0.00173829 0.00083686 0.000720082 
570 595.836 1.90008 356372 2274.77 1.28942e+11 1.65279e+09 0.00344976 0.00599312 0.0339571 0.00171791 0.000805079 0.000745797 
571 597.35 1.99855 358184 2390.53 1.30255e+11 1.73376e+09 0.00493671 0.00599207 0.033828 0.00173325 0.000877507 0.000785877 
572 598.945 2.15463 360106 2588.46 1.31666e+11 1.89335e+09 0.00372391 0.00658175 0.0340954 0.00193703 0.000804736 0.000810429 
573 599.272 2.39484 360501 2909.34 1.3196e+11 2.17712e+09 0.00588357 0.00601616 0.0341446 0.00184713 0.000942876 0.00079203 
574 600.462 2.34189 361936 2842.07 1.33012e+11 2.12356e+09 0.00472028 0.00605831 0.034576 0.00184737 0.000875411 0.00083677 
575 601.678 2.32479 363401 2823.47 1.34088e+11 2.11346e+09 0.00464861 0.00634167 0.0338291 0.00157844 0.000805534 0.000726764 
576 602.833 2.09488 364800 2523.17 1.35128e+11 1.85217e+09 0.00250785 0.00615525 0.0336507 0.00152987 0.000733128 0.000682565 
577 603.959 1.96294 366167 2370.35 1.36144e+11 1.74728e+09 0.00208997 0.00646436 0.0334828 0.00156973 0.000595679 0.000690331 
578 605.131 2.34048 367594 2819.85 1.37217e+11 2.06969e+09 0.00158753 0.00733476 0.0332637 0.00133109 0.000518816 0.000709159 
579 605.137 2.03162 367612 2442.11 1.37249e+11 1.77996e+09 0.00159304 0.00632934 0.033249 0.00162414 0.000625438 0.000624185 
580 605.949 1.92576 368576 2323.73 1.37933e+11 1.70577e+09 0.00146648 0.00619791 0.0334601 0.00167462 0.000651531 0.00061821 
581 607.268 1.97653 370191 2402.44 1.39158e+11 1.79175e+09 0.000882948 0.00675981 0.0330782 0.00170017 0.000472477 0.000694103 
582 608.598 2.11484 371815 2577.57 1.40383e+11 1.93238e+09 0.0013148 0.00784486 0.0331415 0.00163912 0.000471047 0.000795802 
583 610.111 2.10567 373682 2573.21 1.41824e+11 1.9396e+09 0.000255822 0.00802468 0.0331994 0.00152399 0.000368884 0.000813609 
584 611.143 2.27806 374920 2796.78 1.42721e+11 2.1266e+09 0.00227765 0.00691818 0.0329715 0.00153374 0.000464791 0.000655403 
585 612.275 2.15073 376299 2637.42 1.43756e+11 1.9997e+09 0.00484425 0.00751024 0.0332985 0.00155718 0.000780334 0.000657808 
586 613.519 2.05402 377837 2521.94 1.4494e+11 1.92028e+09 0.00361317 0.00775744 0.0332483 0.0015662 0.00061325 0.000646699 
587 614.863 2.20386 379495 2730.8 1.46218e+11 2.11905e+09 0.00428433 0.00852792 0.0330703 0.00157294 0.000664839 0.000710049 
588 614.882 2.01359 379506 2530.64 1.46207e+11 2.0151e+09 0.00677038 0.00951806 0.0337593 0.00156677 0.000922816 0.000745636 
589 616.278 2.01534 381215 2545.88 1.47504e+11 2.04917e+09 0.00732401 0.00855077 0.033847 0.00175459 0.000969442 0.000649797 
590 617.382 1.94631 382593 2467.66 1.4859e+11 2.00019e+09 0.00781327 0.00763079 0.0340346 0.00196605 0.00106372 0.000651092 
591 618.583 1.74863 384091 2155.99 1.49768e+11 1.66746e+09 0.00796275 0.00742801 0.0334983 0.00162651 0.00110654 0.000773599 
592 619.905 1.76927 385733 2194 1.51046e+11 1.71067e+09 0.00566914 0.00768317 0.0333179 0.00167194 0.00090054 0.000769766 
593 620.927 1.75993 387013 2191.8 1.52064e+11 1.71858e+09 0.0038554 0.00826256 0.0332571 0.00178104 0.000821076 0.000877387 
594 622.291 2.03606 388716 2543.72 1.53407e+11 2.00361e+09 0.00310043 0.00808357 0.0329784 0.00154966 0.000774349 0.000819947 
595 622.894 1.91472 389477 2404.21 1.54021e+11 1.91623e+09 0.00430675 0.00843854 0.0331324 0.00170338 0.000849568 0.000904124 
596 622.724 1.69263 389265 2140.06 1.53857e+11 1.73111e+09 0.00648712 0.00736529 0.0333592 0.00154083 0.000876045 0.000804996 
597 624.118 1.5891 391021 2029.91 1.55268e+11 1.67284e+09 0.00516628 0.00723934 0.0332944 0.00153196 0.000768395 0.000789157 
598 625.538 1.50863 392803 1920.07 1.56685e+11 1.57655e+09 0.00544862 0.00820753 0.0336005 0.0015421 0.000760383 0.000856813 
599 626.839 1.59682 394439 2038.79 1.57998e+11 1.69017e+09 0.00410357 0.00742695 0.0335611 0.00170842 0.000553951 0.000788331 
600 628.12 1.64379 396030 2088.97 1.59232e+11 1.71028e+09 0.00503483 0.00767542 0.0333263 0.00203802 0.000523854 0.000771101 
601 629.337 1.54409 397553 1970.04 1.60439e+11 1.62932e+09 0.00370692 0.00706244 0.033316 0.00200291 0.000358598 0.000666901 
602 630.579 1.80128 399102 2294.43 1.61655e+11 1.88898e+09 0.00303667 0.00691725 0.0331209 0.00158633 0.000340799 0.000671494 
603 631.875 1.55597 400753 1956.06 1.63013e+11 1.56528e+09 0.0013667 0.00647896 0.0326195 0.00161882 0.000161575 0.000696034 
604 632.782 1.42784 401900 1816.33 1.63938e+11 1.49195e+09 0.00310441 0.00763013 0.0332256 0.00158824 0.000407798 0.00079086 
605 633.757 1.4138 403151 1802.99 1.64981e+11 1.48992e+09 0.00255806 0.0078133 0.032943 0.00159154 0.000373491 0.000850886 
606 635.062 1.69563 404797 2167.99 1.66299e+11 1.79344e+09 0.00206671 0.00959742 0.0328944 0.00159593 0.000285104 0.000994542 
607 635.934 1.58336 405905 2015.29 1.67202e+11 1.65241e+09 1.21192e-06 0.00956107 0.0328499 0.0016344 0.000199365 0.000996074 
608 637.441 1.66589 407840 2138.94 1.68816e+11 1.80717e+09 0.00196089 0.0103564 0.0329324 0.00162326 0.000385242 0.00105256 
609 637.842 1.67842 408350 2186.36 1.69235e+11 1.87341e+09 0.0049277 0.00850646 0.0333446 0.00183269 0.000640604 0.000969902 
610 639.327 1.68077 410256 2186.91 1.70819e+11 1.8712e+09 0.00376994 0.00916294 0.0333239 0.00185091 0.000543232 0.000969895 
611 640.781 1.53011 412112 1972.78 1.72346e+11 1.68038e+09 0.00225293 0.00940367 0.0336122 0.00190753 0.000379595 0.000878342 
612 642.024 1.68242 413724 2153.54 1.73716e+11 1.8262e+09 0.00171621 0.00976063 0.0337643 0.00187549 0.000411169 0.000921034 
613 642.224 1.49825 413980 1928.44 1.73927e+11 1.6247e+09 0.00318584 0.00951527 0.0343836 0.00176107 0.00052965 0.000927974 
614 643.307 1.55465 415370 2001.81 1.7508e+11 1.69423e+09 0.00363292 0.0096288 0.0344607 0.00183052 0.000593447 0.000961369 
615 644.592 1.64438 417028 2158.34 1.76479e+11 1.88052e+09 0.00339231 0.00878203 0.0341272 0.00188663 0.000498832 0.000942407 
616 645.839 1.61052 418623 2089.49 1.77793e+11 1.78331e+09 0.00397637 0.00875417 0.0341587 0.00173087 0.000466068 0.000943597 
617 647.229 1.69534 420435 2237.95 1.79352e+11 1.9757e+09 0.00278697 0.00839963 0.0345849 0.00210122 0.00034128 0.00094279 
618 647.476 1.89084 420764 2491.19 1.79646e+11 2.18646e+09 0.0038905 0.00868787 0.0344247 0.00180567 0.000393537 0.00094367 
619 648.37 1.84443 421906 2439.63 1.80594e+11 2.15625e+09 0.00386618 0.00853259 0.0341371 0.00175234 0.000429775 0.00094223 
620 649.311 1.82381 423111 2405 1.81591e+11 2.11478e+09 0.00394616 0.00974873 0.0342285 0.00187698 0.000445982 0.0010615 
621 650.418 1.74415 424580 2327 1.82899e+11 2.09313e+09 0.00559194 0.00903811 0.0340453 0.00190204 0.000593107 0.000990948 
622 651.437 1.76815 425898 2357.55 1.84014e+11 2.11865e+09 0.00529338 0.00779189 0.033817 0.00197363 0.000431387 0.000866285 
623 652.867 2.0545 427777 2724.16 1.85658e+11 2.42199e+09 0.00442678 0.00840413 0.0336795 0.00187287 0.000410525 0.000887393 
624 654.535 2.09065 429961 2767.12 1.87547e+11 2.45142e+09 0.00311755 0.00835864 0.0342549 0.00197349 0.000304105 0.000899026 
625 654.597 1.98495 430029 2653.03 1.87585e+11 2.39568e+09 0.00506084 0.00993771 0.0345866 0.00183253 0.000575798 0.000948701 
626 655.449 2.02889 431151 2736.01 1.88567e+11 2.50994e+09 0.00455925 0.00937291 0.0345799 0.00212787 0.000508527 0.000859849 
627 656.806 2.10062 432944 2848.17 1.90148e+11 2.63273e+09 0.00513275 0.00949653 0.0341295 0.00194589 0.000522974 0.000796055 
628 657.677 2.15438 434084 2924.84 1.91133e+11 2.71192e+09 0.00382881 0.00960108 0.0332295 0.00184101 0.000387311 0.000745149 
629 658.686 2.0825 435423 2837.37 1.92325e+11 2.64716e+09 0.00201863 0.00915461 0.032495 0.00184315 0.00030375 0.000742192 
630 659.925 2.15661 437065 2932.55 1.93782e+11 2.7301e+09 0.00308951 0.00931344 0.0325407 0.00174022 0.000238715 0.000784856 
631 661.306 1.96645 438885 2665.34 1.95383e+11 2.47199e+09 0.00303854 0.00951446 0.0322948 0.00185705 0.000313992 0.000777686 
632 662.515 1.86632 440504 2521.28 1.96852e+11 2.36157e+09 0.0017813 0.00920133 0.0320167 0.00174006 0.000269263 0.000716297 
633 662.857 1.89467 440982 2592.79 1.97328e+11 2.45018e+09 0.0039578 0.0111679 0.0330729 0.00184577 0.00045278 0.000997472 
634 663.97 1.82754 442437 2505.82 1.98586e+11 2.38089e+09 0.00283005 0.0107036 0.0326467 0.00197679 0.000282806 0.000882829 
635 664.812 1.86515 443588 2547.48 1.99672e+11 2.40074e+09 0.00161115 0.0103434 0.032309 0.00206013 0.000133238 0.000891165 
636 666.268 1.89889 445515 2590.44 2.01376e+11 2.4372e+09 0.00238652 0.00967609 0.031812 0.00191723 0.000155242 0.000795825 
637 667.68 1.88311 447411 2558.54 2.03103e+11 2.38821e+09 0.00198488 0.00921977 0.0313834 0.00201817 -3.21637e-05 0.000779729 
638 668.852 1.78789 448985 2439.12 2.04538e+11 2.29821e+09 0.00306747 0.00915336 0.0313272 0.00198267 6.43523e-05 0.00079799 
639 669.304 1.85463 449581 2539.49 2.05062e+11 2.40533e+09 0.00219093 0.00953516 0.0311302 0.00186716 9.35556e-05 0.000823278 
640 670.291 1.82116 450896 2514.01 2.06243e+11 2.42336e+09 0.00208698 0.00905564 0.031141 0.0019459 6.05838e-05 0.00080621 
641 670.59 1.80075 451279 2501.79 2.06566e+11 2.44815e+09 0.00243465 0.0121062 0.0317443 0.00203886 0.000211237 0.00109947 
642 672.258 2.06264 453532 2853.83 2.0864e+11 2.76926e+09 0.0040801 0.0112954 0.0318808 0.00196842 0.000351422 0.000908345 
643 672.986 1.69404 454479 2335.16 2.09444e+11 2.24642e+09 0.00255714 0.0107058 0.0320173 0.00181815 0.000220704 0.000905069 
644 674.217 1.85322 456143 2562.15 2.10979e+11 2.47482e+09 0.000599897 0.0117938 0.0315465 0.00194647 -7.88171e-06 0.000960929 
645 675.365 2.02266 457693 2786.16 2.12411e+11 2.67231e+09 -0.000750012 0.0124928 0.0310957 0.00198545 -0.000191926 0.000932683 
646 675.94 1.94715 458476 2702.14 2.13143e+11 2.63351e+09 -0.00143449 0.0124652 0.0321033 0.0021597 -7.54379e-05 0.000988476 
647 676.864 2.08004 459730 2906.12 2.14312e+11 2.86749e+09 -0.00167763 0.0110149 0.031283 0.00190514 -0.000242924 0.000856434 
648 678.802 2.28261 462371 3207.66 2.16785e+11 3.1954e+09 -0.00186292 0.0115569 0.0319184 0.00186269 -0.000241798 0.000954859 
