0.4 -1.0655 52400000000 steps
247.584 1.00476 
n radius_n error   
0 0 0
1 1 3.53688e-09
2 2.66688 0.000338285
3 4.2069 0.00100042
4 6.49179 0.00142948
5 8.34939 0.00293252
6 11.0092 0.00351046
7 13.0008 0.00515207
8 15.9221 0.0057707
9 18.1341 0.00728142
10 21.2167 0.00822262
11 23.6461 0.0100531
12 26.907 0.0122519
13 29.4897 0.0143362
14 32.9235 0.0160896
15 35.666 0.0213437
16 39.2466 0.0247076
17 42.139 0.027566
18 45.8594 0.0261468
19 48.8904 0.028583
20 52.7449 0.0331511
21 55.9254 0.0346537
22 59.9159 0.0380161
23 63.2409 0.0479087
24 67.3506 0.0592141
25 70.7691 0.0683348
26 75.0205 0.0668489
27 78.6044 0.0642272
28 82.9346 0.0642306
29 86.6334 0.0599312
30 91.1273 0.0634085
31 94.9116 0.0689145
32 99.4502 0.0717297
33 103.37 0.080307
34 108.013 0.0757683
35 112.02 0.0787791
36 116.778 0.089697
37 120.946 0.089222
38 125.813 0.0961282
39 130.098 0.100035
40 135.046 0.110288
41 139.43 0.116097
42 144.496 0.123915
43 148.972 0.134189
44 154.07 0.119239
45 158.644 0.136432
46 163.882 0.13407
47 168.566 0.138087
48 173.888 0.14348
49 178.574 0.161461
50 183.987 0.166918
51 188.856 0.160807
52 194.299 0.163135
53 199.133 0.171207
54 204.737 0.180315
55 209.859 0.179384
56 215.565 0.187104
57 220.606 0.200681
58 226.307 0.204903
59 231.58 0.220993
60 237.463 0.224178
61 242.76 0.230121
62 248.727 0.236187
63 254.062 0.239613
64 260.035 0.245925
65 265.52 0.250497
66 271.537 0.25664
67 277.147 0.272002
68 283.339 0.289199
69 288.966 0.299275
70 295.22 0.306879
71 301.012 0.313433
72 307.164 0.32282
73 312.931 0.33356
74 319.294 0.349645
75 325.163 0.36415
76 331.617 0.367129
77 337.54 0.382878
78 343.982 0.421736
79 350.041 0.429941
80 356.447 0.418926
81 362.569 0.441021
82 369.381 0.439384
83 375.489 0.437139
84 382.253 0.499928
85 388.451 0.511894
86 395.303 0.51776
87 401.522 0.521769
88 408.39 0.517282
89 414.675 0.508449
90 421.67 0.506265
91 428.04 0.515518
92 435.078 0.51927
93 441.569 0.539809
94 448.617 0.551006
95 455.306 0.577219
96 462.459 0.657157
97 469.092 0.691553
98 476.101 0.781625
99 482.922 0.801439
100 490.202 0.801507
101 497.041 0.79331
102 504.439 0.812168
103 511.252 0.859578
104 518.564 0.818517
105 525.52 0.753894
106 532.884 0.741722
107 539.911 0.776239
108 547.393 0.808567
109 554.48 0.816927
110 562.151 0.839887
111 569.221 0.821001
112 577.145 0.912059
113 584.303 0.946204
114 591.958 0.981304
115 599.481 1.01219
116 607.172 1.02123
117 614.337 0.972503
118 621.853 0.996936
119 629.233 0.985936
120 637.303 0.96142
121 644.736 0.929493
122 652.504 0.921363
123 660.096 0.916393
124 668.345 1.02727
125 675.721 1.00561
126 683.783 0.979512
127 691.769 0.971073
128 699.826 0.970701
129 707.554 1.07896
130 715.738 1.15577
131 723.348 1.23157
132 731.401 1.27614
133 739.136 1.30956
134 747.441 1.2447
135 755.596 1.24983
136 763.951 1.20719
137 771.684 1.26205
138 779.755 1.20378
139 788.08 1.2522
140 796.327 1.32747
141 804.251 1.26783
142 812.68 1.28139
143 820.651 1.27044
144 829.754 1.46553
145 837.709 1.54109
146 846.528 1.59887
147 854.793 1.61628
148 863.855 1.5297
149 872.077 1.5392
150 880.768 1.45055
151 888.9 1.43741
152 897.576 1.45287
153 905.652 1.55609
154 914.509 1.63768
155 923.053 1.75017
156 931.856 1.78465
157 940.337 1.73414
158 949.358 1.64964
159 957.706 1.74868
160 966.638 1.89499
161 975.305 1.85443
162 984.034 1.79976
163 992.625 1.76279
164 1001.34 1.94675
165 1010.12 2.06298
166 1019.42 1.87469
167 1027.94 1.91228
168 1036.93 1.88424
169 1045.8 1.96238
170 1055.26 2.00282
171 1064.21 1.99045
172 1073.34 1.98142
173 1082.36 2.08582
174 1091.47 2.27696
175 1100.24 2.30369
176 1110.22 2.23467
177 1119.21 2.14118
178 1129.11 2.13447
179 1138.29 2.16428
180 1148.28 2.23363
181 1157.62 2.1016
182 1166.98 2.23694
183 1176.07 2.34602
184 1184.79 2.26095
185 1193.98 2.36887
186 1203.38 2.48745
187 1212.39 2.57347
188 1222.22 2.62279
189 1231.33 2.7161
190 1240.95 2.584
191 1250 2.50848
192 1260 2.57977
193 1269.05 2.53017
194 1278.33 2.54056
195 1287.98 2.47119
196 1297.85 2.49589
197 1307.68 2.64259
198 1317.59 2.63517
199 1327 2.61399
200 1337.54 2.76912
201 1346.84 2.57862
202 1356.65 2.58299
203 1366.53 2.63526
204 1375.58 2.7556
205 1386.01 3.08783
206 1396.16 3.45086
207 1405.61 3.52532
208 1415.53 3.41765
209 1425.24 3.61918
210 1435.01 3.41174
211 1445.13 3.11552
212 1455.47 2.80417
213 1465.87 2.99303
214 1476.36 2.97132
215 1486.52 3.04234
216 1496.66 3.22152
217 1507.01 3.39067
218 1517.21 3.28854
219 1527.71 3.53518
220 1537.96 3.40018
221 1548.54 3.30672
222 1558.16 3.12678
223 1567.55 3.20759
224 1577.98 3.17215
225 1587.96 3.25367
226 1599.29 3.44416
227 1610.14 3.23359
228 1620.97 3.35118
229 1631.3 3.33529
230 1641.33 3.41058
231 1651.51 3.44835
232 1662.81 3.566
233 1672.8 3.65479
234 1684.18 3.83684
235 1695.06 3.60808
236 1705.49 3.68052
237 1715.61 3.69958
238 1725.42 3.78376
239 1735.74 3.75037
240 1745.48 4.128
241 1756.27 3.937
242 1766.87 4.29697
243 1776.96 3.91337
244 1787.87 3.849
245 1798.41 4.48395
246 1808.89 4.87168
247 1820.31 5.22546
248 1831.28 4.87999
249 1840.75 5.1096
250 1852.26 5.07872
251 1862.82 4.61716
252 1873.53 4.21922
253 1884.87 4.63511
254 1895.54 4.91229
255 1907.35 4.47322
256 1918.49 4.55501
257 1928.57 4.62242
258 1939.23 4.56864
259 1949.48 5.16641
260 1960.76 5.18402
261 1971.84 5.10804
262 1982.92 4.84393
263 1994.3 5.03322
264 2005.35 4.85844
265 2016.74 4.97722
266 2028.52 5.1135
267 2039.16 4.89058
268 2050.22 4.87246
269 2061.23 4.91707
270 2072.21 5.17626
271 2084.63 5.57986
272 2096.3 5.17949
273 2106.95 4.96633
274 2118.11 5.41007
275 2130.35 5.26379
276 2142.02 5.26531
277 2153.24 5.3564
278 2165.01 5.21928
279 2176.92 6.88506
280 2189.2 6.66975
281 2200.74 6.38375
282 2212.71 6.7738
283 2224.27 6.37245
284 2236.19 5.65834
285 2246.74 5.99975
286 2258.26 5.67356
287 2270.02 5.78562
288 2281.33 6.18264
289 2293.52 6.53727
290 2305.39 6.13047
291 2315.24 6.17158
292 2327.82 6.2641
293 2338.47 6.30354
294 2349.67 6.50174
295 2360.14 6.5112
296 2371.94 6.44306
297 2385.02 6.61774
298 2397.93 6.53886
299 2408.48 6.62807
300 2420.52 6.80463
301 2431.74 6.51238
302 2444.95 6.56198
303 2456.93 6.62049
304 2469.96 6.881
305 2481.91 7.01719
306 2494.2 6.94189
307 2505.81 6.88067
308 2517.54 6.99456
309 2527.98 6.86601
310 2539.66 6.902
311 2551.94 7.67636
312 2564.12 7.21712
313 2575.16 7.49242
314 2588.22 7.72526
315 2599.65 7.5899
316 2613.95 8.21761
317 2625.2 7.89475
318 2637.34 8.17381
319 2649.03 8.07432
320 2660.41 7.53277
321 2673.74 8.21757
322 2685.48 8.22085
323 2694.81 9.05377
324 2706.62 8.91878
325 2718.01 8.89804
326 2732.66 8.69633
327 2745.16 8.00575
328 2758.7 8.08406
329 2771.49 8.01672
330 2784.91 8.0422
331 2798.97 8.05449
332 2811.45 8.33305
333 2822.33 8.41084
334 2834.21 8.41722
335 2845.83 8.4299
336 2858.76 8.6673
337 2871.17 8.67913
338 2882.73 8.67072
339 2895.19 9.16186
340 2907.6 9.42253
341 2919.93 8.9321
342 2932.71 8.96487
343 2942.72 8.95065
344 2955.61 9.1478
345 2967.69 8.92853
346 2980.47 9.32368
347 2994.04 9.59977
348 3005.77 9.70984
349 3018.36 9.88066
350 3031.55 9.63989
351 3042 9.58408
352 3055.47 10.057
353 3068.38 10.1135
354 3078.96 10.3817
355 3093.81 10.5248
356 3108.9 10.8026
357 3122.94 10.4178
358 3136.3 10.3875
359 3149.47 10.2661
360 3163.63 10.557
361 3176.63 10.4019
362 3190.75 10.8379
363 3203.43 11.6852
364 3216.99 11.6143
365 3227.18 11.3204
366 3240.67 10.9764
367 3252.94 11.0002
368 3264.81 11.0461
369 3278.41 10.8291
370 3293.82 11.1665
371 3306.63 11.0989
372 3318.7 11.31
373 3330.29 10.9886
374 3346.61 11.4798
375 3357.52 11.4375
376 3373.22 11.3474
377 3385.26 11.8058
378 3401.16 11.448
379 3416.3 11.8749
380 3430.73 12.1265
381 3442.65 12.1492
382 3456.97 11.9583
383 3468.19 12.3952
384 3483.6 12.5297
385 3497.13 12.4111
386 3508.87 12.607
387 3523.79 12.2698
388 3537.96 12.7307
389 3553.43 12.6216
390 3568.34 13.0136
391 3580.15 13.0961
392 3592.8 13.4674
393 3605.94 13.5397
394 3620.89 13.6721
395 3632.05 13.4889
396 3645.85 13.4105
397 3659.75 14.4532
398 3676.44 13.5262
399 3692.62 14.3751
400 3708.05 14.1114
401 3722.66 14.3631
402 3736.72 14.1382
403 3747.01 13.8461
404 3759.22 14.1624
405 3770.86 14.0588
406 3783.05 14.7625
407 3798.38 14.4838
408 3813.39 14.0943
409 3828.19 14.7889
410 3840.46 14.5746
411 3854.2 15.4204
412 3868.99 14.747
413 3880.9 14.7996
414 3898.99 15.1122
415 3911.95 14.899
416 3924.37 15.7861
417 3937.27 16.6664
418 3952.11 15.7253
419 3968.35 15.2508
420 3982.97 15.1383
421 3996.81 15.1586
422 4013.6 15.5814
423 4026.8 16.1644
424 4040.26 15.7534
425 4053.47 15.9464
426 4069.44 15.6652
427 4080.78 16.2813
428 4096.58 16.7848
429 4107.38 16.6418
430 4123.7 15.8566
431 4137.77 16.3225
432 4151.06 16.896
433 4168.29 16.9978
434 4182.22 17.0174
435 4196.09 16.9837
436 4208.25 17.2187
437 4220.32 17.6567
438 4231.12 17.3661
439 4243.66 17.123
440 4256.37 17.5992
441 4270.12 17.8692
442 4287.2 17.7046
443 4302.09 17.7496
444 4317.67 18.712
445 4332.95 18.4827
446 4348.62 18.175
447 4361.04 18.2878
448 4377.99 19.2806
449 4391.52 18.3044
450 4403.56 18.4858
451 4413.82 18.9777
452 4433.21 18.9988
453 4448.1 18.8351
454 4467.43 18.7487
455 4480.29 19.4888
456 4500.31 19.9436
457 4514.87 19.5199
458 4533.24 20.0515
459 4550.02 19.2963
460 4567.32 19.5712
461 4580.7 19.8433
462 4595.13 19.4203
463 4606.99 20.9158
464 4623.7 21.7659
465 4637.44 20.8874
466 4655.71 21.4489
467 4672.27 21.169
468 4695.41 21.5683
469 4706.74 21.6336
470 4726.67 21.6305
471 4738.97 21.9783
472 4747.36 22.038
473 4755.46 22.4612
474 4768 22.6532
475 4778.26 22.3989
476 4790.09 22.2
477 4808.77 22.014
478 4821.58 22.9683
479 4836.71 23.2804
480 4851.48 23.3583
481 4866.21 22.8835
482 4881.42 23.0604
483 4897.42 23.684
484 4913.35 23.3614
485 4925.07 23.2971
486 4945.11 24.126
487 4957.3 24.2361
488 4969.44 25.6575
489 4986.07 24.3507
490 4999.85 25.6288
491 5019.06 26.1778
492 5039.24 26.7456
493 5052.94 25.3189
494 5072.58 24.6091
495 5088.45 25.867
496 5106.55 28.7365
497 5125.67 25.6836
498 5140.33 26.355
499 5159.98 26.1769
500 5174.98 26.0794
501 5188.29 26.6771
502 5199.43 28.7083
503 5215.88 27.174
504 5230.65 28.3513
505 5251.59 26.774
506 5259.2 28.4329
507 5279.47 27.4935
508 5294.93 28.2413
509 5312.84 27.374
510 5325.3 30.0837
511 5341.85 29.4138
512 5363.5 28.3025
513 5376.08 30.0594
514 5401.35 32.412
515 5420.56 31.9514
516 5436.36 31.2722
517 5451.05 30.9293
518 5460.12 32.7432
519 5474.05 31.6752
520 5500.66 30.5204
521 5508.08 30.0462
522 5519.37 32.2537
523 5535.42 35.753
524 5549.17 33.6147
525 5566.16 33.2187
526 5584.32 31.2131
527 5597.87 30.7739
528 5613.56 31.5816
529 5628.98 32.2254
530 5646.79 31.0414
531 5667.99 31.4205
532 5684.25 30.0912
533 5703.98 31.086
534 5721.35 32.4883
535 5739.21 32.3927
536 5754.38 35.8826
537 5775.59 36.5068
538 5789.32 38.5995
539 5804.83 37.1907
540 5814.22 37.7945
541 5824.51 38.8319
542 5837.66 38.0015
543 5859.4 38.8835
544 5879.57 37.4204
545 5898.6 34.7874
546 5920.95 36.1836
547 5939.92 37.6747
548 5952.79 35.8261
549 5977.16 38.7106
550 6001.15 41.6548
551 6017.02 39.6609
552 6037.76 41.104
553 6042.53 40.3295
554 6058.29 40.7278
555 6074.34 37.2186
556 6088.12 38.3862
557 6105.7 39.7045
558 6124.78 41.2761
559 6144.81 42.5972
560 6157.8 43.1376
561 6170.24 42.2798
562 6187.3 37.9376
563 6205.16 38.956
564 6220.8 44.2139
565 6239.66 47.4724
566 6259.16 47.4867
567 6274.22 45.9779
568 6297.24 46.7159
569 6320.17 50.6088
570 6346.72 54.1643
571 6367.61 53.7843
572 6383.65 51.8423
573 6397.77 49.2698
574 6404.44 46.2072
575 6422.81 44.7878
576 6425.27 51.9843
577 6442.57 51.6671
578 6459.69 49.37
579 6479.71 47.1008
580 6500.48 46.433
581 6520.72 55.3731
582 6533.32 52.5781
583 6553.84 52.2331
584 6566.61 47.2426
585 6579.77 48.7386
586 6584.03 44.6283
587 6595.45 44.6431
588 6616.91 44.7569
589 6636.79 47.5584
590 6661.09 47.249
591 6690.21 46.1849
592 6718.29 49.0696
593 6736.69 48.833
594 6756.18 44.8551
595 6769.01 47.8998
596 6781.15 50.3829
597 6792.04 49.9483
598 6813.35 46.2222
599 6828.99 45.5809
600 6844.23 44.7646
601 6867.21 49.7148
602 6881.97 46.2287
603 6902.06 51.2752
604 6923.9 45.636
605 6939.53 48.5288
606 6954.92 46.2837
607 6977.88 46.3362
608 6991.65 47.2342
609 7012.81 48.62
610 7019.43 48.988
611 7042.48 46.6868
612 7065.51 50.6631
613 7085.69 46.6105
614 7106.11 47.8033
615 7125.77 51.6169
616 7159.13 50.1145
617 7174.16 48.9644
618 7193.54 48.0448
619 7210.85 51.7954
620 7229.35 49.6216
621 7249.72 51.775
622 7258.24 51.4046
623 7272.67 49.3314
624 7293.19 51.5867
625 7311.09 52.266
626 7328.47 51.6163
627 7357.94 50.8879
628 7377.21 53.7915
629 7398.9 52.1849
630 7420.14 52.5052
631 7433.89 54.0082
632 7456.71 52.5301
633 7466.38 53.5464
634 7487.56 54.685
635 7493.23 52.9941
636 7513.95 54.5554
637 7531.43 55.7893
638 7554.23 55.8651
639 7574.12 56.8427
640 7590.37 54.3124
641 7613.13 58.6094
642 7639.73 57.0882
643 7661.98 57.1854
644 7689.4 55.9361
645 7710.3 57.6149
646 7728.97 57.3495
647 7738.69 60.3165
648 7756.96 58.3013
649 7771.35 59.398
650 7779.87 57.1769
651 7791.17 60.498
652 7818.79 60.5776
653 7841.67 60.2844
654 7863.62 60.632
655 7886.19 58.865
656 7923.28 59.5576
657 7938.3 61.7615
658 7968.93 64.3119
659 7996.48 60.5842
660 8013.82 59.6255
661 8034.9 62.5727
662 8049.15 64.4455
663 8056.25 62.7482
664 8064.63 63.7184
665 8083.42 63.2823
666 8085.83 62.5883
667 8095.33 65.8621
668 8103.8 67.1933
669 8132.03 68.204
670 8148.71 69.9581
671 8166.93 69.3512
672 8188.97 65.3316
673 8211.56 64.3277
674 8236.81 64.7846
675 8264.01 64.707
676 8283.99 64.4313
677 8298.93 69.3602
678 8322.5 72.1845
679 8324.87 69.6075
680 8329.06 66.4924
681 8345.15 67.9944
682 8359.12 69.0869
683 8367.12 68.4016
684 8382.68 65.6758
685 8403.53 68.9768
686 8422.47 67.7524
687 8455.33 69.3538
688 8471.34 71.9925
689 8489.22 69.0975
690 8515.46 73.0674
691 8536.4 74.758
692 8565.54 77.6268
693 8591.5 69.6177
694 8618.09 73.6815
695 8627.66 77.2796
696 8644.65 73.2263
697 8658.91 74.8173
698 8659.84 81.8961
699 8669.34 73.2329
700 8695.35 72.9264
701 8719.11 74.0033
702 8748.4 80.0798
703 8761.96 75.2427
704 8779.3 75.9625
705 8812.72 73.6988
706 8847.32 76.3414
707 8865.07 80.2516
708 8868.38 79.1915
709 8889.73 79.3877
710 8912.96 78.7409
711 8926.69 78.839
712 8966.57 80.1136
713 8986.65 81.6734
714 9017.71 80.5957
715 9035.67 83.0446
716 9046.82 88.3068
717 9064.98 89.9626
718 9065.41 85.7737
719 9075.83 100.155
720 9096.65 98.1176
721 9114.91 85.1068
722 9147.16 86.4179
723 9173.74 88.8767
724 9186.76 88.4052
725 9222.65 88.6453
726 9237.42 87.8884
727 9259.53 92.3208
728 9258.21 87.2258
729 9275.45 92.2489
730 9307.03 88.1951
731 9320.6 87.1079
732 9338.21 90.4358
733 9351.49 88.8548
734 9362.1 88.4044
735 9371.85 91.3452
736 9396.61 89.7644
737 9424.44 90.1108
738 9432.78 92.3309
739 9450.17 91.5391
740 9455.21 98.609
741 9476.37 91.0901
742 9515.03 94.4975
743 9535.45 94.1597
744 9549.81 93.3696
745 9568.56 100.162
746 9582.36 90.4629
747 9607.67 96.8959
748 9643.71 94.2684
749 9657.73 92.2204
750 9686.09 102.851
751 9714.66 98.2975
752 9705.06 96.212
753 9743.7 97.4873
754 9767.18 99.1245
755 9784.56 101.415
756 9803.92 97.382
757 9835.16 100.97
758 9859.22 100.264
759 9903.83 105.303
760 9914.65 105.947
761 9939.12 103.43
762 9963.31 105.511
763 9941.55 100.687
764 9981.01 106.396
765 10020.9 109.66
766 10034.7 108.519
767 10061.6 110.201
768 10095.9 105.193
769 10121.9 107.471
770 10142.7 104.931
771 10184.2 109.841
772 10212.5 113.624
773 10238.7 111.945
774 10256.6 105.426
775 10244.9 108.493
776 10251.7 109.99
777 10287.4 112.185
778 10287.7 109.575
779 10317.2 114.104
780 10317.5 111.999
781 10329.4 110.033
782 10355.5 114.582
783 10380.2 115.194
784 10413.6 114.113
785 10432.3 112.534
786 10471 117.623
787 10514.3 114.418
788 10540.8 123.469
789 10549.5 115.984
790 10531.5 117.566
791 10522.4 120.401
792 10539.5 119.293
793 10568.2 118.835
794 10596.2 125.287
795 10607.2 131.369
796 10633.4 126.188
797 10650.5 124.975
798 10669.8 123.048
799 10685.6 120.481
800 10688.4 122.442
801 10708.8 129.156
802 10734.1 128.517
803 10746.3 127.92
804 10741.1 124.074
805 10767.2 132.825
806 10780 131.176
807 10763.3 126.824
808 10774.6 129.296
809 10793.9 135.866
810 10808.3 135.122
811 10831.5 131.787
812 10853.4 130.806
813 10860.1 131.382
814 10863.5 138.872
815 10879.4 133.164
816 10908 136.104
817 10951.9 140.767
818 10974.8 132.388
819 10973.2 137.189
820 10948.4 136.278
821 10967.7 137.018
822 10992.4 133.836
823 11012.1 139.455
824 11014.2 135.512
825 11028.7 137.218
826 11053.7 140.176
827 11064.3 139.782
828 11108.1 139.534
829 11117.9 139.91
830 11149.7 139.292
831 11150.6 145.819
832 11161.2 136.926
833 11175.6 147.101
834 11206.3 156.072
835 11238.8 142.292
836 11262 140.597
837 11301.5 146.93
838 11322.9 151.662
839 11345.2 146.899
840 11380.9 144.75
841 11382.4 143.284
842 11421.8 146.791
843 11448.3 142.309
844 11480.5 146.749
845 11506.5 145.685
846 11521.2 147.369
847 11513 154.948
848 11558.6 154.692
849 11583.1 149.132
850 11616.6 152.582
851 11657.4 152.561
852 11682.5 158.275
853 11681 150.612
854 11686.8 158.21
855 11687.7 153.993
856 11708.6 150.135
857 11727.4 152.41
858 11751.7 171.707
859 11765.2 188.252
860 11795.9 181.744
861 11808.6 191.616
862 11843.1 172.047
863 11891 175.569
864 11914.3 168.815
865 11933.7 161.547
866 11935.9 164.966
867 11958.4 160.341
868 11983.4 167.875
869 12002.4 168.885
870 12032 169.23
871 12046.3 178.775
872 12091.4 175.884
873 12118.7 174.102
874 12151 179.481
875 12151.2 177.584
876 12158.8 181.189
877 12166 184.034
878 12182.8 177.053
879 12192.1 188.934
880 12213 179.632
881 12206.2 192.149
882 12288.8 178.782
883 12308.3 178.277
884 12325.6 196.284
885 12352 191.876
886 12336.4 187.48
887 12348.1 187.168
888 12364.4 190.284
889 12368.4 187.821
890 12385.3 189.764
891 12384.3 202.156
892 12378 223.625
893 12383 225.311
894 12386.5 231.519
895 12450.2 209.984
896 12485.1 201.266
897 12515.8 213.82
898 12525.5 210.921
899 12519.4 228.111
900 12534.7 219.645
901 12571.8 235.728
902 12620 218.067
903 12631.8 226.218
904 12662.5 204.38
905 12676.2 196.92
906 12673.8 200.43
907 12712.2 229.338
908 12735.9 261.505
909 12764.1 235.793
910 12777.9 231.198
911 12794.3 233.529
912 12820.8 225.444
913 12826.4 238.938
914 12871.9 252.901
915 12860.4 236.204
916 12858.1 256.383
917 12873.5 246.728
918 12917.1 236.862
919 12959.7 223.053
920 13019.3 224.037
921 13024.5 236.272
922 13028.1 221.889
923 13027.7 242.299
924 13047.7 241.971
925 13062.4 273.438
926 13105.3 279.631
927 13133.9 256.028
928 13139.6 253.713
929 13151.9 249.818
930 13152.3 226.018
931 13189.5 219.281
932 13239.7 211.438
933 13261.7 225.25
934 13295 234.238
935 13303.9 248.611
936 13354.4 256.291
937 13383.7 251.02
938 13334.9 241.844
939 13358.7 240.563
940 13306 266.018
941 13357.9 254.366
942 13347.6 274.78
943 13389.6 279.126
944 13368.1 272.863
945 13390.1 254.064
946 13416.2 241.559
947 13439.5 232.461
948 13520.6 222.926
949 13563.8 224.457
950 13584 239.18
951 13587.9 227.828
952 13608.2 228.149
953 13637.2 242.028
954 13628 253.11
955 13645.8 252.653
956 13659.8 249.613
957 13672.5 266.011
958 13671.2 270.117
959 13667 273.073
960 13664.3 285.045
961 13629.1 282.62
962 13666.1 282.18
963 13700.3 287.877
964 13725.6 290.363
965 13762.9 304.999
966 13767 287.086
967 13809.1 290.3
968 13890.3 289.669
969 13892.3 296.88
970 13900.8 273.679
971 13926.6 270.009
972 13965.4 342.141
973 13962.7 371.744
974 13948.9 383.114
975 13965.6 342.322
976 13975.3 307.351
977 14009.5 306.38
978 14044.9 299.88
979 14035.6 304.235
980 14042.9 307.482
981 14060.8 327.041
982 14077.9 311.298
983 14100.8 305.544
984 14121.2 300.517
985 14114.1 288.577
986 14125.5 297.932
987 14141.7 295.721
988 14134.3 303.681
989 14055.3 309.441
990 14107.4 277.891
991 14132.9 288.799
992 14184.9 300.886
993 14224.6 298.485
994 14268.1 305.343
995 14332.8 333.854
996 14308.7 323.73
997 14291.8 333.382
998 14288.7 322.891
999 14305.3 295.107
1000 14311.9 308.799
1001 14313.4 337.888
1002 14328.9 336.002
1003 14405.7 300.202
1004 14420.3 285.523
1005 14479.1 299.585
1006 14465.5 301.163
1007 14482.6 293.296
1008 14551.2 317.203
1009 14569.9 340.437
1010 14600 321.378
1011 14487.5 320.878
1012 14555.6 374.384
1013 14532.9 380.381
1014 14575.8 396.448
1015 14570.6 396.499
1016 14618.4 444.698
1017 14733.8 356.168
1018 14843.8 353.038
1019 14874.8 372.442
1020 14909.9 353.374
1021 14804.9 354.212
1022 14828.7 343.199
1023 14838.4 354.929
1024 14824.5 353.672
1025 14838.3 357.331
1026 14930.9 380.639
1027 14977 400.992
1028 15062 408.151
1029 15119.9 371.058
1030 15136.5 356.241
1031 15001.7 394.447
1032 15025.7 412.17
1033 15077 404.105
1034 15122.3 405.49
1035 15099.1 459.044
1036 15162.7 438.911
1037 15188.6 426.719
1038 15246.8 453.04
1039 15303.7 471.047
1040 15440.3 487.011
1041 15402.7 492.85
1042 15418.7 515.039
1043 15478.2 495.129
1044 15467.1 466.334
1045 15341.7 451.802
1046 15369.8 435.067
1047 15361.6 470.714
1048 15402.1 471.108
1049 15436.5 491.981
1050 15442.1 509.679
1051 15477.8 458.594
1052 15501.9 429.451
1053 15570.7 423.513
1054 15627.7 389.868
1055 15727.7 361.074
1056 15692.9 362.091
1057 15758.9 365.118
1058 15772.2 386.63
1059 15717.7 402.26
1060 15724.6 384.975
1061 15759.9 372.54
1062 15803.6 356.059
1063 15836.1 384.892
1064 15862 411.032
1065 15926.8 432.058
1066 15950.7 430.765
1067 15951.9 437.206
1068 16017.6 436.933
1069 16060 426.893
1070 16112.2 398.298
1071 16185.7 400.989
1072 16190 392.028
1073 16221.8 409.523
1074 16223.8 436.113
1075 16209.3 431.137
1076 16229.2 436.771
1077 16183.4 430.683
1078 16199.3 452.654
1079 16274.2 446.424
1080 16272.2 453.823
1081 16381 440.561
1082 16397.8 429.129
1083 16450.4 423.546
1084 16517.5 429.499
1085 16485.9 461.244
1086 16527.1 452.801
1087 16609.5 467.558
1088 16653.8 487.273
1089 16688.6 441.085
1090 16705 485.906
1091 16692.7 489.103
1092 16639.7 482.537
1093 16660.1 462.423
1094 16633.6 450.649
1095 16549.9 499.369
1096 16555.3 517.25
1097 16637 491.447
1098 16661.6 463.598
1099 16666.5 461.838
1100 16693.2 489.816
1101 16723.7 475.617
1102 16758.2 475.292
1103 16782 502.525
1104 16899 508.841
1105 16890.4 496.483
1106 16941.8 445.104
1107 16903.1 491.725
1108 16990.9 529.673
1109 16998.9 495.095
1110 17034.9 543.179
1111 17018.6 505.73
1112 17047.1 465.846
1113 17046.1 446.48
1114 17073 476.345
1115 17047.3 450.385
1116 17053.9 478.485
1117 17140.9 454.099
1118 17094.8 487.233
1119 17146.6 484.235
1120 17119.2 448.359
1121 17068.6 462.877
1122 17067.7 446.208
1123 17022.1 465.008
1124 17005.1 490.136
1125 17118.3 479.548
1126 17126.8 467.895
1127 17216.9 446.443
1128 17172.4 436.062
1129 17005.8 479.074
1130 17015 498.665
1131 17052.4 504.122
1132 17105.5 491.749
1133 17161.4 520.912
1134 17219.2 497.643
1135 17311.9 452.064
1136 17378.8 477.725
1137 17411.8 506.137
1138 17509.7 541.716
1139 17502.4 517.83
1140 17348.5 478.581
1141 17436.8 486.628
1142 17418.9 516.181
1143 17454.5 531.756
1144 17539.1 499.902
1145 17614.1 495.785
1146 17682.7 516.235
1147 17745.6 485.67
1148 17939.7 543.854
1149 17976.7 526.635
1150 18008.2 514.473
1151 17776.4 498.306
1152 17769.7 509.305
1153 17814.4 508.049
1154 17846.1 517.514
1155 17806.2 582.727
1156 17809.3 586.169
1157 17954.4 636.643
1158 18104.7 631.201
1159 18199.3 657.229
1160 17857 668.62
1161 17857.7 622.417
1162 17899.8 626.086
1163 17896 591.699
1164 17955.3 599.463
1165 17998.7 591.944
1166 17958.9 638.148
1167 18057.5 631.957
1168 18105.5 642.017
1169 18153.7 634.94
1170 18130.4 611.644
1171 18246.4 611.042
1172 18254 588.707
1173 18409.1 659.989
1174 18465 702.398
1175 18442.5 717.639
1176 18091.9 603.963
1177 18104 592.871
1178 18158.1 578.876
1179 18210.6 580.641
1180 18266.3 649.325
1181 18251.9 629.837
1182 18310.8 626.887
1183 18369.2 631.513
1184 18444.7 633.905
1185 18501.2 632.085
1186 18718.2 691.482
1187 18657.7 804.108
1188 18245.2 868.293
1189 18228.2 724.88
1190 18276.6 738.023
1191 18363.5 765.083
1192 18413.7 749.442
1193 18528.4 755.476
1194 18516.5 728.989
1195 18652.4 700.694
1196 18743.6 701.78
1197 18940.4 679.685
1198 19189.1 791.284
1199 19149.5 839.304
1200 18671 764.723
1201 18666.3 734.89
1202 18740.8 697.643
1203 18826.8 752.207
1204 18934.2 792.198
1205 18932.4 754.446
1206 18985.3 791.227
1207 19072.9 749.454
1208 19168.4 748.85
1209 19294.9 677.052
1210 19579.4 750.672
1211 19562.6 806.831
1212 19123.4 718.454
1213 19201.7 707.097
1214 19221.7 728.731
1215 19264.1 682.196
1216 19430.3 642.732
1217 19513.7 739.994
1218 19582.1 770.502
1219 19633.7 766.208
1220 19663.7 763.305
1221 19687.1 704.31
1222 19732.3 712.976
1223 19785.3 734.164
1224 19882.6 723.483
1225 19946.5 733.603
1226 19867.5 718.402
1227 20059.2 698.772
1228 20298.6 765.788
1229 20346.1 764.103
1230 20409 814.91
1231 19761 731.817
1232 19815.4 753.697
1233 19923 767.667
1234 19929.7 790.991
1235 19959.7 842.247
1236 20010.8 777.115
1237 20083.2 823.842
1238 20024.6 821.737
1239 20149.1 726.383
1240 20085.5 732.398
1241 20101.2 743.756
1242 20322.7 801.781
1243 20486.3 763.529
1244 20548.7 764.51
1245 20572.6 745.204
1246 20865.8 877.242
1247 20924.8 901.89
1248 20365.2 806.92
1249 20409.4 823.734
1250 20360.9 930.266
1251 20336.7 953.293
1252 20342.9 810.508
1253 20365.9 854.807
1254 20446.7 877.266
1255 20551.8 822.514
1256 20500.6 789.514
1257 20425 735.837
1258 20416.1 747.262
1259 20478.1 789.391
1260 20504.9 809.995
1261 20529.9 817.811
1262 20606.2 775.567
1263 20683.3 816.334
1264 20767.9 863.613
1265 20988.5 934.639
1266 21024.1 946.536
1267 20573.4 770.69
1268 20574.9 884.018
1269 20659.6 876.963
1270 20788.1 855.023
1271 20834.3 852.084
1272 21192.8 904.214
1273 21290.5 966.399
1274 21206.5 920.93
1275 21325.8 941.393
1276 20781.7 877.036
1277 20751.6 860.078
1278 20808.7 991.071
1279 20810.9 862.265
1280 20994.6 855.972
1281 21162.1 915.126
1282 21468.4 1052.2
1283 21382.6 1023.76
1284 20918.3 881.657
1285 20986.7 876.58
1286 20939.5 989.185
1287 21006.3 952.604
1288 21075.2 883.726
1289 21195.6 973.793
1290 21472.1 1038.34
1291 21430.5 958.361
1292 21392.2 906.43
1293 20851.3 826.899
1294 21067.1 846.787
1295 21070 806.846
1296 21294.2 945.889
1297 21308.9 945.665
1298 21427.9 982.143
1299 21851.9 1087.86
1300 21879.4 1087.2
1301 21911.7 1030.44
1302 21912.5 1052.01
1303 21267.4 933.711
1304 21398.9 946.813
1305 21697.4 1056.78
1306 21678.9 1036.44
1307 21689.6 930.858
1308 21985.1 1036.34
1309 22203.6 1160.78
1310 22315 1207.56
1311 22238 1128.52
1312 21525.7 924.601
1313 21630.2 894.887
1314 21746.1 998.836
1315 21730.7 1033.83
1316 21833.9 891.452
1317 21961 982.326
1318 22099.9 1099.36
1319 21939.4 986.921
1320 22098.5 1099.63
1321 22166.7 1141.59
1322 22196.4 1089.63
1323 21525.3 987.022
1324 21503.1 1050.08
1325 21559 1109.83
1326 21583.6 1145
1327 21704.1 1262.5
1328 21717.1 1253.48
1329 21616.1 1232.87
1330 21668.1 1221.98
1331 21962.2 1189.66
1332 21235.9 1187.75
1333 21242.4 1162.81
1334 21229.8 1191.41
1335 21365.2 1205.11
1336 21335.8 1134.29
1337 21394.8 1143.2
1338 21409.7 1203.52
1339 21757.8 1189.07
1340 21797.2 1143.25
1341 21706.2 1115.66
1342 21693.1 1126.44
1343 21912.9 1207.04
1344 21250.1 1213.8
1345 21280.1 1150.53
1346 21318 1233.21
1347 21287 1266.56
1348 21433.2 1245.37
1349 21361.1 1251.58
1350 21560.7 1230.71
1351 21885.8 1218.63
1352 21797 1267
1353 22077 1280.79
1354 22060.7 1269.64
1355 22153.3 1325.62
1356 22121.8 1369.31
1357 22402.7 1385.35
1358 22087.6 1351.27
1359 22186.4 1347.96
1360 22319.1 1342.82
1361 22687.6 1407.77
1362 21908.4 1340.8
1363 21677.1 1324.95
1364 21591.7 1387.95
1365 21738.4 1395.03
1366 21657.7 1354.17
1367 21787.2 1455.22
1368 21735 1405.36
1369 21752.1 1431.18
1370 21948 1463.99
1371 21867.6 1410.98
1372 21773.5 1375.77
1373 21810.5 1380.12
1374 21810 1420.3
1375 21887.6 1450.63
1376 21792.3 1436.76
1377 21841.4 1466.04
1378 21925.6 1399.57
1379 21940.4 1346.83
1380 21822.9 1316.45
1381 22063.3 1371.24
1382 22175.4 1258.79
1383 22373.4 1268.68
1384 22366.7 1230.14
1385 22159.7 1286.7
1386 22034.6 1262.4
1387 22200.5 1268.75
1388 22286.8 1286.12
1389 22158.7 1267.56
1390 21901.6 1438.03
1391 22064.8 1246.26
1392 22058.2 1226.89
1393 22116.8 1262.62
1394 22263.7 1354.19
1395 22842.2 1408.23
1396 22097.5 1352.12
1397 22291.1 1334.54
1398 22233.9 1451.07
1399 22357.9 1311.87
1400 22148.1 1356.7
1401 22452 1393.22
1402 22711.2 1426.03
1403 22919.6 1457.61
1404 22608.3 1430.94
1405 22480.3 1555.76
1406 22412.9 1521.98
1407 22499.6 1609.04
1408 22515.1 1560.15
1409 22488.4 1594.01
1410 22648.5 1652.9
1411 22670.2 1527.25
1412 23070 1518.3
1413 22976.8 1515.9
1414 23428.6 1546.45
1415 23024.8 1576.1
1416 23036.2 1549.66
1417 23222.4 1528.47
1418 23275.4 1438
1419 23151.8 1450.31
1420 23276 1396.21
1421 23233 1477.02
1422 23340.8 1472.24
1423 23433.1 1689.21
1424 23533.6 1592.66
1425 23637.3 1696.25
1426 23504.1 1720.58
1427 23589 1759.62
1428 23870.5 1691.64
1429 24178.6 1743.92
1430 23580.5 1916.07
1431 23667.5 1702.38
1432 23449.8 1690.67
1433 23646.8 1499.56
1434 23885.2 1484.19
1435 23939.2 1524.52
1436 24023.3 1573.24
1437 23860.3 1647.9
1438 23613.9 1623.34
1439 23657.4 1638.37
1440 23654 1605.06
1441 23820.2 1733.72
1442 23550.3 1854.68
1443 23596.8 1951.57
1444 23592.9 1975
1445 23658.8 2014.6
1446 23680.9 2015.58
1447 23704.5 2002.96
1448 23587 1948.42
1449 23723.2 1973.2
1450 23807.4 1999.46
1451 23883.1 2141.02
1452 23898.3 2154.04
1453 23966 1814.26
1454 23892.3 1848.91
1455 23860.4 1783.57
1456 23939.2 1997.25
1457 23988.8 2099.09
1458 24020.7 2199.85
1459 24143.2 2274.88
1460 24005.7 2373.83
1461 23773.4 2464.11
1462 23629.3 2418.23
1463 23760.4 2473.61
1464 23945.7 2519.74
1465 24091.8 2479.69
1466 24138.2 2560.11
1467 24034.2 2495.75
1468 24014.5 2403.65
1469 23978.1 2339.06
1470 24044.7 2358.74
1471 24060.6 2380.74
1472 24132.8 2366.27
1473 24185.5 2342.31
1474 24199.6 2874.99
1475 24229.8 2972.42
1476 24333.1 3060.67
1477 24337.3 3046.2
1478 24080.7 2921.92
1479 24229.8 2975.82
1480 24146.3 2813.28
1481 24292.2 2759.33
1482 24054.3 2628.83
1483 24136.2 2674.04
1484 24183.4 2581.95
1485 24296.4 2594.77
1486 24372.7 2398.13
1487 24398.5 2278.75
1488 24406.4 2192.3
1489 24505.9 2216.67
1490 24567.2 2291.08
1491 24413 2287.72
1492 24441.2 2365.68
1493 24464 2370.79
1494 24382.5 2429.38
1495 24600.3 2354.88
1496 24747.6 2337.09
1497 24561.1 2398.23
1498 24287.1 2290.77
1499 24326.8 2347.67
1500 24316.5 2225.25
1501 24640.9 2272.73
1502 24281.2 2328.89
1503 24503.6 2312.64
1504 24288.3 2361.78
1505 24127.7 2428.34
1506 24136.6 2482.46
1507 24435.5 2574.09
1508 24389.5 2455.61
1509 24469.6 2516.53
1510 24298.8 2737.64
1511 24454.8 2644.18
1512 24524.7 2724.52
1513 24511.4 2894.84
1514 24707.8 2765.7
1515 24667.1 2841.14
1516 24798.5 2853.2
1517 25041.6 2892.71
1518 24991.1 2932.64
1519 25643.1 2915.67
1520 25514.7 3002.67
1521 25520.3 2978.22
1522 25564.9 2937.94
1523 25637.4 2816.2
1524 25027.4 2828.31
1525 24983.6 2905.06
1526 25182.4 2805.06
1527 25276.4 3104.09
1528 25299.9 3058.4
1529 25290.7 3042.22
1530 25609.5 2966.95
1531 25442.9 3199.38
1532 25690.7 3167.99
1533 25388.4 3270.94
1534 25458.6 3188.01
1535 25148.8 3268.58
1536 24992.1 3207.93
1537 24835.2 3075.35
1538 24983.2 3222.94
1539 24623.8 3262.25
1540 24799.1 2985.12
1541 24156.3 2975.15
1542 23886.8 2879.46
1543 23721.1 2656.2
1544 23662.7 2684.99
1545 24155.4 2694.61
1546 23804.5 2607.98
1547 24038.7 2626.04
1548 24595.2 2548.13
1549 24065.8 2547.19
1550 24180.6 2517.02
1551 24276.7 2504.96
1552 24064.6 2500.92
1553 24120.8 2507.17
1554 23892.1 2508.6
1555 23920.1 2556.13
1556 23586.8 2434.67
1557 23458.9 2436.85
1558 23279.4 2437.59
1559 22967.2 2643.69
1560 22620.3 2678.45
1561 23047.4 2694.05
1562 23009.8 2723.75
1563 22892.2 2618.35
1564 22886.2 2805.08
1565 22697.9 2640.15
1566 22456.9 2702.44
1567 22064.5 2684.9
1568 21746 2641.54
1569 21983 2648.47
1570 22098.2 2626.17
1571 22216 2504.24
1572 22134.8 2560.44
1573 22259.6 2745.28
1574 22292 2744.93
1575 22646.1 2782.38
1576 22504.7 2766.17
1577 22804.1 2555.46
1578 22636.9 2641.02
1579 22982.3 2695.77
1580 22789.2 2614.11
1581 22694.4 2727.05
1582 22792.4 2854.23
1583 22980.9 2824.03
1584 23028.8 2859.08
1585 23024.1 2970.68
1586 23023 2957.72
1587 22816.7 2859.91
1588 22145.8 2832.39
1589 22091 2939.04
1590 22251.8 3020.08
1591 21975.2 3031.55
1592 22375.9 3177.05
1593 22614.1 3133.88
1594 22697.5 3067.94
1595 22300.3 3006.77
1596 22284.6 2915.29
1597 22401.1 2976.04
1598 22430.6 2767.35
1599 22237.3 2764.07
1600 20946.2 2826.91
1601 21232.1 2769.03
1602 21835.3 2650.21
1603 21915.2 2913.14
1604 21960.3 2702.99
1605 21662.9 2779.58
1606 21825.7 2721.07
1607 21285.1 2976.64
1608 21014.5 3021.53
1609 21323.9 2870.58
1610 21212.4 2571.38
1611 21282.6 2342.65
1612 21350.3 2613.84
1613 20490.5 2652.55
1614 19681.9 2515.36
1615 19889.4 2408.52
1616 19931.2 2444.96
1617 20385.1 2617.85
1618 20534 2674.92
1619 20334.6 2761.81
1620 20776 2471.28
1621 21211.9 2518.7
1622 21026.8 2530.57
1623 21174.3 2485.11
1624 20996.7 2473.2
1625 21169.7 2460
1626 21020.5 2645.2
1627 21592.7 2513.85
1628 21352.6 2661.45
1629 21452.5 2380.94
1630 21255.1 2584.98
1631 21352.9 2465.5
1632 21050.4 2467.48
1633 20465.2 2309.24
1634 20497.4 2234.13
1635 20645.8 2266.99
1636 20730.5 2352.85
1637 20390.2 2347.09
1638 20393.8 2516.84
1639 20292.7 2533.82
1640 20262.2 2665.89
1641 20432.7 2697.94
1642 20704.4 2761.47
1643 21067.6 2798.68
1644 21268.7 2888.69
1645 21537.4 2858.39
1646 22187.5 2679.06
1647 21956 2610.62
1648 21834.6 2627.46
1649 21726.9 2630.35
1650 21944.6 2835.8
1651 21170.9 3021.44
1652 21368.4 3002.88
1653 21422.3 2901.71
1654 21229.4 2714.23
1655 21149.5 2443.92
1656 21321.7 2593.99
1657 21569.4 2594.58
1658 21491.2 2697.6
1659 21514.6 2657.35
1660 21654.8 2793.56
1661 22386 2677.13
1662 22430.2 2684.9
1663 21729.8 2593.17
1664 22767.5 2749.03
1665 22319.5 2678.91
1666 22544.2 2705.46
1667 22276.5 2695.98
1668 22721.1 2641.46
1669 22684.6 2445.57
1670 22623.7 2388.36
1671 22683.3 2339.02
1672 22782.3 2531.24
1673 22555.1 2999.98
1674 23130.3 2871.08
1675 23292.5 3075.7
1676 23395.4 3252.04
1677 23710 3643.46
1678 23680.7 3683.59
1679 23653.7 3675.9
1680 23814.8 3618.32
1681 23901.3 3332.15
1682 24096.1 3485.05
1683 23758 3757.78
1684 24005.5 3248.57
1685 24349.1 3882.39
1686 24257.7 3264.12
1687 24610.3 3194.46
1688 24501.9 3279.02
1689 24173.8 3121.74
1690 24337.4 3336.78
1691 24348.5 3196.88
1692 24827.8 3181.63
1693 24837.4 3221.86
1694 24914.4 2929.43
1695 24630.2 3009.7
1696 24771.9 3079.61
1697 24224.2 3546.51
1698 24664.5 3838.26
1699 24806.3 3631.17
1700 25077.6 3242.06
1701 25700.6 3177.36
1702 26201.2 3298.61
1703 25900.2 3746.76
1704 26299.9 3680.66
1705 26257.5 3569.59
1706 26212.7 3394.44
1707 25368.4 3559.77
1708 25346.4 3907.63
1709 25565 4005.46
1710 25698.1 4025.51
1711 26255.6 3954.72
1712 25316.6 3709.5
1713 25642.9 3847.65
1714 26271.3 4218.49
1715 25769.5 4122.8
1716 26359.1 4122.27
1717 26465.1 4094.11
1718 27114.3 3460.42
1719 27632.6 3726.2
1720 27394.3 3778.34
1721 27344 3509.75
1722 27367.3 4023.73
1723 27246.5 3753.56
1724 27620.8 3978.68
1725 27188.8 3908.65
1726 27350 4038.86
1727 27093.8 3697.95
1728 28063.1 3702.42
1729 27773.4 3972.15
1730 28354 4119.75
1731 28595.4 4101.99
1732 28969.7 3896.8
1733 28938.7 4010.27
1734 29375.1 4597.25
1735 29025.5 4193.9
1736 29093.8 4645.2
1737 28838.8 4675.72
1738 28796.5 4532.79
1739 29613 4824.02
1740 28680 4572.11
1741 28639.2 4114.08
1742 28511.6 4340.35
1743 28384.4 4562.78
1744 28879.1 4250.46
1745 28942 4339.67
1746 28757.5 4325.83
1747 28495.3 4259.44
1748 28558.1 4301.16
1749 28411.3 4386.09
1750 27862.5 4515.51
1751 27779.8 4931.62
1752 28253.9 4671.19
1753 28104.6 4652.44
1754 27926.3 4941.49
1755 27837.7 4937.68
1756 27209.7 5095.37
1757 27988.5 4992.99
1758 27905.5 4801.86
1759 27740.3 4947.21
1760 27951.2 4678.19
1761 27947.7 4534.76
1762 27818.3 4259.01
1763 28246.5 4749.54
1764 28209.3 4443.48
1765 27243.3 4302.4
1766 27460.8 4240.15
1767 27066.3 4455.67
1768 26794.8 4806.2
1769 26363.4 5036.45
1770 25933.5 4675.5
1771 25970.9 4912.71
1772 26072.6 4977.55
1773 25807.3 4908.03
1774 25459.5 4539.81
1775 25477 4614.47
1776 25167.3 4204.38
1777 26272.5 4498.41
1778 26066 4486.02
1779 25803.6 4532.84
1780 26002 4644.65
1781 25931.9 4051.01
1782 26041.7 4052.14
1783 26063.9 4170.93
1784 25652.2 4264
1785 26371.6 4083.31
1786 26683.7 4402.28
1787 25485.3 4443.31
1788 26202.5 4689.01
1789 26851.2 4362.83
1790 26685.2 4275.57
1791 26830 4507.12
1792 26285.3 4242.58
1793 27114 4190.4
1794 25593.2 3717.65
1795 24866.7 3393.85
1796 25381.9 3279.07
1797 24579.3 3895.37
1798 24718.9 4037.95
1799 25305.9 3932.41
1800 25085.6 3936.61
1801 24476 3660.72
1802 24852.2 2998.91
1803 24293.7 3680.98
1804 24650.4 3782.22
1805 24799.7 3806.68
1806 23755.8 3289.66
1807 24346.5 3220.8
1808 25003.2 3439.98
1809 25232.2 3322.55
1810 25025 3324.91
1811 25965.9 3029.34
1812 25927.2 3174.69
1813 25633.4 3770.71
1814 25921.9 3647.16
1815 26490.9 3193.12
1816 25164.9 3094.37
1817 26487 3106.06
1818 27253.6 3237.9
1819 26730.9 3297.98
1820 27104.2 3359.53
1821 26839 3222.87
1822 26980.3 3350.51
1823 26317.9 3938.44
1824 27060.4 3723.31
1825 26591.5 4342.85
1826 27357.7 4429.24
1827 27131.1 4270.68
1828 27094.2 4726.75
1829 27968.8 4055.21
1830 28033.6 4594.3
1831 28500.9 4741.34
1832 27660.8 4688.36
1833 27228.2 4707.28
1834 26864 4731.42
1835 26547.8 4956.41
1836 27044.2 4532.77
1837 27490.8 4651.81
1838 27070.5 4564.85
1839 27088.2 4399.8
1840 26668.4 4364.32
1841 26633.4 4295.78
1842 26495.7 4175.58
1843 26552 4124.65
1844 28116.1 4318.33
1845 26359.4 4116.49
1846 26906.6 4271.13
1847 26906.5 4969.43
1848 26958.7 4239.19
1849 26318.5 4722.53
1850 26590.9 4158.79
1851 26496.4 4818.8
1852 27170.4 4193.95
1853 26960.6 4409.04
1854 27160.2 4277.48
1855 27513.1 4168.18
1856 28441.2 5017.44
1857 28352.5 5128.28
1858 27457.9 5427.51
1859 27616.8 5418.87
1860 27488.6 5007.91
1861 27751.9 5004.66
1862 27285.6 4850.58
1863 27841 4838.7
1864 27526.2 4795.03
1865 27250.3 4602.77
1866 26363.2 4151.46
1867 26685.1 4056.07
1868 26787.3 4882.17
1869 27504.9 5343.48
1870 27658.2 6044.76
1871 27825.1 6007.14
1872 27872.7 5740.74
1873 28576.7 5757.62
1874 28306.7 5854.57
1875 28015.7 6136.43
1876 28585.6 6331.96
1877 28338.3 4797.28
1878 29813.8 6272.84
1879 29256.3 5243.31
1880 29825.2 4740.97
1881 30880.9 5110.03
1882 32172.7 5893.01
1883 31142.5 5700.49
1884 31722.5 5761.04
1885 33121.6 5811.37
1886 34392.7 5792.15
1887 33670.8 5717.02
1888 34193.7 5749.23
1889 34082.1 5652.58
1890 35600.7 5837.94
1891 34984.2 6075.28
1892 35417.9 6701.06
1893 34452.6 7065.32
1894 34607.7 6931.81
1895 33825.9 5656.95
1896 34805.6 5433.77
1897 34971.7 6184.34
1898 36600.8 5995.17
1899 37479.2 6340.67
1900 36957.2 5763.5
1901 36140.5 5723.44
1902 35482 5510.75
1903 36343.7 5968.65
1904 35890 5972.26
1905 36624.3 6135.72
1906 38265.8 5918.21
1907 38938.3 5719.88
1908 40354.5 5821.23
1909 40044.4 5799.78
1910 40875.2 5692.85
1911 40086.1 5583.32
1912 40431.7 6113.07
1913 38885.6 6285.54
1914 39491.7 5579.36
1915 39082.7 5550.9
1916 37866.4 5445.97
1917 37672 5027.24
1918 36948.5 4914.44
1919 38093.1 5417.91
1920 36784.9 5503.66
1921 37222.8 4755.7
1922 35477 4299.47
1923 36121.9 5683.21
1924 36328.2 4812.4
1925 36417.8 6012.17
1926 36472.8 5272.21
1927 36022.8 5756.11
1928 35700.9 4401.96
1929 36377.7 5363.29
1930 36710.2 6031.67
1931 35933.6 4778.22
1932 34819.9 4787.08
1933 34633.9 4734.46
1934 35260 4870.69
1935 35088.9 5111.85
1936 36711.7 5243.72
1937 36551.4 5353.18
1938 36788.1 4996.96
1939 37015 4918.02
1940 37865.1 4818.11
1941 38014.7 5071.93
1942 39476.7 4960.8
1943 38828.2 5295.42
1944 39245.1 5684.84
1945 38911.8 5894.56
1946 37882.6 5114.83
1947 39034.6 5951.37
1948 38731.8 6177.21
1949 40762.2 5199.81
1950 39370.9 5352.93
1951 39021.9 5016.96
1952 39550.2 5003.99
1953 39740.4 4948.96
1954 38506.2 4859.97
1955 38342.5 4444.72
1956 38351.7 4110.71
1957 38746.8 5053.19
1958 38345.5 4328.25
1959 39116.1 4365.88
1960 39022.8 4424.03
1961 39977.8 4548.78
1962 40072 4291.51
1963 38868.6 4402.44
1964 38586.7 4394.24
1965 38260.8 4584.37
1966 38411.7 4664.89
1967 38239.4 4892.66
1968 37227.7 4761.1
1969 37983.1 4927.73
1970 36134.2 4695.17
1971 36326 4614.67
1972 36543.3 4505.75
1973 36488.3 4213.05
1974 36622.7 4177.57
1975 37258 4122.34
1976 36824.1 4214.21
1977 36466 4181.44
1978 36923.5 4474.18
1979 36372.4 4155.32
1980 36296.2 4592.26
1981 35950.1 4198.27
1982 37002.7 3512.02
1983 36429.9 3710.66
1984 36634.3 3721.4
1985 36868 3778.28
1986 36270.7 3763.65
1987 36439.9 3082.14
1988 35574.5 3496.56
1989 34929.3 3962.12
1990 35179.2 3752.59
1991 33428.7 3449.27
1992 33605.8 3797.57
1993 32668.1 3165.09
1994 32791.2 3511.93
1995 33330.8 3438.11
1996 33569.7 3788.19
1997 33003.9 3581.15
1998 32729.4 2799.99
1999 32096.3 2804.99
2000 31982.5 2780.43
2001 31695.6 2593.4
2002 31886.7 2888.09
2003 32095.6 2665.51
2004 31815.5 2393.83
2005 31420.1 2431
2006 32238.7 2297.06
2007 31780.7 2203.61
2008 31599.5 2016.18
2009 31574.4 2048.43
2010 31675.1 1947.29
2011 31233.5 1762.04
2012 31129.7 1691.46
2013 31799.9 1920.98
2014 31687.2 1903.29
2015 31438.5 1704.43
2016 31652.7 1458.54
2017 32041 1891.48
2018 31842 1756.46
2019 31213.5 1391.89
2020 31180.4 1238.24
2021 32046.1 1368.96
2022 32047.1 1185.09
2023 31809.9 1382.6
2024 32201.8 1390.92
2025 32177.1 1445.25
2026 32191.7 1464.12
2027 32086 1740.68
2028 31932.3 1479.85
2029 31418.3 1410
2030 30845.8 1421.42
2031 30111.7 1229.75
2032 29835.3 1168.39
2033 30688.7 1031.38
2034 31197.1 1114.93
2035 31781.1 1093.4
2036 32456.4 1521.28
2037 32493.2 1588.86
2038 32490.1 1597.82
2039 32478.9 1332.2
2040 33009 1087.64
2041 32261.3 879.32
2042 32098.2 990.375
2043 32000.4 875.956
2044 32195.2 963.481
2045 32262.5 941.174
2046 31999.7 1128.5
2047 31989.2 1301.99
2048 31909.4 979.136
2049 31786 874.948
2050 31871.5 967.815
2051 31825.6 979.972
2052 31698.1 1127.34
2053 31463.4 926.159
2054 30594.8 1001.03
2055 30392.5 952.372
2056 30416.4 1028.35
2057 30488.3 997.19
2058 30226.1 878.712
2059 30126.5 803.669
2060 29977.4 798.295
2061 29941.7 833.577
2062 29983.9 941.865
2063 29915.5 1027.67
2064 29927.6 990.057
2065 29705.2 1100.81
2066 29962.7 1119.6
2067 29658.9 1163.92
2068 29685.6 1146.06
2069 29754.3 1164.32
2070 29769.9 1270.34
2071 29493.6 1337.14
2072 29740.1 1517.83
2073 29573.4 1417.7
2074 29730.8 1684.91
2075 29290.9 1704.74
2076 29494.5 1777.97
2077 29820.3 1815.8
2078 29557.4 1712.89
2079 29722.2 1780.51
2080 29136.5 1723.98
2081 28863.4 1523.72
2082 28557.9 1456.1
2083 28164.8 1323.54
2084 27984.3 1237.39
2085 28136.6 1536.64
2086 27877.9 1270.24
2087 27953.2 1400.81
2088 28036.6 1354.65
2089 28299.1 1538.78
2090 28582.5 1468.53
2091 28593.7 1433.72
2092 28911.3 1383.78
2093 29112.3 1436.55
2094 29538.9 1496.25
2095 29205.2 1607.25
2096 29231.3 1768.17
2097 28706.8 1655.53
2098 28761.6 1961.53
2099 27756.2 1820.38
2100 27396.6 1878.16
2101 27225.3 1143.97
2102 27376.6 1215.63
2103 27712.7 1277.94
2104 28029.3 1431.97
2105 28401.9 1537.81
2106 28039.1 1479.79
2107 27958.8 1449.45
2108 27765.9 1712.55
2109 26992.5 1400.4
2110 26274.4 981.68
2111 26038.9 916.836
2112 25759.9 717.64
2113 25913.7 972.283
2114 26447.8 1344.27
2115 25869.5 731.546
2116 26494.7 1018.24
2117 27178.6 1489.28
2118 27148.2 1126.81
2119 26684.2 1006.97
2120 27311.6 1237.72
2121 26924.4 1241.92
2122 26506.5 627.318
2123 26020.3 358.064
2124 25786 158.725
2125 25817.5 190.581
2126 25934.7 152.802
2127 25812.6 169.752
2128 25737.8 183.109
2129 25814 211.57
2130 25817.8 207.914
2131 25856.7 199.438
2132 25839.5 218.623
2133 26072 210.382
2134 26085.5 109.966
2135 26186 140.119
2136 26315.4 204.176
2137 26144.6 185.098
2138 26354 225.563
2139 26672.5 265.362
2140 26465.6 336.914
2141 26525.9 470.845
2142 26441.2 423.71
2143 26325.9 355.107
2144 26523.1 407.662
2145 26582.8 394.98
2146 26505.3 421.779
2147 26463.2 390.699
2148 26205 400.209
2149 26289.7 383.35
2150 26649.7 461.379
2151 26922 548.886
2152 26936.3 429.121
2153 27101.7 511.035
2154 27150.9 461.26
2155 27451.1 495.002
2156 27889.9 701.82
2157 28301.2 595.773
2158 28760.5 558.179
2159 28651.3 651.758
2160 28636.4 560.128
2161 29320.9 574.582
2162 29252.3 586.862
2163 29269 700.095
2164 29267.1 650.626
2165 29250.2 611.654
2166 28750.4 642.511
2167 29399.2 501.306
2168 29395.7 701.166
2169 29007.6 579.573
2170 28852.5 769.288
2171 28441.6 784.223
2172 28685.8 888.182
2173 28674.9 854.716
2174 28685.7 738.713
2175 28958.3 616.281
2176 28774.5 651.411
2177 28904 580.76
2178 29199.2 559.811
2179 29142.6 519.663
2180 29013.8 521.288
2181 28863.3 395.448
2182 28833.4 346.936
2183 29193.8 522.28
2184 29273.6 598.394
2185 29200.1 589.08
2186 29198.1 524.814
2187 29329.7 645.618
2188 29271.5 633.313
2189 29419.8 615.093
2190 29128.8 562.379
2191 28707.1 767.291
2192 28869.4 690.484
2193 28717.3 700.84
2194 28587.4 723.907
2195 28744.3 743.377
2196 28667.6 706.87
2197 28701.2 714.749
2198 28584.4 718.974
2199 28942.1 604.249
2200 28864.5 547.724
2201 29005.9 575.559
2202 29308.6 536.925
2203 29467.9 554.764
2204 29562.1 668.162
2205 29607.9 591.937
2206 29646.2 725.591
2207 30134.3 802.144
2208 30664.8 907.307
2209 30595.8 983.469
2210 30440 870.121
2211 30847.1 945.763
2212 30647.9 881.881
2213 30449.7 790.44
2214 30470.2 779.513
2215 30313.2 866.975
2216 30462.5 771.98
2217 30297.5 741.583
2218 30416.6 711.767
2219 30050.3 763.338
2220 30207.6 906.915
2221 30539.5 1047.76
2222 30949.9 1048.79
2223 30791.3 1190.43
2224 31251.7 1246.47
2225 31141.9 1090.87
2226 30816.3 1241.88
2227 31642.2 876.867
2228 31113.7 1164.15
2229 31093.6 1088.67
2230 31334.9 1311.28
2231 31579 1115.12
2232 31822.6 877.802
2233 32438.3 895.636
2234 32215.2 870.206
2235 32033 843.073
2236 31801.7 1074.02
2237 31711.8 934.766
2238 31883.1 1031.54
2239 32292.3 891.394
2240 32628.7 642.526
2241 32863.1 534.344
2242 32877.7 564.386
2243 32718.3 553.706
2244 32563.8 507.879
2245 32600.8 530.559
2246 32530.2 677.584
2247 32508.6 794.65
2248 32541.3 882.163
2249 33024.6 621.592
2250 33815.2 653.876
2251 34252.2 521.655
2252 34114.3 588.182
2253 34019.4 530.758
2254 33821.2 825.853
2255 34094.2 954.113
2256 34512.3 728.219
2257 34550.9 708.918
2258 34196.2 683.817
2259 34424.9 577.392
2260 34483.7 355.643
2261 34532.7 336.795
2262 34426.2 336.905
2263 34515.3 268.546
2264 33908.8 563.339
2265 33902.3 404.702
2266 34568.7 295.93
2267 34131 291.032
2268 34039 230.721
2269 34199.1 244.078
2270 34107.3 209.675
2271 33613 235.508
2272 33145.3 208.969
2273 33247.1 165.879
2274 33091.4 171.142
2275 33057.8 228.028
2276 33327.7 286.156
2277 33305.3 299.2
2278 33069 387.171
2279 33202.6 469.983
2280 33661.4 343.23
2281 33755.8 389.709
2282 33923 301.828
2283 33950.8 194.566
2284 34104.2 145.527
2285 34314.4 149.587
2286 34377 163.177
2287 34432.8 174.292
2288 34628.9 152.824
2289 34479.4 229.131
2290 34637.7 230.505
2291 34511 256.087
2292 34484.7 341.804
2293 34375.4 294.799
2294 34955 329.972
2295 35163.5 235.108
2296 35227.4 246.896
2297 35275 390.3
2298 35594.4 232.641
2299 35496.1 215.338
2300 35576.6 251.497
2301 35911.9 223.21
2302 35975.3 324.498
2303 36245.2 315.25
2304 36305.1 298.24
2305 36449 327.044
2306 36367.2 304.48
2307 36432.5 376.056
2308 36119.7 298.461
2309 35999.1 464.798
2310 36442.1 447.153
2311 36290.6 345.294
2312 36260.8 335.48
2313 36183.1 400.884
2314 36360.5 314.433
2315 36484.2 411.758
2316 36601.3 432.093
2317 36952.4 356.55
2318 36857.5 402.704
2319 37102.3 488.536
2320 37227.6 370.772
2321 37601.7 379.529
2322 37524.5 456.059
2323 37653 447.268
2324 37787.5 406.374
2325 37903.2 511.95
2326 38037.5 531.809
2327 38218.4 573.875
2328 38059.1 681.266
2329 38304.3 622.822
2330 38340 832.68
2331 38520.7 1071.15
2332 38615.1 995.541
2333 38479 800.715
2334 38878.7 834.634
2335 39270.1 792.199
2336 39066 1075.44
2337 39488.5 1075.44
2338 39880.8 1054.14
2339 40226 919.895
2340 40553.1 862.473
2341 40416.4 895.519
2342 40612.6 762.957
2343 40471.4 761.093
2344 40709.4 784.569
2345 40808 799.033
2346 40593.6 815.559
2347 40719.4 684.268
2348 40550.5 752.8
2349 40249.7 781.021
2350 40374.8 946.009
2351 40324.6 903.547
2352 40248.3 1035.08
2353 40158.5 1203.91
2354 40319.8 1191.5
2355 39900.3 1186.51
2356 39909.3 1144.4
2357 39399.4 1040.8
2358 39825.9 1131.95
2359 39510.7 1155.95
2360 40091.4 1372.26
2361 40366.6 1444.55
2362 40716.4 1656.93
2363 40749.6 1543.41
2364 41045.6 1556.26
2365 40770.7 1414.1
2366 40566.9 1287.73
2367 40250.8 1102.17
2368 39913.3 1083.49
2369 39744.5 1043.46
2370 39676.2 1076.83
2371 39195.8 1008.41
2372 40135.1 1034.24
2373 40440.1 1009.1
2374 39896.2 714.311
2375 39807.2 673.455
2376 39356.1 652.831
2377 38603.9 495.73
2378 38641 303.792
2379 38573.6 404.811
2380 39125.3 223.886
2381 39826.9 248.455
2382 40078.1 279.529
2383 39869.6 306.027
2384 39934.7 298.796
2385 40320.1 375.939
2386 40294.9 315.002
2387 40350.2 288.232
2388 40617.2 259.493
2389 40698.4 241.077
2390 40751.7 224.365
2391 40804.9 204.589
2392 40752.9 301.262
2393 40851.9 306.725
2394 40827.6 402.504
2395 40716.5 361.904
2396 40591 309.496
2397 40404.4 387.313
2398 40511.3 522.053
2399 40202.2 711.048
2400 39902.7 644.603
2401 39769.7 648.044
2402 39938.6 686.747
2403 39634.4 624.58
2404 39136 860.393
2405 38516.2 898.2
2406 39256.6 782.356
2407 37982.5 1061
2408 38679.5 922.017
2409 38356.1 1041.88
2410 38599 1396.17
2411 38481.3 1273
2412 38493.5 1399.73
2413 38330.2 1470.32
2414 37190.3 1325.84
2415 37507.4 1471.79
2416 37002.6 1372.75
2417 37368 1574.23
2418 37239.3 1357.86
2419 37894.3 1419.55
2420 38559.6 1882.25
2421 38793.2 1754.41
2422 39125.5 1732.2
2423 40166.4 1681.94
2424 40028.8 1702.11
2425 40580.8 1315.48
2426 40617 1651.22
2427 40591.7 1593.26
2428 40490.1 1129.85
2429 40500.9 1083.92
2430 39660.3 1227
2431 39579 1244.47
2432 39561.6 1313.15
2433 40071.8 1496.06
2434 39857.9 1567.72
2435 39213.3 1491.99
2436 38359.3 1562.3
2437 39178.7 1681.61
2438 39765.3 1515.66
2439 39984.3 1559.35
2440 39858.1 1632.28
2441 39090.1 1630.5
2442 39106.6 1664.87
2443 39560 1772.62
2444 39367.8 1775.96
2445 39312 1618.55
2446 39611.9 1830.79
2447 39133.9 1684.22
2448 39386.6 1747.55
2449 39814.4 1725.72
2450 40424.7 1822.24
2451 42355.8 1641.75
2452 42955.5 1536.4
2453 42418 2027.04
2454 43307.1 1931.9
2455 42829.7 1479.57
2456 43248.5 1583.2
2457 43067.9 1761.32
2458 44535.4 1558.62
2459 44481.9 1684.44
2460 45076.4 1777.74
2461 44639.4 2033.31
2462 45122.2 1713.83
2463 45158.8 1711.67
2464 44279 1946.49
2465 44967.1 2046.86
2466 45190.9 1813.53
2467 45162.9 1832.77
2468 46512.7 1723.37
2469 45808.6 1627.16
2470 46888.1 1473.05
2471 48555.4 760.57
2472 47660.1 688.399
2473 47981.9 641.295
2474 47946.7 720.41
2475 47872.8 783.135
2476 47742.5 876.252
2477 47986.2 837.142
2478 47651.8 888.424
2479 47124.8 966.381
2480 47077.6 1200.15
2481 46860.1 1324.58
2482 46221 1656.43
2483 45004.1 1364.83
2484 44601.4 1162.65
2485 44235.3 958.892
2486 45022.5 1183.99
2487 45605.6 1129.52
2488 45038.3 1432.42
2489 44656.8 1241.83
2490 44853.2 1080.02
2491 45092.2 777.673
2492 44839.4 582.387
2493 44562.1 626.304
2494 45113.3 956.457
2495 45214.7 1234.09
2496 45279.4 1218.28
2497 44798.6 827.974
2498 44917.9 790.844
2499 45137.9 943.667
2500 45246.5 896.781
2501 45256 894.936
2502 44400.1 807.692
2503 44212.1 748.504
2504 44116.6 761.871
2505 44241.3 805.502
2506 44117.3 767.166
2507 44090.3 874.847
2508 44064.9 868.725
2509 44007.8 800.932
2510 44637.2 898.418
2511 44288.7 805.496
2512 43414.1 970.625
2513 42980.8 922.427
2514 44184.3 842.214
2515 44383.8 834.695
2516 43528.7 1024.79
2517 43661.8 1184.98
2518 42894.7 1151.1
2519 43091.2 1059.48
2520 41815.2 1482.61
2521 40823.7 1265.35
2522 40873.5 1180.07
2523 40481 1091.86
2524 40815.8 1126.87
2525 40646.8 1072.94
2526 40475.9 1065.8
2527 40789.1 1172.7
2528 41009.2 1281.31
2529 40515 1220.17
2530 40222.4 1412.56
2531 40949.2 1432.04
2532 40687 1209.64
2533 40063.4 1271.1
2534 40213.7 932.765
2535 40040.5 884.314
2536 40156.9 870.569
2537 40222.1 970.485
2538 39370.3 1087.72
2539 39505.3 1033.14
2540 38832.7 995.164
2541 39028.5 1213.32
2542 39248.1 1418.07
2543 39951.4 1499.08
2544 39716.1 1402.85
2545 40292.3 1462.96
2546 39542.4 1426.4
2547 38946.7 1227.36
2548 38188.9 1209.21
2549 37749.2 1100.8
2550 37847.2 1065.19
2551 37339.8 1001.53
2552 37584.7 1102.02
2553 38439.8 1414.12
2554 38490.1 1420.31
2555 39106.5 1590.34
2556 39176.5 1637.98
2557 38784.6 1392.49
2558 39386.1 1716.77
2559 39925.3 1890.84
2560 40045.9 2058.45
2561 41386 2014.33
2562 40847.8 1915.64
2563 39877.7 2331.43
2564 41087.6 2399.06
2565 39992.6 1806.13
2566 40166.2 1854.88
2567 39537.8 1880.58
2568 39056.6 1632.35
2569 40101.4 2109.08
2570 39608.9 1772.91
2571 39263 1688.12
2572 39186.7 2241.27
2573 39984.1 2385.84
2574 39391 2175.56
2575 39136.8 2358.8
2576 38560 2278.94
2577 38801.5 2526.96
2578 38642.8 2815.85
2579 39585.4 2394.83
2580 38321.7 2281.27
2581 37880 2877.96
2582 37160 2253.31
2583 37566.3 2320.65
2584 37374.2 2690.55
2585 38636.2 2821.83
2586 38133.7 2642.8
2587 38263.2 2617.58
2588 38096.4 2475.95
2589 36890 2270.65
2590 36180.3 2259.69
2591 36070.5 1968.2
2592 35774.5 2119.64
2593 36531.7 2219.85
2594 36046.2 2383.64
2595 34141 1332.95
2596 33229.4 908.746
2597 33413.1 1075.42
2598 32953.2 820.386
2599 32640.4 603.098
2600 32338.7 271.377
2601 32462.9 232.68
2602 32260.5 283.453
2603 32471.9 205.951
2604 32255.3 163.265
2605 32374 179.336
2606 31993.3 158.528
2607 31762.2 172.371
2608 32170.2 292.205
2609 32282.2 208.972
2610 31766.9 234.459
2611 31839.7 292.722
2612 31905.4 411.1
2613 31580.3 353.613
2614 31707.4 398.418
2615 31564.2 441.931
2616 31156.6 326.226
2617 31642.8 180.253
2618 31725.1 186.111
2619 31492.8 164.822
2620 31610.4 242.188
2621 31617.9 275.983
2622 31024.3 199.467
2623 31099.6 282.683
2624 30993.2 582.872
2625 30196.6 233.189
2626 29648.7 59.7514
2627 29710.4 111.725
2628 30028.4 112.054
2629 30541.6 25.6175
2630 30514.9 14.2153
2631 30475.8 128.236
2632 30509.4 262.413
2633 30946.1 348.324
