N J h steps 
7500 0.83 0 184000000000
-12577 41
-12575 3
-12574 4
-12573 72
-12572 54
-12571 115
-12570 333
-12569 435
-12568 319
-12567 563
-12566 482
-12565 461
-12564 517
-12563 688
-12562 1028
-12561 844
-12560 924
-12559 690
-12558 895
-12557 1075
-12556 1123
-12555 1021
-12554 1116
-12553 762
-12552 886
-12551 810
-12550 813
-12549 975
-12548 1180
-12547 601
-12546 881
-12545 888
-12544 467
-12543 770
-12542 405
-12541 385
-12540 495
-12539 402
-12538 317
-12537 305
-12536 231
-12535 163
-12534 41
-12533 9
-12532 46
-12531 14
-12530 44
-12529 289
-12528 168
-12527 135
-12526 575
-12525 313
-12524 260
-12523 357
-12522 433
-12521 298
-12520 374
-12519 612
-12518 504
-12517 857
-12516 823
-12515 263
-12514 478
-12513 663
-12512 443
-12511 579
-12510 172
-12509 900
-12508 437
-12507 588
-12506 862
-12505 471
-12504 447
-12503 574
-12502 847
-12501 1453
-12500 773
-12499 610
-12498 420
-12497 625
-12496 323
-12495 240
-12494 638
-12493 427
-12492 499
-12491 209
-12490 238
-12489 351
-12488 849
-12487 711
-12486 213
-12485 402
-12484 639
-12483 610
-12482 923
-12481 744
-12480 778
-12479 843
-12478 665
-12477 884
-12476 841
-12475 907
-12474 775
-12473 722
-12472 633
-12471 645
-12470 568
-12469 577
-12468 1661
-12467 551
-12466 917
-12465 500
-12464 1443
-12463 724
-12462 1169
-12461 907
-12460 1556
-12459 757
-12458 841
-12457 480
-12456 252
-12455 570
-12454 462
-12453 283
-12452 466
-12451 395
-12450 866
-12449 614
-12448 239
-12447 490
-12446 250
-12445 707
-12444 990
-12443 821
-12442 544
-12441 600
-12440 1190
-12439 1580
-12438 1015
-12437 744
-12436 1014
-12435 1262
-12434 737
-12433 1328
-12432 881
-12431 1120
-12430 1240
-12429 1114
-12428 1661
-12427 755
-12426 1290
-12425 1242
-12424 996
-12423 953
-12422 762
-12421 1334
-12420 519
-12419 289
-12418 467
-12417 474
-12416 221
-12415 526
-12414 524
-12413 582
-12412 484
-12411 431
-12410 452
-12409 633
-12408 1644
-12407 1266
-12406 2484
-12405 2007
-12404 1219
-12403 991
-12402 1558
-12401 1460
-12400 2524
-12399 1697
-12398 2928
-12397 4157
-12396 3087
-12395 4991
-12394 4747
-12393 3497
-12392 3706
-12391 4447
-12390 4107
-12389 3832
-12388 3502
-12387 2928
-12386 3541
-12385 6126
-12384 6238
-12383 3969
-12382 4242
-12381 4867
-12380 4835
-12379 5582
-12378 7920
-12377 4372
-12376 6231
-12375 4783
-12374 5431
-12373 3834
-12372 4704
-12371 5576
-12370 4813
-12369 4115
-12368 5530
-12367 6274
-12366 5415
-12365 6853
-12364 6753
-12363 7283
-12362 7446
-12361 7504
-12360 7326
-12359 5872
-12358 7178
-12357 6297
-12356 6171
-12355 9036
-12354 9749
-12353 10338
-12352 11983
-12351 10264
-12350 10710
-12349 14624
-12348 15314
-12347 12348
-12346 16116
-12345 16077
-12344 14122
-12343 14773
-12342 16799
-12341 12380
-12340 17764
-12339 17278
-12338 16565
-12337 14577
-12336 15076
-12335 15448
-12334 12732
-12333 14912
-12332 18998
-12331 18984
-12330 15833
-12329 19771
-12328 16625
-12327 16250
-12326 17367
-12325 14082
-12324 12737
-12323 14939
-12322 12965
-12321 13956
-12320 12123
-12319 13040
-12318 15467
-12317 15063
-12316 19789
-12315 17593
-12314 20481
-12313 21351
-12312 13481
-12311 20100
-12310 19007
-12309 16181
-12308 14568
-12307 18166
-12306 17112
-12305 15402
-12304 16564
-12303 18719
-12302 15553
-12301 12172
-12300 11635
-12299 13106
-12298 10854
-12297 10505
-12296 10827
-12295 11440
-12294 10351
-12293 11471
-12292 10630
-12291 10673
-12290 12419
-12289 11934
-12288 11126
-12287 12408
-12286 11373
-12285 10887
-12284 10636
-12283 10386
-12282 10628
-12281 12442
-12280 10397
-12279 10597
-12278 14438
-12277 13805
-12276 10889
-12275 13169
-12274 10724
-12273 11468
-12272 14184
-12271 14572
-12270 14140
-12269 17670
-12268 17512
-12267 17003
-12266 14648
-12265 14598
-12264 12706
-12263 13463
-12262 15104
-12261 18960
-12260 18031
-12259 19618
-12258 20918
-12257 17798
-12256 18030
-12255 18263
-12254 20384
-12253 23721
-12252 25541
-12251 26595
-12250 26264
-12249 26646
-12248 28003
-12247 30924
-12246 32389
-12245 29716
-12244 26325
-12243 25904
-12242 24005
-12241 23686
-12240 21476
-12239 24596
-12238 20841
-12237 25292
-12236 25913
-12235 24263
-12234 21829
-12233 25723
-12232 25856
-12231 26525
-12230 26371
-12229 30532
-12228 25816
-12227 28540
-12226 28754
-12225 29266
-12224 29027
-12223 30860
-12222 25291
-12221 29545
-12220 24559
-12219 27420
-12218 26493
-12217 25435
-12216 22722
-12215 23667
-12214 24280
-12213 23858
-12212 24232
-12211 24129
-12210 26675
-12209 26941
-12208 29118
-12207 29169
-12206 26203
-12205 29827
-12204 28159
-12203 26961
-12202 30071
-12201 31158
-12200 30926
-12199 31451
-12198 32162
-12197 30073
-12196 31842
-12195 32714
-12194 33077
-12193 28937
-12192 29561
-12191 26249
-12190 25208
-12189 25668
-12188 25964
-12187 27404
-12186 29175
-12185 29067
-12184 27230
-12183 30866
-12182 33733
-12181 31067
-12180 32342
-12179 24738
-12178 30890
-12177 32508
-12176 34160
-12175 37094
-12174 37094
-12173 35042
-12172 33385
-12171 29143
-12170 36041
-12169 33682
-12168 29530
-12167 37134
-12166 42731
-12165 40761
-12164 39608
-12163 38080
-12162 40007
-12161 36748
-12160 38499
-12159 42798
-12158 40851
-12157 36102
-12156 38271
-12155 36290
-12154 37618
-12153 37462
-12152 39436
-12151 44514
-12150 43735
-12149 38982
-12148 47660
-12147 46216
-12146 46175
-12145 50506
-12144 55710
-12143 46718
-12142 52562
-12141 55809
-12140 52872
-12139 58913
-12138 56649
-12137 57797
-12136 61792
-12135 61246
-12134 72154
-12133 64266
-12132 67361
-12131 71056
-12130 68150
-12129 69915
-12128 66990
-12127 70809
-12126 72744
-12125 74036
-12124 80787
-12123 75053
-12122 76820
-12121 84919
-12120 77313
-12119 80526
-12118 77006
-12117 76335
-12116 86040
-12115 93722
-12114 88767
-12113 79598
-12112 91516
-12111 85371
-12110 88333
-12109 88421
-12108 89029
-12107 86454
-12106 85188
-12105 98178
-12104 92617
-12103 94528
-12102 85369
-12101 88866
-12100 91901
-12099 85076
-12098 92281
-12097 94469
-12096 104200
-12095 104445
-12094 97646
-12093 102536
-12092 95465
-12091 103051
-12090 102755
-12089 102398
-12088 115043
-12087 109777
-12086 120565
-12085 124983
-12084 117496
-12083 127920
-12082 136216
-12081 130814
-12080 137888
-12079 133297
-12078 141246
-12077 151196
-12076 149141
-12075 157689
-12074 155824
-12073 155314
-12072 152446
-12071 171232
-12070 170900
-12069 157656
-12068 152590
-12067 153351
-12066 155098
-12065 150547
-12064 162223
-12063 167580
-12062 170645
-12061 173609
-12060 170074
-12059 171121
-12058 169998
-12057 169086
-12056 172722
-12055 176582
-12054 176865
-12053 180921
-12052 183308
-12051 175070
-12050 187047
-12049 193694
-12048 185357
-12047 195847
-12046 189301
-12045 204280
-12044 196634
-12043 209779
-12042 224116
-12041 238149
-12040 227205
-12039 224966
-12038 230764
-12037 250090
-12036 256305
-12035 259675
-12034 238673
-12033 257225
-12032 257097
-12031 270744
-12030 265418
-12029 283132
-12028 280329
-12027 270402
-12026 273699
-12025 286415
-12024 290547
-12023 303231
-12022 295775
-12021 288540
-12020 288583
-12019 304417
-12018 314040
-12017 317589
-12016 312911
-12015 330207
-12014 334563
-12013 343580
-12012 340368
-12011 356038
-12010 365412
-12009 361491
-12008 393932
-12007 389129
-12006 374540
-12005 379898
-12004 387014
-12003 416094
-12002 406127
-12001 414319
-12000 407213
-11999 426541
-11998 433022
-11997 445776
-11996 470157
-11995 485924
-11994 492189
-11993 483343
-11992 504485
-11991 506005
-11990 502648
-11989 527914
-11988 525363
-11987 526261
-11986 519329
-11985 530729
-11984 555113
-11983 560093
-11982 567957
-11981 575172
-11980 585181
-11979 600949
-11978 606226
-11977 599099
-11976 617584
-11975 620294
-11974 632679
-11973 640809
-11972 622969
-11971 659385
-11970 655838
-11969 669396
-11968 678694
-11967 677418
-11966 676823
-11965 690245
-11964 708958
-11963 704746
-11962 721610
-11961 729721
-11960 718560
-11959 731085
-11958 772220
-11957 788571
-11956 792222
-11955 815486
-11954 807096
-11953 821105
-11952 821874
-11951 850541
-11950 864313
-11949 867620
-11948 860069
-11947 896541
-11946 906947
-11945 881188
-11944 896682
-11943 890632
-11942 911573
-11941 925416
-11940 935199
-11939 922906
-11938 945059
-11937 959609
-11936 988469
-11935 1013341
-11934 1043915
-11933 1024619
-11932 1067048
-11931 1045587
-11930 1066836
-11929 1081569
-11928 1066161
-11927 1122615
-11926 1109134
-11925 1137489
-11924 1198928
-11923 1172473
-11922 1195924
-11921 1225189
-11920 1225447
-11919 1255046
-11918 1251666
-11917 1261504
-11916 1271503
-11915 1309489
-11914 1314759
-11913 1324809
-11912 1362316
-11911 1361048
-11910 1392072
-11909 1388023
-11908 1406137
-11907 1410618
-11906 1407395
-11905 1453781
-11904 1453499
-11903 1439797
-11902 1448446
-11901 1506718
-11900 1476359
-11899 1492515
-11898 1508994
-11897 1533841
-11896 1548923
-11895 1592406
-11894 1593842
-11893 1598614
-11892 1580769
-11891 1589104
-11890 1592786
-11889 1641458
-11888 1663055
-11887 1662017
-11886 1684351
-11885 1725035
-11884 1733423
-11883 1743005
-11882 1760850
-11881 1771912
-11880 1764922
-11879 1813299
-11878 1815823
-11877 1856925
-11876 1844326
-11875 1894010
-11874 1896710
-11873 1967357
-11872 2013740
-11871 2035934
-11870 2037452
-11869 2059339
-11868 2050274
-11867 2068294
-11866 2106228
-11865 2121610
-11864 2132503
-11863 2186652
-11862 2223176
-11861 2210583
-11860 2256203
-11859 2230973
-11858 2313033
-11857 2310448
-11856 2342923
-11855 2384569
-11854 2398947
-11853 2389727
-11852 2451528
-11851 2483136
-11850 2497191
-11849 2525671
-11848 2514455
-11847 2541476
-11846 2572616
-11845 2601583
-11844 2621561
-11843 2622742
-11842 2614851
-11841 2709647
-11840 2688518
-11839 2680816
-11838 2737557
-11837 2764575
-11836 2799674
-11835 2848163
-11834 2887223
-11833 2881143
-11832 2921517
-11831 2971868
-11830 3011279
-11829 3043049
-11828 3096366
-11827 3092699
-11826 3137595
-11825 3154601
-11824 3165428
-11823 3210719
-11822 3223970
-11821 3227310
-11820 3273718
-11819 3314246
-11818 3367630
-11817 3445780
-11816 3442460
-11815 3498361
-11814 3496179
-11813 3594217
-11812 3617117
-11811 3640302
-11810 3717970
-11809 3749006
-11808 3820470
-11807 3811678
-11806 3851389
-11805 3824774
-11804 3879548
-11803 3914755
-11802 3959020
-11801 3998351
-11800 4046228
-11799 4127353
-11798 4154122
-11797 4230236
-11796 4322231
-11795 4259285
-11794 4366915
-11793 4415646
-11792 4424991
-11791 4450297
-11790 4503205
-11789 4566274
-11788 4602129
-11787 4671610
-11786 4729982
-11785 4673685
-11784 4738418
-11783 4748964
-11782 4793524
-11781 4840003
-11780 4902989
-11779 4900786
-11778 4925220
-11777 5005840
-11776 5016555
-11775 5065932
-11774 5153871
-11773 5137009
-11772 5139001
-11771 5227935
-11770 5237126
-11769 5301393
-11768 5357264
-11767 5395834
-11766 5508102
-11765 5559057
-11764 5627952
-11763 5676425
-11762 5758057
-11761 5755714
-11760 5838989
-11759 5829723
-11758 5988872
-11757 5975440
-11756 6112814
-11755 6110836
-11754 6162252
-11753 6181489
-11752 6240838
-11751 6304197
-11750 6402324
-11749 6485007
-11748 6512190
-11747 6518523
-11746 6540499
-11745 6579445
-11744 6657179
-11743 6645849
-11742 6736914
-11741 6760325
-11740 6834802
-11739 6925407
-11738 6946556
-11737 6999021
-11736 7096002
-11735 7124650
-11734 7148681
-11733 7216789
-11732 7279969
-11731 7349046
-11730 7349257
-11729 7426338
-11728 7460519
-11727 7485560
-11726 7655813
-11725 7624053
-11724 7729057
-11723 7753700
-11722 7807021
-11721 7908870
-11720 8015528
-11719 8029034
-11718 8201297
-11717 8202765
-11716 8296367
-11715 8335621
-11714 8313719
-11713 8459852
-11712 8516485
-11711 8604275
-11710 8689259
-11709 8648956
-11708 8833108
-11707 8840151
-11706 8898701
-11705 9008481
-11704 9023514
-11703 9157442
-11702 9195639
-11701 9274532
-11700 9333852
-11699 9369868
-11698 9386749
-11697 9542785
-11696 9586362
-11695 9620817
-11694 9698210
-11693 9817212
-11692 9867249
-11691 9814032
-11690 9888210
-11689 10120446
-11688 10145017
-11687 10166376
-11686 10203106
-11685 10317871
-11684 10421750
-11683 10528886
-11682 10632025
-11681 10592859
-11680 10706480
-11679 10831905
-11678 10805212
-11677 10937306
-11676 10984038
-11675 11130639
-11674 11215418
-11673 11321928
-11672 11310141
-11671 11329466
-11670 11542387
-11669 11565274
-11668 11687861
-11667 11707326
-11666 11882889
-11665 11878516
-11664 11928611
-11663 12063517
-11662 12178368
-11661 12166122
-11660 12335521
-11659 12395752
-11658 12481509
-11657 12630706
-11656 12669745
-11655 12849980
-11654 12924172
-11653 12921558
-11652 13073451
-11651 13153093
-11650 13407294
-11649 13393959
-11648 13505432
-11647 13575834
-11646 13641905
-11645 13657605
-11644 13761763
-11643 13925932
-11642 13930512
-11641 14172769
-11640 14255483
-11639 14236837
-11638 14343058
-11637 14416912
-11636 14415811
-11635 14540425
-11634 14740157
-11633 14797843
-11632 14815074
-11631 14904646
-11630 14968026
-11629 14984993
-11628 15222995
-11627 15304082
-11626 15316318
-11625 15489294
-11624 15631886
-11623 15699970
-11622 15782791
-11621 15909404
-11620 15968662
-11619 16171177
-11618 16219369
-11617 16202643
-11616 16341384
-11615 16427898
-11614 16593877
-11613 16659900
-11612 16934322
-11611 17051518
-11610 16942150
-11609 16992760
-11608 17228742
-11607 17404532
-11606 17499151
-11605 17723981
-11604 17775972
-11603 17880524
-11602 17992537
-11601 18091544
-11600 18216128
-11599 18279611
-11598 18454447
-11597 18472857
-11596 18685592
-11595 18850241
-11594 18845323
-11593 18936685
-11592 19192163
-11591 19301373
-11590 19322213
-11589 19408736
-11588 19401873
-11587 19582486
-11586 19650442
-11585 19757342
-11584 19822545
-11583 19918227
-11582 20049892
-11581 20161182
-11580 20356682
-11579 20551618
-11578 20640002
-11577 20701637
-11576 20814760
-11575 20931328
-11574 21073268
-11573 21143130
-11572 21342380
-11571 21350453
-11570 21520764
-11569 21382807
-11568 21606763
-11567 21766496
-11566 21878723
-11565 22096058
-11564 22305472
-11563 22312995
-11562 22593773
-11561 22583388
-11560 22841127
-11559 22925615
-11558 23139226
-11557 23222675
-11556 23321327
-11555 23502084
-11554 23716891
-11553 23778132
-11552 23889404
-11551 23997622
-11550 24248424
-11549 24407176
-11548 24547970
-11547 24698723
-11546 24813128
-11545 24990311
-11544 25203837
-11543 25190225
-11542 25401757
-11541 25530393
-11540 25650409
-11539 25801885
-11538 26059631
-11537 26184246
-11536 26333710
-11535 26437597
-11534 26641214
-11533 26872413
-11532 27004477
-11531 27230650
-11530 27392635
-11529 27686149
-11528 27806276
-11527 27827736
-11526 28040310
-11525 28276928
-11524 28605954
-11523 28743507
-11522 29060761
-11521 29020733
-11520 29302999
-11519 29481595
-11518 29592939
-11517 29818051
-11516 30063265
-11515 30370746
-11514 30407217
-11513 30626862
-11512 30796628
-11511 30792200
-11510 30987743
-11509 31393886
-11508 31402899
-11507 31614072
-11506 31809038
-11505 32001095
-11504 32114394
-11503 32358886
-11502 32530257
-11501 32660419
-11500 33003293
-11499 33152519
-11498 33377157
-11497 33461462
-11496 33725876
-11495 33976518
-11494 34189784
-11493 34277264
-11492 34605188
-11491 34648646
-11490 34849169
-11489 35076843
-11488 35317301
-11487 35488909
-11486 35639110
-11485 35852603
-11484 36045294
-11483 36342159
-11482 36626575
-11481 36671711
-11480 37053769
-11479 37228658
-11478 37510979
-11477 37800873
-11476 38135457
-11475 38298523
-11474 38477939
-11473 38846816
-11472 39069826
-11471 39507779
-11470 39848745
-11469 39850437
-11468 40122256
-11467 40472356
-11466 40742558
-11465 40915754
-11464 41118262
-11463 41346609
-11462 41707304
-11461 41909912
-11460 42177787
-11459 42451901
-11458 42607549
-11457 42868386
-11456 43029790
-11455 43518137
-11454 43763246
-11453 44005667
-11452 44181351
-11451 44432804
-11450 44531330
-11449 44798755
-11448 45090524
-11447 45238275
-11446 45490823
-11445 45859793
-11444 45938637
-11443 46262562
-11442 46566721
-11441 46924757
-11440 47376316
-11439 47440694
-11438 47847356
-11437 48061367
-11436 48393682
-11435 48627968
-11434 48999332
-11433 49348328
-11432 49678155
-11431 50019319
-11430 50318082
-11429 50593193
-11428 50751832
-11427 51267113
-11426 51651475
-11425 52022458
-11424 52388931
-11423 52568268
-11422 52818261
-11421 53286945
-11420 53463425
-11419 53718856
-11418 54102428
-11417 54238076
-11416 54565601
-11415 54968585
-11414 55341112
-11413 55434075
-11412 55852391
-11411 56085045
-11410 56311028
-11409 56448954
-11408 56788164
-11407 56967585
-11406 57375634
-11405 57513350
-11404 57843193
-11403 58172075
-11402 58694992
-11401 58858774
-11400 59162016
-11399 59620261
-11398 59965600
-11397 60392284
-11396 60652813
-11395 60875508
-11394 61268961
-11393 61831748
-11392 61984931
-11391 62380554
-11390 62786716
-11389 63208608
-11388 63500658
-11387 63815171
-11386 64045228
-11385 64380612
-11384 64759443
-11383 65082517
-11382 65402378
-11381 65696755
-11380 66169971
-11379 66517468
-11378 66909506
-11377 67235816
-11376 67597304
-11375 68134984
-11374 68362736
-11373 68791385
-11372 69094903
-11371 69492876
-11370 69848562
-11369 70034656
-11368 70281931
-11367 70714503
-11366 71024540
-11365 71485022
-11364 71918811
-11363 72127835
-11362 72573518
-11361 72868062
-11360 73342822
-11359 73646320
-11358 73932434
-11357 74504699
-11356 74604332
-11355 75313289
-11354 75385438
-11353 75819122
-11352 76182184
-11351 76670991
-11350 76979366
-11349 77408700
-11348 77772472
-11347 78014688
-11346 78405228
-11345 78880121
-11344 79290835
-11343 79749130
-11342 80057424
-11341 80557554
-11340 80880735
-11339 81245397
-11338 81900492
-11337 82156742
-11336 82599817
-11335 83047720
-11334 83642160
-11333 83830254
-11332 84219643
-11331 84494886
-11330 85021610
-11329 85595600
-11328 85952457
-11327 86502235
-11326 87217180
-11325 87546459
-11324 88034447
-11323 88237383
-11322 88644349
-11321 89214000
-11320 89482264
-11319 89846098
-11318 90517143
-11317 90915020
-11316 91296613
-11315 91948448
-11314 92578830
-11313 92831471
-11312 93159584
-11311 93455778
-11310 93878076
-11309 94349657
-11308 94821934
-11307 95200017
-11306 95398125
-11305 95796988
-11304 96074750
-11303 96442304
-11302 96922925
-11301 97285299
-11300 97854595
-11299 98155636
-11298 98487164
-11297 98808304
-11296 99458418
-11295 99693451
-11294 100301335
-11293 100573066
-11292 100946642
-11291 101373808
-11290 101831918
-11289 102133449
-11288 102662179
-11287 102779777
-11286 103371529
-11285 103765282
-11284 104257632
-11283 104671166
-11282 105013541
-11281 105310771
-11280 105833444
-11279 105815665
-11278 106295298
-11277 106906465
-11276 107355409
-11275 107607956
-11274 108259214
-11273 108889652
-11272 108982963
-11271 109793450
-11270 110254333
-11269 110744841
-11268 110977147
-11267 111608147
-11266 112081221
-11265 112650530
-11264 113149231
-11263 113598734
-11262 113960240
-11261 114290948
-11260 114707452
-11259 114963007
-11258 115508379
-11257 115996177
-11256 116165428
-11255 116353669
-11254 116797728
-11253 117301512
-11252 117799207
-11251 118295984
-11250 118584566
-11249 118960196
-11248 119446283
-11247 120026321
-11246 120464947
-11245 120901456
-11244 121407584
-11243 121880984
-11242 122393929
-11241 122795937
-11240 123445718
-11239 123744146
-11238 124164832
-11237 124503896
-11236 125029136
-11235 125751756
-11234 126126437
-11233 126775840
-11232 127019846
-11231 127508929
-11230 128130879
-11229 128382524
-11228 128955670
-11227 129355066
-11226 129978531
-11225 130339060
-11224 130857730
-11223 131346403
-11222 132168293
-11221 132548979
-11220 132882969
-11219 133507925
-11218 133781728
-11217 134090265
-11216 134510883
-11215 135034994
-11214 135642050
-11213 136286650
-11212 136541142
-11211 137214094
-11210 137432652
-11209 137955425
-11208 138402285
-11207 138744251
-11206 139199756
-11205 139737758
-11204 140189566
-11203 140606696
-11202 140992854
-11201 141818642
-11200 142020884
-11199 142568990
-11198 142847879
-11197 143247773
-11196 143850256
-11195 144277856
-11194 144711776
-11193 145408337
-11192 145790024
-11191 146198519
-11190 146661454
-11189 146954633
-11188 147730496
-11187 148222187
-11186 148500221
-11185 149360983
-11184 149501196
-11183 150072092
-11182 150271155
-11181 150584000
-11180 151498903
-11179 151943436
-11178 152356868
-11177 152803839
-11176 153185198
-11175 154087004
-11174 154545138
-11173 155038502
-11172 155510484
-11171 155919736
-11170 156459827
-11169 157003071
-11168 157177183
-11167 157783744
-11166 158608971
-11165 158707205
-11164 159813386
-11163 160442594
-11162 160491034
-11161 160619132
-11160 161194229
-11159 161703182
-11158 162211889
-11157 162338769
-11156 162903097
-11155 163457235
-11154 163578570
-11153 164187166
-11152 164768362
-11151 165218326
-11150 165781547
-11149 166376247
-11148 166519239
-11147 166985679
-11146 167390935
-11145 167357937
-11144 168268674
-11143 168465788
-11142 169239707
-11141 169811261
-11140 170365844
-11139 170831748
-11138 171404020
-11137 171686785
-11136 172533221
-11135 172993143
-11134 173561549
-11133 174334667
-11132 174977323
-11131 175446401
-11130 176074480
-11129 176448681
-11128 176819033
-11127 177634173
-11126 178024758
-11125 178595263
-11124 179083658
-11123 179385638
-11122 179897885
-11121 180658705
-11120 181153152
-11119 181446499
-11118 182268751
-11117 182640737
-11116 183001110
-11115 183528104
-11114 183573070
-11113 184707128
-11112 184563283
-11111 185387681
-11110 185713608
-11109 186418341
-11108 186728930
-11107 187183841
-11106 187236069
-11105 188140158
-11104 188126837
-11103 188923918
-11102 188984357
-11101 189545118
-11100 190054658
-11099 190588936
-11098 191164481
-11097 191592649
-11096 191689730
-11095 192434032
-11094 193061963
-11093 193773276
-11092 194228859
-11091 194405492
-11090 194626693
-11089 195550089
-11088 195561209
-11087 196015062
-11086 196424274
-11085 197177895
-11084 197680730
-11083 198360367
-11082 198832879
-11081 199419987
-11080 199558775
-11079 200664731
-11078 201105069
-11077 201453324
-11076 202412794
-11075 202434290
-11074 203289812
-11073 203438039
-11072 203930329
-11071 204317125
-11070 204816801
-11069 205686905
-11068 206097789
-11067 206713455
-11066 207180190
-11065 207597127
-11064 208549865
-11063 208812463
-11062 209103794
-11061 209682601
-11060 210376690
-11059 210568258
-11058 211406735
-11057 211657389
-11056 212552575
-11055 212362717
-11054 213027695
-11053 213523943
-11052 214216630
-11051 215066818
-11050 214962933
-11049 215689842
-11048 216249738
-11047 216196775
-11046 217202676
-11045 217079993
-11044 217462817
-11043 217998520
-11042 218875204
-11041 219482367
-11040 219564339
-11039 220280885
-11038 220566633
-11037 221167189
-11036 221715714
-11035 222192177
-11034 222268449
-11033 222465244
-11032 223354246
-11031 223452879
-11030 223953664
-11029 224572112
-11028 225251723
-11027 225373665
-11026 226159259
-11025 226261032
-11024 226495480
-11023 227168138
-11022 227705012
-11021 228180858
-11020 228629967
-11019 228708848
-11018 229248258
-11017 229269304
-11016 229601482
-11015 230038435
-11014 230495287
-11013 230390110
-11012 230641842
-11011 230927401
-11010 231394670
-11009 231696574
-11008 231857923
-11007 232317950
-11006 232882872
-11005 233736084
-11004 233767839
-11003 234451100
-11002 234805314
-11001 235162140
-11000 235555939
-10999 235899632
-10998 236565422
-10997 236467685
-10996 237026694
-10995 237512793
-10994 237661587
-10993 237932450
-10992 238367439
-10991 238930262
-10990 239031170
-10989 239221224
-10988 239571377
-10987 239881453
-10986 239942441
-10985 240558197
-10984 240906564
-10983 241121732
-10982 241803633
-10981 242064066
-10980 242526061
-10979 242779715
-10978 243298955
-10977 244424815
-10976 244345104
-10975 244846378
-10974 244933794
-10973 245165567
-10972 245744403
-10971 245759402
-10970 245797658
-10969 246164521
-10968 246533444
-10967 247063483
-10966 247192717
-10965 247504289
-10964 247446936
-10963 247801933
-10962 247845488
-10961 248748523
-10960 248229254
-10959 248333157
-10958 248991150
-10957 249069056
-10956 249547890
-10955 249119986
-10954 249651017
-10953 250010884
-10952 250109703
-10951 250772650
-10950 251022629
-10949 251131463
-10948 251123132
-10947 251233145
-10946 251575081
-10945 252353146
-10944 252314417
-10943 252314450
-10942 252709835
-10941 252621162
-10940 252759612
-10939 252798681
-10938 253176838
-10937 253391450
-10936 253671797
-10935 253828854
-10934 254000550
-10933 254577546
-10932 254663784
-10931 254446801
-10930 254730903
-10929 255234775
-10928 255474790
-10927 255401521
-10926 255575123
-10925 255913982
-10924 256320229
-10923 256681716
-10922 256876069
-10921 257094599
-10920 257494734
-10919 257703497
-10918 258058969
-10917 257911352
-10916 258260324
-10915 258186275
-10914 258109718
-10913 258243094
-10912 258510161
-10911 258279073
-10910 258311245
-10909 258635684
-10908 258161480
-10907 258312594
-10906 258313414
-10905 258541127
-10904 258589870
-10903 258323655
-10902 258759918
-10901 259330831
-10900 259351089
-10899 258985147
-10898 259596846
-10897 259609583
-10896 259582602
-10895 259435254
-10894 259645867
-10893 259474049
-10892 259618279
-10891 259775695
-10890 259740643
-10889 259666751
-10888 259663975
-10887 259942272
-10886 259761008
-10885 259590669
-10884 259871641
-10883 259782372
-10882 259608568
-10881 260032193
-10880 260183277
-10879 260209291
-10878 260260868
-10877 260533970
-10876 260579014
-10875 260590366
-10874 260388805
-10873 260191072
-10872 260625272
-10871 260501257
-10870 260552213
-10869 260457237
-10868 260249955
-10867 260378611
-10866 260549396
-10865 260411104
-10864 260399446
-10863 260966911
-10862 260365766
-10861 260382679
-10860 260324480
-10859 259955959
-10858 259962518
-10857 259861362
-10856 260131118
-10855 259743133
-10854 259969792
-10853 259990096
-10852 259611326
-10851 259618668
-10850 259782183
-10849 259704053
-10848 259747461
-10847 259591183
-10846 259436682
-10845 259407082
-10844 258820058
-10843 258946504
-10842 258618369
-10841 258308203
-10840 258339778
-10839 258049203
-10838 257844013
-10837 257921908
-10836 257626449
-10835 257394289
-10834 257011668
-10833 257409545
-10832 257244038
-10831 256769642
-10830 256618071
-10829 256152446
-10828 256198401
-10827 255970093
-10826 255833557
-10825 255778820
-10824 255643333
-10823 255822175
-10822 254798974
-10821 254614305
-10820 254357447
-10819 254762118
-10818 254259941
-10817 253879940
-10816 253910218
-10815 253254284
-10814 253723594
-10813 253162180
-10812 252983407
-10811 252526014
-10810 252303672
-10809 252122627
-10808 251529949
-10807 251276942
-10806 250779531
-10805 250756445
-10804 250804757
-10803 250719483
-10802 250564219
-10801 250120499
-10800 249947521
-10799 249719639
-10798 249902705
-10797 249430509
-10796 248654355
-10795 248661441
-10794 248474710
-10793 248497028
-10792 248265439
-10791 247664403
-10790 247669804
-10789 247472711
-10788 246887661
-10787 246485815
-10786 246288448
-10785 245992457
-10784 245687345
-10783 245744127
-10782 245388642
-10781 245214146
-10780 244766076
-10779 244519074
-10778 244406748
-10777 244059159
-10776 243798284
-10775 243299709
-10774 243041422
-10773 242479943
-10772 242472521
-10771 242067862
-10770 241883773
-10769 241445242
-10768 241544393
-10767 241000088
-10766 240439521
-10765 240289686
-10764 239936339
-10763 239575169
-10762 239395748
-10761 238838375
-10760 237747931
-10759 237970038
-10758 237628769
-10757 236848766
-10756 236865300
-10755 236524296
-10754 236423716
-10753 236030405
-10752 235326433
-10751 235384021
-10750 234916971
-10749 234802820
-10748 234458355
-10747 234199963
-10746 233730450
-10745 233412166
-10744 233318784
-10743 232812678
-10742 232693581
-10741 231870205
-10740 231953635
-10739 231372201
-10738 230799901
-10737 230479038
-10736 230019129
-10735 229406642
-10734 228752525
-10733 228564118
-10732 228368173
-10731 227729306
-10730 227618722
-10729 227352477
-10728 227055860
-10727 227100477
-10726 226591257
-10725 226551989
-10724 225802311
-10723 225304550
-10722 224631111
-10721 224532903
-10720 224305309
-10719 223708763
-10718 223204557
-10717 222435209
-10716 222490561
-10715 221786788
-10714 221455851
-10713 221152180
-10712 220558315
-10711 220107723
-10710 219990249
-10709 219391430
-10708 218877356
-10707 218221936
-10706 217966290
-10705 217802553
-10704 217285469
-10703 217052202
-10702 216568116
-10701 216338569
-10700 215899827
-10699 215058989
-10698 214771502
-10697 214412247
-10696 213862977
-10695 213383304
-10694 212731661
-10693 212325634
-10692 211982895
-10691 211413328
-10690 211147240
-10689 210297122
-10688 209713797
-10687 209374572
-10686 208834455
-10685 208271442
-10684 207485034
-10683 206939400
-10682 206460174
-10681 205689214
-10680 205151266
-10679 204297057
-10678 204242703
-10677 203796244
-10676 203240986
-10675 202620574
-10674 202286218
-10673 201385791
-10672 200742636
-10671 200305759
-10670 199751228
-10669 199103140
-10668 198761865
-10667 198188195
-10666 197280430
-10665 197160084
-10664 196529493
-10663 195872639
-10662 195467932
-10661 194456227
-10660 193953809
-10659 193422965
-10658 192948029
-10657 192282871
-10656 191530643
-10655 191246272
-10654 190695843
-10653 190431445
-10652 189266051
-10651 189024714
-10650 188336190
-10649 187875074
-10648 187329325
-10647 186838508
-10646 186138625
-10645 185669407
-10644 184766683
-10643 184137407
-10642 183671319
-10641 183034303
-10640 182492045
-10639 181662560
-10638 180986587
-10637 180691438
-10636 179732481
-10635 179300882
-10634 178578814
-10633 177879177
-10632 177342246
-10631 176992329
-10630 176344704
-10629 175576550
-10628 175038802
-10627 174341331
-10626 173951425
-10625 173705229
-10624 172708977
-10623 172289777
-10622 171427608
-10621 170742163
-10620 170214890
-10619 169847863
-10618 169096398
-10617 168361282
-10616 167791559
-10615 167195261
-10614 166071109
-10613 165566702
-10612 164814784
-10611 164108298
-10610 163571900
-10609 162756552
-10608 162187891
-10607 161453843
-10606 161037747
-10605 160271133
-10604 159330278
-10603 159048824
-10602 158766125
-10601 157808366
-10600 157344825
-10599 156698778
-10598 155981856
-10597 155655075
-10596 154951779
-10595 154140981
-10594 153561154
-10593 152901849
-10592 152452721
-10591 151551947
-10590 151004540
-10589 150449269
-10588 149837311
-10587 148926377
-10586 148436088
-10585 147825522
-10584 147207466
-10583 146496028
-10582 145550783
-10581 144975271
-10580 144446506
-10579 143492731
-10578 143116844
-10577 142312596
-10576 141806166
-10575 141411101
-10574 140622185
-10573 140009345
-10572 139358896
-10571 138895272
-10570 138221883
-10569 137439082
-10568 136780212
-10567 135938841
-10566 135167842
-10565 134904738
-10564 133943138
-10563 133306500
-10562 132581140
-10561 131921664
-10560 131371038
-10559 130477193
-10558 129698131
-10557 129037185
-10556 128438341
-10555 127696359
-10554 126979187
-10553 126196286
-10552 125790556
-10551 124920170
-10550 124420557
-10549 123762019
-10548 122770084
-10547 122425648
-10546 121545271
-10545 121393752
-10544 120588032
-10543 120082995
-10542 119221996
-10541 118802578
-10540 118030959
-10539 117487855
-10538 116826651
-10537 116184214
-10536 115571220
-10535 114951058
-10534 114179301
-10533 113697681
-10532 112816088
-10531 112276101
-10530 111801570
-10529 111108272
-10528 110343959
-10527 109696234
-10526 109058806
-10525 108450947
-10524 107406281
-10523 107112409
-10522 106422433
-10521 105514105
-10520 105015540
-10519 104430477
-10518 103611695
-10517 103176115
-10516 102756100
-10515 102390957
-10514 101952543
-10513 101171634
-10512 100440939
-10511 99814514
-10510 99361826
-10509 98659461
-10508 98283479
-10507 97581612
-10506 96831996
-10505 96133115
-10504 95497015
-10503 94961801
-10502 94415960
-10501 93941906
-10500 93442963
-10499 92931935
-10498 92107170
-10497 91875248
-10496 91415593
-10495 90532444
-10494 90187231
-10493 89510247
-10492 88868032
-10491 88257057
-10490 87856643
-10489 87251657
-10488 86783034
-10487 86078693
-10486 85644302
-10485 84858997
-10484 84331730
-10483 83822083
-10482 83206603
-10481 82684875
-10480 82150514
-10479 81520090
-10478 81026499
-10477 80410388
-10476 79790295
-10475 79318199
-10474 78501735
-10473 78206542
-10472 77625798
-10471 76953944
-10470 76515021
-10469 76072441
-10468 75406077
-10467 74944083
-10466 74468790
-10465 73982326
-10464 73399252
-10463 72951046
-10462 72378240
-10461 71806979
-10460 71284053
-10459 70754399
-10458 70043146
-10457 69640242
-10456 69202042
-10455 68743481
-10454 68271917
-10453 67670989
-10452 67383950
-10451 66855340
-10450 66280725
-10449 65789578
-10448 65235222
-10447 64741021
-10446 64510419
-10445 63850384
-10444 63452137
-10443 62888185
-10442 62285674
-10441 61990112
-10440 61519924
-10439 60971069
-10438 60496728
-10437 60124765
-10436 59576962
-10435 59340131
-10434 58800154
-10433 58300686
-10432 57871274
-10431 57502425
-10430 56992855
-10429 56661167
-10428 56257841
-10427 55698848
-10426 55459778
-10425 54725283
-10424 54225348
-10423 53762011
-10422 53438362
-10421 53091615
-10420 52695077
-10419 52162329
-10418 51745274
-10417 51246949
-10416 50714461
-10415 50413670
-10414 49987397
-10413 49478526
-10412 49214953
-10411 48748802
-10410 48281621
-10409 47991591
-10408 47613460
-10407 47157080
-10406 46802647
-10405 46450480
-10404 45981437
-10403 45728747
-10402 45102754
-10401 44751047
-10400 44495674
-10399 44049182
-10398 43628903
-10397 43198968
-10396 42902581
-10395 42524277
-10394 42357461
-10393 42081041
-10392 41583817
-10391 41179955
-10390 40898578
-10389 40634382
-10388 40182393
-10387 39845539
-10386 39492001
-10385 39164081
-10384 38879910
-10383 38675265
-10382 38347736
-10381 38021182
-10380 37729723
-10379 37382693
-10378 37106761
-10377 36858456
-10376 36648210
-10375 36351677
-10374 35816982
-10373 35628226
-10372 35283298
-10371 34829414
-10370 34531026
-10369 34159440
-10368 33879008
-10367 33473640
-10366 33237699
-10365 32817127
-10364 32582777
-10363 32263715
-10362 31941957
-10361 31513878
-10360 31338046
-10359 31066996
-10358 30791386
-10357 30404378
-10356 30114457
-10355 29953559
-10354 29436389
-10353 29188124
-10352 29068272
-10351 28827583
-10350 28611897
-10349 28243241
-10348 27993959
-10347 27660526
-10346 27560850
-10345 27211822
-10344 26923513
-10343 26801688
-10342 26547885
-10341 26217650
-10340 25962233
-10339 25654508
-10338 25370089
-10337 25079401
-10336 24867793
-10335 24543260
-10334 24420783
-10333 24226882
-10332 23899538
-10331 23638700
-10330 23455676
-10329 23177118
-10328 22895562
-10327 22755775
-10326 22450421
-10325 22286109
-10324 22110065
-10323 21783463
-10322 21630461
-10321 21369377
-10320 21252039
-10319 20955853
-10318 20722198
-10317 20527027
-10316 20322430
-10315 20151849
-10314 19844842
-10313 19651669
-10312 19492438
-10311 19314545
-10310 19087440
-10309 18879705
-10308 18752303
-10307 18471185
-10306 18401251
-10305 18026542
-10304 17863969
-10303 17739599
-10302 17535318
-10301 17298279
-10300 17142068
-10299 16938744
-10298 16864034
-10297 16679448
-10296 16445398
-10295 16334031
-10294 16064170
-10293 15986434
-10292 15741074
-10291 15567054
-10290 15384436
-10289 15279764
-10288 15072695
-10287 14853661
-10286 14726241
-10285 14492467
-10284 14316089
-10283 14192271
-10282 13950796
-10281 13823456
-10280 13656514
-10279 13514301
-10278 13286258
-10277 13154747
-10276 13012878
-10275 12880170
-10274 12689688
-10273 12532166
-10272 12423314
-10271 12324862
-10270 12116558
-10269 12048646
-10268 11888081
-10267 11754831
-10266 11681551
-10265 11500807
-10264 11386249
-10263 11359741
-10262 11170875
-10261 10986891
-10260 10894022
-10259 10706314
-10258 10530518
-10257 10420358
-10256 10239403
-10255 10174832
-10254 10016866
-10253 9872920
-10252 9785231
-10251 9685265
-10250 9562687
-10249 9452469
-10248 9305639
-10247 9185921
-10246 9017890
-10245 8940613
-10244 8786196
-10243 8669749
-10242 8542183
-10241 8408394
-10240 8405524
-10239 8224155
-10238 8145895
-10237 8059505
-10236 8021791
-10235 7843805
-10234 7758827
-10233 7658643
-10232 7557580
-10231 7434567
-10230 7356503
-10229 7253244
-10228 7213603
-10227 7133981
-10226 7035257
-10225 6910618
-10224 6888160
-10223 6787639
-10222 6764335
-10221 6565723
-10220 6489574
-10219 6431370
-10218 6248233
-10217 6158423
-10216 6029056
-10215 5992612
-10214 5899380
-10213 5768166
-10212 5687217
-10211 5557345
-10210 5464163
-10209 5379617
-10208 5248712
-10207 5174985
-10206 5070260
-10205 5022433
-10204 4937738
-10203 4835541
-10202 4765091
-10201 4715301
-10200 4680679
-10199 4608455
-10198 4532684
-10197 4438300
-10196 4411446
-10195 4372450
-10194 4290435
-10193 4198904
-10192 4132087
-10191 4090799
-10190 4017549
-10189 3951109
-10188 3883908
-10187 3808573
-10186 3852242
-10185 3689185
-10184 3679000
-10183 3649588
-10182 3546943
-10181 3516743
-10180 3478547
-10179 3380432
-10178 3330041
-10177 3276617
-10176 3237222
-10175 3161476
-10174 3105870
-10173 3046748
-10172 3002538
-10171 2938427
-10170 2924860
-10169 2928812
-10168 2881591
-10167 2838126
-10166 2776240
-10165 2752807
-10164 2737596
-10163 2668789
-10162 2620913
-10161 2615018
-10160 2568837
-10159 2551960
-10158 2530097
-10157 2466467
-10156 2469984
-10155 2418351
-10154 2370833
-10153 2356511
-10152 2293630
-10151 2260869
-10150 2232148
-10149 2215823
-10148 2189561
-10147 2144943
-10146 2112583
-10145 2082169
-10144 2029921
-10143 2019582
-10142 2021371
-10141 1981562
-10140 1937527
-10139 1865010
-10138 1845686
-10137 1792424
-10136 1809058
-10135 1764008
-10134 1721486
-10133 1693970
-10132 1662254
-10131 1628627
-10130 1612111
-10129 1544911
-10128 1581069
-10127 1530484
-10126 1500338
-10125 1467333
-10124 1455431
-10123 1421603
-10122 1427826
-10121 1408960
-10120 1348641
-10119 1327039
-10118 1306838
-10117 1282107
-10116 1246858
-10115 1234449
-10114 1202492
-10113 1202292
-10112 1175940
-10111 1175874
-10110 1143748
-10109 1115292
-10108 1106999
-10107 1096054
-10106 1089151
-10105 1039194
-10104 1015721
-10103 1012769
-10102 1003409
-10101 990273
-10100 977347
-10099 958929
-10098 951631
-10097 947029
-10096 937031
-10095 894114
-10094 880868
-10093 846157
-10092 856942
-10091 831223
-10090 827161
-10089 800972
-10088 778013
-10087 782566
-10086 749411
-10085 732635
-10084 716249
-10083 715789
-10082 696744
-10081 709898
-10080 686787
-10079 683842
-10078 673155
-10077 664505
-10076 638069
-10075 624992
-10074 627845
-10073 616896
-10072 595207
-10071 592014
-10070 587953
-10069 563732
-10068 554228
-10067 529982
-10066 535996
-10065 534436
-10064 510103
-10063 506322
-10062 489495
-10061 493084
-10060 474410
-10059 478674
-10058 464445
-10057 448533
-10056 442231
-10055 427002
-10054 423066
-10053 402253
-10052 395813
-10051 382836
-10050 371760
-10049 373797
-10048 359095
-10047 348312
-10046 337478
-10045 346486
-10044 337586
-10043 323829
-10042 327477
-10041 321019
-10040 302657
-10039 304462
-10038 296725
-10037 291381
-10036 281723
-10035 289189
-10034 283922
-10033 279690
-10032 269775
-10031 272730
-10030 265839
-10029 268967
-10028 249679
-10027 249844
-10026 237494
-10025 242468
-10024 236267
-10023 227691
-10022 227876
-10021 212710
-10020 217619
-10019 219268
-10018 208836
-10017 202932
-10016 205742
-10015 188195
-10014 182813
-10013 183390
-10012 181799
-10011 172796
-10010 173418
-10009 158087
-10008 145692
-10007 151213
-10006 150209
-10005 151544
-10004 148162
-10003 153283
-10002 148096
-10001 143720
-10000 137861
-9999 134698
-9998 137660
-9997 135696
-9996 132786
-9995 136104
-9994 122800
-9993 121186
-9992 119880
-9991 109822
-9990 114225
-9989 111565
-9988 114784
-9987 114780
-9986 112547
-9985 113156
-9984 105384
-9983 98221
-9982 102390
-9981 106302
-9980 99622
-9979 98727
-9978 93690
-9977 91630
-9976 89943
-9975 88752
-9974 83985
-9973 88759
-9972 85931
-9971 87617
-9970 87696
-9969 86636
-9968 84892
-9967 76873
-9966 74416
-9965 73094
-9964 74600
-9963 70869
-9962 70388
-9961 71189
-9960 75881
-9959 69495
-9958 68431
-9957 66477
-9956 62644
-9955 67044
-9954 58825
-9953 62547
-9952 58903
-9951 57657
-9950 62652
-9949 54765
-9948 54369
-9947 50129
-9946 50533
-9945 49842
-9944 54036
-9943 55463
-9942 57078
-9941 54263
-9940 57506
-9939 52063
-9938 48962
-9937 50401
-9936 46887
-9935 51067
-9934 54341
-9933 49009
-9932 53510
-9931 56504
-9930 59245
-9929 60039
-9928 58765
-9927 60758
-9926 55801
-9925 56615
-9924 55191
-9923 55946
-9922 50551
-9921 55400
-9920 52495
-9919 55018
-9918 56048
-9917 59411
-9916 61179
-9915 57179
-9914 61330
-9913 60331
-9912 62416
-9911 58374
-9910 59888
-9909 62834
-9908 59567
-9907 55997
-9906 65430
-9905 63665
-9904 56160
-9903 57706
-9902 61361
-9901 55385
-9900 56423
-9899 54229
-9898 56302
-9897 60112
-9896 65553
-9895 58960
-9894 62782
-9893 59125
-9892 60412
-9891 57757
-9890 58190
-9889 60610
-9888 61086
-9887 58008
-9886 56917
-9885 60818
-9884 59114
-9883 55633
-9882 57796
-9881 53627
-9880 52491
-9879 55032
-9878 53051
-9877 56862
-9876 54213
-9875 53359
-9874 49597
-9873 48748
-9872 51783
-9871 50231
-9870 48679
-9869 45948
-9868 46883
-9867 48048
-9866 50519
-9865 50248
-9864 49670
-9863 48170
-9862 47596
-9861 48006
-9860 54195
-9859 53368
-9858 56281
-9857 52600
-9856 55010
-9855 57544
-9854 59865
-9853 58625
-9852 54446
-9851 58927
-9850 56902
-9849 56333
-9848 59257
-9847 67734
-9846 63423
-9845 57698
-9844 60553
-9843 59582
-9842 66167
-9841 59858
-9840 58749
-9839 58437
-9838 58682
-9837 62619
-9836 61477
-9835 64279
-9834 67296
-9833 72290
-9832 68624
-9831 76346
-9830 73866
-9829 71084
-9828 75449
-9827 73134
-9826 67770
-9825 71050
-9824 71860
-9823 69976
-9822 62774
-9821 68515
-9820 62593
-9819 66006
-9818 66059
-9817 65163
-9816 68042
-9815 63827
-9814 64947
-9813 70425
-9812 66373
-9811 62079
-9810 63263
-9809 61142
-9808 64268
-9807 61626
-9806 58941
-9805 62499
-9804 59693
-9803 62262
-9802 58101
-9801 60543
-9800 63309
-9799 64259
-9798 64748
-9797 66623
-9796 66758
-9795 68954
-9794 66703
-9793 68929
-9792 75691
-9791 72075
-9790 75434
-9789 76533
-9788 83382
-9787 81985
-9786 85278
-9785 76507
-9784 78737
-9783 75877
-9782 75427
-9781 71895
-9780 72125
-9779 72721
-9778 75499
-9777 68059
-9776 69272
-9775 63441
-9774 67445
-9773 68658
-9772 66835
-9771 62469
-9770 64021
-9769 55696
-9768 60047
-9767 54743
-9766 57321
-9765 59977
-9764 55523
-9763 53469
-9762 57930
-9761 57983
-9760 59921
-9759 55415
-9758 53979
-9757 53983
-9756 59834
-9755 56306
-9754 55200
-9753 55102
-9752 55626
-9751 53822
-9750 51264
-9749 57303
-9748 54322
-9747 51373
-9746 51376
-9745 50308
-9744 47506
-9743 48465
-9742 47333
-9741 42457
-9740 43662
-9739 46354
-9738 44762
-9737 42705
-9736 42838
-9735 44196
-9734 40032
-9733 46989
-9732 45600
-9731 44717
-9730 48870
-9729 42493
-9728 43288
-9727 46218
-9726 44166
-9725 43219
-9724 45701
-9723 46496
-9722 46335
-9721 47239
-9720 47567
-9719 48450
-9718 50257
-9717 46862
-9716 50630
-9715 47851
-9714 52103
-9713 53655
-9712 52466
-9711 50065
-9710 48806
-9709 50792
-9708 52267
-9707 54939
-9706 55101
-9705 55831
-9704 55720
-9703 54686
-9702 57517
-9701 60974
-9700 61572
-9699 60899
-9698 58398
-9697 62798
-9696 73705
-9695 60707
-9694 63051
-9693 57680
-9692 61061
-9691 55635
-9690 51985
-9689 51775
-9688 53206
-9687 50086
-9686 53535
-9685 53075
-9684 58532
-9683 54284
-9682 53971
-9681 53295
-9680 54196
-9679 52566
-9678 54678
-9677 56003
-9676 49957
-9675 53183
-9674 45788
-9673 56075
-9672 50462
-9671 50204
-9670 52047
-9669 51422
-9668 47942
-9667 47725
-9666 45084
-9665 41024
-9664 41287
-9663 41658
-9662 44017
-9661 42415
-9660 41222
-9659 41359
-9658 39276
-9657 42143
-9656 43662
-9655 43749
-9654 41489
-9653 44148
-9652 45417
-9651 41258
-9650 42896
-9649 39629
-9648 42492
-9647 41650
-9646 42092
-9645 45504
-9644 45089
-9643 46321
-9642 50662
-9641 49120
-9640 48762
-9639 47872
-9638 48435
-9637 47708
-9636 46513
-9635 47913
-9634 50165
-9633 48440
-9632 45989
-9631 42005
-9630 45856
-9629 42991
-9628 40312
-9627 41223
-9626 39057
-9625 39530
-9624 37741
-9623 38051
-9622 41310
-9621 41355
-9620 42001
-9619 36259
-9618 40321
-9617 43105
-9616 41656
-9615 44591
-9614 40799
-9613 41427
-9612 40062
-9611 40186
-9610 39902
-9609 38077
-9608 41811
-9607 41498
-9606 39215
-9605 36303
-9604 36163
-9603 41609
-9602 35097
-9601 40585
-9600 40365
-9599 36576
-9598 33276
-9597 36389
-9596 37009
-9595 35909
-9594 36286
-9593 35210
-9592 36596
-9591 31577
-9590 33902
-9589 38693
-9588 34389
-9587 31681
-9586 32495
-9585 33422
-9584 36749
-9583 30968
-9582 32703
-9581 31542
-9580 31128
-9579 29438
-9578 28610
-9577 28939
-9576 29815
-9575 32129
-9574 32735
-9573 26607
-9572 31717
-9571 27263
-9570 30109
-9569 30480
-9568 30728
-9567 31474
-9566 31749
-9565 29554
-9564 29558
-9563 27211
-9562 28086
-9561 29833
-9560 27999
-9559 26678
-9558 22660
-9557 24984
-9556 23080
-9555 21121
-9554 21531
-9553 24529
-9552 24241
-9551 25578
-9550 24901
-9549 25697
-9548 28560
-9547 24637
-9546 24612
-9545 23209
-9544 23942
-9543 25254
-9542 23383
-9541 22932
-9540 22518
-9539 24842
-9538 23222
-9537 23789
-9536 23581
-9535 25006
-9534 24588
-9533 21858
-9532 24435
-9531 21286
-9530 19891
-9529 20035
-9528 18767
-9527 18238
-9526 18802
-9525 18034
-9524 16750
-9523 15236
-9522 16326
-9521 14818
-9520 17762
-9519 16070
-9518 15322
-9517 12682
-9516 13382
-9515 14074
-9514 15256
-9513 13503
-9512 14371
-9511 14494
-9510 13138
-9509 15989
-9508 15009
-9507 15162
-9506 15538
-9505 17163
-9504 17451
-9503 16549
-9502 18501
-9501 16477
-9500 15872
-9499 16525
-9498 18125
-9497 15099
-9496 17244
-9495 17390
-9494 19091
-9493 21534
-9492 21734
-9491 19388
-9490 20656
-9489 23550
-9488 23599
-9487 25471
-9486 25805
-9485 25517
-9484 23084
-9483 23906
-9482 23246
-9481 21767
-9480 25371
-9479 20768
-9478 22493
-9477 22478
-9476 25529
-9475 23467
-9474 26251
-9473 26979
-9472 24901
-9471 24311
-9470 21519
-9469 20835
-9468 23011
-9467 19405
-9466 23687
-9465 25368
-9464 22812
-9463 20995
-9462 22589
-9461 21123
-9460 25069
-9459 23140
-9458 23333
-9457 29004
-9456 23795
-9455 22769
-9454 20273
-9453 21523
-9452 18890
-9451 19585
-9450 19352
-9449 19168
-9448 19520
-9447 19326
-9446 18984
-9445 16976
-9444 17621
-9443 16648
-9442 18451
-9441 12727
-9440 13721
-9439 14896
-9438 14411
-9437 15549
-9436 18451
-9435 17100
-9434 14101
-9433 14564
-9432 16082
-9431 15209
-9430 13224
-9429 14354
-9428 15456
-9427 14939
-9426 14957
-9425 14509
-9424 17467
-9423 13754
-9422 11839
-9421 12405
-9420 12511
-9419 14189
-9418 12103
-9417 12789
-9416 12234
-9415 13057
-9414 13333
-9413 12895
-9412 12684
-9411 12233
-9410 13126
-9409 11175
-9408 12795
-9407 10996
-9406 10247
-9405 9757
-9404 9466
-9403 10808
-9402 11895
-9401 14021
-9400 13139
-9399 14323
-9398 12486
-9397 13709
-9396 15188
-9395 14884
-9394 14081
-9393 14949
-9392 13277
-9391 15680
-9390 14554
-9389 13939
-9388 13388
-9387 13157
-9386 12247
-9385 13327
-9384 13721
-9383 13308
-9382 12432
-9381 15419
-9380 15075
-9379 13535
-9378 13692
-9377 12254
-9376 16079
-9375 12384
-9374 11697
-9373 11293
-9372 10939
-9371 12506
-9370 11631
-9369 10195
-9368 9133
-9367 9337
-9366 7804
-9365 7925
-9364 9180
-9363 7673
-9362 6869
-9361 6719
-9360 7569
-9359 6088
-9358 5095
-9357 5783
-9356 5185
-9355 4508
-9354 4383
-9353 4560
-9352 3759
-9351 4786
-9350 4751
-9349 3683
-9348 5180
-9347 3856
-9346 4207
-9345 3907
-9344 4596
-9343 4358
-9342 4328
-9341 4211
-9340 3779
-9339 3961
-9338 4327
-9337 3394
-9336 3660
-9335 5691
-9334 5232
-9333 3407
-9332 3400
-9331 2678
-9330 2597
-9329 2738
-9328 3354
-9327 4198
-9326 3007
-9325 2757
-9324 2983
-9323 2529
-9322 2704
-9321 2774
-9320 2096
-9319 1870
-9318 2575
-9317 2642
-9316 2378
-9315 1401
-9314 2040
-9313 1450
-9312 1960
-9311 1265
-9310 1310
-9309 831
-9308 1067
-9307 587
-9306 901
-9305 1276
-9304 1277
-9303 1875
-9302 1053
-9301 1577
-9300 1664
-9299 1195
-9298 1013
-9297 1121
-9296 1583
-9295 1092
-9294 1173
-9293 1403
-9292 926
-9291 1281
-9290 1511
-9289 1869
-9288 1478
-9287 1868
-9286 2184
-9285 2707
-9284 2164
-9283 2604
-9282 3149
-9281 2896
-9280 2682
-9279 3973
-9278 2989
-9277 2870
-9276 3289
-9275 3206
-9274 3719
-9273 3093
-9272 3059
-9271 2888
-9270 2935
-9269 3168
-9268 3582
-9267 3651
-9266 3959
-9265 3946
-9264 2901
-9263 4083
-9262 3604
-9261 4201
-9260 3792
-9259 4160
-9258 4629
-9257 6239
-9256 5648
-9255 6225
-9254 5150
-9253 6058
-9252 5561
-9251 6229
-9250 6959
-9249 6452
-9248 6986
-9247 6430
-9246 7183
-9245 8148
-9244 6442
-9243 7998
-9242 7780
-9241 8669
-9240 9498
-9239 8033
-9238 7674
-9237 10733
-9236 9842
-9235 9170
-9234 12049
-9233 11509
-9232 11919
-9231 13079
-9230 12456
-9229 16449
-9228 15248
-9227 14790
-9226 12850
-9225 15801
-9224 14235
-9223 13799
-9222 14931
-9221 14409
-9220 13825
-9219 11969
-9218 12050
-9217 13503
-9216 13307
-9215 12857
-9214 13465
-9213 14773
-9212 16067
-9211 12002
-9210 14036
-9209 12768
-9208 11962
-9207 14517
-9206 12685
-9205 13958
-9204 14361
-9203 12442
-9202 12385
-9201 14407
-9200 12962
-9199 14540
-9198 15542
-9197 15059
-9196 15055
-9195 15093
-9194 17107
-9193 15476
-9192 16865
-9191 15489
-9190 14819
-9189 13819
-9188 12265
-9187 10947
-9186 12369
-9185 12020
-9184 11615
-9183 13653
-9182 13458
-9181 15195
-9180 16412
-9179 14998
-9178 15943
-9177 16366
-9176 16458
-9175 13503
-9174 14467
-9173 16944
-9172 16612
-9171 18128
-9170 20838
-9169 19353
-9168 17174
-9167 15740
-9166 14529
-9165 13403
-9164 13701
-9163 14237
-9162 14169
-9161 13520
-9160 14536
-9159 13974
-9158 11394
-9157 12834
-9156 11742
-9155 11427
-9154 13583
-9153 14086
-9152 15569
-9151 14920
-9150 16123
-9149 14584
-9148 16965
-9147 18178
-9146 16434
-9145 15978
-9144 18361
-9143 19232
-9142 21538
-9141 22485
-9140 23534
-9139 21917
-9138 21417
-9137 24371
-9136 22881
-9135 21326
-9134 22129
-9133 22989
-9132 22380
-9131 19410
-9130 20382
-9129 20140
-9128 21828
-9127 19412
-9126 18871
-9125 20783
-9124 20369
-9123 20205
-9122 21015
-9121 21459
-9120 22232
-9119 21325
-9118 22449
-9117 22672
-9116 20425
-9115 23191
-9114 24945
-9113 21859
-9112 23756
-9111 21721
-9110 21274
-9109 21795
-9108 21640
-9107 21960
-9106 20746
-9105 21932
-9104 21458
-9103 23328
-9102 21317
-9101 23599
-9100 20737
-9099 19586
-9098 21113
-9097 21857
-9096 19532
-9095 20478
-9094 18844
-9093 23750
-9092 24184
-9091 24635
-9090 23042
-9089 24893
-9088 25663
-9087 24311
-9086 26688
-9085 28149
-9084 25958
-9083 27021
-9082 24247
-9081 26552
-9080 27215
-9079 34062
-9078 30091
-9077 30455
-9076 33605
-9075 34159
-9074 37158
-9073 39318
-9072 40535
-9071 41156
-9070 41373
-9069 45876
-9068 50891
-9067 51305
-9066 48957
-9065 49694
-9064 50605
-9063 46872
-9062 50800
-9061 52773
-9060 54467
-9059 52712
-9058 51618
-9057 53300
-9056 49717
-9055 56354
-9054 53457
-9053 55620
-9052 58615
-9051 61509
-9050 66051
-9049 65159
-9048 61817
-9047 62785
-9046 73010
-9045 64220
-9044 70534
-9043 66480
-9042 71712
-9041 69491
-9040 64853
-9039 68918
-9038 73325
-9037 68148
-9036 72045
-9035 73145
-9034 66906
-9033 70218
-9032 67398
-9031 67367
-9030 65710
-9029 61576
-9028 63152
-9027 64222
-9026 61061
-9025 62960
-9024 57945
-9023 62179
-9022 69790
-9021 67686
-9020 71929
-9019 70653
-9018 72393
-9017 72648
-9016 66872
-9015 69108
-9014 68054
-9013 70277
-9012 73537
-9011 71011
-9010 73565
-9009 78040
-9008 80588
-9007 80640
-9006 83035
-9005 80144
-9004 80196
-9003 86246
-9002 85619
-9001 89378
-9000 90455
-8999 93463
-8998 88657
-8997 88867
-8996 91498
-8995 87447
-8994 93773
-8993 100371
-8992 104269
-8991 111778
-8990 115625
-8989 116703
-8988 126752
-8987 128395
-8986 130701
-8985 123157
-8984 121773
-8983 124673
-8982 123326
-8981 128002
-8980 126851
-8979 134606
-8978 132067
-8977 145546
-8976 140746
-8975 135761
-8974 138114
-8973 140633
-8972 138697
-8971 143595
-8970 147328
-8969 139041
-8968 136961
-8967 135279
-8966 139128
-8965 148628
-8964 146727
-8963 156223
-8962 143744
-8961 161926
-8960 157436
-8959 159929
-8958 163808
-8957 161626
-8956 167213
-8955 172270
-8954 166839
-8953 164880
-8952 161989
-8951 170198
-8950 180220
-8949 170527
-8948 176059
-8947 179810
-8946 183162
-8945 182599
-8944 179692
-8943 180731
-8942 181036
-8941 174889
-8940 184745
-8939 173345
-8938 173306
-8937 182654
-8936 182647
-8935 179516
-8934 177666
-8933 179866
-8932 188736
-8931 192996
-8930 190699
-8929 193651
-8928 183468
-8927 193352
-8926 198081
-8925 209549
-8924 198404
-8923 200942
-8922 209794
-8921 202251
-8920 203594
-8919 193933
-8918 196453
-8917 202355
-8916 202937
-8915 193906
-8914 207137
-8913 206419
-8912 224019
-8911 218891
-8910 225330
-8909 232133
-8908 237079
-8907 249494
-8906 242018
-8905 250895
-8904 253594
-8903 247631
-8902 242167
-8901 242847
-8900 247767
-8899 258609
-8898 251290
-8897 260402
-8896 257318
-8895 249620
-8894 250416
-8893 257159
-8892 247939
-8891 238151
-8890 246370
-8889 240523
-8888 246375
-8887 246985
-8886 255291
-8885 241059
-8884 245352
-8883 247845
-8882 254730
-8881 249393
-8880 259212
-8879 259737
-8878 256059
-8877 256202
-8876 262896
-8875 256093
-8874 270389
-8873 258915
-8872 253476
-8871 251850
-8870 257575
-8869 257168
-8868 256616
-8867 260904
-8866 252098
-8865 256090
-8864 242322
-8863 245372
-8862 259304
-8861 253248
-8860 252260
-8859 252085
-8858 253232
-8857 259786
-8856 272821
-8855 263971
-8854 263510
-8853 265692
-8852 274852
-8851 279309
-8850 279111
-8849 270813
-8848 274897
-8847 290243
-8846 292806
-8845 281193
-8844 282561
-8843 284856
-8842 273449
-8841 270498
-8840 273833
-8839 258856
-8838 270963
-8837 269471
-8836 267933
-8835 270513
-8834 273799
-8833 278832
-8832 288203
-8831 280507
-8830 286291
-8829 276705
-8828 281710
-8827 289026
-8826 284320
-8825 264428
-8824 274236
-8823 269628
-8822 269803
-8821 274868
-8820 289238
-8819 271573
-8818 293332
-8817 269257
-8816 275133
-8815 277367
-8814 277807
-8813 273209
-8812 284742
-8811 279545
-8810 286949
-8809 293008
-8808 303784
-8807 303888
-8806 304808
-8805 297490
-8804 297058
-8803 293810
-8802 288716
-8801 298570
-8800 290744
-8799 290284
-8798 295243
-8797 296217
-8796 294336
-8795 300546
-8794 302823
-8793 317218
-8792 330636
-8791 335659
-8790 316539
-8789 317508
-8788 320499
-8787 324222
-8786 337750
-8785 328167
-8784 333421
-8783 338790
-8782 335073
-8781 347697
-8780 355893
-8779 353664
-8778 357331
-8777 350663
-8776 359649
-8775 372889
-8774 362440
-8773 363956
-8772 357102
-8771 363213
-8770 362224
-8769 361429
-8768 369377
-8767 353542
-8766 354676
-8765 365238
-8764 356372
-8763 356542
-8762 344872
-8761 366146
-8760 354354
-8759 351838
-8758 346403
-8757 357262
-8756 343396
-8755 343556
-8754 331610
-8753 330705
-8752 326479
-8751 315139
-8750 324146
-8749 313994
-8748 314735
-8747 321718
-8746 315678
-8745 312669
-8744 308864
-8743 317223
-8742 316523
-8741 332469
-8740 339046
-8739 332743
-8738 324883
-8737 330908
-8736 317535
-8735 326031
-8734 328109
-8733 329283
-8732 337763
-8731 336863
-8730 334034
-8729 335035
-8728 325998
-8727 333269
-8726 343418
-8725 334107
-8724 332140
-8723 344634
-8722 351336
-8721 340543
-8720 338953
-8719 352787
-8718 338581
-8717 347840
-8716 354890
-8715 371466
-8714 353718
-8713 357706
-8712 356907
-8711 358565
-8710 350711
-8709 359295
-8708 352535
-8707 376105
-8706 353783
-8705 350898
-8704 348529
-8703 341805
-8702 349681
-8701 344116
-8700 367531
-8699 352319
-8698 367297
-8697 346784
-8696 356554
-8695 351003
-8694 352976
-8693 355357
-8692 343368
-8691 359205
-8690 345545
-8689 339874
-8688 346963
-8687 343110
-8686 336001
-8685 347848
-8684 336486
-8683 340027
-8682 332390
-8681 331047
-8680 334284
-8679 331121
-8678 337244
-8677 334099
-8676 335985
-8675 337140
-8674 342811
-8673 342974
-8672 338330
-8671 337635
-8670 326844
-8669 330646
-8668 320167
-8667 313837
-8666 317436
-8665 299950
-8664 300797
-8663 314907
-8662 303341
-8661 306580
-8660 298145
-8659 303825
-8658 300513
-8657 278939
-8656 276159
-8655 283546
-8654 286148
-8653 275498
-8652 287485
-8651 280271
-8650 283438
-8649 273831
-8648 285924
-8647 274841
-8646 266798
-8645 286423
-8644 263935
-8643 259145
-8642 262774
-8641 254517
-8640 256340
-8639 246234
-8638 254698
-8637 251947
-8636 249004
-8635 248692
-8634 258524
-8633 249644
-8632 246476
-8631 241948
-8630 239659
-8629 246897
-8628 249993
-8627 252245
-8626 259180
-8625 248908
-8624 239997
-8623 248805
-8622 245403
-8621 245649
-8620 248927
-8619 236682
-8618 232419
-8617 229231
-8616 228732
-8615 225897
-8614 218759
-8613 231252
-8612 219847
-8611 223498
-8610 225163
-8609 220752
-8608 214818
-8607 228448
-8606 221655
-8605 217496
-8604 215627
-8603 221290
-8602 207122
-8601 213256
-8600 214553
-8599 209354
-8598 211745
-8597 210777
-8596 209141
-8595 213837
-8594 221756
-8593 213849
-8592 213790
-8591 213891
-8590 213238
-8589 217207
-8588 223883
-8587 212245
-8586 217872
-8585 208072
-8584 202774
-8583 195554
-8582 209128
-8581 196833
-8580 202825
-8579 194653
-8578 197022
-8577 191660
-8576 195202
-8575 181164
-8574 178689
-8573 177992
-8572 167585
-8571 171304
-8570 164748
-8569 167267
-8568 167813
-8567 160931
-8566 153290
-8565 149584
-8564 148276
-8563 143830
-8562 140184
-8561 131318
-8560 131923
-8559 127237
-8558 117689
-8557 112178
-8556 107437
-8555 106401
-8554 98953
-8553 101716
-8552 101114
-8551 103572
-8550 96974
-8549 97548
-8548 95273
-8547 96819
-8546 102600
-8545 94418
-8544 89851
-8543 88320
-8542 93835
-8541 86424
-8540 92245
-8539 86969
-8538 84393
-8537 85250
-8536 80428
-8535 78757
-8534 77728
-8533 74764
-8532 73200
-8531 70740
-8530 72723
-8529 74073
-8528 70541
-8527 75962
-8526 66741
-8525 67607
-8524 67878
-8523 64542
-8522 63927
-8521 63005
-8520 60138
-8519 60081
-8518 60766
-8517 55384
-8516 57964
-8515 52831
-8514 55622
-8513 54517
-8512 48177
-8511 50033
-8510 50804
-8509 48181
-8508 43589
-8507 46344
-8506 43771
-8505 37645
-8504 38848
-8503 37045
-8502 34253
-8501 36394
-8500 35500
-8499 30991
-8498 31773
-8497 29539
-8496 31089
-8495 26347
-8494 25043
-8493 25686
-8492 27417
-8491 29926
-8490 26793
-8489 25491
-8488 27472
-8487 24942
-8486 26102
-8485 23209
-8484 21558
-8483 22162
-8482 23102
-8481 22294
-8480 22299
-8479 21700
-8478 21888
-8477 22471
-8476 21693
-8475 24325
-8474 22311
-8473 22161
-8472 24386
-8471 22473
-8470 22648
-8469 24739
-8468 23716
-8467 20293
-8466 23372
-8465 20351
-8464 16930
-8463 19714
-8462 17739
-8461 15961
-8460 16222
-8459 14064
-8458 13254
-8457 12699
-8456 12118
-8455 9715
-8454 11619
-8453 10036
-8452 9228
-8451 7695
-8450 7601
-8449 6792
-8448 8112
-8447 7400
-8446 7110
-8445 6068
-8444 6437
-8443 6264
-8442 6074
-8441 5257
-8440 7269
-8439 4304
-8438 5267
-8437 4256
-8436 4113
-8435 4274
-8434 4337
-8433 3955
-8432 4517
-8431 4085
-8430 3285
-8429 2446
-8428 3037
-8427 2905
-8426 2524
-8425 2812
-8424 3258
-8423 3252
-8422 2500
-8421 2783
-8420 2312
-8419 2248
-8418 1553
-8417 1313
-8416 1278
-8415 870
-8414 1157
-8413 1294
-8412 1254
-8411 611
-8410 970
-8409 714
-8408 384
-8407 551
-8406 351
-8405 775
-8404 869
-8403 927
-8402 353
-8401 115
-8400 219
-8399 245
-8398 295
-8397 284
-8396 167
-8395 182
-8394 610
-8393 334
-8392 381
-8391 136
-8390 469
-8389 216
-8388 121
-8387 81
-8386 103
-8385 34
-8384 268
-8383 271
-8382 89
-8381 173
-8380 158
-8379 133
-8378 130
-8377 47
-8376 50
-8375 173
-8374 29
-8373 78
-8372 7
-8371 49
-8370 81
-8369 152
-8368 39
-8367 134
-8366 50
-8365 50
-8364 195
-8363 152
-8362 7
-8361 176
-8360 133
-8359 403
-8358 342
-8357 449
-8356 460
-8355 326
-8354 473
-8353 580
-8352 608
-8351 116
-8350 325
-8349 105
-8348 242
