N J h steps 
5000 0.83 0 378000000000
-8411 8
-8410 4
-8409 31
-8408 49
-8407 152
-8406 209
-8405 116
-8404 241
-8403 460
-8402 350
-8401 427
-8400 408
-8399 460
-8398 413
-8397 714
-8396 447
-8395 432
-8394 466
-8393 519
-8392 300
-8391 539
-8390 617
-8389 659
-8388 334
-8387 509
-8386 189
-8385 298
-8384 472
-8383 114
-8382 173
-8381 473
-8380 202
-8379 487
-8378 353
-8377 565
-8376 818
-8375 942
-8374 1376
-8373 1545
-8372 1502
-8371 1532
-8370 2228
-8369 1875
-8368 2297
-8367 2458
-8366 2014
-8365 2920
-8364 2823
-8363 2795
-8362 2372
-8361 2762
-8360 3322
-8359 3756
-8358 3708
-8357 2993
-8356 2184
-8355 4159
-8354 3933
-8353 3424
-8352 2678
-8351 2862
-8350 7485
-8349 3679
-8348 4602
-8347 4718
-8346 4403
-8345 4502
-8344 5047
-8343 3673
-8342 5426
-8341 3013
-8340 2637
-8339 6251
-8338 3164
-8337 3391
-8336 2686
-8335 2669
-8334 3256
-8333 3807
-8332 2607
-8331 3081
-8330 3051
-8329 4096
-8328 3545
-8327 4856
-8326 6325
-8325 8422
-8324 8180
-8323 11211
-8322 11844
-8321 14285
-8320 16129
-8319 12186
-8318 14343
-8317 11820
-8316 14087
-8315 12018
-8314 16302
-8313 18424
-8312 13834
-8311 11366
-8310 11919
-8309 11461
-8308 8654
-8307 8906
-8306 10102
-8305 12277
-8304 16142
-8303 11397
-8302 14515
-8301 10577
-8300 9969
-8299 13801
-8298 14010
-8297 14269
-8296 14986
-8295 15629
-8294 16457
-8293 15081
-8292 18996
-8291 19970
-8290 19052
-8289 25954
-8288 22205
-8287 21551
-8286 18577
-8285 17837
-8284 20435
-8283 18116
-8282 19440
-8281 17682
-8280 21455
-8279 23079
-8278 21316
-8277 22763
-8276 28607
-8275 27111
-8274 25200
-8273 32923
-8272 33099
-8271 31615
-8270 36781
-8269 36223
-8268 37048
-8267 39706
-8266 37675
-8265 38629
-8264 40059
-8263 38750
-8262 37342
-8261 36051
-8260 33155
-8259 38723
-8258 41751
-8257 42356
-8256 40323
-8255 39358
-8254 40037
-8253 40642
-8252 38564
-8251 34379
-8250 44990
-8249 33961
-8248 37004
-8247 38296
-8246 40336
-8245 40609
-8244 38226
-8243 46619
-8242 33894
-8241 38304
-8240 40178
-8239 41141
-8238 45742
-8237 33199
-8236 33288
-8235 35651
-8234 40449
-8233 44726
-8232 41310
-8231 40834
-8230 42138
-8229 48660
-8228 51550
-8227 55490
-8226 62815
-8225 58096
-8224 53789
-8223 52748
-8222 60906
-8221 76350
-8220 65983
-8219 71527
-8218 72280
-8217 74692
-8216 74239
-8215 74685
-8214 77849
-8213 80703
-8212 79873
-8211 91435
-8210 88572
-8209 87951
-8208 95856
-8207 100793
-8206 103984
-8205 99815
-8204 108748
-8203 105556
-8202 96341
-8201 113243
-8200 120228
-8199 111523
-8198 118961
-8197 119178
-8196 122594
-8195 123151
-8194 134057
-8193 132651
-8192 136169
-8191 137481
-8190 137023
-8189 134476
-8188 148020
-8187 150112
-8186 149964
-8185 152147
-8184 162362
-8183 149809
-8182 162152
-8181 161254
-8180 155488
-8179 173418
-8178 164058
-8177 183792
-8176 161864
-8175 175026
-8174 182782
-8173 176970
-8172 202813
-8171 200959
-8170 196590
-8169 197582
-8168 198610
-8167 210221
-8166 211688
-8165 231995
-8164 224821
-8163 238430
-8162 229747
-8161 247876
-8160 243655
-8159 250096
-8158 257759
-8157 263484
-8156 266026
-8155 255027
-8154 273353
-8153 276881
-8152 289913
-8151 281260
-8150 290296
-8149 294472
-8148 301034
-8147 319105
-8146 316982
-8145 337829
-8144 335967
-8143 344451
-8142 345160
-8141 348578
-8140 368955
-8139 371490
-8138 378913
-8137 373924
-8136 383164
-8135 403379
-8134 399392
-8133 406935
-8132 429631
-8131 412786
-8130 419751
-8129 431747
-8128 432138
-8127 440189
-8126 437796
-8125 438513
-8124 453767
-8123 466058
-8122 462075
-8121 471803
-8120 512170
-8119 507756
-8118 527366
-8117 533788
-8116 544908
-8115 525387
-8114 548259
-8113 548128
-8112 586792
-8111 589416
-8110 589552
-8109 589061
-8108 624068
-8107 655662
-8106 632247
-8105 670840
-8104 678811
-8103 692944
-8102 683467
-8101 701803
-8100 716755
-8099 724133
-8098 765473
-8097 773628
-8096 783843
-8095 778449
-8094 786552
-8093 773122
-8092 814657
-8091 833938
-8090 844627
-8089 844692
-8088 858547
-8087 876634
-8086 876665
-8085 895853
-8084 925060
-8083 938353
-8082 951262
-8081 974843
-8080 994500
-8079 978269
-8078 1000707
-8077 995078
-8076 996657
-8075 1032094
-8074 1071226
-8073 1107247
-8072 1122833
-8071 1179858
-8070 1159635
-8069 1188525
-8068 1215231
-8067 1225604
-8066 1233048
-8065 1260258
-8064 1277852
-8063 1296899
-8062 1311696
-8061 1331242
-8060 1376051
-8059 1382049
-8058 1396808
-8057 1431561
-8056 1492509
-8055 1496522
-8054 1518063
-8053 1556496
-8052 1593098
-8051 1604758
-8050 1590097
-8049 1611374
-8048 1603632
-8047 1614135
-8046 1672796
-8045 1686558
-8044 1705815
-8043 1725612
-8042 1753541
-8041 1764459
-8040 1834088
-8039 1889298
-8038 1887222
-8037 1877223
-8036 1913694
-8035 1960407
-8034 1973340
-8033 1987531
-8032 2035809
-8031 2043497
-8030 2072792
-8029 2112967
-8028 2131568
-8027 2195885
-8026 2213969
-8025 2267627
-8024 2318214
-8023 2367588
-8022 2361147
-8021 2407717
-8020 2423035
-8019 2448271
-8018 2493745
-8017 2510049
-8016 2502857
-8015 2601187
-8014 2637895
-8013 2675321
-8012 2700364
-8011 2757162
-8010 2807571
-8009 2822236
-8008 2864504
-8007 2972695
-8006 2954800
-8005 3031161
-8004 3060629
-8003 3044904
-8002 3078335
-8001 3149193
-8000 3153996
-7999 3248150
-7998 3289172
-7997 3313464
-7996 3412628
-7995 3393548
-7994 3450665
-7993 3467446
-7992 3547351
-7991 3586078
-7990 3647978
-7989 3706372
-7988 3737122
-7987 3773127
-7986 3816330
-7985 3887840
-7984 3972178
-7983 4005648
-7982 4046074
-7981 4077367
-7980 4098946
-7979 4216578
-7978 4317464
-7977 4347226
-7976 4347527
-7975 4408227
-7974 4480351
-7973 4525961
-7972 4547779
-7971 4673692
-7970 4714394
-7969 4835996
-7968 4928923
-7967 4925007
-7966 5071732
-7965 5150026
-7964 5195071
-7963 5256726
-7962 5360419
-7961 5444328
-7960 5534419
-7959 5602501
-7958 5641900
-7957 5816253
-7956 5767817
-7955 5892441
-7954 5973375
-7953 6040587
-7952 6101105
-7951 6162899
-7950 6276010
-7949 6355920
-7948 6354703
-7947 6493259
-7946 6565594
-7945 6651586
-7944 6698261
-7943 6885613
-7942 6921039
-7941 7042037
-7940 7114887
-7939 7199190
-7938 7318394
-7937 7384073
-7936 7452085
-7935 7617699
-7934 7677945
-7933 7843107
-7932 7923822
-7931 7946782
-7930 8083439
-7929 8147027
-7928 8254498
-7927 8403983
-7926 8448354
-7925 8651649
-7924 8664698
-7923 8752700
-7922 8831135
-7921 8966271
-7920 8988071
-7919 9229623
-7918 9287315
-7917 9363489
-7916 9524253
-7915 9660028
-7914 9806580
-7913 9812544
-7912 9937217
-7911 10127093
-7910 10268628
-7909 10370133
-7908 10577615
-7907 10611949
-7906 10750640
-7905 10918111
-7904 10937634
-7903 11205442
-7902 11304266
-7901 11512204
-7900 11663814
-7899 11748937
-7898 11806666
-7897 11924229
-7896 12085191
-7895 12242470
-7894 12383533
-7893 12490978
-7892 12689905
-7891 12880161
-7890 12965859
-7889 13051869
-7888 13216004
-7887 13503779
-7886 13636262
-7885 13804392
-7884 13932520
-7883 14162501
-7882 14350351
-7881 14378517
-7880 14404790
-7879 14774964
-7878 14893475
-7877 14933461
-7876 15100971
-7875 15306106
-7874 15453942
-7873 15802193
-7872 15947295
-7871 16087766
-7870 16321173
-7869 16479738
-7868 16716851
-7867 16855235
-7866 17056413
-7865 17254145
-7864 17396404
-7863 17606458
-7862 17801914
-7861 18021390
-7860 18134394
-7859 18252823
-7858 18504014
-7857 18731876
-7856 18839411
-7855 19092883
-7854 19301762
-7853 19408990
-7852 19681933
-7851 19864561
-7850 20138995
-7849 20351132
-7848 20518514
-7847 20720573
-7846 20989066
-7845 21258096
-7844 21539787
-7843 21571702
-7842 21780510
-7841 22051891
-7840 22295640
-7839 22482578
-7838 22717490
-7837 22959303
-7836 23100362
-7835 23328489
-7834 23430494
-7833 23814645
-7832 24208689
-7831 24462558
-7830 24736785
-7829 24888149
-7828 25246084
-7827 25556319
-7826 25846608
-7825 26274124
-7824 26319474
-7823 26577121
-7822 26880226
-7821 27240422
-7820 27347820
-7819 27502130
-7818 27774323
-7817 27822679
-7816 28327028
-7815 28532299
-7814 28835498
-7813 29246846
-7812 29435122
-7811 29752842
-7810 30126790
-7809 30456554
-7808 30731432
-7807 30994178
-7806 31271549
-7805 31539958
-7804 31995612
-7803 32393711
-7802 32448144
-7801 32719433
-7800 33161213
-7799 33492732
-7798 33850242
-7797 34241002
-7796 34429951
-7795 34715368
-7794 35097292
-7793 35522880
-7792 35833139
-7791 36210640
-7790 36488595
-7789 36924315
-7788 37273844
-7787 37534330
-7786 37765124
-7785 38199348
-7784 38633999
-7783 38856852
-7782 39246296
-7781 39668153
-7780 39898958
-7779 40293273
-7778 40572351
-7777 40836510
-7776 41279160
-7775 41685258
-7774 42262960
-7773 42610884
-7772 43063268
-7771 43458903
-7770 44056700
-7769 44340171
-7768 44694905
-7767 45148881
-7766 45717222
-7765 46124235
-7764 46483307
-7763 46930132
-7762 47382185
-7761 47916071
-7760 48187411
-7759 48562268
-7758 48993578
-7757 49301315
-7756 49834678
-7755 50211099
-7754 50742550
-7753 51152735
-7752 51460269
-7751 52104452
-7750 52660457
-7749 52759444
-7748 53354845
-7747 53716061
-7746 54243726
-7745 54747808
-7744 55134603
-7743 55973412
-7742 56457957
-7741 56822831
-7740 57443700
-7739 58026640
-7738 58518677
-7737 59187653
-7736 59563414
-7735 60389611
-7734 60751523
-7733 61436640
-7732 61958479
-7731 62473909
-7730 63089652
-7729 63446228
-7728 64257160
-7727 64425391
-7726 64955922
-7725 65606493
-7724 66273514
-7723 66644867
-7722 67261415
-7721 67549772
-7720 68276372
-7719 68807546
-7718 69416318
-7717 69882799
-7716 70513063
-7715 71014861
-7714 71594506
-7713 72053494
-7712 72906911
-7711 73022629
-7710 73640237
-7709 74478892
-7708 74988346
-7707 75528563
-7706 76118456
-7705 76833594
-7704 77285516
-7703 77923906
-7702 78504895
-7701 79257504
-7700 79880226
-7699 80723130
-7698 81154531
-7697 81658782
-7696 82275135
-7695 83107593
-7694 83969609
-7693 84528526
-7692 85309427
-7691 86018771
-7690 86717745
-7689 87348092
-7688 87834636
-7687 88488322
-7686 89242770
-7685 90063864
-7684 90533730
-7683 91150759
-7682 91908983
-7681 92840741
-7680 93620275
-7679 94379334
-7678 94944986
-7677 96052554
-7676 96677641
-7675 97453780
-7674 98239180
-7673 99161068
-7672 99948057
-7671 100404316
-7670 101467641
-7669 102251558
-7668 102945746
-7667 103735569
-7666 104613911
-7665 105395779
-7664 106274291
-7663 107067300
-7662 107784263
-7661 108803219
-7660 109746416
-7659 110450492
-7658 111359735
-7657 111893260
-7656 112715574
-7655 113763464
-7654 114356382
-7653 115161849
-7652 116323726
-7651 117067435
-7650 118032691
-7649 118585253
-7648 119494561
-7647 120256025
-7646 120773465
-7645 121744318
-7644 122409787
-7643 123296577
-7642 124156470
-7641 125094612
-7640 126114544
-7639 127101031
-7638 128189415
-7637 129072515
-7636 129880139
-7635 130768714
-7634 131959536
-7633 132979388
-7632 133560772
-7631 134613320
-7630 135672659
-7629 136634882
-7628 137371840
-7627 138580131
-7626 139307006
-7625 140264458
-7624 141077433
-7623 142055608
-7622 143360292
-7621 143888080
-7620 144986382
-7619 145993654
-7618 147177044
-7617 147951390
-7616 149216801
-7615 150083571
-7614 151279816
-7613 152088068
-7612 153050278
-7611 154142866
-7610 155386464
-7609 156317652
-7608 157346762
-7607 158766782
-7606 159504084
-7605 160523299
-7604 161763806
-7603 162621319
-7602 163574292
-7601 164476249
-7600 165510121
-7599 167116426
-7598 168159559
-7597 169326652
-7596 170260290
-7595 171431156
-7594 172382791
-7593 173540509
-7592 174837153
-7591 175669411
-7590 177307686
-7589 178081809
-7588 179107439
-7587 179820317
-7586 181348485
-7585 182274004
-7584 183444025
-7583 184501746
-7582 185773779
-7581 187225019
-7580 188469615
-7579 189444545
-7578 191136977
-7577 192174090
-7576 193402564
-7575 194969872
-7574 196059958
-7573 197620291
-7572 198875882
-7571 199857281
-7570 201173481
-7569 202366078
-7568 203638995
-7567 204967877
-7566 205960598
-7565 207286217
-7564 208914438
-7563 210013919
-7562 211188652
-7561 212528582
-7560 213708787
-7559 214816252
-7558 215957684
-7557 217544597
-7556 218813633
-7555 219667362
-7554 221051522
-7553 222788106
-7552 223957147
-7551 225735187
-7550 226833968
-7549 228170104
-7548 229550851
-7547 231177778
-7546 232607281
-7545 233823587
-7544 235132287
-7543 236660033
-7542 238234897
-7541 239525838
-7540 240888335
-7539 242191428
-7538 243824381
-7537 245045379
-7536 246767453
-7535 248411783
-7534 249809673
-7533 250908875
-7532 252646941
-7531 253885701
-7530 255623866
-7529 256984558
-7528 258825417
-7527 260329300
-7526 261474206
-7525 262759926
-7524 264750440
-7523 266216926
-7522 267940542
-7521 269431408
-7520 270779515
-7519 272334202
-7518 274323341
-7517 275649602
-7516 276669941
-7515 278365489
-7514 279731304
-7513 281416662
-7512 283396499
-7511 284483464
-7510 286165204
-7509 287724860
-7508 289513942
-7507 290975379
-7506 292902078
-7505 293828831
-7504 295497586
-7503 297186060
-7502 298464222
-7501 300482154
-7500 301895654
-7499 303259241
-7498 304547329
-7497 306890890
-7496 308145736
-7495 309740621
-7494 311048488
-7493 313081428
-7492 314444031
-7491 316321515
-7490 317802211
-7489 319336363
-7488 320949875
-7487 322453015
-7486 324113106
-7485 326100188
-7484 327706011
-7483 329306499
-7482 331358338
-7481 333192442
-7480 334551753
-7479 336074915
-7478 337963596
-7477 339589827
-7476 341567155
-7475 343160194
-7474 344967977
-7473 346147866
-7472 348216252
-7471 349954881
-7470 351615496
-7469 353357678
-7468 354895624
-7467 356534192
-7466 358650566
-7465 360470104
-7464 362059351
-7463 363739591
-7462 365830142
-7461 367529802
-7460 368927637
-7459 370600166
-7458 372305500
-7457 374289288
-7456 376030030
-7455 377617724
-7454 379319246
-7453 380821344
-7452 382694567
-7451 384636729
-7450 386318980
-7449 388009437
-7448 389715284
-7447 391453758
-7446 393375695
-7445 395093056
-7444 396996801
-7443 399258140
-7442 400947194
-7441 402586041
-7440 404421013
-7439 406300778
-7438 407793587
-7437 409538825
-7436 411123522
-7435 413388239
-7434 415182937
-7433 417182955
-7432 419051726
-7431 420793298
-7430 422237405
-7429 424589852
-7428 426702202
-7427 428691119
-7426 430074199
-7425 432084591
-7424 433808814
-7423 435327674
-7422 437392373
-7421 439522621
-7420 441308308
-7419 443236234
-7418 444502469
-7417 446655062
-7416 448484637
-7415 450103495
-7414 451827935
-7413 453575204
-7412 455733398
-7411 457396935
-7410 459650933
-7409 461513784
-7408 463279527
-7407 464971754
-7406 466406924
-7405 468615894
-7404 470901542
-7403 472188284
-7402 474517830
-7401 476135846
-7400 477899366
-7399 479676559
-7398 481368837
-7397 483483398
-7396 485390738
-7395 486884046
-7394 488452594
-7393 490411430
-7392 492402552
-7391 494105634
-7390 495793237
-7389 497848671
-7388 499390466
-7387 500851238
-7386 503000922
-7385 504742278
-7384 506309455
-7383 508320648
-7382 510121974
-7381 511562938
-7380 513658498
-7379 515507918
-7378 517174705
-7377 518787135
-7376 520437268
-7375 522181782
-7374 523970565
-7373 525983711
-7372 527532300
-7371 529180864
-7370 531138203
-7369 533404842
-7368 534752165
-7367 536468050
-7366 538172899
-7365 539727519
-7364 541399929
-7363 542869711
-7362 545291665
-7361 546737632
-7360 549392575
-7359 550128193
-7358 552573037
-7357 554612539
-7356 556610631
-7355 557894266
-7354 559656192
-7353 561027023
-7352 563040698
-7351 564294903
-7350 565696584
-7349 567161270
-7348 568249008
-7347 570294923
-7346 572097807
-7345 573433508
-7344 574580226
-7343 575932194
-7342 577461717
-7341 578589133
-7340 580415255
-7339 581520565
-7338 582915816
-7337 584034996
-7336 585278871
-7335 586993463
-7334 588209789
-7333 589596700
-7332 590388670
-7331 592261319
-7330 594230245
-7329 595031692
-7328 596911660
-7327 597034222
-7326 599338342
-7325 600657201
-7324 601637511
-7323 603138287
-7322 604639775
-7321 606008452
-7320 607057337
-7319 608326479
-7318 609777267
-7317 611452335
-7316 613046386
-7315 614651433
-7314 615173835
-7313 616658438
-7312 618673836
-7311 619515929
-7310 619883725
-7309 621590877
-7308 622460134
-7307 623526362
-7306 624950156
-7305 625616860
-7304 626633997
-7303 627861472
-7302 629672672
-7301 630746803
-7300 631635700
-7299 632424676
-7298 633460978
-7297 634900121
-7296 635528330
-7295 637107919
-7294 638202626
-7293 639693082
-7292 639845879
-7291 640852506
-7290 641869341
-7289 642832342
-7288 644318439
-7287 645342571
-7286 647047503
-7285 647475992
-7284 648572728
-7283 649128391
-7282 649304513
-7281 650375143
-7280 651787878
-7279 652582699
-7278 653495704
-7277 654668622
-7276 655125773
-7275 655512173
-7274 656010182
-7273 656987767
-7272 658158806
-7271 658988655
-7270 659170169
-7269 660083023
-7268 660937519
-7267 661316926
-7266 662466664
-7265 663373638
-7264 663407275
-7263 664825884
-7262 665010035
-7261 665711305
-7260 665801913
-7259 667264210
-7258 668043065
-7257 668673525
-7256 668596890
-7255 669321018
-7254 669904661
-7253 670492730
-7252 670952884
-7251 671279513
-7250 671735803
-7249 672646917
-7248 672972493
-7247 674042452
-7246 674560152
-7245 674612146
-7244 674724744
-7243 675276046
-7242 675260440
-7241 676303624
-7240 676671774
-7239 677456441
-7238 678478587
-7237 678243596
-7236 678544521
-7235 679146830
-7234 679651717
-7233 679784926
-7232 679731007
-7231 680511116
-7230 681303071
-7229 681094912
-7228 681973843
-7227 682113355
-7226 682762279
-7225 682606699
-7224 683529585
-7223 683750845
-7222 683501727
-7221 683716427
-7220 683853300
-7219 684306639
-7218 684094972
-7217 684806989
-7216 684739302
-7215 684149542
-7214 684896552
-7213 685176886
-7212 684968183
-7211 685494078
-7210 685720862
-7209 685558743
-7208 685238425
-7207 685885126
-7206 685840620
-7205 685938410
-7204 685891364
-7203 685558817
-7202 685759576
-7201 685276008
-7200 685305768
-7199 685927193
-7198 685650689
-7197 684782667
-7196 684609691
-7195 683955308
-7194 684212367
-7193 683974330
-7192 683857563
-7191 683615707
-7190 682936373
-7189 682685831
-7188 682314024
-7187 682329801
-7186 681790413
-7185 681928685
-7184 681744150
-7183 681934911
-7182 681546058
-7181 680977557
-7180 680219613
-7179 680057572
-7178 679899110
-7177 678967090
-7176 678455543
-7175 678243242
-7174 677910846
-7173 676772913
-7172 677047871
-7171 676519918
-7170 676018452
-7169 674973718
-7168 674988329
-7167 673934134
-7166 673591955
-7165 673278596
-7164 672744697
-7163 671630120
-7162 670799027
-7161 670160806
-7160 669391208
-7159 668894124
-7158 667878034
-7157 667759638
-7156 666404739
-7155 666231042
-7154 665129680
-7153 664251060
-7152 663821739
-7151 663041809
-7150 662433805
-7149 661537505
-7148 660979673
-7147 660325850
-7146 658991897
-7145 658161475
-7144 657409696
-7143 656260304
-7142 655777891
-7141 654446076
-7140 653342245
-7139 652638846
-7138 651583161
-7137 650760031
-7136 649802429
-7135 648767272
-7134 647834969
-7133 647005510
-7132 646041251
-7131 644785967
-7130 644233642
-7129 643135493
-7128 641852000
-7127 641524165
-7126 640373526
-7125 639004619
-7124 638270950
-7123 636582374
-7122 635353101
-7121 634313392
-7120 633735191
-7119 631729002
-7118 630348074
-7117 629091261
-7116 628051577
-7115 625921168
-7114 624988180
-7113 623592693
-7112 622198061
-7111 620759920
-7110 619424771
-7109 618503062
-7108 616956885
-7107 615333789
-7106 614533561
-7105 613117584
-7104 611714520
-7103 609958661
-7102 609106398
-7101 607560139
-7100 606316950
-7099 604580295
-7098 602964012
-7097 601959668
-7096 600549262
-7095 598956399
-7094 597344554
-7093 596083049
-7092 594562573
-7091 593571730
-7090 591753259
-7089 590747807
-7088 589372733
-7087 586967493
-7086 586111194
-7085 584084780
-7084 582807382
-7083 581420846
-7082 579954000
-7081 578835284
-7080 576913591
-7079 575497004
-7078 574658636
-7077 572944242
-7076 571435450
-7075 569477355
-7074 567794207
-7073 565942338
-7072 564660918
-7071 563447082
-7070 561593210
-7069 559066080
-7068 557256248
-7067 555913041
-7066 553994773
-7065 552917943
-7064 550893500
-7063 548993920
-7062 546961453
-7061 545611366
-7060 543148415
-7059 541657572
-7058 539861603
-7057 537925584
-7056 536480180
-7055 534490364
-7054 532494495
-7053 531042793
-7052 529919080
-7051 527827324
-7050 526164352
-7049 524380135
-7048 522507802
-7047 520775257
-7046 518722555
-7045 517259235
-7044 515399306
-7043 513188333
-7042 511066889
-7041 508855136
-7040 507018155
-7039 504962729
-7038 503125557
-7037 500223211
-7036 499082749
-7035 496170948
-7034 494588776
-7033 492828379
-7032 491179931
-7031 489444504
-7030 487445902
-7029 485383625
-7028 483691256
-7027 481491506
-7026 479716746
-7025 478374426
-7024 475264076
-7023 473741718
-7022 471424577
-7021 469457040
-7020 467210203
-7019 465565766
-7018 463550760
-7017 461297125
-7016 460001769
-7015 457598713
-7014 455752676
-7013 454069481
-7012 451795993
-7011 449939289
-7010 448480266
-7009 446126632
-7008 444204258
-7007 442000127
-7006 440193149
-7005 438013586
-7004 436228602
-7003 434145958
-7002 431995871
-7001 429880583
-7000 427969015
-6999 425707668
-6998 423589248
-6997 421624737
-6996 419381508
-6995 417297289
-6994 415530216
-6993 412535522
-6992 411189934
-6991 408743277
-6990 407285648
-6989 404392097
-6988 402832760
-6987 400901842
-6986 398285984
-6985 396276455
-6984 394186438
-6983 392221724
-6982 390454528
-6981 388543223
-6980 386418388
-6979 384258902
-6978 382072088
-6977 379711030
-6976 377603394
-6975 376059033
-6974 373756255
-6973 372118161
-6972 369955575
-6971 368114649
-6970 366320879
-6969 363857229
-6968 362023112
-6967 359409113
-6966 357976656
-6965 355623223
-6964 353775388
-6963 352406372
-6962 350384301
-6961 348272896
-6960 345600114
-6959 343812605
-6958 342046256
-6957 339698804
-6956 337782890
-6955 335939807
-6954 333614959
-6953 331538988
-6952 329472857
-6951 327231721
-6950 325528233
-6949 323598446
-6948 321586519
-6947 319422743
-6946 317842508
-6945 315368241
-6944 313592413
-6943 311815435
-6942 309349346
-6941 306867273
-6940 305114446
-6939 303148416
-6938 301122485
-6937 299179946
-6936 297417872
-6935 295449606
-6934 293637107
-6933 292213526
-6932 289800004
-6931 288104696
-6930 285787393
-6929 283954808
-6928 282180330
-6927 280404416
-6926 278545647
-6925 276837024
-6924 274993312
-6923 273054919
-6922 271270130
-6921 269390937
-6920 267684976
-6919 265896680
-6918 263747378
-6917 261860522
-6916 259934227
-6915 258066275
-6914 256073142
-6913 254272237
-6912 252637161
-6911 250797764
-6910 248548134
-6909 247125303
-6908 245127634
-6907 243559464
-6906 241618030
-6905 239938421
-6904 237985062
-6903 235872144
-6902 233943773
-6901 232442734
-6900 230220917
-6899 228608602
-6898 226337524
-6897 225130177
-6896 223062368
-6895 221189110
-6894 219525640
-6893 218061691
-6892 216386495
-6891 214532765
-6890 212719372
-6889 211020815
-6888 209189364
-6887 207566449
-6886 205953121
-6885 204002826
-6884 202637662
-6883 201002450
-6882 199481544
-6881 197460960
-6880 196034172
-6879 194205206
-6878 192796612
-6877 190681458
-6876 189268807
-6875 187555262
-6874 186019121
-6873 184425740
-6872 182768464
-6871 181107864
-6870 179439646
-6869 177983340
-6868 176440066
-6867 174866756
-6866 173088616
-6865 171378714
-6864 170245151
-6863 168683697
-6862 167217729
-6861 165527068
-6860 164179551
-6859 162365925
-6858 161091997
-6857 159667904
-6856 157854609
-6855 156733601
-6854 155218210
-6853 153697484
-6852 152406731
-6851 151174747
-6850 149452474
-6849 148221708
-6848 146687306
-6847 145256658
-6846 143889515
-6845 142400201
-6844 141077721
-6843 139869365
-6842 138388049
-6841 137203108
-6840 135959453
-6839 134383130
-6838 132928339
-6837 131984406
-6836 130341711
-6835 129277019
-6834 127831515
-6833 126498415
-6832 125345277
-6831 123867440
-6830 122659781
-6829 121361634
-6828 120147222
-6827 119027205
-6826 117949575
-6825 116584076
-6824 115451146
-6823 114275298
-6822 113094612
-6821 111845698
-6820 110278001
-6819 109358368
-6818 108225662
-6817 106869670
-6816 105702721
-6815 104470854
-6814 103373889
-6813 102232032
-6812 101024104
-6811 100165050
-6810 98873187
-6809 97992780
-6808 96964033
-6807 95889804
-6806 94637622
-6805 93558076
-6804 92642349
-6803 91543100
-6802 90507106
-6801 89541682
-6800 88300260
-6799 87288688
-6798 86455065
-6797 85529608
-6796 84568768
-6795 83727013
-6794 82666451
-6793 81946986
-6792 80938239
-6791 79980936
-6790 79372971
-6789 78314264
-6788 77192557
-6787 76401291
-6786 75677182
-6785 74734097
-6784 73729910
-6783 73078785
-6782 72048001
-6781 71307111
-6780 70481185
-6779 69603369
-6778 68835386
-6777 68021965
-6776 67309448
-6775 66555677
-6774 65627833
-6773 64847966
-6772 64154997
-6771 63520187
-6770 62798492
-6769 61911420
-6768 61288698
-6767 60581818
-6766 59746082
-6765 59105806
-6764 58585748
-6763 57773684
-6762 57177014
-6761 56335040
-6760 55597812
-6759 54943928
-6758 54311504
-6757 53591209
-6756 52929580
-6755 52305190
-6754 51507036
-6753 50943924
-6752 50350646
-6751 49761033
-6750 49033378
-6749 48548197
-6748 47859336
-6747 47210358
-6746 46528746
-6745 46114504
-6744 45519684
-6743 44962261
-6742 44306450
-6741 43784493
-6740 43143664
-6739 42702448
-6738 42274432
-6737 41562025
-6736 41172099
-6735 40467945
-6734 40068865
-6733 39357411
-6732 38900271
-6731 38452261
-6730 37851561
-6729 37386256
-6728 36902084
-6727 36423007
-6726 35912115
-6725 35501559
-6724 35049631
-6723 34485057
-6722 34060643
-6721 33729996
-6720 33249428
-6719 32953789
-6718 32423536
-6717 31872835
-6716 31527871
-6715 31084615
-6714 30596123
-6713 30168035
-6712 29773867
-6711 29426910
-6710 29035432
-6709 28601269
-6708 28137802
-6707 27766689
-6706 27428289
-6705 27064012
-6704 26725888
-6703 26294077
-6702 26065340
-6701 25572099
-6700 25405948
-6699 24965587
-6698 24820220
-6697 24339508
-6696 24047060
-6695 23787513
-6694 23498613
-6693 23086635
-6692 22777304
-6691 22514167
-6690 22195179
-6689 21855933
-6688 21494871
-6687 21260883
-6686 20929512
-6685 20645783
-6684 20346722
-6683 20097460
-6682 19855080
-6681 19469479
-6680 19204820
-6679 18970720
-6678 18612188
-6677 18268739
-6676 18158484
-6675 17843390
-6674 17553383
-6673 17369484
-6672 17167122
-6671 16807374
-6670 16687065
-6669 16484005
-6668 16230691
-6667 15981048
-6666 15730152
-6665 15490857
-6664 15233714
-6663 15043357
-6662 14823954
-6661 14535416
-6660 14344506
-6659 14118250
-6658 13941280
-6657 13650909
-6656 13464365
-6655 13288833
-6654 13142028
-6653 12890170
-6652 12813242
-6651 12608198
-6650 12427713
-6649 12229766
-6648 12072936
-6647 11894345
-6646 11703207
-6645 11534463
-6644 11350658
-6643 11243954
-6642 11050889
-6641 10855670
-6640 10637792
-6639 10477431
-6638 10363223
-6637 10121743
-6636 9934269
-6635 9848766
-6634 9664609
-6633 9482929
-6632 9408525
-6631 9256516
-6630 9052321
-6629 8869030
-6628 8747149
-6627 8593154
-6626 8503357
-6625 8329502
-6624 8177340
-6623 8136683
-6622 8027575
-6621 7873161
-6620 7733852
-6619 7633163
-6618 7492881
-6617 7332727
-6616 7225235
-6615 7068165
-6614 7015699
-6613 6834466
-6612 6700919
-6611 6617217
-6610 6447040
-6609 6343739
-6608 6176050
-6607 6116998
-6606 6061480
-6605 5932630
-6604 5887909
-6603 5799656
-6602 5691073
-6601 5549710
-6600 5530468
-6599 5387145
-6598 5308648
-6597 5172523
-6596 5009975
-6595 4994764
-6594 4879152
-6593 4809646
-6592 4756819
-6591 4676414
-6590 4594924
-6589 4532223
-6588 4405869
-6587 4404791
-6586 4291956
-6585 4215814
-6584 4141105
-6583 4051144
-6582 3913885
-6581 3879002
-6580 3798263
-6579 3720856
-6578 3650456
-6577 3633749
-6576 3550237
-6575 3484126
-6574 3404647
-6573 3359646
-6572 3297506
-6571 3256044
-6570 3231087
-6569 3120221
-6568 2988951
-6567 2983107
-6566 2928527
-6565 2871099
-6564 2835465
-6563 2794479
-6562 2695912
-6561 2675018
-6560 2604319
-6559 2557475
-6558 2525347
-6557 2483022
-6556 2428524
-6555 2356579
-6554 2330942
-6553 2247779
-6552 2219671
-6551 2181393
-6550 2138086
-6549 2114711
-6548 2073830
-6547 2021675
-6546 1992000
-6545 1910261
-6544 1871721
-6543 1832377
-6542 1813711
-6541 1758147
-6540 1708007
-6539 1658194
-6538 1635318
-6537 1579997
-6536 1580545
-6535 1538880
-6534 1527225
-6533 1467581
-6532 1452708
-6531 1406832
-6530 1402167
-6529 1359113
-6528 1360833
-6527 1338527
-6526 1289984
-6525 1273498
-6524 1247274
-6523 1241993
-6522 1217558
-6521 1186586
-6520 1166337
-6519 1154232
-6518 1126259
-6517 1106093
-6516 1107582
-6515 1054276
-6514 1031740
-6513 999157
-6512 975263
-6511 981274
-6510 969556
-6509 944582
-6508 922775
-6507 909335
-6506 897406
-6505 867032
-6504 858617
-6503 842428
-6502 833662
-6501 810405
-6500 814445
-6499 788917
-6498 767147
-6497 734107
-6496 729318
-6495 722800
-6494 685166
-6493 678533
-6492 672339
-6491 685256
-6490 661826
-6489 640893
-6488 635413
-6487 621412
-6486 611718
-6485 587210
-6484 580042
-6483 566275
-6482 575736
-6481 555373
-6480 551765
-6479 543684
-6478 530610
-6477 520770
-6476 530716
-6475 495081
-6474 495368
-6473 488016
-6472 479628
-6471 472715
-6470 435015
-6469 441075
-6468 435843
-6467 425103
-6466 404568
-6465 394863
-6464 398374
-6463 376047
-6462 371230
-6461 369288
-6460 364960
-6459 342391
-6458 329006
-6457 326582
-6456 311267
-6455 302047
-6454 294596
-6453 284387
-6452 285946
-6451 285798
-6450 275211
-6449 267745
-6448 261260
-6447 261527
-6446 260306
-6445 239569
-6444 239735
-6443 230399
-6442 218479
-6441 224513
-6440 213587
-6439 214270
-6438 212675
-6437 195838
-6436 197020
-6435 192542
-6434 189179
-6433 178344
-6432 178643
-6431 167930
-6430 167890
-6429 168860
-6428 169748
-6427 166458
-6426 163307
-6425 161297
-6424 149982
-6423 147420
-6422 154983
-6421 147221
-6420 147741
-6419 142696
-6418 142401
-6417 140125
-6416 143894
-6415 142348
-6414 137284
-6413 137224
-6412 134217
-6411 136197
-6410 125083
-6409 129049
-6408 130302
-6407 125337
-6406 116850
-6405 116494
-6404 112984
-6403 111547
-6402 112805
-6401 118136
-6400 110845
-6399 110704
-6398 110786
-6397 109776
-6396 98980
-6395 100262
-6394 93940
-6393 94928
-6392 96516
-6391 88225
-6390 89802
-6389 84271
-6388 82580
-6387 79395
-6386 77182
-6385 74016
-6384 72965
-6383 74763
-6382 71115
-6381 69625
-6380 66866
-6379 65751
-6378 62473
-6377 62004
-6376 56568
-6375 52032
-6374 55661
-6373 52728
-6372 49388
-6371 48545
-6370 43650
-6369 44069
-6368 47217
-6367 46464
-6366 45618
-6365 44823
-6364 39698
-6363 40064
-6362 42292
-6361 35204
-6360 34905
-6359 37806
-6358 32751
-6357 33394
-6356 30859
-6355 28771
-6354 31425
-6353 29544
-6352 27638
-6351 31274
-6350 27986
-6349 26831
-6348 27001
-6347 26322
-6346 25171
-6345 23557
-6344 20041
-6343 21191
-6342 20429
-6341 20924
-6340 20827
-6339 18410
-6338 16825
-6337 17408
-6336 15471
-6335 16634
-6334 14887
-6333 12789
-6332 11988
-6331 15325
-6330 10914
-6329 10975
-6328 11255
-6327 11383
-6326 12860
-6325 11763
-6324 11168
-6323 12971
-6322 12134
-6321 14583
-6320 11240
-6319 13837
-6318 11684
-6317 8995
-6316 10097
-6315 10043
-6314 9744
-6313 8563
-6312 9243
-6311 6735
-6310 6672
-6309 5301
-6308 4740
-6307 6471
-6306 5391
-6305 6878
-6304 6512
-6303 7986
-6302 9101
-6301 7074
-6300 8626
-6299 6668
-6298 9883
-6297 9745
-6296 10188
-6295 9259
-6294 7508
-6293 8045
-6292 8129
-6291 8495
-6290 8798
-6289 8385
-6288 7782
-6287 8790
-6286 8248
-6285 11797
-6284 8217
-6283 9160
-6282 8154
-6281 9183
-6280 8305
-6279 6516
-6278 6414
-6277 6256
-6276 6474
-6275 5905
-6274 5599
-6273 5690
-6272 4979
-6271 5081
-6270 4609
-6269 5745
-6268 5197
-6267 5811
-6266 5965
-6265 5209
-6264 5255
-6263 6143
-6262 5448
-6261 5450
-6260 4415
-6259 5681
-6258 5324
-6257 5314
-6256 4222
-6255 4664
-6254 5489
-6253 4502
-6252 3999
-6251 4453
-6250 3597
-6249 3138
-6248 3752
-6247 2766
-6246 2396
-6245 3160
-6244 1865
-6243 1311
-6242 1606
-6241 1235
-6240 1037
-6239 933
-6238 1122
-6237 1052
-6236 1045
-6235 903
-6234 865
-6233 651
-6232 370
-6231 524
-6230 386
-6229 720
-6228 470
-6227 467
-6226 793
-6225 973
-6224 934
-6223 880
-6222 798
-6221 1267
-6220 993
-6219 666
-6218 412
-6217 445
-6216 409
-6215 722
-6214 1022
-6213 1015
-6212 1456
-6211 883
-6210 1179
-6209 1594
-6208 844
-6207 1313
-6206 1242
-6205 1226
-6204 1819
-6203 1486
-6202 998
-6201 1572
-6200 1565
-6199 1327
-6198 1168
-6197 1336
-6196 1096
-6195 1489
-6194 1582
-6193 1068
-6192 1935
-6191 1151
-6190 1438
-6189 1406
-6188 1083
-6187 1721
-6186 1093
-6185 1006
-6184 980
-6183 937
-6182 843
-6181 1652
-6180 1670
-6179 422
-6178 417
-6177 220
-6176 274
-6175 131
-6174 108
-6173 82
-6172 75
-6171 15
