N J h steps 
5000 0.833 0 359000000000
-4832 946
-4830 445
-4828 54
-4826 15
-4824 767
-4822 1213
-4820 2784
-4818 6894
-4816 6035
-4814 7286
-4812 12760
-4810 2100
-4808 19844
-4806 23210
-4804 18916
-4802 18235
-4800 15714
-4798 16889
-4796 5289
-4794 9625
-4792 12123
-4790 23817
-4788 22337
-4786 19604
-4784 20188
-4782 29964
-4780 26350
-4778 18985
-4776 23527
-4774 26002
-4772 15978
-4770 28974
-4768 23257
-4766 18691
-4764 22145
-4762 30947
-4760 26847
-4758 22151
-4756 35395
-4754 35956
-4752 52230
-4750 54966
-4748 48656
-4746 68536
-4744 56067
-4742 81913
-4740 61490
-4738 60021
-4736 122393
-4734 126841
-4732 109824
-4730 95490
-4728 64540
-4726 112885
-4724 112813
-4722 90537
-4720 91710
-4718 99247
-4716 102538
-4714 119999
-4712 159240
-4710 158218
-4708 198619
-4706 183085
-4704 172362
-4702 139822
-4700 199298
-4698 212538
-4696 219853
-4694 235374
-4692 214652
-4690 243208
-4688 277339
-4686 255466
-4684 251346
-4682 281033
-4680 361741
-4678 378588
-4676 354030
-4674 320289
-4672 332686
-4670 323539
-4668 305215
-4666 409780
-4664 412356
-4662 395559
-4660 436451
-4658 416660
-4656 410427
-4654 455690
-4652 492128
-4650 468413
-4648 506622
-4646 521030
-4644 555237
-4642 518690
-4640 605127
-4638 721332
-4636 707789
-4634 700063
-4632 702748
-4630 729896
-4628 746718
-4626 778896
-4624 793234
-4622 832327
-4620 830180
-4618 852592
-4616 909818
-4614 950601
-4612 863435
-4610 979885
-4608 1078982
-4606 1082481
-4604 1200316
-4602 1090067
-4600 1135822
-4598 1172896
-4596 1186742
-4594 1166377
-4592 1237567
-4590 1232046
-4588 1304429
-4586 1301021
-4584 1329644
-4582 1334555
-4580 1423680
-4578 1346537
-4576 1389148
-4574 1461267
-4572 1502650
-4570 1522076
-4568 1513647
-4566 1533583
-4564 1507934
-4562 1555676
-4560 1604614
-4558 1684579
-4556 1848798
-4554 1847772
-4552 1697031
-4550 1699153
-4548 1826835
-4546 1913850
-4544 1919518
-4542 2064941
-4540 2066431
-4538 2223098
-4536 2151720
-4534 2269043
-4532 2232889
-4530 2362627
-4528 2354461
-4526 2434588
-4524 2355148
-4522 2455317
-4520 2449403
-4518 2479464
-4516 2644021
-4514 2686192
-4512 2779029
-4510 2878834
-4508 2993625
-4506 3025772
-4504 2829597
-4502 2640933
-4500 2766503
-4498 2905266
-4496 3009848
-4494 3041487
-4492 3135620
-4490 3149272
-4488 3209689
-4486 3235052
-4484 3378546
-4482 3373548
-4480 3427844
-4478 3499899
-4476 3347373
-4474 3532751
-4472 3546639
-4470 3590763
-4468 3651491
-4466 3680568
-4464 3806177
-4462 3881943
-4460 3821500
-4458 4078837
-4456 3897108
-4454 4082263
-4452 3988888
-4450 4083131
-4448 4179087
-4446 4163955
-4444 4337619
-4442 4275981
-4440 4378590
-4438 4505461
-4436 4674445
-4434 4696538
-4432 4621929
-4430 4760199
-4428 4822766
-4426 4833528
-4424 4811163
-4422 4667478
-4420 4825143
-4418 5144730
-4416 5082087
-4414 5169330
-4412 5433150
-4410 5450199
-4408 5677481
-4406 5611345
-4404 5574488
-4402 5497597
-4400 5705398
-4398 5795803
-4396 5700260
-4394 5891308
-4392 5818075
-4390 5922426
-4388 6234794
-4386 6167307
-4384 6165617
-4382 6165602
-4380 6395772
-4378 6357174
-4376 6114189
-4374 6296080
-4372 6422210
-4370 6427111
-4368 6714093
-4366 6543723
-4364 6665939
-4362 6786209
-4360 6807317
-4358 7089979
-4356 7370825
-4354 7331061
-4352 7581588
-4350 7484661
-4348 7471696
-4346 7511084
-4344 7457743
-4342 7590712
-4340 7466281
-4338 7645898
-4336 7687645
-4334 7994789
-4332 7810777
-4330 7968923
-4328 8185201
-4326 8150885
-4324 8074129
-4322 8037823
-4320 8286332
-4318 8352370
-4316 8427437
-4314 8773469
-4312 8962108
-4310 9010982
-4308 9246639
-4306 9164092
-4304 9043892
-4302 9215125
-4300 9284505
-4298 8977592
-4296 9151118
-4294 9064510
-4292 9293640
-4290 9419432
-4288 9360063
-4286 9517319
-4284 9521582
-4282 9808812
-4280 9873169
-4278 9787081
-4276 9887015
-4274 9814608
-4272 10003621
-4270 10112707
-4268 10193750
-4266 10282497
-4264 10560022
-4262 10900178
-4260 10923109
-4258 10817747
-4256 10759284
-4254 11015685
-4252 10946096
-4250 10709143
-4248 10748377
-4246 10833100
-4244 11025664
-4242 11078049
-4240 11234474
-4238 11153058
-4236 11366108
-4234 11394764
-4232 11336455
-4230 11323614
-4228 11187918
-4226 11373266
-4224 11730652
-4222 11600232
-4220 11747435
-4218 11722416
-4216 12058710
-4214 12030267
-4212 11989007
-4210 12186716
-4208 12516793
-4206 12612287
-4204 12968654
-4202 12830042
-4200 13045478
-4198 13432902
-4196 13214164
-4194 13293394
-4192 13464707
-4190 13204291
-4188 13199580
-4186 13237411
-4184 13316322
-4182 13285440
-4180 13290395
-4178 13207089
-4176 13315988
-4174 13393992
-4172 13472855
-4170 13575665
-4168 13997195
-4166 13975652
-4164 14172006
-4162 14425683
-4160 14134693
-4158 14408981
-4156 14275136
-4154 14507076
-4152 14805593
-4150 14631091
-4148 14999367
-4146 14786382
-4144 14921782
-4142 14912834
-4140 14951888
-4138 15372949
-4136 15010109
-4134 15214302
-4132 15327819
-4130 15570664
-4128 15660454
-4126 15809327
-4124 15939442
-4122 15791816
-4120 16020930
-4118 16403792
-4116 16177946
-4114 16104750
-4112 16226475
-4110 16465628
-4108 16203522
-4106 16452915
-4104 16644029
-4102 16753431
-4100 16826861
-4098 16853795
-4096 16948840
-4094 16831462
-4092 16738381
-4090 17003288
-4088 17069768
-4086 17117858
-4084 17245636
-4082 17649656
-4080 17621144
-4078 17784989
-4076 17919945
-4074 18102486
-4072 17968446
-4070 18337728
-4068 18116731
-4066 18035410
-4064 18195476
-4062 18706954
-4060 18972938
-4058 18728690
-4056 18532745
-4054 18846952
-4052 18688193
-4050 18890361
-4048 18851501
-4046 18843392
-4044 18840021
-4042 19058773
-4040 19229495
-4038 19356978
-4036 19725553
-4034 19614047
-4032 20054174
-4030 19835506
-4028 19924065
-4026 19781446
-4024 19935689
-4022 20250366
-4020 20290242
-4018 20325197
-4016 20532214
-4014 20417959
-4012 20630415
-4010 20494724
-4008 20644178
-4006 20880195
-4004 20631840
-4002 20763580
-4000 20913807
-3998 20811066
-3996 20584380
-3994 20808461
-3992 21158997
-3990 21088566
-3988 21434480
-3986 21353052
-3984 21531804
-3982 21306794
-3980 21294496
-3978 21490117
-3976 21743398
-3974 21626000
-3972 21865830
-3970 21935045
-3968 22010549
-3966 22153221
-3964 22189186
-3962 22303793
-3960 22220214
-3958 22129528
-3956 22221851
-3954 22778253
-3952 22963564
-3950 22807823
-3948 22850440
-3946 23042477
-3944 23156982
-3942 23258764
-3940 23218424
-3938 23146988
-3936 23551360
-3934 23713440
-3932 23574759
-3930 23717551
-3928 24284222
-3926 23738903
-3924 23762335
-3922 24022817
-3920 24123901
-3918 24101180
-3916 24159154
-3914 24261552
-3912 23866018
-3910 23913849
-3908 23941231
-3906 24315401
-3904 24300809
-3902 24321171
-3900 24721312
-3898 24495387
-3896 24446612
-3894 24973441
-3892 24811401
-3890 25066513
-3888 25302746
-3886 25361397
-3884 25464450
-3882 25635528
-3880 25359163
-3878 25384567
-3876 25681693
-3874 25272554
-3872 25296460
-3870 25572961
-3868 25809846
-3866 25901384
-3864 26278340
-3862 26514179
-3860 26518549
-3858 26344354
-3856 26377921
-3854 26303236
-3852 26528649
-3850 27106096
-3848 26928562
-3846 27323755
-3844 27428894
-3842 27332909
-3840 27826633
-3838 27190866
-3836 27249250
-3834 27526823
-3832 27485677
-3830 27747664
-3828 27886004
-3826 28035872
-3824 28425993
-3822 28311833
-3820 28344151
-3818 28445393
-3816 28561989
-3814 28515884
-3812 28497368
-3810 28432891
-3808 28619020
-3806 28928256
-3804 28901816
-3802 28695899
-3800 28794101
-3798 28822778
-3796 29043930
-3794 29174425
-3792 29346203
-3790 29387117
-3788 29539347
-3786 29578294
-3784 29646847
-3782 29758631
-3780 29357106
-3778 29915219
-3776 29545176
-3774 29827269
-3772 29910383
-3770 29964694
-3768 30053892
-3766 30505911
-3764 30685544
-3762 30566523
-3760 31028837
-3758 31373817
-3756 31239414
-3754 31010809
-3752 30878057
-3750 31345294
-3748 31199882
-3746 31045052
-3744 31482276
-3742 31547874
-3740 31522620
-3738 31391563
-3736 31439256
-3734 30827115
-3732 31013469
-3730 31451213
-3728 31532548
-3726 31638183
-3724 31545745
-3722 31797605
-3720 31815140
-3718 32025851
-3716 32302518
-3714 32318264
-3712 32006427
-3710 32342508
-3708 32480032
-3706 32365299
-3704 32448382
-3702 32579716
-3700 32573364
-3698 32887399
-3696 33151016
-3694 32881436
-3692 33288318
-3690 33182964
-3688 33518668
-3686 33304663
-3684 33275458
-3682 33708125
-3680 33799802
-3678 33718033
-3676 33699785
-3674 33769595
-3672 34090431
-3670 34155948
-3668 34345569
-3666 34844304
-3664 34654412
-3662 34306979
-3660 34369975
-3658 34427948
-3656 34608461
-3654 34731427
-3652 34662285
-3650 34743565
-3648 35393553
-3646 34883924
-3644 34980857
-3642 34972603
-3640 35113331
-3638 35522446
-3636 35802019
-3634 35599073
-3632 35745144
-3630 35638822
-3628 36001939
-3626 36504009
-3624 35972416
-3622 35792854
-3620 35683260
-3618 35716702
-3616 35971986
-3614 36103189
-3612 36148717
-3610 36860496
-3608 36774850
-3606 36591109
-3604 37226129
-3602 36890639
-3600 37031467
-3598 37232624
-3596 36947495
-3594 36870895
-3592 37256382
-3590 37618646
-3588 37581475
-3586 37573425
-3584 37760378
-3582 38260687
-3580 38189933
-3578 37950948
-3576 37997600
-3574 38465015
-3572 38566735
-3570 38420917
-3568 38918224
-3566 38689982
-3564 38938309
-3562 38475537
-3560 38406623
-3558 38699506
-3556 38883591
-3554 38845977
-3552 38497975
-3550 38685449
-3548 39166264
-3546 38958944
-3544 39319002
-3542 38989904
-3540 39157619
-3538 39529223
-3536 39632808
-3534 39734495
-3532 39873985
-3530 39603033
-3528 39453289
-3526 39607323
-3524 39978699
-3522 39911820
-3520 39850816
-3518 39503203
-3516 40096272
-3514 40082065
-3512 39969380
-3510 39824610
-3508 39667415
-3506 40188703
-3504 40046620
-3502 40166955
-3500 40210177
-3498 40311799
-3496 40763288
-3494 40792158
-3492 40593132
-3490 40923291
-3488 41426132
-3486 41486788
-3484 41290764
-3482 41183086
-3480 41382981
-3478 41492386
-3476 41910090
-3474 41851423
-3472 41662205
-3470 41964733
-3468 41975210
-3466 42238505
-3464 42347267
-3462 42332040
-3460 42423709
-3458 42870299
-3456 42643536
-3454 42729247
-3452 43088082
-3450 42690500
-3448 42807993
-3446 42718363
-3444 42848294
-3442 43173374
-3440 43508596
-3438 43645361
-3436 43456405
-3434 43235275
-3432 43173250
-3430 43207962
-3428 43196481
-3426 43441159
-3424 43108980
-3422 43382908
-3420 43643674
-3418 43870564
-3416 43884546
-3414 44382244
-3412 44454014
-3410 44643836
-3408 44649631
-3406 44932608
-3404 45064035
-3402 45038098
-3400 44761546
-3398 45142732
-3396 44932275
-3394 45552666
-3392 45604304
-3390 45562880
-3388 45648227
-3386 45319497
-3384 45639734
-3382 46426908
-3380 45803932
-3378 46160627
-3376 46442652
-3374 46308402
-3372 46477560
-3370 46997661
-3368 46833390
-3366 46454130
-3364 46660422
-3362 46248341
-3360 46876751
-3358 47238540
-3356 47224355
-3354 47600250
-3352 47406642
-3350 47143545
-3348 46674237
-3346 46806284
-3344 47106167
-3342 47158769
-3340 47358640
-3338 47338565
-3336 47414113
-3334 47389392
-3332 47600613
-3330 47792239
-3328 47635809
-3326 47267920
-3324 47864963
-3322 47635079
-3320 47447155
-3318 47890307
-3316 47658095
-3314 47735780
-3312 48002339
-3310 47965836
-3308 48100718
-3306 48235025
-3304 48691042
-3302 49169047
-3300 49002310
-3298 49333040
-3296 49304417
-3294 49338069
-3292 49059925
-3290 49261183
-3288 49445367
-3286 49843616
-3284 49730266
-3282 49469607
-3280 49530199
-3278 49970716
-3276 50317840
-3274 50044923
-3272 50260216
-3270 50561490
-3268 50615345
-3266 50576321
-3264 50651681
-3262 50436435
-3260 50363327
-3258 50624183
-3256 50690711
-3254 50658451
-3252 50894937
-3250 51005297
-3248 50765009
-3246 51386723
-3244 51170155
-3242 51255858
-3240 51630912
-3238 51248930
-3236 51628626
-3234 51325127
-3232 51087183
-3230 51306148
-3228 52006447
-3226 52113375
-3224 52118528
-3222 52112448
-3220 52154345
-3218 52051934
-3216 52184479
-3214 52365895
-3212 52521305
-3210 51840888
-3208 52504567
-3206 52739341
-3204 52804819
-3202 52763782
-3200 53024008
-3198 52825890
-3196 52788249
-3194 52819422
-3192 52869593
-3190 53105221
-3188 53399381
-3186 53175406
-3184 53822590
-3182 53890087
-3180 53696072
-3178 53940786
-3176 53698408
-3174 53481557
-3172 53713513
-3170 53905487
-3168 54188411
-3166 54084807
-3164 54332789
-3162 54665255
-3160 54211671
-3158 54346948
-3156 54778230
-3154 54216088
-3152 54176411
-3150 54562628
-3148 54602451
-3146 54977303
-3144 55305865
-3142 55278805
-3140 55254076
-3138 55178986
-3136 54945394
-3134 55215535
-3132 55049379
-3130 55806742
-3128 55546270
-3126 55765511
-3124 55884612
-3122 56679821
-3120 56499718
-3118 56153421
-3116 56027781
-3114 56074265
-3112 56229556
-3110 56276696
-3108 56091814
-3106 55927309
-3104 56862930
-3102 56597059
-3100 56899375
-3098 57294306
-3096 57197163
-3094 57527291
-3092 57091011
-3090 57135497
-3088 57131814
-3086 57482625
-3084 57800304
-3082 57826892
-3080 57801552
-3078 57946816
-3076 58327633
-3074 58112243
-3072 58616532
-3070 58874467
-3068 58212234
-3066 58186420
-3064 58428498
-3062 58403209
-3060 58344468
-3058 59153138
-3056 58919925
-3054 59296694
-3052 59374236
-3050 59395662
-3048 59046905
-3046 59362500
-3044 59108502
-3042 58891253
-3040 58825462
-3038 59082396
-3036 59450163
-3034 59577801
-3032 60057427
-3030 60194893
-3028 60165022
-3026 60155764
-3024 60656654
-3022 60387235
-3020 60579696
-3018 60662726
-3016 60991399
-3014 61080166
-3012 61277285
-3010 60726609
-3008 60842981
-3006 61830246
-3004 61440365
-3002 61215872
-3000 61026716
-2998 61446231
-2996 61350771
-2994 61133358
-2992 61377941
-2990 61043156
-2988 61198580
-2986 61267372
-2984 61128576
-2982 61466920
-2980 61411844
-2978 61052248
-2976 61412264
-2974 61472881
-2972 61703255
-2970 61819822
-2968 61735480
-2966 61702463
-2964 61269895
-2962 61698144
-2960 61881358
-2958 62305866
-2956 62370713
-2954 62550618
-2952 62675763
-2950 62848250
-2948 62644597
-2946 63039790
-2944 63359825
-2942 63393192
-2940 63682779
-2938 63361002
-2936 63087017
-2934 63274269
-2932 63167278
-2930 63287590
-2928 63571337
-2926 63800245
-2924 64318338
-2922 64105907
-2920 63665051
-2918 63549620
-2916 63568325
-2914 63959584
-2912 64047620
-2910 63941210
-2908 63804180
-2906 64027595
-2904 64080725
-2902 63852856
-2900 64132517
-2898 64382625
-2896 64452430
-2894 64501620
-2892 64020099
-2890 63880927
-2888 64004443
-2886 64964931
-2884 64558507
-2882 64601780
-2880 64657788
-2878 65112964
-2876 65049550
-2874 65109538
-2872 64899057
-2870 64873794
-2868 64640380
-2866 64669489
-2864 65172639
-2862 65200371
-2860 65164891
-2858 65636756
-2856 65787224
-2854 65853264
-2852 65771096
-2850 66125027
-2848 65998428
-2846 65783213
-2844 66243890
-2842 66544310
-2840 66450125
-2838 67070580
-2836 67267807
-2834 67895210
-2832 67375089
-2830 67758650
-2828 67871051
-2826 67443381
-2824 67462849
-2822 67582017
-2820 67484511
-2818 67147279
-2816 67325111
-2814 67457875
-2812 67183295
-2810 67871424
-2808 67856904
-2806 67670304
-2804 67658552
-2802 67672645
-2800 68510073
-2798 68424546
-2796 68557332
-2794 68354265
-2792 68781266
-2790 68258497
-2788 68491862
-2786 68017861
-2784 68375599
-2782 69000417
-2780 68738814
-2778 69163465
-2776 69315820
-2774 69695578
-2772 69655877
-2770 69169448
-2768 69843710
-2766 69758697
-2764 69702070
-2762 69624866
-2760 69749479
-2758 69791130
-2756 69594113
-2754 69823315
-2752 69979861
-2750 69753873
-2748 69431891
-2746 69504389
-2744 69926509
-2742 70105671
-2740 70294238
-2738 69699983
-2736 70604564
-2734 70288496
-2732 70422215
-2730 70536202
-2728 70262182
-2726 70631942
-2724 71080202
-2722 71020638
-2720 71066511
-2718 70927933
-2716 71127784
-2714 71363452
-2712 71285186
-2710 71457758
-2708 71458789
-2706 71717423
-2704 71735548
-2702 71649460
-2700 72432032
-2698 72103005
-2696 72418449
-2694 71987058
-2692 72671841
-2690 72215707
-2688 72591630
-2686 72443203
-2684 72546184
-2682 72628871
-2680 72529054
-2678 72435617
-2676 73072003
-2674 73088147
-2672 73369955
-2670 73127924
-2668 72992308
-2666 73392910
-2664 73269198
-2662 73726440
-2660 73877038
-2658 73390335
-2656 73574930
-2654 74022426
-2652 73626464
-2650 73979543
-2648 73623477
-2646 73414426
-2644 73832223
-2642 74031883
-2640 74247782
-2638 74272756
-2636 74133001
-2634 74299349
-2632 74753869
-2630 74379355
-2628 74764827
-2626 75133656
-2624 74657877
-2622 74944905
-2620 74826807
-2618 74730670
-2616 74556545
-2614 74181925
-2612 74819566
-2610 74545825
-2608 74659614
-2606 74878053
-2604 74621791
-2602 74757994
-2600 74634598
-2598 75157220
-2596 75248367
-2594 75782546
-2592 75604853
-2590 75723377
-2588 76147437
-2586 76571477
-2584 76056687
-2582 76966782
-2580 77243545
-2578 76477887
-2576 76246119
-2574 76504882
-2572 76615086
-2570 76960400
-2568 76454336
-2566 76589028
-2564 76264929
-2562 76765200
-2560 76657517
-2558 76635509
-2556 77101698
-2554 77417266
-2552 77962837
-2550 77506568
-2548 77271054
-2546 77223673
-2544 77116222
-2542 77515452
-2540 77498001
-2538 77875942
-2536 77600825
-2534 77803964
-2532 77386262
-2530 78089915
-2528 78266576
-2526 78499226
-2524 78510608
-2522 78064863
-2520 78518994
-2518 78614070
-2516 78592672
-2514 78774876
-2512 78833441
-2510 78243590
-2508 78548027
-2506 78963934
-2504 78520532
-2502 78542072
-2500 78862860
-2498 78585453
-2496 79388484
-2494 79416874
-2492 79833828
-2490 79941982
-2488 79560699
-2486 79377958
-2484 79686615
-2482 79894021
-2480 79791127
-2478 80083126
-2476 79989006
-2474 79665609
-2472 79550677
-2470 79817432
-2468 79675013
-2466 79696595
-2464 80222120
-2462 80740785
-2460 80436695
-2458 79762090
-2456 80381380
-2454 80503525
-2452 80377129
-2450 81161338
-2448 80830508
-2446 80448225
-2444 80402874
-2442 81043401
-2440 80887802
-2438 80696555
-2436 81346267
-2434 81556859
-2432 81335348
-2430 81392544
-2428 80992376
-2426 81724694
-2424 81778759
-2422 81499700
-2420 81939603
-2418 82450354
-2416 82087043
-2414 82481556
-2412 82482126
-2410 82267174
-2408 83062554
-2406 82616017
-2404 82398400
-2402 82633220
-2400 82270036
-2398 82578908
-2396 82681379
-2394 82719734
-2392 82916329
-2390 82839559
-2388 82616024
-2386 82556583
-2384 82902822
-2382 83321246
-2380 83687781
-2378 83424108
-2376 83440857
-2374 83606055
-2372 83702800
-2370 83722850
-2368 84237549
-2366 84091473
-2364 84535714
-2362 84973575
-2360 85113185
-2358 84724853
-2356 84614442
-2354 84505793
-2352 84539221
-2350 84662829
-2348 85019160
-2346 84810465
-2344 84233671
-2342 83725497
-2340 84382766
-2338 85069435
-2336 84850216
-2334 85351700
-2332 85550585
-2330 84504662
-2328 85166800
-2326 85071615
-2324 84711288
-2322 84782106
-2320 84444791
-2318 84795415
-2316 85014506
-2314 84748768
-2312 85120113
-2310 84771470
-2308 85099229
-2306 84926622
-2304 85060034
-2302 85164569
-2300 85090331
-2298 85126083
-2296 85024097
-2294 85748252
-2292 85828419
-2290 85902117
-2288 85582987
-2286 85956275
-2284 85579709
-2282 85854062
-2280 86377114
-2278 86392899
-2276 86306217
-2274 86370121
-2272 86295709
-2270 86795694
-2268 86199249
-2266 86809370
-2264 86713981
-2262 86769777
-2260 87058665
-2258 87540280
-2256 87358945
-2254 87205082
-2252 87187846
-2250 87649940
-2248 87736854
-2246 87474897
-2244 87656624
-2242 87729443
-2240 87593718
-2238 87919103
-2236 88072770
-2234 88373081
-2232 88619968
-2230 88734387
-2228 88578446
-2226 88692934
-2224 88847356
-2222 88562472
-2220 88540011
-2218 88838533
-2216 88780870
-2214 88757425
-2212 88759567
-2210 89005825
-2208 89200147
-2206 88968617
-2204 88723651
-2202 89038071
-2200 89455989
-2198 89330029
-2196 89692595
-2194 89123075
-2192 89750550
-2190 89434298
-2188 89457116
-2186 89266232
-2184 89825373
-2182 89184998
-2180 90003451
-2178 89932291
-2176 89766359
-2174 89762592
-2172 90241131
-2170 90822024
-2168 90172118
-2166 90253920
-2164 90258815
-2162 90392820
-2160 90396368
-2158 90364875
-2156 90151926
-2154 90358352
-2152 90386841
-2150 90209887
-2148 90270090
-2146 90094885
-2144 90553731
-2142 91202670
-2140 90684704
-2138 90881471
-2136 91448092
-2134 90919404
-2132 91391943
-2130 91466245
-2128 91432759
-2126 91680333
-2124 92337665
-2122 92061769
-2120 91808394
-2118 91970129
-2116 91683075
-2114 91161699
-2112 91292297
-2110 91469921
-2108 91491717
-2106 91606517
-2104 91379417
-2102 91708583
-2100 91434241
-2098 92343644
-2096 92121306
-2094 92007068
-2092 92168172
-2090 92572125
-2088 92280109
-2086 91851731
-2084 93020987
-2082 92908681
-2080 92723758
-2078 93009777
-2076 93084941
-2074 92636996
-2072 92996802
-2070 92616494
-2068 92817691
-2066 92724417
-2064 93196911
-2062 92987081
-2060 93181103
-2058 93233714
-2056 93021224
-2054 93086764
-2052 93236880
-2050 93392661
-2048 93389250
-2046 93591407
-2044 93069731
-2042 93112610
-2040 93554771
-2038 93880630
-2036 93755162
-2034 93520622
-2032 93691439
-2030 93941511
-2028 94053593
-2026 94618310
-2024 94638782
-2022 94284244
-2020 94815395
-2018 94768191
-2016 94902195
-2014 95068735
-2012 95272750
-2010 95173793
-2008 95137628
-2006 95549583
-2004 95035120
-2002 94809805
-2000 95242635
-1998 94948678
-1996 94895957
-1994 95171897
-1992 94707711
-1990 94741932
-1988 94680544
-1986 95113481
-1984 94999999
-1982 95513522
-1980 95550013
-1978 95555486
-1976 95882625
-1974 95657883
-1972 95608633
-1970 96025784
-1968 95574625
-1966 95430525
-1964 95588145
-1962 95990780
-1960 96261980
-1958 96067999
-1956 96047710
-1954 96888897
-1952 96982936
-1950 96371565
-1948 97171461
-1946 96610947
-1944 97019936
-1942 97118138
-1940 97184914
-1938 97219999
-1936 97065931
-1934 96621918
-1932 96894227
-1930 97085821
-1928 97292202
-1926 97510899
-1924 97102329
-1922 97442260
-1920 97279672
-1918 97786836
-1916 97549516
-1914 97727128
-1912 98084503
-1910 97541796
-1908 97450346
-1906 98148861
-1904 98013778
-1902 98183837
-1900 98298085
-1898 98535314
-1896 98436243
-1894 98479959
-1892 98437693
-1890 99222904
-1888 99211171
-1886 99289784
-1884 99328047
-1882 98634896
-1880 99354453
-1878 99620819
-1876 99527533
-1874 99557153
-1872 99253519
-1870 99340307
-1868 99506149
-1866 99828339
-1864 99323409
-1862 99641133
-1860 99495636
-1858 99399514
-1856 99362475
-1854 99859099
-1852 99730981
-1850 100248988
-1848 100332992
-1846 100229020
-1844 100123415
-1842 99890152
-1840 99872591
-1838 100082998
-1836 99953737
-1834 100333246
-1832 100269030
-1830 99889244
-1828 100945961
-1826 100741364
-1824 100435859
-1822 100869529
-1820 100346163
-1818 99987038
-1816 100355435
-1814 100459363
-1812 100428450
-1810 100721387
-1808 100681475
-1806 101096998
-1804 100955216
-1802 100820219
-1800 100385049
-1798 100786846
-1796 101164995
-1794 101143707
-1792 101580710
-1790 101379629
-1788 101192232
-1786 100893565
-1784 101414532
-1782 101007510
-1780 101023628
-1778 101550142
-1776 102029439
-1774 102073844
-1772 102216005
-1770 102700537
-1768 102546739
-1766 102329613
-1764 102149580
-1762 102295678
-1760 102782675
-1758 102804743
-1756 102711377
-1754 102127285
-1752 102332404
-1750 102013952
-1748 102592468
-1746 102193580
-1744 102793205
-1742 102809858
-1740 102837556
-1738 102796400
-1736 102457989
-1734 103376556
-1732 103416794
-1730 103156446
-1728 103209190
-1726 102841128
-1724 102935056
-1722 103082906
-1720 103248487
-1718 103415597
-1716 103056833
-1714 103629557
-1712 103640364
-1710 104041216
-1708 104000581
-1706 104410234
-1704 103755683
-1702 104011711
-1700 104195174
-1698 104119810
-1696 104545805
-1694 104152919
-1692 103933567
-1690 104336903
-1688 103950906
-1686 104421339
-1684 104049995
-1682 104316893
-1680 104250426
-1678 104292611
-1676 104063176
-1674 103924550
-1672 103917305
-1670 104161458
-1668 104393746
-1666 104443618
-1664 104102842
-1662 104378331
-1660 104715647
-1658 104641664
-1656 104970417
-1654 104235790
-1652 104590129
-1650 104320058
-1648 105091273
-1646 105275145
-1644 105403804
-1642 105992462
-1640 105214896
-1638 105621338
-1636 105781597
-1634 105315584
-1632 105731626
-1630 105241788
-1628 105847285
-1626 105592426
-1624 105772749
-1622 105499141
-1620 105978273
-1618 105659379
-1616 105909334
-1614 106397940
-1612 105963870
-1610 106001587
-1608 106077900
-1606 105910892
-1604 106311608
-1602 106700802
-1600 106471783
-1598 106262596
-1596 106673235
-1594 106809903
-1592 106399192
-1590 106751920
-1588 106746684
-1586 106508764
-1584 106926602
-1582 106278390
-1580 106709400
-1578 107147273
-1576 106757378
-1574 107058231
-1572 106616059
-1570 107174186
-1568 107178583
-1566 107379130
-1564 107323292
-1562 107402378
-1560 108200136
-1558 107779135
-1556 107857984
-1554 108409542
-1552 108001515
-1550 107745434
-1548 107592285
-1546 107969416
-1544 108156549
-1542 108310217
-1540 108094081
-1538 107760531
-1536 108085737
-1534 108079741
-1532 108305253
-1530 109277552
-1528 109256266
-1526 109133075
-1524 108770805
-1522 109135479
-1520 109150656
-1518 108782552
-1516 108649315
-1514 109328740
-1512 108936356
-1510 108076411
-1508 108591532
-1506 108500269
-1504 109045149
-1502 109424748
-1500 108776410
-1498 108955806
-1496 109412869
-1494 109079897
-1492 109642845
-1490 109302895
-1488 109695351
-1486 109303531
-1484 109297998
-1482 109925663
-1480 109550019
-1478 109428017
-1476 110064911
-1474 109762864
-1472 110199645
-1470 109738115
-1468 110213533
-1466 110797894
-1464 110704016
-1462 110639286
-1460 110775014
-1458 110697650
-1456 111124863
-1454 110202506
-1452 110675152
-1450 110484518
-1448 110839631
-1446 110649835
-1444 110524889
-1442 111179482
-1440 111104030
-1438 110785041
-1436 111163073
-1434 111212799
-1432 110909562
-1430 111553653
-1428 110705973
-1426 110774031
-1424 111429743
-1422 111043886
-1420 110842995
-1418 111068108
-1416 111200775
-1414 110761717
-1412 110840042
-1410 110919677
-1408 110905746
-1406 111072360
-1404 111029858
-1402 111463085
-1400 111049872
-1398 111075108
-1396 111656901
-1394 111680972
-1392 111428265
-1390 112120337
-1388 111685922
-1386 112415224
-1384 112328365
-1382 111934610
-1380 112506100
-1378 112824117
-1376 112613468
-1374 112710506
-1372 112766515
-1370 112082535
-1368 112208071
-1366 111888270
-1364 112031625
-1362 112357619
-1360 111711606
-1358 112260744
-1356 112509196
-1354 112592705
-1352 112401904
-1350 112208954
-1348 111889083
-1346 112155195
-1344 112609448
-1342 112519465
-1340 112252678
-1338 111951368
-1336 112389243
-1334 112709021
-1332 112508228
-1330 113096798
-1328 112250825
-1326 112821650
-1324 112236274
-1322 112600286
-1320 112616497
-1318 112976700
-1316 112933392
-1314 113135514
-1312 113251575
-1310 113515188
-1308 113548546
-1306 113647418
-1304 113116086
-1302 113261008
-1300 113114637
-1298 113177728
-1296 113288821
-1294 114031568
-1292 112965629
-1290 113712355
-1288 113385308
-1286 113491635
-1284 113747021
-1282 113784936
-1280 113928020
-1278 113873909
-1276 113902148
-1274 113994689
-1272 114231994
-1270 114317416
-1268 114016411
-1266 114698786
-1264 114899065
-1262 114514055
-1260 114459070
-1258 114512956
-1256 114262170
-1254 114282475
-1252 114353648
-1250 114246118
-1248 113683971
-1246 114293081
-1244 113812993
-1242 114209829
-1240 114067262
-1238 114440497
-1236 114358997
-1234 114600641
-1232 114516093
-1230 114784857
-1228 114317103
-1226 114814507
-1224 114645948
-1222 114833329
-1220 114830918
-1218 115542240
-1216 115046279
-1214 115802070
-1212 115123417
-1210 115346396
-1208 115291019
-1206 115041033
-1204 115217398
-1202 115692294
-1200 115579097
-1198 115384387
-1196 115851533
-1194 115366946
-1192 115347062
-1190 115380898
-1188 115147681
-1186 115375061
-1184 115121309
-1182 114935353
-1180 115144016
-1178 115101872
-1176 115594574
-1174 115898516
-1172 115479879
-1170 115552764
-1168 115233024
-1166 115790217
-1164 115945486
-1162 115947886
-1160 116027552
-1158 116476634
-1156 116239719
-1154 116521357
-1152 116710368
-1150 117136978
-1148 117022888
-1146 117042720
-1144 116232666
-1142 117011226
-1140 116485711
-1138 116323455
-1136 116621489
-1134 116799201
-1132 117016592
-1130 116786302
-1128 116731980
-1126 116667608
-1124 116853180
-1122 116420132
-1120 116529409
-1118 117057740
-1116 116266254
-1114 116703789
-1112 116603164
-1110 116414751
-1108 117185063
-1106 117212883
-1104 117686277
-1102 117489716
-1100 117522598
-1098 117602234
-1096 118116719
-1094 117557706
-1092 116909483
-1090 117596246
-1088 117958055
-1086 117599711
-1084 117322342
-1082 117020335
-1080 117777603
-1078 117360447
-1076 118076537
-1074 117886944
-1072 117345912
-1070 118200119
-1068 117707294
-1066 118303348
-1064 117861387
-1062 117784304
-1060 118505333
-1058 118490353
-1056 118988747
-1054 119390058
-1052 119164100
-1050 118901828
-1048 118895551
-1046 119612686
-1044 118443763
-1042 118959521
-1040 118489923
-1038 118578259
-1036 118275117
-1034 118725723
-1032 118554268
-1030 119437910
-1028 118927911
-1026 119251010
-1024 119091543
-1022 118929622
-1020 118200973
-1018 118241905
-1016 118300486
-1014 118606358
-1012 118515888
-1010 118987121
-1008 118651607
-1006 118421625
-1004 118133709
-1002 118168807
-1000 118690966
-998 118849688
-996 119000529
-994 118940687
-992 119166615
-990 118995205
-988 119515670
-986 119451440
-984 119766271
-982 119987742
-980 119717419
-978 119476570
-976 119756682
-974 119987992
-972 119577147
-970 119568437
-968 119811741
-966 120092140
-964 120348875
-962 120225090
-960 119738401
-958 119998775
-956 119401160
-954 119505960
-952 119114558
-950 120140805
-948 120133950
-946 119756059
-944 119515320
-942 119888459
-940 120004000
-938 120027627
-936 120160035
-934 119564796
-932 120224888
-930 120592671
-928 120205655
-926 120178940
-924 120419245
-922 120448929
-920 120668234
-918 120714488
-916 120530278
-914 120621372
-912 120671009
-910 121185499
-908 120988565
-906 120838485
-904 121173524
-902 121118190
-900 120821613
-898 120837131
-896 120610538
-894 120824522
-892 121053877
-890 121599216
-888 122007189
-886 122010756
-884 121234792
-882 121267607
-880 121558446
-878 121372023
-876 121351862
-874 121174525
-872 120836005
-870 121966096
-868 121600783
-866 121620578
-864 121493024
-862 121560406
-860 121328453
-858 122137829
-856 121668888
-854 121153939
-852 121295130
-850 121566207
-848 121306681
-846 120871698
-844 121543424
-842 121029026
-840 121373716
-838 121377982
-836 122118183
-834 122014195
-832 122146127
-830 121889876
-828 121694948
-826 121504544
-824 121392989
-822 121634900
-820 122039786
-818 121767323
-816 121657399
-814 122411241
-812 122924519
-810 122613017
-808 122851177
-806 122923202
-804 123505882
-802 123232974
-800 123360180
-798 122176973
-796 121766767
-794 122109132
-792 122567540
-790 122623042
-788 122093546
-786 121869812
-784 122726847
-782 123151477
-780 122902629
-778 122996811
-776 122907920
-774 123121619
-772 122936293
-770 122617517
-768 122371771
-766 122471189
-764 123128677
-762 123100257
-760 123145452
-758 122668389
-756 122252613
-754 122262306
-752 122419122
-750 122053457
-748 121994536
-746 122289361
-744 121687150
-742 122323729
-740 122177766
-738 122678433
-736 122454395
-734 123192174
-732 123044173
-730 123193759
-728 122675375
-726 122631118
-724 122814138
-722 123402716
-720 123625946
-718 123324694
-716 123007151
-714 123339562
-712 122754821
-710 122820696
-708 122951445
-706 122805423
-704 122918798
-702 122763747
-700 123277767
-698 123450025
-696 122473152
-694 123484423
-692 123807894
-690 123457343
-688 122778474
-686 122235524
-684 122491853
-682 122742767
-680 122292026
-678 122648880
-676 122437386
-674 122738734
-672 122510188
-670 123330795
-668 123130005
-666 123048431
-664 123693169
-662 123414948
-660 123563187
-658 123649823
-656 123301311
-654 122803425
-652 123412997
-650 123568819
-648 123799167
-646 124190426
-644 123978693
-642 123146852
-640 123698000
-638 123188079
-636 123322046
-634 123531855
-632 123734497
-630 124039891
-628 124506527
-626 123993074
-624 123766293
-622 123758035
-620 123476329
-618 123448082
-616 123341660
-614 123227517
-612 123264704
-610 122830239
-608 123579916
-606 123756091
-604 124000258
-602 123999919
-600 123694684
-598 123472045
-596 123777846
-594 122886126
-592 123595265
-590 123631694
-588 123447603
-586 124484104
-584 123922897
-582 124748916
-580 124390651
-578 124870963
-576 124165156
-574 124615445
-572 124141485
-570 124061282
-568 124081600
-566 124607204
-564 124802857
-562 125446017
-560 125466470
-558 125676760
-556 126346345
-554 126177577
-552 125912371
-550 125547032
-548 125315870
-546 125738105
-544 125540704
-542 125600560
-540 125609822
-538 126231461
-536 125740094
-534 126070060
-532 126291935
-530 126027411
-528 126003438
-526 126492654
-524 125926498
-522 125492381
-520 125981435
-518 125749238
-516 126034676
-514 125513327
-512 125120033
-510 125052800
-508 125631636
-506 126990826
-504 126066469
-502 126204800
-500 126538407
-498 125846387
-496 125993071
-494 126499454
-492 126428249
-490 126922913
-488 126564183
-486 126203477
-484 126018419
-482 126930150
-480 126515108
-478 126367572
-476 126590975
-474 126112882
-472 126917889
-470 126351203
-468 126540404
-466 126333152
-464 126801230
-462 126424415
-460 126475050
-458 126353242
-456 127061247
-454 126286544
-452 126205614
-450 126110364
-448 126348745
-446 126374324
-444 126976204
-442 126208981
-440 125994791
-438 125781699
-436 126214152
-434 126289510
-432 126072204
-430 125839394
-428 125687897
-426 126288412
-424 126655144
-422 126251308
-420 126392570
-418 126203347
-416 126267182
-414 125718603
-412 126225451
-410 126580728
-408 126397620
-406 126326211
-404 126335804
-402 125868772
-400 126489646
-398 126180995
-396 126222867
-394 126788463
-392 125895743
-390 126217965
-388 126198926
-386 126681656
-384 126382541
-382 126228290
-380 126360242
-378 126232758
-376 126432352
-374 126263758
-372 125906676
-370 126242949
-368 125620538
-366 125531591
-364 125497024
-362 126261562
-360 126732124
-358 126352786
-356 126689978
-354 127046768
-352 127044456
-350 126834953
-348 126792052
-346 127101068
-344 126618453
-342 126733679
-340 126648259
-338 126524129
-336 126882088
-334 127098594
-332 127054723
-330 127407097
-328 127279910
-326 127573118
-324 126792466
-322 127373144
-320 127370763
-318 128121238
-316 128126949
-314 127538929
-312 127672187
-310 127788790
-308 127833446
-306 127427344
-304 127447828
-302 127258639
-300 127407843
-298 127467959
-296 127779380
-294 127385978
-292 127601775
-290 127710376
-288 127905870
-286 128002951
-284 127999614
-282 127661822
-280 127865059
-278 128123978
-276 128121266
-274 127906542
-272 127875511
-270 128173264
-268 128344204
-266 128090091
-264 127822253
-262 127598537
-260 127411774
-258 127932461
-256 128094353
-254 127717856
-252 127652047
-250 127488131
-248 127746108
-246 128086528
-244 127405916
-242 127034177
-240 127802363
-238 128483858
-236 127891443
-234 127258709
-232 127422964
-230 127277656
-228 127217838
-226 127748743
-224 127616519
-222 127460407
-220 127749954
-218 127702788
-216 128251839
-214 127677576
-212 127430277
-210 127664250
-208 127826780
-206 127533008
-204 127207543
-202 127338644
-200 127689079
-198 127450028
-196 128019274
-194 127838332
-192 127871505
-190 128155365
-188 128329765
-186 128745132
-184 128740671
-182 128238700
-180 128320060
-178 128177348
-176 127601897
-174 127543289
-172 127542806
-170 127539882
-168 127499327
-166 127562329
-164 127680861
-162 127979679
-160 127871496
-158 128443640
-156 127563236
-154 127765095
-152 127350824
-150 127883309
-148 127342177
-146 126778441
-144 126913374
-142 126722748
-140 126974490
-138 127172915
-136 127279910
-134 127020543
-132 127013516
-130 127007465
-128 127134830
-126 127126113
-124 127243364
-122 127363857
-120 127517751
-118 127161843
-116 127213242
-114 127577266
-112 127673866
-110 127420942
-108 127631417
-106 127063138
-104 127934416
-102 128189480
-100 128096837
-98 127635900
-96 127925330
-94 127795425
-92 127838418
-90 128607428
-88 128402916
-86 128417618
-84 127911264
-82 128152121
-80 127867818
-78 127351096
-76 127711305
-74 128196675
-72 127638970
-70 127566289
-68 127696510
-66 128423113
-64 127686034
-62 128095816
-60 127602081
-58 127946994
-56 127866267
-54 128384896
-52 128486620
-50 128183353
-48 127931792
-46 127790676
-44 128156097
-42 127880860
-40 128250595
-38 128062368
-36 127972540
-34 127757372
-32 128003761
-30 127761516
-28 127822203
-26 127465044
-24 127301540
-22 127300264
-20 126934825
-18 127106067
-16 127289336
-14 127393271
-12 127774327
-10 127693232
-8 127694657
-6 127717499
-4 128073332
-2 128159620
0 128219531
2 127884241
4 128369816
6 128556628
8 128727027
10 128626635
12 128534592
14 128018906
16 127887409
18 127542491
20 127174026
22 127089272
24 127365303
26 127603204
28 127669414
30 126912559
32 127016655
34 127465861
36 127009831
38 127235172
40 127579722
42 127609455
44 126749761
46 127000483
48 127594887
50 127338557
52 127878514
54 127526413
56 127194857
58 127430278
60 127357910
62 127901860
64 127780821
66 128406480
68 128384779
70 128348344
72 127902468
74 127543910
76 128279562
78 128284861
80 128232301
82 127443672
84 128373672
86 128349458
88 128615369
90 128574204
92 128436041
94 128055162
96 127883490
98 128670948
100 128131125
102 127951904
104 127698738
106 128088205
108 127904170
110 127735619
112 127762530
114 127568940
116 127832398
118 128128052
120 127369461
122 127851484
124 128282528
126 127911166
128 127686146
130 127735140
132 127516733
134 127985925
136 127445666
138 128379674
140 127980410
142 128151275
144 128646103
146 128405333
148 128179140
150 128354073
152 128021869
154 127605813
156 127417344
158 127667557
160 128096520
162 127708147
164 127534133
166 127789208
168 127450423
170 127338069
172 127304250
174 126954457
176 127755989
178 127314937
180 127549188
182 127945079
184 127838828
186 127800832
188 128552161
190 128377729
192 127984613
194 127866541
196 128174108
198 128394685
200 127783011
202 127328144
204 127987533
206 127562360
208 127522981
210 127499775
212 127044433
214 127107974
216 127571118
218 127304914
220 126792492
222 126621825
224 127148174
226 126795565
228 127025721
230 127032890
232 127185950
234 126956206
236 127251601
238 126911106
240 127019253
242 127098575
244 127127946
246 127128421
248 126872418
250 127123360
252 127259909
254 127039140
256 126943503
258 126945706
260 127249877
262 127393111
264 127978077
266 127100482
268 127474810
270 127723116
272 127261619
274 127431950
276 127314063
278 127295412
280 126649842
282 126811904
284 126911659
286 127767852
288 127376266
290 126919546
292 127612193
294 127560349
296 127773081
298 127367429
300 127525369
302 127500975
304 127896116
306 127849801
308 127565955
310 127947708
312 128124189
314 127622368
316 127812564
318 127636038
320 127836834
322 127132614
324 126952267
326 126891872
328 127116283
330 126549367
332 127045783
334 126659535
336 127020216
338 127012283
340 126880766
342 126752687
344 126383288
346 125597143
348 126165601
350 126058859
352 126922771
354 126704840
356 125906584
358 126517452
360 125628012
362 126375448
364 126174137
366 126030381
368 126027777
370 126455304
372 127009627
374 126891621
376 126311387
378 126335635
380 126307871
382 126690586
384 127018142
386 127237970
388 127169578
390 126556115
392 126334307
394 126302854
396 126218799
398 126210710
400 126406812
402 126279523
404 126747988
406 126847894
408 126425719
410 126263340
412 126331930
414 126071715
416 126192224
418 126416245
420 126062621
422 126290903
424 125816401
426 125734043
428 126253637
430 126052200
432 126068839
434 126090389
436 125880576
438 126136593
440 126730018
442 126888027
444 126526262
446 127314666
448 126490201
450 127123709
452 126761678
454 126392347
456 126224551
458 126429653
460 126254063
462 125984083
464 126055761
466 125911403
468 126133946
470 126009315
472 126199824
474 125614405
476 125496824
478 125770539
480 126066569
482 125509916
484 125349200
486 125899270
488 125623136
490 125578640
492 126105807
494 125509391
496 125824262
498 125983333
500 125703194
502 125362813
504 125578163
506 125626425
508 125122687
510 125679828
512 125287654
514 125629821
516 125719546
518 124905636
520 124903885
522 124921287
524 124853716
526 125395541
528 125080681
530 125162378
532 125356141
534 125344522
536 125737295
538 125578507
540 125414898
542 125046798
544 124935965
546 125367467
548 125092439
550 125900513
552 125349733
554 125552548
556 125568007
558 125590623
560 125426240
562 125318977
564 126093322
566 125130761
568 125171169
570 125180491
572 124321979
574 125076215
576 124719063
578 124886651
580 124943482
582 124818098
584 124692933
586 124584047
588 124245142
590 124832210
592 124584212
594 124935492
596 125002413
598 124517779
600 124566985
602 124250798
604 124003567
606 124038027
608 123848963
610 123533442
612 124269429
614 123769940
616 123557828
618 123844696
620 123478817
622 124005257
624 124351155
626 124504764
628 124494591
630 124062154
632 124160593
634 124513479
636 124691149
638 124217236
640 124473644
642 124690049
644 124756241
646 124772756
648 124605128
650 124544037
652 124280945
654 124465191
656 124219509
658 124188811
660 124191626
662 123517118
664 124027735
666 123962852
668 123760510
670 124003193
672 124408067
674 124464554
676 124283181
678 124169173
680 123900701
682 124206104
684 124435606
686 123925539
688 123631199
690 124467349
692 124070096
694 124039578
696 124594353
698 124841801
700 125058278
702 124394322
704 124180005
706 124421029
708 124304584
710 124382413
712 123891755
714 124152127
716 124131459
718 124248181
720 123796368
722 123343573
724 123294272
726 123323699
728 123654636
730 123505163
732 123146992
734 122421792
736 122349492
738 123214465
740 122821831
742 121887480
744 122362828
746 122362014
748 122948740
750 122994749
752 123195005
754 123355500
756 123556803
758 123530598
760 123312694
762 123248164
764 123150805
766 122560745
768 123207066
770 123377179
772 122677790
774 122621924
776 123095697
778 123548410
780 122954579
782 122799294
784 122846993
786 122965208
788 122251113
790 122392914
792 122082707
794 122422968
796 122623008
798 122353032
800 123044211
802 121952703
804 122482518
806 122607198
808 122039042
810 121627621
812 122010288
814 122366385
816 122275631
818 122358373
820 122626300
822 122113984
824 122357641
826 121902789
828 122340571
830 122235174
832 121761645
834 121656502
836 121197765
838 121192785
840 120442704
842 120708126
844 120666165
846 120718203
848 121317052
850 121049041
852 120929407
854 120645038
856 121465306
858 122007918
860 121810106
862 121596375
864 121975055
866 122089141
868 121550991
870 121820627
872 122410619
874 122102610
876 122606872
878 121970369
880 121654609
882 121309847
884 121427198
886 120993848
888 121669093
890 121727763
892 121331403
894 120747964
896 120535034
898 121156035
900 120192344
902 120981366
904 121053913
906 120658212
908 120595640
910 120526465
912 120555543
914 120605499
916 120680021
918 120885244
920 120847233
922 120317369
924 120728868
926 120832492
928 120960244
930 120376403
932 120205475
934 120192637
936 120478474
938 120028928
940 120297396
942 119496764
944 119719260
946 119341218
948 119076425
950 118773227
952 118768411
954 119399197
956 119231112
958 119700895
960 119616131
962 119573036
964 119985589
966 120266070
968 119643737
970 119723213
972 119557353
974 119232379
976 119417110
978 119642885
980 119305454
982 119820551
984 119294796
986 119399613
988 119468334
990 119489608
992 119378555
994 119272834
996 119090177
998 118519375
1000 118704250
1002 118737855
1004 118661567
1006 119087779
1008 119151733
1010 118918916
1012 119159605
1014 118990913
1016 118589538
1018 119341675
1020 118930496
1022 119320366
1024 119022257
1026 119172504
1028 119359190
1030 119500340
1032 119059637
1034 118661437
1036 118760007
1038 118350946
1040 118566631
1042 118399810
1044 118273550
1046 118661337
1048 118223485
1050 117839972
1052 117929011
1054 118045638
1056 118503409
1058 118435000
1060 118181111
1062 118667599
1064 118266583
1066 118681295
1068 117997314
1070 117554158
1072 117691518
1074 117689919
1076 117047135
1078 117019527
1080 118143939
1082 117403062
1084 117775780
1086 118409654
1088 118502067
1090 117522052
1092 117478099
1094 117330387
1096 117770386
1098 117883988
1100 117956069
1102 117625638
1104 117423966
1106 117117754
1108 116701984
1110 117267820
1112 117048663
1114 117249071
1116 116990817
1118 117105895
1120 117015589
1122 116439950
1124 116634712
1126 117042299
1128 116409310
1130 115945989
1132 115977022
1134 116267442
1136 116330792
1138 116383819
1140 116157087
1142 116383049
1144 116178846
1146 115991443
1148 116093797
1150 116499777
1152 116072845
1154 116488522
1156 116706603
1158 116496904
1160 116226701
1162 115573858
1164 116409176
1166 115986666
1168 116110379
1170 116056362
1172 115444714
1174 115277850
1176 115699421
1178 115239850
1180 115860729
1182 115966453
1184 115863384
1186 115609303
1188 115958567
1190 116128926
1192 115769615
1194 114762522
1196 115523450
1198 115532282
1200 115607536
1202 115492122
1204 115139202
1206 114708097
1208 115301774
1210 114692567
1212 114901427
1214 114663423
1216 114486057
1218 114715672
1220 114728505
1222 114694664
1224 114805135
1226 114456750
1228 114063038
1230 113934041
1232 114337522
1234 114548539
1236 113764127
1238 114294512
1240 114486086
1242 114778294
1244 114436488
1246 114652239
1248 114773722
1250 114924657
1252 114875791
1254 115001806
1256 114465551
1258 114905796
1260 114901783
1262 114759709
1264 114240554
1266 113890967
1268 113735445
1270 113618672
1272 114244940
1274 114351964
1276 114223518
1278 114393840
1280 114217399
1282 113722047
1284 113860397
1286 114040222
1288 113702407
1290 113527296
1292 113678613
1294 113856699
1296 113661361
1298 113539809
1300 114022999
1302 113543134
1304 113281065
1306 113647086
1308 113179146
1310 113341943
1312 114295948
1314 113941440
1316 113372886
1318 112935640
1320 112773298
1322 112851966
1324 112793516
1326 113194493
1328 112985603
1330 112976630
1332 113091288
1334 112571933
1336 112800778
1338 112485876
1340 112273598
1342 112287257
1344 112614082
1346 112223127
1348 112932972
1350 113018671
1352 112606014
1354 112257091
1356 112517375
1358 111838280
1360 111829505
1362 111075002
1364 111299443
1366 111500246
1368 111785789
1370 111142680
1372 111423532
1374 111709307
1376 111709253
1378 111556300
1380 111463134
1382 111820896
1384 110950523
1386 110961500
1388 111019239
1390 110801101
1392 110953862
1394 111091318
1396 111097446
1398 111820470
1400 111275914
1402 111090651
1404 111453321
1406 110937527
1408 111528882
1410 111129607
1412 111371884
1414 111446369
1416 111785432
1418 111128032
1420 111204021
1422 111102211
1424 111248201
1426 111650684
1428 111046234
1430 111137638
1432 111166126
1434 111050706
1436 111418873
1438 111453853
1440 111405621
1442 111216456
1444 110798841
1446 110389077
1448 110685917
1450 110232544
1452 110571840
1454 110267276
1456 110388781
1458 109799416
1460 109797915
1462 109781211
1464 110176675
1466 110030175
1468 110199038
1470 109801586
1472 109665698
1474 109156626
1476 109001500
1478 108889889
1480 109183173
1482 109795673
1484 109427152
1486 109067716
1488 109125840
1490 109535041
1492 109241596
1494 108947878
1496 108906226
1498 108688865
1500 108477824
1502 108563108
1504 108905230
1506 108643684
1508 108649515
1510 108240207
1512 108214065
1514 107972392
1516 108056310
1518 107991113
1520 108269451
1522 108182069
1524 108897072
1526 109007865
1528 109024185
1530 108931596
1532 108466630
1534 108496535
1536 108975506
1538 108095725
1540 108911513
1542 107458924
1544 107164565
1546 107111420
1548 107253384
1550 107393455
1552 107634217
1554 107788170
1556 107620566
1558 107332357
1560 107251533
1562 107301106
1564 106874405
1566 107170895
1568 106820436
1570 106626679
1572 106800354
1574 106991531
1576 106757085
1578 106738561
1580 106808826
1582 106510021
1584 106689676
1586 106260263
1588 106312509
1590 106869000
1592 106964373
1594 106436737
1596 105721219
1598 105776645
1600 105692149
1602 105351138
1604 105780327
1606 105825458
1608 105995223
1610 106237948
1612 105603401
1614 105750010
1616 105848980
1618 105770703
1620 105933841
1622 105956204
1624 106317905
1626 105944145
1628 105309340
1630 105801198
1632 105888423
1634 105669930
1636 105195053
1638 105460070
1640 105885247
1642 105154693
1644 105373524
1646 105453027
1648 105552715
1650 105055270
1652 104772229
1654 104615547
1656 104995592
1658 105343468
1660 104771943
1662 104641165
1664 104412905
1666 104372588
1668 104496928
1670 104215945
1672 103992543
1674 103833220
1676 103638709
1678 105011244
1680 104656189
1682 104505486
1684 104261159
1686 104297204
1688 104220849
1690 104228807
1692 104110326
1694 104323410
1696 103551081
1698 103867726
1700 103442250
1702 104369719
1704 103892610
1706 103932775
1708 103924074
1710 103326140
1712 103729967
1714 103138856
1716 103469523
1718 103406359
1720 103496104
1722 103066231
1724 102670915
1726 103001304
1728 103520271
1730 103168393
1732 103057657
1734 102817400
1736 102326445
1738 102917744
1740 102783580
1742 103052053
1744 102855084
1746 103045112
1748 102974966
1750 102746842
1752 103074596
1754 102575261
1756 102395911
1758 102358768
1760 102616289
1762 102499333
1764 101746640
1766 102080571
1768 101907627
1770 101977648
1772 101946070
1774 102003681
1776 101791528
1778 102122569
1780 101866480
1782 101358143
1784 101108086
1786 101517573
1788 101114936
1790 101356754
1792 100904948
1794 101313300
1796 101420122
1798 101434525
1800 101328888
1802 101323554
1804 100842020
1806 101228875
1808 101434222
1810 100869163
1812 100817869
1814 101345221
1816 101071156
1818 100643073
1820 100646697
1822 100983982
1824 100877259
1826 100488902
1828 100811946
1830 100686076
1832 100945863
1834 101181526
1836 100318809
1838 100351192
1840 100248960
1842 100681229
1844 100715320
1846 100968274
1848 100389879
1850 100133088
1852 100419236
1854 99952258
1856 100405219
1858 100163250
1860 100366785
1862 100256310
1864 99918452
1866 100136835
1868 99871277
1870 99708419
1872 99317320
1874 99204426
1876 99199826
1878 99387458
1880 98595197
1882 98541893
1884 97969550
1886 98468137
1888 98751705
1890 98483836
1892 98504085
1894 98362323
1896 98265360
1898 98193253
1900 98076413
1902 98108045
1904 97953358
1906 97016848
1908 97429236
1910 97496878
1912 98103941
1914 98013469
1916 97647703
1918 97155486
1920 97480440
1922 96648925
1924 96802800
1926 97332522
1928 97747034
1930 96990195
1932 97034328
1934 96813781
1936 96637693
1938 97313844
1940 97309682
1942 96946671
1944 96868416
1946 96836038
1948 96974434
1950 96835177
1952 97172750
1954 97135571
1956 96778384
1958 96927876
1960 96693278
1962 96136600
1964 96272935
1966 96144405
1968 96235280
1970 96411899
1972 95837038
1974 95748543
1976 95990040
1978 95885930
1980 95673049
1982 96201562
1984 95792328
1986 96086072
1988 95807466
1990 95388553
1992 94929622
1994 95575050
1996 95042100
1998 95203079
2000 94731665
2002 95192235
2004 95143281
2006 94492389
2008 94398352
2010 94088595
2012 94616803
2014 94286945
2016 94149384
2018 94498385
2020 94154024
2022 94250398
2024 94353442
2026 94411484
2028 93616062
2030 94038557
2032 93502605
2034 93593538
2036 93140754
2038 93627130
2040 93580081
2042 93462036
2044 93047223
2046 93792013
2048 93608594
2050 93327177
2052 92813398
2054 92990205
2056 93771704
2058 93220847
2060 93304304
2062 93296791
2064 93570547
2066 93729326
2068 92824173
2070 93323039
2072 93065324
2074 92853859
2076 92970357
2078 92343462
2080 91825688
2082 92324439
2084 92515786
2086 92778067
2088 92522111
2090 92099227
2092 92459047
2094 92311186
2096 92704468
2098 91886003
2100 92136848
2102 91908930
2104 91352181
2106 91732558
2108 91547372
2110 91279097
2112 91382648
2114 91241879
2116 91881670
2118 92076329
2120 92317415
2122 91891996
2124 91813349
2126 91637451
2128 91656690
2130 91637130
2132 90627718
2134 91089982
2136 90312545
2138 90030406
2140 90478624
2142 90314127
2144 90777006
2146 90313757
2148 90844762
2150 90519814
2152 90701413
2154 90708712
2156 90316010
2158 90553472
2160 90438728
2162 89937923
2164 90661941
2166 90429492
2168 90472635
2170 90628704
2172 91137151
2174 90506082
2176 90715340
2178 90554666
2180 90179895
2182 90158250
2184 89881255
2186 89933125
2188 89881250
2190 89694514
2192 89473756
2194 89541500
2196 89680540
2198 89189619
2200 89522195
2202 89474252
2204 88825178
2206 89021090
2208 88420096
2210 88383895
2212 88658899
2214 88655237
2216 88180593
2218 88460580
2220 88899278
2222 88483726
2224 88543906
2226 88053914
2228 88373898
2230 87972143
2232 87646477
2234 87657710
2236 87694006
2238 86947094
2240 87364722
2242 87423127
2244 87504719
2246 87488548
2248 87220248
2250 87421826
2252 87141507
2254 86806539
2256 87373157
2258 87272116
2260 87401371
2262 86932065
2264 86931800
2266 87077539
2268 86487705
2270 86468577
2272 86620177
2274 86223143
2276 86442591
2278 86416855
2280 86200538
2282 87177405
2284 86393879
2286 86448154
2288 86208770
2290 85891285
2292 86133785
2294 85974642
2296 86012250
2298 85748248
2300 85985412
2302 85551551
2304 85207334
2306 85097207
2308 85168254
2310 85775808
2312 85998108
2314 85410957
2316 85108417
2318 84781203
2320 84941794
2322 85043942
2324 84750006
2326 84668277
2328 84794842
2330 84903827
2332 84167891
2334 84502035
2336 84121946
2338 84784458
2340 84774168
2342 85187975
2344 84616862
2346 84506641
2348 85119407
2350 84253420
2352 84019154
2354 84421166
2356 84133819
2358 84093548
2360 83846104
2362 83819641
2364 83773645
2366 83352712
2368 83135420
2370 83020279
2372 83658070
2374 83717128
2376 83191733
2378 83502151
2380 83078323
2382 83435091
2384 83693753
2386 83239215
2388 82571128
2390 82593941
2392 82684789
2394 82505350
2396 82502626
2398 82691796
2400 82222425
2402 81891190
2404 82514499
2406 82101973
2408 82402483
2410 82640322
2412 81600270
2414 82223591
2416 81765387
2418 81784817
2420 81551610
2422 81375714
2424 81067378
2426 81453215
2428 81193116
2430 80920014
2432 81044799
2434 81094960
2436 81279311
2438 82034961
2440 81893192
2442 81681757
2444 81079813
2446 80502272
2448 80363661
2450 80831131
2452 81055821
2454 81150615
2456 80518874
2458 81013991
2460 80965670
2462 80763569
2464 80852844
2466 80855372
2468 80433269
2470 80605567
2472 80160199
2474 80237060
2476 79959334
2478 80437965
2480 80163455
2482 80002121
2484 80336350
2486 79858562
2488 79607765
2490 79611535
2492 79359304
2494 78978964
2496 78854087
2498 78613332
2500 78680093
2502 78506265
2504 78368160
2506 78271044
2508 77968297
2510 77867383
2512 78109570
2514 77765526
2516 77840821
2518 77747838
2520 77676452
2522 77970670
2524 77477191
2526 76990060
2528 77186604
2530 77038917
2532 77163546
2534 77090163
2536 77682341
2538 76924927
2540 77067268
2542 77142169
2544 76979205
2546 77082134
2548 77290353
2550 76904655
2552 77067884
2554 76702364
2556 76207074
2558 76156135
2560 76524149
2562 75854143
2564 76046069
2566 76416924
2568 76469348
2570 76193929
2572 76240384
2574 75711237
2576 75954282
2578 75570513
2580 75642646
2582 75053584
2584 75785917
2586 75531012
2588 75272158
2590 76374228
2592 76577383
2594 76019673
2596 76185222
2598 75839486
2600 75517936
2602 75399073
2604 75445087
2606 75405007
2608 75340302
2610 74974242
2612 74970316
2614 74711885
2616 74466919
2618 74198919
2620 74914013
2622 74403518
2624 74786669
2626 74607326
2628 74359636
2630 74387075
2632 74395972
2634 74426380
2636 74094353
2638 74009433
2640 73876770
2642 73882916
2644 73978151
2646 73929579
2648 73618913
2650 73627293
2652 73847050
2654 73538948
2656 73159678
2658 73425177
2660 73166653
2662 73117351
2664 73351450
2666 72993185
2668 72980586
2670 72945617
2672 72771433
2674 72750201
2676 72745945
2678 72884996
2680 72423576
2682 72478826
2684 72723407
2686 72381226
2688 72269156
2690 72100701
2692 72055629
2694 71803242
2696 72080631
2698 71931778
2700 72442658
2702 71556658
2704 71571952
2706 71977855
2708 71564020
2710 71970868
2712 71731132
2714 71907708
2716 71333651
2718 71324356
2720 71412279
2722 71710488
2724 71697336
2726 71455847
2728 70788513
2730 70802044
2732 71281605
2734 71309926
2736 70855326
2738 70816702
2740 70969625
2742 70440889
2744 70691859
2746 70392675
2748 70201838
2750 70016845
2752 70372392
2754 69740591
2756 69546389
2758 69710148
2760 69004065
2762 69220373
2764 69412988
2766 69200554
2768 68824818
2770 69126534
2772 69611502
2774 68874133
2776 68902084
2778 68706323
2780 68521509
2782 68794839
2784 68483643
2786 68307439
2788 67824474
2790 68043619
2792 68309987
2794 67903594
2796 68140009
2798 67813285
2800 67824701
2802 67726775
2804 67384775
2806 67047841
2808 66848141
2810 66726298
2812 67048125
2814 67618344
2816 67139646
2818 67525218
2820 67308381
2822 67155285
2824 66830669
2826 66624667
2828 66811718
2830 66806484
2832 66896124
2834 67160656
2836 67078340
2838 66882572
2840 67096168
2842 66637172
2844 66950035
2846 66551596
2848 66182944
2850 66169225
2852 66223793
2854 66295676
2856 66455904
2858 65958231
2860 65827182
2862 65884196
2864 65850674
2866 65318873
2868 65253571
2870 65052588
2872 65203799
2874 65442255
2876 64663818
2878 65268828
2880 64922803
2882 64697301
2884 64936476
2886 64702016
2888 64710544
2890 64379842
2892 64403069
2894 64522605
2896 64527358
2898 64952649
2900 64484760
2902 64283526
2904 64049304
2906 64272838
2908 64345679
2910 63565631
2912 63491475
2914 63248703
2916 63123253
2918 63178964
2920 63346589
2922 63011177
2924 63436559
2926 63319786
2928 62902737
2930 63134554
2932 63325995
2934 62801661
2936 63085439
2938 63210698
2940 63038577
2942 62527737
2944 62653054
2946 63133300
2948 62832208
2950 62991629
2952 62824344
2954 62296442
2956 61781122
2958 61473614
2960 61739427
2962 62178823
2964 61399430
2966 61396905
2968 61693384
2970 61798879
2972 61992822
2974 61476263
2976 61585551
2978 60927330
2980 61371659
2982 61181377
2984 61330368
2986 61795545
2988 61552826
2990 60860094
2992 60918487
2994 61178478
2996 60986146
2998 60616237
3000 60414691
3002 60314621
3004 60160999
3006 60572079
3008 60156908
3010 60129961
3012 60052116
3014 59612437
3016 59194897
3018 59510448
3020 59223602
3022 59496631
3024 59391361
3026 59367553
3028 59043527
3030 59415565
3032 59705068
3034 59051954
3036 59113608
3038 59248312
3040 58811955
3042 58646028
3044 58762559
3046 58815912
3048 58969075
3050 58601261
3052 58341677
3054 58449280
3056 57773880
3058 57785223
3060 57383108
3062 57691849
3064 57510005
3066 57301125
3068 58558952
3070 57901238
3072 57689740
3074 57543284
3076 57364639
3078 57512539
3080 56944527
3082 57013438
3084 56880470
3086 57324545
3088 57016429
3090 56861923
3092 57028174
3094 57289799
3096 57344699
3098 57592046
3100 57168317
3102 56845268
3104 57250399
3106 56918746
3108 56188474
3110 56280122
3112 56714282
3114 56491787
3116 55527145
3118 55435510
3120 55670363
3122 55488702
3124 55559772
3126 55220226
3128 55377575
3130 55114790
3132 55297304
3134 55102805
3136 54670038
3138 55090958
3140 55342766
3142 54810347
3144 54635720
3146 54734606
3148 55241394
3150 54637592
3152 54633218
3154 54573860
3156 54851729
3158 55030629
3160 54359206
3162 53918724
3164 53911810
3166 53963813
3168 54043614
3170 53948601
3172 53720080
3174 53481858
3176 53872133
3178 53438627
3180 53433527
3182 53739128
3184 53274849
3186 53496139
3188 53187070
3190 53439784
3192 53592365
3194 53173960
3196 53484790
3198 52930785
3200 52573607
3202 52628698
3204 52800658
3206 52607990
3208 52491883
3210 51719922
3212 51841375
3214 51959598
3216 51612314
3218 52074588
3220 52526130
3222 52153410
3224 52122468
3226 51816809
3228 51879007
3230 51666814
3232 51031294
3234 50943111
3236 51499228
3238 51466572
3240 50982768
3242 50389701
3244 50831838
3246 50736896
3248 50754991
3250 50698118
3252 50333490
3254 50703103
3256 50367433
3258 50582301
3260 50234978
3262 49899834
3264 49756444
3266 49695849
3268 49735410
3270 50284665
3272 50242259
3274 49869926
3276 49536435
3278 50024684
3280 49806118
3282 49965102
3284 49400849
3286 49680467
3288 49279366
3290 49346082
3292 48880159
3294 48583290
3296 48173288
3298 48379289
3300 48796851
3302 48780021
3304 48664229
3306 48456127
3308 48687248
3310 48175933
3312 48203417
3314 48638414
3316 48399616
3318 47815943
3320 47650848
3322 47941441
3324 48070174
3326 47820827
3328 47931654
3330 47336797
3332 47699413
3334 47725997
3336 47808160
3338 47622326
3340 47569085
3342 47422337
3344 47491435
3346 47464122
3348 47351118
3350 47129222
3352 47198422
3354 47455646
3356 46928313
3358 46884267
3360 46710451
3362 46807877
3364 46717020
3366 46926490
3368 46349694
3370 46194476
3372 46619719
3374 46353761
3376 46217565
3378 46186968
3380 46288599
3382 45266256
3384 45329842
3386 45898095
3388 45527083
3390 45575304
3392 45307903
3394 45512047
3396 45441149
3398 44748072
3400 44552422
3402 44762751
3404 44895369
3406 44584077
3408 44515427
3410 44600697
3412 44460352
3414 44517104
3416 44287098
3418 44553734
3420 44044858
3422 44207202
3424 43973943
3426 43956559
3428 43903782
3430 43325466
3432 43431856
3434 43459741
3436 43295125
3438 43242300
3440 43297491
3442 43164742
3444 43147728
3446 42819252
3448 42990703
3450 42732838
3452 42635585
3454 42456806
3456 42104581
3458 42205735
3460 42275243
3462 42749994
3464 42983669
3466 42515517
3468 42634612
3470 42583300
3472 42154045
3474 42457028
3476 41905765
3478 42508515
3480 42223085
3482 42064393
3484 41812558
3486 42009049
3488 41668591
3490 41639333
3492 41442922
3494 41472203
3496 41537083
3498 41525593
3500 40939404
3502 40994971
3504 40830194
3506 41094557
3508 41424676
3510 41028758
3512 40953453
3514 40348941
3516 40757455
3518 40425099
3520 40068049
3522 40389367
3524 39975305
3526 40052773
3528 40127582
3530 39951364
3532 40258755
3534 39584904
3536 39450896
3538 39337153
3540 39648892
3542 39172413
3544 39427026
3546 39470897
3548 39486527
3550 39424361
3552 39368155
3554 39311546
3556 38879409
3558 38509058
3560 38511018
3562 38170951
3564 38128611
3566 38129175
3568 38291777
3570 38108648
3572 37742440
3574 37393588
3576 37534050
3578 37599663
3580 37790474
3582 37557666
3584 37056683
3586 37412680
3588 37151375
3590 37180656
3592 37326933
3594 37084483
3596 37273665
3598 37143042
3600 36950637
3602 36760181
3604 36774819
3606 36441487
3608 36715809
3610 36523466
3612 36998572
3614 36276647
3616 36169628
3618 36641913
3620 36263641
3622 36012452
3624 35449813
3626 35361141
3628 35452356
3630 35366100
3632 35702658
3634 35801971
3636 36441732
3638 36148616
3640 36061659
3642 35845685
3644 35579409
3646 35260077
3648 35457330
3650 35005252
3652 35113053
3654 35043131
3656 34944092
3658 34839580
3660 34662918
3662 34432453
3664 34119227
3666 34163677
3668 33756569
3670 33664984
3672 33712722
3674 33569627
3676 33548172
3678 33158681
3680 33234476
3682 33244510
3684 33195531
3686 33583942
3688 33547083
3690 33415586
3692 33061489
3694 32686934
3696 32732525
3698 32765780
3700 32752380
3702 32961252
3704 33123336
3706 32811779
3708 32547109
3710 32436897
3712 32640134
3714 32169130
3716 32014809
3718 32562237
3720 31854147
3722 32007112
3724 31947756
3726 31795442
3728 31548761
3730 31857707
3732 31357031
3734 31638890
3736 31186173
3738 31084531
3740 30948859
3742 30943083
3744 31202373
3746 31227167
3748 31183562
3750 31242947
3752 30992807
3754 30926437
3756 30681306
3758 30517817
3760 30627435
3762 30643055
3764 30378905
3766 30424116
3768 29901715
3770 29829183
3772 29770636
3774 29495356
3776 29467627
3778 29622058
3780 29542857
3782 29407669
3784 29724794
3786 29636242
3788 29303985
3790 28768482
3792 28812435
3794 29056955
3796 29060400
3798 29035875
3800 28965070
3802 28842035
3804 28733664
3806 28857824
3808 28852466
3810 28955852
3812 28953776
3814 28762899
3816 28793018
3818 28341765
3820 28378759
3822 28259727
3824 28252706
3826 27643548
3828 27404307
3830 27360182
3832 27250466
3834 27397978
3836 27361217
3838 27759732
3840 27692588
3842 27484731
3844 27080826
3846 26738284
3848 27007594
3850 27094274
3852 26821882
3854 26694536
3856 26480753
3858 26617861
3860 26588087
3862 26292342
3864 26412617
3866 26108490
3868 25669489
3870 25468254
3872 25462528
3874 25198852
3876 25401054
3878 25070539
3880 25133971
3882 25454142
3884 25448952
3886 25407689
3888 25057403
3890 25013002
3892 24928161
3894 25234634
3896 25024076
3898 24872125
3900 24462828
3902 24508145
3904 24363448
3906 24039079
3908 23626609
3910 23528599
3912 23289394
3914 23540395
3916 23817176
3918 23695995
3920 23592368
3922 23634592
3924 23658309
3926 23445348
3928 23377636
3930 23295140
3932 22978609
3934 23092090
3936 22705394
3938 22699454
3940 22686192
3942 22466299
3944 22653910
3946 22932567
3948 22679778
3950 22516074
3952 22270210
3954 22474538
3956 22304067
3958 22835395
3960 22469775
3962 22375415
3964 22526064
3966 22513333
3968 22137671
3970 21583295
3972 21622841
3974 21519694
3976 21868652
3978 21882560
3980 21842633
3982 21814637
3984 21659661
3986 21576704
3988 21007516
3990 21007346
3992 21185415
3994 20805346
3996 21035584
3998 20732765
4000 20514712
4002 20604583
4004 20626947
4006 20176308
4008 20075387
4010 20369701
4012 20250363
4014 20080913
4016 19942274
4018 19811684
4020 19853904
4022 19880469
4024 19835422
4026 19964253
4028 19674515
4030 19149095
4032 19091060
4034 19242213
4036 19082958
4038 19299486
4040 19133021
4042 18561845
4044 18864618
4046 18802603
4048 18808238
4050 18427790
4052 18166156
4054 18254666
4056 18257219
4058 18061270
4060 18164766
4062 17899972
4064 17861572
4066 17831029
4068 17683477
4070 17652446
4072 17873926
4074 17482408
4076 17421433
4078 17335839
4080 17523126
4082 17444671
4084 17475485
4086 17242954
4088 17347898
4090 17204072
4092 17001282
4094 16525403
4096 16568990
4098 16695760
4100 16490358
4102 16495663
4104 16488432
4106 16303230
4108 16142765
4110 16321178
4112 16417412
4114 16275627
4116 16207433
4118 16006270
4120 15964166
4122 15745668
4124 15787319
4126 15588278
4128 15477109
4130 15248947
4132 15129300
4134 15165194
4136 15645154
4138 15337719
4140 15481122
4142 15198945
4144 14902678
4146 15190894
4148 14890366
4150 14700600
4152 14666723
4154 14732143
4156 14413302
4158 14258605
4160 13973224
4162 14097111
4164 13891877
4166 14021984
4168 13755944
4170 13717554
4172 13681422
4174 13781846
4176 13865531
4178 13392981
4180 13088833
4182 13245823
4184 13137699
4186 13360982
4188 13159380
4190 13309902
4192 13045530
4194 13418413
4196 13052648
4198 13063226
4200 12810703
4202 12727839
4204 12734220
4206 12559985
4208 12663043
4210 12405396
4212 12516414
4214 12527229
4216 12671064
4218 12223831
4220 12094918
4222 12024048
4224 11702805
4226 11445597
4228 11504957
4230 11449628
4232 11550160
4234 11275014
4236 11307055
4238 11342709
4240 11281391
4242 11178396
4244 10932533
4246 10723574
4248 10828219
4250 10646412
4252 10588497
4254 10684231
4256 10942666
4258 10661072
4260 10475127
4262 10293160
4264 10131837
4266 10202568
4268 10185854
4270 10101942
4272 9946551
4274 10110236
4276 10115002
4278 9878071
4280 9850648
4282 9818716
4284 9505674
4286 9250264
4288 9277863
4290 9231084
4292 9396646
4294 9272740
4296 9301761
4298 8992983
4300 9195235
4302 9153132
4304 9094334
4306 8999187
4308 8991535
4310 8729687
4312 8652414
4314 8593533
4316 8294037
4318 8483253
4320 8461324
4322 8374700
4324 8233647
4326 8045031
4328 8219762
4330 8018554
4332 7913102
4334 7933193
4336 7937547
4338 7940477
4340 7855872
4342 7726812
4344 7439856
4346 7253428
4348 7454593
4350 7106298
4352 7063295
4354 7016035
4356 6773200
4358 6897055
4360 6821582
4362 6533230
4364 6694564
4366 6845325
4368 6498009
4370 6465035
4372 6463362
4374 6121807
4376 5929413
4378 6085581
4380 6128174
4382 6214012
4384 6235548
4386 6328234
4388 6161310
4390 5731531
4392 5914192
4394 5902742
4396 5798774
4398 5547026
4400 5634436
4402 5570940
4404 5583346
4406 5423899
4408 5468800
4410 5437552
4412 5273835
4414 5297071
4416 5231401
4418 4917138
4420 5143331
4422 5174692
4424 4771088
4426 5110030
4428 4959059
4430 4796844
4432 4623776
4434 4653556
4436 4734239
4438 4759873
4440 4586575
4442 4363262
4444 4471485
4446 4389314
4448 4326065
4450 4022553
4452 4024750
4454 3953468
4456 3795356
4458 3869652
4460 3647623
4462 3782178
4464 3787198
4466 3722963
4468 3738972
4470 3794751
4472 3682380
4474 3481725
4476 3398812
4478 3312723
4480 3368016
4482 3223205
4484 3241248
4486 3186443
4488 3202176
4490 3227795
4492 3158623
4494 3173887
4496 3164217
4498 2937355
4500 2795781
4502 3006342
4504 2930394
4506 2881868
4508 2843651
4510 2814310
4512 2604389
4514 2672349
4516 2635479
4518 2566680
4520 2386926
4522 2429781
4524 2479207
4526 2515539
4528 2383131
4530 2425684
4532 2378665
4534 2318143
4536 2272380
4538 2189182
4540 2169311
4542 2216639
4544 2076043
4546 2075695
4548 2088234
4550 2160482
4552 2127908
4554 2084979
4556 1974008
4558 1865510
4560 1698504
4562 1692437
4564 1587154
4566 1769914
4568 1632968
4570 1558162
4572 1509709
4574 1445857
4576 1288895
4578 1364089
4580 1479236
4582 1410237
4584 1294905
4586 1387872
4588 1260674
4590 1278385
4592 1267225
4594 1194171
4596 1185754
4598 1146866
4600 982882
4602 972946
4604 883018
4606 907389
4608 889545
4610 877988
4612 860721
4614 933336
4616 917873
4618 894020
4620 826891
4622 811900
4624 766332
4626 754244
4628 825242
4630 757724
4632 696238
4634 637592
4636 700123
4638 757473
4640 682636
4642 671293
4644 613722
4646 543194
4648 541397
4650 471417
4652 442650
4654 539612
4656 485596
4658 474446
4660 405844
4662 373243
4664 388446
4666 432439
4668 425960
4670 372429
4672 336307
4674 339830
4676 324637
4678 276189
4680 346732
4682 266875
4684 332782
4686 304409
4688 238934
4690 216441
4692 226872
4694 232275
4696 223455
4698 202705
4700 179228
4702 243144
4704 196887
4706 173935
4708 173832
4710 142797
4712 115038
4714 156769
4716 159453
4718 117758
4720 122301
4722 104333
4724 107114
4726 69330
4728 110780
4730 102140
4732 104506
4734 72319
4736 60604
4738 60162
4740 37117
4742 52269
4744 52557
4746 40126
4748 58293
4750 59999
4752 58161
4754 55842
4756 35329
4758 37623
4760 37883
4762 56203
4764 35766
4766 41715
4768 30329
4770 42428
4772 54562
4774 54437
4776 48440
4778 22610
4780 11189
4782 6682
4784 11808
4786 16079
4788 14371
4790 17528
4792 14914
4794 7862
4796 5829
4798 5080
4800 3439
4802 4240
4804 3490
4806 4392
4808 2847
4810 1491
4812 1710
4814 199
