1.5 -1.959 116200000000
94.3852 26.039
1 0 0 0 0 0.499987 5.16817e-05 0.499987 5.16817e-05 
2 0 0 0 0 0.5 3.13902e-05 0.374997 3.29861e-05 
3 0 0 0 0 0.5 2.83071e-05 0.333326 2.93929e-05 
4 0.20859 3.97692e-05 0.20859 3.97692e-05 0.5405 2.93837e-05 0.358058 3.18832e-05 
5 0.280435 4.86304e-05 0.280435 4.86304e-05 0.543585 3.49157e-05 0.347945 3.77574e-05 
6 0.583065 9.79616e-05 0.849312 0.000192107 0.571062 3.87898e-05 0.371256 4.05452e-05 
7 0.691519 0.000106653 1.04313 0.000206208 0.571703 3.07088e-05 0.365063 3.5958e-05 
8 1.08261 0.000183561 2.19228 0.000564969 0.593599 3.393e-05 0.386526 4.11746e-05 
9 1.23606 0.000254793 2.66998 0.000776897 0.595181 3.45184e-05 0.384587 4.17882e-05 
10 1.64153 0.00047029 4.30894 0.00190125 0.610084 4.72752e-05 0.399691 5.8358e-05 
11 1.86368 0.000459703 5.33843 0.0021713 0.6135 4.22588e-05 0.401505 5.20255e-05 
12 2.27524 0.000592704 7.52632 0.00337861 0.624594 4.46201e-05 0.413267 5.87589e-05 
13 2.53196 0.000516577 9.05887 0.00332224 0.627641 4.161e-05 0.415334 5.36295e-05 
14 2.97464 0.000670974 12.0631 0.00507832 0.637333 4.73321e-05 0.426208 6.24188e-05 
15 3.24634 0.00101697 14.0624 0.00755141 0.63964 4.98926e-05 0.427817 6.61021e-05 
16 3.71557 0.00107461 17.9499 0.0089696 0.648077 5.38467e-05 0.437606 7.26171e-05 
17 4.01031 0.00145424 20.5825 0.0123321 0.650306 6.62625e-05 0.43949 8.98599e-05 
18 4.49225 0.00122994 25.3206 0.0128455 0.65741 5.79353e-05 0.447892 7.94033e-05 
19 4.80498 0.00152618 28.615 0.0178513 0.659343 7.04478e-05 0.449633 9.85715e-05 
20 5.30582 0.00222189 34.3645 0.0253783 0.665785 9.73463e-05 0.457471 0.000132702 
21 5.63211 0.00174242 38.3357 0.0234375 0.667478 8.61855e-05 0.459063 0.000117122 
22 6.15068 0.00183696 45.1707 0.0270909 0.673317 7.17514e-05 0.466307 0.000100812 
23 6.48392 0.00265141 49.7842 0.039253 0.674624 9.61739e-05 0.46749 0.000135141 
24 7.01719 0.00282753 57.7435 0.0467951 0.679985 9.68644e-05 0.474274 0.000143331 
25 7.36632 0.00380207 63.1956 0.0661056 0.681326 8.77677e-05 0.475625 0.000125241 
26 7.91011 0.00402342 72.2836 0.0753941 0.686104 0.000115221 0.481746 0.000166819 
27 8.27044 0.0036226 78.574 0.0695346 0.687307 0.000100576 0.483004 0.000145122 
28 8.82322 0.00421759 88.8185 0.088075 0.691639 0.00010598 0.488597 0.000152238 
29 9.19044 0.00440922 95.8715 0.0976286 0.692716 0.000100089 0.489724 0.000144105 
30 9.75726 0.00664674 107.435 0.153629 0.696832 0.000136752 0.495124 0.000202507 
31 10.1364 0.00524174 115.479 0.123876 0.697727 0.000115262 0.496063 0.000167432 
32 10.7012 0.00686319 128.04 0.161834 0.701461 0.000130498 0.501003 0.000185529 
33 11.0833 0.00625032 136.851 0.163061 0.702278 0.00012321 0.501871 0.000180046 
34 11.6665 0.00831917 150.928 0.226194 0.705811 0.000134541 0.506579 0.000196591 
35 12.069 0.011251 161.055 0.333395 0.706841 0.000227167 0.507829 0.000347649 
36 12.6545 0.0127303 176.365 0.379968 0.710045 0.000203971 0.512134 0.000299009 
37 13.057 0.00827702 187.228 0.243724 0.710852 0.000145411 0.513073 0.000213531 
38 13.6632 0.0129257 204.287 0.40668 0.713914 0.000176688 0.517207 0.000260823 
39 14.0482 0.0117196 215.374 0.358497 0.714373 0.000188208 0.517669 0.000273366 
40 14.6663 0.0184749 234.069 0.625861 0.717591 0.000218476 0.522105 0.000324347 
41 15.0575 0.0117095 246.11 0.362424 0.717984 0.000212358 0.522475 0.000305924 
42 15.7117 0.022513 267.342 0.845477 0.72141 0.000364256 0.527298 0.000557856 
43 16.1101 0.0151351 280.471 0.55637 0.721625 0.000198529 0.527401 0.000295208 
44 16.7154 0.0142835 301.108 0.541429 0.72406 0.00022814 0.530749 0.000345193 
45 17.1439 0.0168686 316.236 0.60875 0.724768 0.000289479 0.531669 0.000436539 
46 17.787 0.036705 339.66 1.5319 0.727377 0.000484823 0.535307 0.000729674 
47 18.1948 0.0190835 354.848 0.778364 0.727651 0.000253334 0.535548 0.000379752 
48 18.8261 0.0215063 379.092 0.914276 0.729973 0.000268431 0.538799 0.000402594 
49 19.2411 0.0189561 395.305 0.796939 0.730246 0.000261574 0.539046 0.000401982 
50 19.9137 0.0559731 422.676 2.52515 0.73272 0.000339818 0.542538 0.000489899 
51 20.4002 0.0606977 443.374 3.03643 0.733966 0.000641349 0.544329 0.000981435 
52 21.0359 0.063708 470.565 3.0578 0.735543 0.000448546 0.546467 0.000662816 
53 21.4063 0.0234149 486.355 1.10134 0.735765 0.000279144 0.546706 0.00042347 
54 22.0357 0.0322778 514.454 1.5151 0.73761 0.000346017 0.549311 0.000518528 
55 22.4994 0.0300714 535.795 1.49377 0.737959 0.000297637 0.549698 0.0004526 
56 23.0934 0.0256118 563.459 1.24226 0.739595 0.00028119 0.552018 0.00042107 
57 23.6376 0.0538167 589.629 2.62291 0.73995 0.000583608 0.552433 0.000875826 
58 24.318 0.0643404 623.482 3.43799 0.742787 0.000724235 0.556569 0.00110004 
59 24.6274 0.0241753 638.472 1.29921 0.742212 0.000286765 0.555635 0.000441306 
60 25.3427 0.0577086 675.465 3.31334 0.74453 0.000659766 0.559026 0.00101376 
61 25.8119 0.0376752 700.286 2.07818 0.744626 0.000437813 0.559121 0.000645068 
62 26.4897 0.0558736 736.64 3.17607 0.746744 0.000374632 0.562143 0.000572071 
63 26.9744 0.0734316 763.608 4.33547 0.747795 0.000739535 0.563726 0.00113437 
64 27.6026 0.0566438 798.592 3.55275 0.749169 0.000504727 0.56567 0.000783022 
65 28.1497 0.0920605 829.912 5.64867 0.750084 0.000909485 0.566968 0.001379 
66 28.6482 0.0785384 858.37 5.0447 0.749686 0.000581997 0.566251 0.000872534 
67 29.164 0.0512031 888.808 3.11078 0.750375 0.000356117 0.567239 0.000553898 
68 29.8039 0.0693568 927.547 4.48084 0.751862 0.000569832 0.569418 0.000881302 
69 30.3736 0.124638 963.447 8.8023 0.753409 0.00122712 0.571779 0.00195857 
70 30.9846 0.0712722 1001.18 5.12525 0.754323 0.000626026 0.57302 0.000996833 
71 31.6981 0.228754 1049.03 17.2516 0.756615 0.00206355 0.57662 0.00333584 
72 32.1885 0.097529 1078.38 6.79672 0.756178 0.000469829 0.575644 0.000735153 
73 32.6753 0.10515 1111.07 7.59864 0.75656 0.000839295 0.576239 0.0013088 
74 33.3225 0.100199 1153.83 7.09892 0.758043 0.000723083 0.578366 0.00111081 
75 33.7181 0.075841 1180.06 5.50425 0.757244 0.000669541 0.577102 0.00103886 
76 34.7684 0.188125 1254.93 13.3414 0.762732 0.00272772 0.585545 0.00427551 
77 34.9221 0.108019 1264.4 7.28612 0.758165 0.000835418 0.57834 0.00131226 
78 35.6066 0.135002 1315.11 10.5768 0.760645 0.000925793 0.582132 0.0014387 
79 35.9767 0.065375 1340.76 4.97964 0.760225 0.000563916 0.58141 0.000872127 
80 36.5609 0.0884444 1384.43 6.92828 0.761073 0.000666607 0.582723 0.00104274 
81 37.1938 0.178233 1431.76 14.3387 0.761916 0.00122857 0.583912 0.00189031 
82 37.7279 0.103269 1471.53 8.02154 0.762456 0.000994587 0.584703 0.00155351 
83 38.3311 0.125759 1518.23 9.91568 0.763029 0.000872743 0.585474 0.00137148 
84 38.9615 0.0837845 1567.34 7.03323 0.764552 0.000981545 0.587794 0.00152539 
85 39.4833 0.172652 1610.57 14.7933 0.764799 0.00117162 0.588152 0.00181004 
86 40.1359 0.0906177 1662.25 7.34848 0.766123 0.000877783 0.590128 0.00136512 
87 40.5145 0.082268 1693.39 6.57587 0.765419 0.000748741 0.589015 0.0011887 
88 41.3574 0.167208 1763.91 14.1618 0.767775 0.0013195 0.59263 0.00206452 
89 41.7466 0.0865063 1795.92 7.59173 0.766294 0.000763225 0.590246 0.00117591 
90 42.5495 0.11593 1865.13 10.8926 0.768483 0.000927853 0.593603 0.0014933 
91 42.9556 0.134914 1899.45 11.6781 0.767853 0.000845224 0.592568 0.00129055 
92 43.9275 0.418006 1985.46 37.644 0.770112 0.00238377 0.596008 0.00365942 
93 44.1983 0.142555 2009.21 13.2357 0.768549 0.00109202 0.593559 0.00169751 
94 44.8368 0.0950478 2066.32 8.64386 0.769813 0.000681691 0.595454 0.00105598 
95 45.3433 0.155785 2113.99 14.5993 0.769507 0.00118338 0.59501 0.00182277 
96 46.1461 0.127904 2188.78 12.0269 0.772091 0.000702852 0.598946 0.00109703 
97 46.7311 0.171959 2244.15 16.8687 0.772457 0.00100057 0.599478 0.00156524 
98 47.4658 0.2386 2312.7 23.5523 0.774104 0.00131978 0.601968 0.00205605 
99 47.884 0.236067 2353.81 23.3557 0.773209 0.00157003 0.600568 0.00246062 
100 48.4971 0.130858 2412.27 12.8964 0.773369 0.000901422 0.600735 0.00141333 
101 48.9232 0.100292 2455.65 10.1394 0.773291 0.000791147 0.600589 0.00124281 
102 50.1593 0.334669 2582.04 37.0003 0.777783 0.00199277 0.607626 0.00315824 
103 50.0261 0.107606 2565.17 11.0532 0.774565 0.000813942 0.602546 0.00127335 
104 50.8556 0.151995 2650.4 16.096 0.775476 0.000875223 0.603892 0.00137142 
105 51.1268 0.103235 2677 10.9661 0.774436 0.000705283 0.602253 0.00112094 
106 52.1197 0.20177 2780.71 21.9031 0.776376 0.00144211 0.605245 0.00225879 
107 52.4585 0.15638 2817.97 17.0305 0.775849 0.000792608 0.604413 0.00124026 
108 53.3908 0.203723 2916.97 22.4806 0.778078 0.00107247 0.607832 0.00166908 
109 53.6762 0.198043 2948.3 21.9558 0.777265 0.000964719 0.606565 0.00153384 
110 54.4929 0.25253 3039.02 28.7808 0.778992 0.00108849 0.609263 0.00172987 
111 54.8024 0.173065 3069.95 19.0341 0.778374 0.000837239 0.60824 0.00132127 
112 55.6253 0.184105 3163.3 20.9838 0.779117 0.000861691 0.609361 0.00135674 
113 56.0446 0.248248 3212.41 30.006 0.778208 0.00114831 0.607958 0.00180637 
114 56.6315 0.145361 3276.75 16.5651 0.779223 0.00100822 0.609488 0.00159713 
115 57.2851 0.189224 3351.97 22.1062 0.780267 0.000886471 0.611074 0.00141042 
116 57.965 0.155037 3431.67 18.6178 0.780342 0.00093428 0.611178 0.00149468 
117 58.3892 0.196275 3481.42 22.8478 0.780454 0.00119964 0.611321 0.00187964 
118 59.167 0.179367 3573.8 21.6956 0.781206 0.00105662 0.612514 0.00167333 
119 59.78 0.21124 3646.68 24.7546 0.781661 0.000974309 0.61315 0.00151561 
120 60.4954 0.20971 3733.87 25.8059 0.782608 0.00101293 0.614674 0.00160077 
121 61.0485 0.247684 3803.41 32.5074 0.783517 0.00130989 0.616085 0.00209432 
122 61.6888 0.191023 3880.01 24.6942 0.783441 0.000911419 0.615879 0.00144418 
123 62.1154 0.231329 3934.57 29.7464 0.783476 0.00114026 0.615962 0.00181534 
124 63.2181 0.345457 4073.48 44.8417 0.784898 0.0016171 0.618136 0.00253982 
125 63.5313 0.235565 4113.66 30.3764 0.78507 0.00108396 0.618375 0.00171013 
126 64.1206 0.280634 4191.84 37.9669 0.784576 0.00115838 0.617589 0.00183227 
127 64.4669 0.215374 4233.67 28.7163 0.784392 0.000923818 0.617254 0.00144262 
128 65.3294 0.308708 4346.51 41.7873 0.785374 0.00136382 0.618815 0.00218657 
129 65.7974 0.29783 4409.45 40.6614 0.785709 0.00150158 0.619379 0.00241563 
130 67.238 0.533762 4605.49 74.5012 0.788019 0.00308855 0.623112 0.00503449 
131 67.7114 0.596269 4673.98 86.4018 0.789696 0.00338374 0.625854 0.00554801 
132 68.5675 0.82864 4796.31 122.59 0.791406 0.00452121 0.628646 0.00746263 
133 68.4309 0.324269 4766.91 45.4853 0.787681 0.00141162 0.622426 0.0022966 
134 69.0688 0.317957 4857.17 45.8077 0.787726 0.00128999 0.622493 0.00209308 
135 69.8126 0.396965 4960.7 56.6542 0.788316 0.00149205 0.62338 0.00240353 
136 70.1211 0.368714 5003.02 53.8905 0.787765 0.00169889 0.622548 0.00277051 
137 71.1217 0.524119 5147.64 76.7167 0.789841 0.00173351 0.625774 0.00278028 
138 71.8752 0.491943 5256.57 72.1064 0.79036 0.00179012 0.626621 0.00293722 
139 72.012 0.426602 5274.3 64.8215 0.790012 0.00185352 0.625982 0.00299343 
140 72.796 0.357311 5388.44 54.8152 0.790586 0.00154807 0.626903 0.00251284 
141 73.3461 0.480487 5471.69 74.0331 0.79083 0.00201543 0.62731 0.00323698 
142 74.093 0.450513 5580.62 70.118 0.791463 0.001763 0.628276 0.00285815 
143 74.3315 0.429765 5614.82 67.9155 0.790656 0.00181658 0.62695 0.00296607 
144 75.1185 0.345588 5735.03 54.4648 0.790437 0.00161349 0.62662 0.00260871 
145 75.5649 0.413874 5798.41 65.615 0.790684 0.00180905 0.626892 0.00288693 
146 76.3463 0.328736 5923.81 52.6598 0.792033 0.00164418 0.629184 0.00267989 
147 76.857 0.339761 5999.35 53.6588 0.790645 0.00215361 0.626944 0.00345846 
148 77.5554 0.34561 6110.91 55.6497 0.791533 0.00167508 0.62835 0.00270903 
149 77.9973 0.409272 6179.21 67.0262 0.791967 0.00191314 0.629036 0.00311738 
150 78.9122 0.391684 6320.92 64.5999 0.792453 0.00228907 0.629725 0.00371125 
151 79.7232 0.590938 6450.9 95.0904 0.795334 0.00352957 0.634384 0.00573893 
152 80.541 0.454978 6583.78 76.5241 0.796374 0.00260572 0.635998 0.00424285 
153 81.1437 0.562232 6686.5 95.7965 0.795899 0.00275167 0.635243 0.00447562 
154 82.3489 0.523048 6889.97 91.4276 0.797907 0.00226877 0.638483 0.00370997 
155 81.6853 0.425487 6768.75 73.4967 0.793332 0.00158064 0.630971 0.00259538 
156 82.7509 0.480995 6951.08 83.908 0.795794 0.00202462 0.63499 0.00331423 
157 83.438 0.455029 7062.05 78.5714 0.796148 0.00215477 0.635507 0.00352624 
158 84.1131 0.575499 7180.62 102.505 0.796891 0.00249708 0.63674 0.00408122 
159 84.8427 0.527606 7302.03 91.636 0.796957 0.00205919 0.636783 0.00334719 
160 85.4489 0.622239 7410.1 112.064 0.797393 0.00260579 0.637591 0.00425981 
161 85.9751 0.539271 7499.1 96.8373 0.796799 0.00220063 0.636543 0.00358969 
162 87.2129 0.80225 7718.88 148.054 0.799135 0.00327452 0.640407 0.00537953 
163 87.6598 0.563189 7789.59 102.169 0.799623 0.00191519 0.640993 0.00311738 
164 88.6929 0.801231 7980.23 152.265 0.800567 0.00306397 0.642581 0.00505038 
165 88.6972 0.531242 7969.26 98.2758 0.798363 0.0020997 0.638876 0.0034475 
166 89.864 0.659409 8182.68 125.928 0.801034 0.0026799 0.643222 0.00440999 
167 90.2423 0.504632 8250.86 94.3338 0.799278 0.00201605 0.640355 0.00330538 
168 91.1572 0.68498 8423.37 131.438 0.801347 0.00276653 0.643802 0.00455983 
169 91.3372 0.523873 8448.27 99.4472 0.799443 0.00206063 0.640579 0.00336426 
170 92.8197 0.817736 8730.68 158.867 0.802904 0.00294446 0.646199 0.00482238 
171 92.6205 0.672994 8684.03 126.702 0.800669 0.00234121 0.642508 0.0038234 
172 94.3254 1.04735 9022.28 208.08 0.803328 0.00361618 0.647042 0.00592525 
173 94.8111 0.992581 9096.8 187.515 0.801111 0.00250625 0.643115 0.00400623 
174 94.789 0.874393 9107.66 173.996 0.801503 0.00385983 0.644185 0.00629437 
175 94.7701 0.882935 9093.84 176.535 0.799036 0.00347893 0.639926 0.00568784 
176 96.2568 1.20405 9390.46 246.864 0.801621 0.00473467 0.644267 0.00778502 
177 96.3004 0.882144 9390.13 179.165 0.801484 0.0036527 0.64388 0.00596932 
178 97.7898 1.21134 9692.81 252.445 0.804434 0.00471508 0.648804 0.00778843 
179 97.3878 0.708898 9599.2 145.251 0.803259 0.00333123 0.646768 0.00542958 
180 98.8761 1.04334 9909.06 218.855 0.805149 0.00403327 0.650002 0.00661272 
181 98.8293 0.811351 9887.99 170.228 0.801755 0.00317082 0.64431 0.00519573 
182 100.093 1.02081 10153.1 217.458 0.804185 0.00363896 0.648323 0.00600611 
183 100.127 0.98856 10150 211.76 0.802201 0.00372258 0.64503 0.00615349 
184 101.269 1.08624 10392.6 231.46 0.803679 0.00395789 0.647546 0.00649196 
185 101.672 0.84224 10461.2 178.882 0.803164 0.0031206 0.646565 0.00509953 
186 103.206 1.36398 10791.2 298.009 0.805587 0.00496028 0.650574 0.00814175 
187 102.712 0.866384 10661.8 189.259 0.803415 0.00317374 0.646761 0.00521384 
188 104.656 1.63021 11087.9 357.623 0.806715 0.00598654 0.65229 0.00982977 
189 105.002 1.1061 11141.5 242.746 0.806941 0.00410187 0.652463 0.00670654 
190 106.828 1.58097 11549 351.589 0.809012 0.0054977 0.655961 0.00905135 
191 107.035 1.32126 11573.1 291.563 0.808764 0.00449406 0.655349 0.00736824 
192 108.035 1.62874 11824.5 371.139 0.809505 0.00534305 0.656901 0.00883369 
193 107.746 1.32642 11740.6 299.507 0.808482 0.00436372 0.655012 0.00721057 
194 109.953 1.47973 12234.1 332.361 0.815228 0.00543084 0.666193 0.00898722 
195 109.597 1.20037 12138.8 269.216 0.810525 0.0041591 0.658234 0.00687916 
196 112.059 1.83298 12717.7 422.859 0.818195 0.00707351 0.67118 0.0118152 
197 109.89 1.35705 12214.6 319.69 0.807862 0.00472512 0.653939 0.00783556 
198 111.011 1.55819 12474.4 361.911 0.81042 0.00477885 0.658197 0.00791439 
199 111.162 1.1765 12499.6 273.881 0.808533 0.00370342 0.655041 0.00613037 
200 112.369 1.46623 12778.4 344.623 0.810284 0.00429846 0.657929 0.00712239 
201 112.466 1.2169 12788.6 287.132 0.809072 0.00343902 0.65588 0.00570657 
202 113.621 1.55364 13057.7 369.709 0.809853 0.00465976 0.657187 0.00770568 
203 114.149 1.46715 13168.1 349.709 0.809685 0.00432049 0.656786 0.00714372 
204 115.76 1.42314 13551.3 341.445 0.812291 0.00398079 0.661122 0.0065644 
205 115.728 1.58883 13541.3 374.626 0.810615 0.00420883 0.658393 0.00694476 
206 117.085 1.41951 13859.8 342.149 0.811638 0.00394629 0.65999 0.00652376 
207 117.328 1.28176 13911.3 312.222 0.810911 0.00379032 0.658767 0.00628438 
208 118.201 1.57979 14118 386.53 0.811214 0.00450832 0.659249 0.00745548 
209 118.312 1.41048 14145.4 340.649 0.809961 0.00344905 0.65721 0.00571403 
210 119.62 1.5448 14464.9 381.507 0.813154 0.00426967 0.662445 0.00707738 
211 119.492 1.38666 14437.3 337.877 0.810418 0.00360883 0.65797 0.00594855 
212 120.976 2.21595 14805.5 551.814 0.812066 0.00455743 0.660711 0.00752698 
213 119.631 2.45836 14487.7 608.14 0.809164 0.00657223 0.656125 0.0107509 
214 121.424 2.15611 14914.7 544.168 0.812258 0.00513565 0.660998 0.00849286 
215 120.415 2.43034 14668.8 606.191 0.809899 0.00555413 0.657154 0.0092019 
216 124.075 2.74664 15592.7 711.621 0.818137 0.00771687 0.670924 0.0129129 
217 121.691 1.65974 14966.9 418.241 0.809872 0.00398618 0.657028 0.00655177 
218 123.691 2.59234 15460.9 661.931 0.813335 0.00677128 0.66274 0.0110883 
219 123.446 1.6434 15391.6 426.192 0.810309 0.00403427 0.657723 0.00662534 
220 124.182 2.64228 15569.9 685.803 0.81199 0.0068912 0.660475 0.0113004 
221 125.342 1.61106 15854.5 421.921 0.81204 0.00402797 0.660449 0.00663795 
222 126.171 2.5188 16062.8 663.285 0.813627 0.00634571 0.66299 0.0104481 
223 127.036 1.73517 16285.1 456.339 0.813222 0.00423216 0.662345 0.00695774 
224 127.676 2.33401 16437.2 620.809 0.813633 0.00590394 0.662974 0.00971059 
225 128.325 1.84283 16612 489.786 0.813239 0.00452902 0.662365 0.00744425 
226 131.296 2.32876 17375.3 621.379 0.816797 0.00515257 0.66803 0.00845835 
227 130.526 1.93198 17207.3 524.224 0.814424 0.0051426 0.664464 0.00847978 
228 131.466 2.2789 17454.4 616.229 0.815305 0.00629318 0.665888 0.010367 
229 131.195 1.88425 17376.6 510.149 0.813642 0.00462196 0.663141 0.00762243 
230 132.372 2.21588 17691.8 601.31 0.814162 0.00572474 0.664022 0.00943874 
231 132.124 2.09916 17628.9 570.476 0.812959 0.00536887 0.662082 0.00882609 
232 133.772 2.32444 18077 637.625 0.816205 0.00618032 0.667414 0.0101905 
233 133.466 2.11823 17985.4 584.669 0.81264 0.00548448 0.661588 0.00903126 
234 135.198 2.26693 18460.5 627.665 0.816556 0.00566128 0.667978 0.00934855 
235 134.825 2.30663 18365.5 638.796 0.813077 0.00581976 0.66239 0.00954884 
236 136.777 2.26083 18900.8 632.369 0.816311 0.00608806 0.6676 0.0100869 
237 135.387 2.08321 18508.2 583.801 0.811454 0.00535921 0.659624 0.00881884 
238 139.032 2.54204 19529.1 725.821 0.819866 0.00687338 0.673483 0.0114355 
239 137.708 2.15575 19141.3 608.939 0.81325 0.00546097 0.662467 0.00900647 
240 139.393 3.30132 19643.5 945.302 0.818109 0.00827654 0.670602 0.0137231 
241 138.655 2.24761 19417.8 641.193 0.814294 0.00550403 0.664213 0.00909194 
242 139.675 2.28755 19714.3 652.33 0.81561 0.00562394 0.666422 0.00925079 
243 139.64 2.14106 19690.3 616.213 0.814377 0.00514905 0.664329 0.00850104 
244 141.038 2.35201 20087.7 681.746 0.815831 0.00573733 0.666741 0.00946872 
245 141.064 2.14733 20086.5 623.647 0.815159 0.00512681 0.665567 0.00846367 
246 142.21 2.58133 20421.7 759.457 0.81516 0.00630456 0.665633 0.0104066 
247 142.598 1.97637 20515.5 581.336 0.815333 0.00470623 0.665789 0.00775863 
248 143.737 2.46168 20853.9 726.951 0.815452 0.00585149 0.666049 0.00963667 
249 144.527 2.08075 21083.7 620.58 0.817218 0.00468132 0.668931 0.00776009 
250 145.582 2.36693 21412.1 716.069 0.818334 0.00536358 0.670841 0.00889119 
251 145.575 1.95728 21381.9 581.295 0.817255 0.00420922 0.668933 0.00693691 
252 146.46 2.61589 21646.4 790.717 0.816984 0.00597084 0.668576 0.0098685 
253 146.14 1.91117 21550.4 572.871 0.815731 0.00412199 0.666426 0.00678701 
254 148.342 3.57001 22249.2 1107.23 0.817664 0.00825312 0.669879 0.0137498 
255 146.965 1.94053 21785.3 586.392 0.814795 0.00432142 0.664851 0.00712637 
256 147.888 2.01638 22051.9 612.462 0.815163 0.00465399 0.665418 0.00766887 
257 148.98 1.94955 22373.2 597.898 0.816012 0.00440646 0.666757 0.00727779 
258 149.401 2.2813 22516.7 699.559 0.81635 0.00520501 0.667407 0.00861505 
259 150.467 2.19804 22819.6 681.345 0.817126 0.00512893 0.668597 0.00848947 
260 150.667 2.37476 22881.4 732.648 0.81509 0.00543269 0.665263 0.008944 
261 151.835 2.86989 23230.7 893.28 0.816266 0.00645275 0.667167 0.0106293 
262 152.066 2.46759 23298.2 767.539 0.815812 0.0055879 0.666391 0.00920298 
263 153.32 3.01059 23678.5 945.358 0.816649 0.00683291 0.667726 0.0112879 
264 153.541 2.86226 23743.1 898.94 0.816372 0.00610615 0.667272 0.0100819 
265 154.968 2.41672 24179.4 755.458 0.816845 0.0051569 0.668 0.00848653 
266 155.647 2.59314 24399.4 820.246 0.81593 0.00568697 0.666554 0.00937083 
267 156.123 2.75332 24540.5 876.598 0.817156 0.00573544 0.668482 0.00945368 
268 157.234 2.42758 24892.4 777.576 0.817236 0.00503814 0.66867 0.00831725 
269 158.235 2.87935 25206.1 925.177 0.817967 0.00590826 0.669831 0.00973481 
270 158.995 2.13091 25454.3 688.024 0.817422 0.00453539 0.668963 0.00748167 
271 160.023 3.13325 25782.9 1015.05 0.819044 0.00626042 0.671594 0.0103202 
272 160.947 2.68735 26079 877.333 0.819689 0.00520645 0.672637 0.00859432 
273 161.563 2.8273 26271.3 920.448 0.819952 0.00533424 0.673049 0.00876852 
274 162.035 2.36353 26429.1 759.361 0.818212 0.00429804 0.670206 0.00707436 
275 163.259 2.55123 26822 836.553 0.819116 0.00489581 0.671632 0.00806341 
276 163.064 2.67517 26751.5 887.704 0.819019 0.00517528 0.671471 0.00852691 
277 164.305 2.63119 27163.3 864.668 0.82036 0.00468572 0.673666 0.00769042 
278 163.867 2.71231 27006.9 907.037 0.821569 0.004823 0.675571 0.00793464 
279 165.651 2.91071 27617.7 967.899 0.820293 0.00499448 0.673541 0.00821721 
280 164.29 2.07208 27125.5 695.992 0.822599 0.00350787 0.677154 0.00571796 
281 167.503 2.58274 28242.4 859.689 0.819826 0.00406738 0.672774 0.00663199 
282 167.296 2.43955 28158.4 823.41 0.822172 0.00335736 0.676519 0.00550169 
283 169.079 2.67796 28776.4 900.729 0.820851 0.00503381 0.6745 0.00826292 
284 169.764 2.95712 29019 1005.36 0.820998 0.00538424 0.674794 0.00886463 
285 170.775 2.6188 29353.6 884.717 0.821784 0.00472787 0.676025 0.00776415 
286 170.684 3.11637 29328.3 1057.28 0.819762 0.00559746 0.672745 0.00918825 
287 172.595 2.78719 29972.7 941.514 0.821846 0.00412256 0.676103 0.00674673 
288 171.644 3.17812 29653.6 1093.49 0.819472 0.0059663 0.672278 0.00981037 
289 174.873 2.58216 30763 880.833 0.822103 0.00398132 0.676478 0.00648555 
290 173.512 2.89665 30297 993.465 0.819502 0.00489538 0.672297 0.00800754 
291 174.524 3.21232 30650.1 1110.32 0.820847 0.00537453 0.674474 0.00879953 
292 174.704 2.61641 30703.1 904.481 0.819459 0.00425576 0.672191 0.00694675 
293 176.033 3.08278 31178.2 1074.12 0.821247 0.00535679 0.675115 0.00879516 
294 176.409 3.39595 31314 1185.15 0.820942 0.00594744 0.674636 0.00975968 
295 177.369 2.9463 31661.5 1030.41 0.822167 0.00494905 0.676655 0.00810811 
296 179.555 3.56845 32447.7 1282.1 0.82453 0.00665788 0.680634 0.0110139 
297 179.009 2.89823 32234.4 1026.87 0.822108 0.00546409 0.676586 0.00898907 
298 178.498 2.33651 32025.7 835.557 0.820467 0.00469794 0.67379 0.0077352 
299 180.888 2.62971 32900 931.693 0.826519 0.00669325 0.68395 0.0111546 
300 179.247 2.24851 32298.4 806.908 0.818665 0.00384639 0.670803 0.00632886 
301 181.147 2.38966 33003.4 852.007 0.822829 0.00334193 0.67769 0.00547374 
302 181.851 2.28501 33257.6 819.025 0.823172 0.00324621 0.678229 0.00532752 
303 182.621 2.29915 33538.8 827.122 0.823844 0.00312544 0.679361 0.00512508 
304 183.237 2.37824 33772 856.324 0.824841 0.0041377 0.681049 0.00679574 
305 186.102 2.94517 34813.4 1083.46 0.828967 0.00469977 0.687859 0.00774623 
306 184.832 2.43891 34345.3 882.577 0.826636 0.00453573 0.683969 0.00743557 
307 187.08 2.91632 35174.2 1075.6 0.828003 0.00391177 0.686198 0.00641231 
308 186.529 2.75202 34964.7 1010.7 0.827336 0.00486937 0.685117 0.00799396 
309 188.111 3.10307 35566.6 1162.25 0.82879 0.00485137 0.687503 0.00798365 
310 187.181 2.70731 35213.4 1000.14 0.827364 0.00494565 0.68519 0.00813023 
311 188.139 2.55801 35556.6 949.012 0.828875 0.00461429 0.687638 0.00757927 
312 190.301 2.63392 36368.2 982.087 0.828798 0.00410728 0.687438 0.00673624 
313 189.24 1.9514 35963.8 728.677 0.82858 0.00426222 0.687123 0.00702924 
314 189.674 1.97599 36133.2 735.056 0.828933 0.00431553 0.687729 0.00712213 
315 191.545 1.99236 36852.1 749.959 0.831227 0.00492221 0.691576 0.00812132 
316 191.023 2.8936 36664.6 1092.85 0.828997 0.00501933 0.68786 0.00825236 
317 191.542 1.89155 36835.8 709.846 0.829487 0.00475328 0.688629 0.00783822 
318 192.041 2.64151 37044 1001.24 0.828499 0.00461604 0.687016 0.00757267 
319 192.787 1.95728 37319.6 742.01 0.829599 0.00473723 0.688814 0.00780924 
320 193.068 2.25781 37433.6 866.255 0.827839 0.00425976 0.685892 0.00701375 
321 194.004 2.08417 37790.9 793.038 0.830182 0.0049109 0.689782 0.00808458 
322 193.387 2.93893 37571.2 1122.71 0.826749 0.00585824 0.684128 0.00963162 
323 195.587 2.33901 38405.7 897.697 0.830771 0.00484012 0.690755 0.00796502 
324 195.295 2.16065 38305 832.648 0.828014 0.0040833 0.686193 0.0067146 
325 196.582 2.14684 38793.5 825.649 0.830796 0.00447148 0.690788 0.00735165 
326 196.187 2.43716 38651.2 947.534 0.828337 0.0041754 0.686716 0.00684677 
327 197.984 1.98579 39347.2 768.167 0.831569 0.00422802 0.692078 0.0069487 
328 197.995 2.33941 39358.8 904.987 0.829235 0.00430947 0.688162 0.0070685 
329 199.03 2.06865 39762.4 810.091 0.830712 0.00423664 0.690637 0.00696103 
330 198.567 2.67763 39602 1058.93 0.82809 0.0042294 0.686314 0.00694139 
331 200.351 2.1979 40294.5 862.442 0.830634 0.00437924 0.690509 0.00718981 
332 200.27 2.52446 40271 1003.88 0.828644 0.00410158 0.687234 0.00673564 
333 201.742 2.29117 40851.8 904.648 0.830788 0.00443726 0.690741 0.00727257 
334 202.628 2.11569 41224.7 851.526 0.83015 0.0038143 0.689714 0.00626842 
335 204.038 2.56261 41780.7 1030.69 0.83185 0.00479602 0.692461 0.00789774 
336 204.149 2.8286 41823.8 1136.54 0.829689 0.00459307 0.688877 0.00753541 
337 204.845 2.11731 42101.1 853.006 0.831061 0.00404319 0.691141 0.00665145 
338 204.334 2.42967 41907.7 992.224 0.829191 0.00387085 0.688074 0.00637817 
339 205.282 2.2537 42277.2 914.501 0.830147 0.00517673 0.689639 0.00853492 
340 205.76 2.33567 42489.3 954.914 0.82886 0.00397264 0.68751 0.00653257 
341 205.838 2.07209 42511.6 852.607 0.829667 0.00385282 0.688851 0.00636666 
342 206.37 2.71195 42752.6 1104.59 0.828879 0.00463736 0.68757 0.00761054 
343 207.552 2.01998 43222.1 836.142 0.830302 0.00337404 0.689891 0.00557685 
344 207.573 2.85399 43253.3 1167.58 0.828493 0.00475414 0.686929 0.00778825 
345 208.881 2.23836 43774.6 935.322 0.830265 0.00343611 0.689821 0.00566988 
346 209.337 2.73695 43982.3 1136.9 0.829227 0.00424658 0.688113 0.00697702 
347 209.554 2.15373 44064.8 899.964 0.830149 0.00355277 0.689644 0.00586455 
348 210.159 2.72136 44319.8 1132.34 0.828128 0.00433092 0.686292 0.00711695 
349 211.017 2.14215 44680.2 907.202 0.830187 0.0034848 0.689685 0.00575691 
350 211.406 2.62153 44845.6 1099.27 0.828814 0.00367093 0.687409 0.00603026 
351 212.359 2.09456 45234.4 887.481 0.830345 0.00318971 0.689922 0.00525595 
352 212.43 2.7169 45281.5 1144.17 0.829319 0.00363079 0.688251 0.00597973 
353 213.264 2.27481 45623.8 970.258 0.830051 0.00314411 0.689436 0.00518733 
354 213.258 2.49894 45630.5 1060.3 0.828743 0.00386442 0.687303 0.00636983 
355 214.413 2.33108 46125.4 994.548 0.830265 0.0033986 0.689816 0.00560633 
356 215.267 2.18647 46495.1 932.1 0.829685 0.00349628 0.688853 0.00575472 
357 216.352 1.8237 46961.8 779.73 0.829293 0.00310697 0.688189 0.00511233 
358 217.264 2.44685 47371.2 1046.22 0.828146 0.00363679 0.686305 0.0059593 
359 218.096 2.28934 47715.8 982.819 0.828294 0.00499738 0.68653 0.00823434 
360 218.382 2.17352 47862.6 929.183 0.827599 0.0040539 0.685405 0.00666782 
361 219.083 1.57431 48150 683.416 0.829597 0.00344918 0.688689 0.0056991 
362 219.497 2.20111 48349.4 951.028 0.828698 0.0040298 0.687237 0.00664118 
363 220.266 1.74792 48673.1 757.253 0.830091 0.00414755 0.689525 0.00684874 
364 221.816 2.17004 49376.6 942.234 0.830403 0.00446557 0.690086 0.00736769 
365 221.073 1.96177 49042 856.66 0.828673 0.00413154 0.687166 0.0068086 
366 221.458 2.44794 49224.9 1072.08 0.827014 0.00411767 0.684439 0.00677739 
367 222.234 2.17739 49560.9 953.858 0.828727 0.00415504 0.68725 0.00684883 
368 222.832 2.18761 49838.4 962.089 0.827765 0.00377926 0.685693 0.0062223 
369 223.778 2.00588 50250.1 884.788 0.829259 0.00396214 0.688136 0.0065316 
370 223.653 2.33144 50220.8 1024.93 0.82747 0.0041662 0.685213 0.00684995 
371 224.991 1.96273 50797.5 870.754 0.829461 0.0039504 0.68849 0.0065221 
372 223.508 2.30482 50148.7 1027.71 0.825128 0.00388546 0.681322 0.00639977 
373 226.179 2.06931 51325.4 919.259 0.829422 0.0041183 0.688412 0.00679329 
374 226.511 2.12671 51488.5 944.718 0.827611 0.00338383 0.685408 0.0055483 
375 227.277 2.19116 51825.5 976.854 0.828572 0.0039915 0.686988 0.00658637 
376 227.648 1.9376 52005.9 870.503 0.827435 0.00335181 0.685116 0.00550492 
377 228.529 2.04547 52399.6 922.654 0.828469 0.00334763 0.686812 0.00550188 
378 229.17 2.66352 52697.2 1202.24 0.828034 0.00425382 0.686095 0.00699642 
379 229.918 2.52349 53043.4 1139.89 0.827873 0.00400453 0.685826 0.00658104 
380 230.535 2.19056 53321.3 1000.94 0.828111 0.00351467 0.6862 0.00577423 
381 230.338 2.58486 53245.3 1180.03 0.827355 0.00387127 0.684962 0.0063624 
382 230.544 3.04403 53356.7 1383.19 0.826732 0.0044408 0.683957 0.00730092 
383 232.337 2.45202 54160.3 1132.55 0.828131 0.00354493 0.686232 0.00582748 
384 232.989 2.45676 54469.8 1133.69 0.827424 0.0032905 0.685069 0.00539085 
385 233.624 2.24299 54752.2 1037.63 0.827681 0.00365384 0.685473 0.00602537 
386 234.116 2.34267 54992.9 1084.71 0.826701 0.00296479 0.683853 0.00487204 
387 234.62 2.63392 55218.8 1222.33 0.826892 0.00399956 0.684167 0.00656808 
388 235.467 2.48508 55629.6 1149.07 0.826008 0.00300962 0.6827 0.0049133 
389 235.907 2.66932 55829.8 1242.53 0.827346 0.00383048 0.684906 0.00627841 
390 236.019 2.48889 55893.9 1163.27 0.826199 0.00328863 0.683031 0.00541097 
391 236.473 2.82636 56098 1315.12 0.826742 0.00374847 0.683914 0.00613848 
392 235.706 3.22644 55750.5 1505.5 0.823928 0.0042615 0.679262 0.0070059 
393 238.483 2.32897 57045.7 1102.2 0.827383 0.00298576 0.684958 0.00490539 
394 238.462 2.98416 57044.3 1398.55 0.825502 0.0042631 0.681877 0.00696516 
395 239.802 2.26401 57674.3 1073.95 0.828075 0.00403452 0.68613 0.00664544 
396 239.625 2.90509 57595.1 1386.91 0.823879 0.0043643 0.679184 0.00716804 
397 241.201 2.37751 58356.3 1136.01 0.826544 0.00316654 0.683592 0.00520089 
398 242.187 2.41602 58849.3 1160.32 0.826625 0.00285146 0.683696 0.0046892 
399 242.614 2.61445 59052.3 1256.18 0.827236 0.0030485 0.684701 0.00501343 
400 243.459 2.56227 59476.5 1226.12 0.826935 0.00309304 0.68422 0.00507709 
401 243.846 2.28913 59643.2 1110.31 0.827311 0.00293646 0.684811 0.00482975 
402 246.3 2.52072 60841.1 1218.39 0.828096 0.00320369 0.686096 0.00526092 
403 244.805 2.42507 60100.3 1186.52 0.827477 0.00320481 0.685064 0.00526566 
404 246.954 2.91208 61164.8 1416.53 0.827605 0.00374295 0.685293 0.00616391 
405 246.726 2.99777 61058.9 1458.83 0.827303 0.00335842 0.684808 0.00550904 
406 248.536 3.27368 61961 1610.23 0.827661 0.00456449 0.685433 0.00753452 
407 247.999 2.38752 61701 1177.24 0.827377 0.00287295 0.684931 0.00472928 
408 251.682 3.63889 63546.9 1822.35 0.830824 0.00489955 0.690669 0.00815016 
409 248.997 2.82375 62175.1 1402.98 0.827297 0.00289842 0.684762 0.00477061 
410 250.602 2.29666 62989.9 1138.05 0.827364 0.00219028 0.684885 0.00361226 
411 250.551 2.47474 62978.2 1230.99 0.827433 0.0025448 0.685021 0.00419539 
412 251.619 2.35759 63506.6 1176.08 0.826785 0.00228699 0.683925 0.0037485 
413 251.505 2.31995 63460.9 1158.74 0.826174 0.00274844 0.68293 0.00451243 
414 252.189 2.34928 63807.6 1188.37 0.825488 0.00304082 0.681799 0.0050086 
415 253.295 2.71399 64364.2 1371.16 0.826664 0.00298401 0.683743 0.00490683 
416 253.157 2.4112 64284.6 1230.16 0.825458 0.00297129 0.681751 0.00488354 
417 253.574 2.36562 64508.2 1184.18 0.825996 0.00266562 0.682626 0.00438524 
418 254.932 2.53668 65182.2 1283.72 0.825793 0.0026764 0.682291 0.00439939 
419 255.156 2.66558 65313.6 1338.31 0.82518 0.00322926 0.681303 0.00529516 
420 255.955 2.4067 65714.8 1245.95 0.825906 0.00341438 0.682491 0.00562645 
421 256.302 2.0584 65887.8 1055.5 0.826102 0.00285181 0.682823 0.00470129 
422 258.259 2.37065 66902.6 1217.47 0.828101 0.00328545 0.68614 0.00542772 
423 256.762 2.61564 66135.7 1346.32 0.823808 0.00379665 0.679063 0.00623661 
424 256.399 2.43188 65946.8 1258.09 0.822742 0.00330598 0.677305 0.00543469 
425 256.561 2.48411 66024.4 1274.85 0.822064 0.0037311 0.676186 0.00610748 
426 257.339 2.50683 66410.7 1299.28 0.8217 0.00377984 0.675608 0.00617754 
427 258.013 2.46542 66745.1 1284.28 0.820034 0.00549592 0.67289 0.00898736 
428 260.179 2.27164 67874.8 1177.26 0.825907 0.00307774 0.682537 0.00504033 
429 260.559 3.08705 68105.6 1618.03 0.823938 0.00337363 0.679293 0.00552198 
430 261.391 3.40828 68545.4 1797.73 0.824161 0.00452838 0.679659 0.00742301 
431 262.284 2.5033 69020.3 1322.6 0.82492 0.00299845 0.680906 0.0049313 
432 262.057 2.26287 68872.2 1211.94 0.824495 0.00329254 0.680157 0.00539163 
433 263.218 2.15735 69485.5 1155.01 0.825552 0.00286051 0.681902 0.00468218 
434 262.107 2.22672 68858.3 1188.79 0.82606 0.00284963 0.682659 0.00465216 
435 264.349 2.12614 70102.4 1120.23 0.824429 0.00283467 0.680069 0.0046458 
436 264.574 2.34858 70209.6 1235.3 0.82369 0.00320297 0.678859 0.00525096 
437 265.512 2.33371 70712.9 1236.77 0.824964 0.00285625 0.680965 0.00470805 
438 266.606 2.14857 71301 1136.72 0.824826 0.00266614 0.680737 0.00437096 
439 267.077 2.11336 71563.4 1115.65 0.825172 0.00226844 0.681307 0.00372215 
440 267.667 2.46735 71867.5 1312.57 0.824778 0.00233644 0.680642 0.00382767 
441 268.491 2.73534 72311.3 1461.45 0.825274 0.00258103 0.681452 0.00425852 
442 269.83 2.60155 73012 1388.17 0.825741 0.00235578 0.682175 0.00387275 
443 269.47 1.84325 72819 986.319 0.825129 0.00180757 0.68116 0.00297523 
444 270.299 2.4512 73273.7 1335.49 0.825681 0.00254096 0.682064 0.00418711 
445 271.7 2.48588 74043.1 1346.59 0.82621 0.00266128 0.682953 0.00438817 
446 270.918 1.60185 73580 872.619 0.825748 0.00233094 0.682169 0.00384979 
447 271.699 2.1329 74022.8 1154.4 0.825801 0.00227521 0.682266 0.00375879 
448 272.8 1.81611 74592.5 975.976 0.825651 0.00179687 0.681966 0.00296127 
449 273.069 1.73798 74772.4 964.348 0.82639 0.00259088 0.683253 0.00429076 
450 273.982 1.88219 75220.6 1029.04 0.826849 0.00295057 0.683929 0.00489332 
451 274.785 1.55319 75692 861.544 0.826109 0.0022596 0.682763 0.00374429 
452 274.695 1.48107 75595.1 804.485 0.825036 0.00248602 0.680902 0.00412289 
453 276.313 1.56973 76508.4 877.052 0.826242 0.00243608 0.682923 0.00405617 
454 276.075 1.5796 76353.8 861.796 0.826926 0.00327372 0.684055 0.00543284 
455 277.405 1.94374 77110 1065 0.828655 0.00333358 0.686942 0.00551217 
456 278.677 1.1257 77800.8 617.192 0.829838 0.00317012 0.688908 0.00527977 
457 279.307 1.72757 78173.2 964.978 0.828891 0.00297334 0.687361 0.00495605 
458 280.902 1.14268 79026.4 642.784 0.831105 0.00412619 0.691026 0.00689369 
459 280.971 1.51817 79118.7 859.734 0.828296 0.00242094 0.686373 0.00404355 
460 280.96 1.18909 79068.6 665.272 0.825935 0.00227049 0.68239 0.00378858 
461 281.627 1.78685 79498.9 1008.36 0.827048 0.0023479 0.684287 0.00389181 
462 281.595 1.65469 79441.4 939.164 0.825862 0.00269039 0.682292 0.00447582 
463 283.595 2.34688 80615.9 1356.97 0.826547 0.00247585 0.683436 0.00411603 
464 283.282 1.53627 80391 860.315 0.825459 0.0021161 0.681598 0.0035086 
465 284.335 1.74529 81026.6 1015.48 0.826487 0.00247046 0.683328 0.00410702 
466 284.537 1.56316 81095.8 899.205 0.825845 0.00253664 0.68223 0.004226 
467 285.05 1.31713 81408.5 770.54 0.825265 0.0024335 0.681285 0.00406118 
468 286.328 1.33835 82105.7 771.008 0.825927 0.00207996 0.682349 0.0034677 
469 286.799 1.02207 82351 591.239 0.824932 0.00163803 0.680658 0.00272685 
470 288.881 0.698922 83523.7 397.535 0.825212 0.00120809 0.681091 0.00200521 
471 289.922 1.22886 84162.2 698.147 0.827177 0.00158373 0.68438 0.00262991 
472 294.441 0.91164 86731.9 513.418 0.829275 0.000796844 0.687746 0.00131806 
473 289.881 2.2748 84212.4 1337.42 0.828246 0.00324615 0.686266 0.00540655 
474 291.162 2.06341 84925.3 1201.55 0.829231 0.00357455 0.687866 0.005942 
475 294.065 4.70739 86743 2850.63 0.829084 0.00384063 0.687662 0.00640916 
476 291.692 1.90182 85240.3 1078.86 0.82545 0.00219084 0.681563 0.00363286 
477 291.319 2.11413 85057.4 1250.91 0.826494 0.00223773 0.683338 0.00371434 
478 293.04 1.79097 86032.2 1059.93 0.826773 0.00212079 0.683749 0.00352873 
479 293.502 2.49955 86356.8 1481.06 0.826879 0.00240131 0.683982 0.00399398 
480 294.549 1.71272 86931.2 1009.09 0.826599 0.0020255 0.683461 0.0033669 
481 296.659 2.79698 88208.8 1660.19 0.828498 0.00177964 0.686624 0.0029501 
482 294.735 2.20589 87073.5 1304.61 0.826571 0.0020371 0.683452 0.00338179 
483 295.876 2.44488 87771.8 1461.16 0.827359 0.00234067 0.684771 0.00388444 
484 295.806 2.19771 87704.8 1290.88 0.826761 0.00245251 0.683769 0.00408069 
485 296.349 2.44118 88043.9 1471.14 0.82654 0.00241031 0.683412 0.00400869 
486 295.88 1.93519 87693.7 1137.98 0.823738 0.00255428 0.678725 0.0042386 
487 300.159 5.42039 90414.4 3328.13 0.829011 0.0044327 0.687571 0.0074267 
488 298.105 2.442 89053.9 1452.81 0.825697 0.00198074 0.681981 0.00328586 
489 296.948 3.10753 88420.2 1841.72 0.825002 0.00241395 0.68088 0.00400142 
490 300.888 2.69928 90733.5 1611.15 0.826976 0.00194799 0.684089 0.00323033 
491 299.654 2.50038 90009.5 1517.92 0.826066 0.00221101 0.68263 0.00366906 
492 302.735 2.32781 91849.8 1406.34 0.827268 0.00179176 0.684577 0.00296909 
493 302.93 2.52912 92017.2 1564.51 0.8278 0.00237392 0.685521 0.00396095 
494 302.671 2.42682 91854 1497.45 0.826124 0.00197538 0.682732 0.00328136 
495 304.258 2.87781 92820.6 1780.15 0.82819 0.00260239 0.686173 0.00432638 
496 303.606 2.09098 92365.6 1284.5 0.826819 0.00164657 0.683858 0.00274769 
497 305.866 2.35256 93774.5 1446.97 0.828185 0.00259492 0.686146 0.00431126 
498 305.723 2.12275 93664.5 1310.84 0.828216 0.00226349 0.686175 0.00377232 
499 308.422 3.23943 95354.2 2011.13 0.829476 0.00303287 0.688287 0.00504573 
500 306.511 2.1624 94160.6 1338.45 0.827334 0.00220889 0.684722 0.0036729 
501 306.665 3.08829 94261.6 1936.12 0.826636 0.00288922 0.68358 0.00480589 
502 307.874 2.06248 94996 1265.38 0.827884 0.00241962 0.685638 0.00401645 
503 307.538 2.55055 94800.4 1608.24 0.826356 0.0027674 0.683125 0.00460223 
504 308.221 2.82904 95207.3 1773.7 0.827038 0.00306274 0.684243 0.00508417 
505 308.293 2.94633 95262.7 1846.75 0.825367 0.00334532 0.681507 0.00554165 
506 309.554 2.15174 96025.9 1341.27 0.82691 0.00251125 0.684019 0.00416134 
507 309.883 2.62267 96245.3 1640.89 0.826257 0.0028235 0.682982 0.00466771 
508 312.223 2.91675 97698.1 1827.54 0.829141 0.0034514 0.687741 0.00574828 
509 311.598 2.74697 97314 1745.94 0.827023 0.00284817 0.684223 0.00474006 
510 312.383 2.60147 97801.6 1652.6 0.827673 0.00257641 0.685282 0.00428954 
511 312.902 2.6207 98132.4 1680.11 0.828033 0.00272837 0.685896 0.00454995 
512 313.231 2.80301 98320.8 1789 0.827408 0.00294611 0.684842 0.0049039 
513 315.017 3.84049 99483.4 2472.46 0.828026 0.00355033 0.685902 0.00591434 
514 314.393 2.76481 99067.7 1763.57 0.827511 0.0027375 0.685022 0.004552 
515 315.262 3.17038 99633.9 2048.05 0.8277 0.0030295 0.685352 0.00504844 
516 316.196 2.94751 100209 1896 0.827738 0.00275328 0.685397 0.00458532 
517 316.459 3.22189 100377 2067.18 0.82731 0.0028488 0.684694 0.00475043 
518 317.641 3.09089 101133 2001.18 0.827877 0.00276577 0.68563 0.00460709 
519 317.332 3.12198 100932 1993.18 0.827332 0.00271707 0.684735 0.00452689 
520 318.091 2.76046 101404 1792.26 0.827485 0.0028061 0.68498 0.00467045 
521 319.459 3.59241 102301 2340.89 0.827946 0.00296525 0.685758 0.00493483 
522 318.114 2.46823 101374 1590.51 0.824831 0.00243449 0.680555 0.00405585 
523 320.324 3.23326 102883 2118.17 0.827347 0.00300337 0.684786 0.00499033 
524 322.75 3.58541 104448 2376.79 0.82889 0.00307468 0.687342 0.00514786 
525 321.485 2.22911 103599 1465.1 0.827437 0.00172013 0.684914 0.00283922 
526 322.302 2.03812 104087 1319.78 0.827478 0.00156348 0.68494 0.00260483 
527 322.146 2.95581 104020 1894.47 0.826561 0.00224847 0.683478 0.00372117 
528 322.895 2.12548 104483 1393.45 0.828364 0.00214209 0.686444 0.00356702 
529 323.786 2.10499 105102 1372.12 0.827484 0.00220334 0.685015 0.00364682 
530 324.584 2.57678 105615 1652.73 0.827312 0.00228422 0.68471 0.00378406 
531 325.404 2.58777 106137 1667.77 0.827134 0.00262126 0.684422 0.0043347 
532 325.514 2.49068 106196 1610.17 0.827093 0.00235179 0.684339 0.00388599 
533 326.352 3.00914 106777 1925.56 0.826235 0.00284018 0.682959 0.00467177 
534 327.83 3.10628 107727 2067.21 0.826763 0.00253566 0.68379 0.00419875 
535 327.007 3.27687 107242 2065.25 0.825812 0.00337893 0.682298 0.00552732 
536 328.046 3.05485 107877 1974.3 0.827204 0.00284913 0.684547 0.00469842 
537 327.838 3.48164 107811 2272.01 0.825446 0.00340043 0.681716 0.00562169 
538 328.346 2.67065 108071 1772.53 0.827137 0.00259128 0.684436 0.00428813 
539 330.223 3.52584 109388 2318.55 0.827834 0.00342522 0.685669 0.00565746 
540 329.425 3.1857 108815 2092.07 0.826642 0.00307176 0.683643 0.00506386 
541 331.825 5.65941 110559 3720.16 0.828106 0.00550895 0.686241 0.00908981 
542 330.945 3.59799 109819 2374.39 0.826712 0.00344823 0.68376 0.00569246 
543 334.804 5.10726 112495 3443.86 0.830092 0.0049841 0.689485 0.00829087 
544 332.794 2.56036 111055 1694.88 0.826335 0.00257409 0.683149 0.00424556 
545 334.425 5.21811 112276 3465.14 0.828593 0.00501289 0.687021 0.00827659 
546 333.876 3.58784 111798 2342.87 0.827354 0.00346032 0.684849 0.0056842 
547 337.99 4.7352 114602 3208.78 0.83057 0.00465479 0.690218 0.00772477 
548 335.115 2.87787 112591 1914.92 0.828168 0.00279319 0.686164 0.00459906 
549 334.54 9.38922 112487 6201.69 0.826204 0.00896061 0.683174 0.0146863 
550 338.907 2.82621 115125 1886.98 0.829722 0.00275702 0.688708 0.0045456 
551 341.563 5.51208 117071 3794.26 0.831713 0.00506184 0.692147 0.0084286 
552 339.46 3.22539 115533 2160.38 0.828207 0.00289417 0.686219 0.0047653 
553 341.73 4.90284 117229 3393.37 0.831425 0.00464274 0.691724 0.00773715 
554 340.408 2.90872 116180 1960.05 0.829985 0.00293191 0.689209 0.00484488 
555 340.177 5.19595 116136 3511.7 0.828941 0.00505338 0.687597 0.00831877 
556 342.582 3.32449 117657 2271.7 0.830724 0.00291829 0.69039 0.00482927 
557 343.322 3.65643 118230 2508.64 0.830629 0.00339085 0.690277 0.0056159 
558 342.136 3.13529 117322 2127.92 0.829545 0.00277915 0.688402 0.00457199 
559 345.134 4.38654 119544 3020.5 0.830762 0.00387368 0.690549 0.006409 
560 346.226 4.54071 120190 3115.32 0.831443 0.00359751 0.691583 0.0059318 
561 342.195 4.88589 117524 3361.11 0.827221 0.004661 0.684709 0.00770488 
562 345.754 3.4724 119853 2389.43 0.831355 0.00323857 0.691472 0.00534898 
563 347.895 3.80372 121418 2696.51 0.831998 0.00349502 0.692592 0.00583963 
564 346.318 3.07357 120234 2160.01 0.831154 0.00306114 0.691121 0.005085 
565 348.32 3.90385 121702 2761.03 0.831438 0.00371174 0.691653 0.00618811 
566 347.174 3.55379 120807 2448.57 0.831436 0.0037884 0.691587 0.00625752 
567 350.84 4.4678 123505 3158.38 0.833137 0.00423964 0.694509 0.00704517 
568 349.37 3.00966 122326 2100.35 0.832668 0.00422496 0.693631 0.00698619 
569 352.598 4.5858 124713 3261.71 0.8339 0.00433838 0.695753 0.00722981 
570 350.937 3.08696 123408 2146.51 0.832713 0.00429056 0.693684 0.00709815 
571 352.023 3.44584 124224 2450.16 0.832527 0.00336968 0.693399 0.00560218 
572 350.987 3.18383 123434 2226.71 0.831865 0.0040352 0.692273 0.00666855 
573 352.602 4.74192 124676 3351.56 0.831952 0.00489989 0.692475 0.00812507 
574 355.417 3.72852 126574 2597.81 0.835208 0.00459748 0.697846 0.00762213 
575 359.117 4.7799 129311 3480.52 0.836065 0.00459315 0.699337 0.00766787 
576 357.824 2.79597 128269 1959.12 0.835156 0.00377939 0.697751 0.00626502 
577 362.075 6.178 131537 4545.53 0.83705 0.00562911 0.701047 0.00943431 
578 359.807 3.80526 129732 2669.55 0.835935 0.00457084 0.699065 0.00756978 
579 359.871 3.627 129857 2592.16 0.833583 0.00356302 0.69519 0.00591764 
580 360.725 4.33902 130414 3065.52 0.834832 0.00513783 0.697241 0.00852863 
581 364.789 6.23108 133577 4571.22 0.836879 0.00586204 0.70082 0.00981121 
582 360.575 3.88546 130365 2779.18 0.832803 0.0038747 0.693882 0.0064233 
583 368.001 5.75307 135939 4241.31 0.837949 0.00532015 0.702612 0.00890449 
584 360.375 4.3217 130282 3067.35 0.831509 0.00438713 0.691784 0.00725065 
585 359.888 4.53491 130003 3264.69 0.828619 0.00463184 0.687073 0.00766901 
586 354.914 4.80366 126428 3364.63 0.824922 0.00467191 0.680907 0.00766632 
587 356.849 5.30064 127883 3665.28 0.824658 0.00525295 0.680604 0.00856026 
588 361.979 5.06693 131476 3589.49 0.829924 0.00440342 0.689122 0.00720586 
589 362.238 4.22228 131635 3068.64 0.829859 0.00368603 0.689034 0.00610167 
590 360.632 3.8281 130461 2723.08 0.828283 0.00389211 0.686413 0.00639726 
591 362.048 4.976 131520 3601.26 0.829154 0.00422739 0.687895 0.00698075 
592 360.99 3.29041 130689 2361.49 0.827936 0.00344493 0.685825 0.00567763 
593 362.231 4.03768 131639 2916 0.828629 0.0035464 0.687011 0.00585225 
594 363.159 3.54024 132254 2569.42 0.82933 0.00336489 0.688137 0.00555836 
595 363.229 5.06428 132393 3617.63 0.828531 0.0047196 0.686901 0.00772726 
596 365.936 4.17992 134298 3043.73 0.830439 0.00374213 0.689978 0.0061742 
597 366.641 6.09715 135039 4410.71 0.830325 0.00558973 0.689967 0.00919512 
598 364.776 4.62791 133500 3346.21 0.8289 0.00422801 0.687466 0.00696068 
599 367.888 6.26607 135892 4546.36 0.831097 0.00558822 0.691181 0.00920045 
600 365.29 5.3255 133836 3759.32 0.828603 0.0051553 0.686966 0.00841558 
601 366.704 5.07467 134886 3585.16 0.828891 0.00506035 0.687475 0.0082578 
602 368.334 4.35626 136026 3117.28 0.830463 0.00439682 0.690029 0.00720013 
603 367.331 5.03586 135349 3578.61 0.827834 0.00535092 0.685734 0.00874732 
604 369.297 4.46362 136766 3202.52 0.829247 0.00439077 0.688022 0.00719023 
605 369.656 4.87482 137072 3492.15 0.828316 0.00487983 0.686542 0.00798998 
606 368.902 4.721 136520 3382.88 0.827078 0.00480659 0.6845 0.00785805 
607 370.898 4.32837 137956 3148.58 0.825273 0.00526394 0.681471 0.00869478 
608 372.735 4.69089 139335 3397.59 0.830215 0.00454389 0.689631 0.00744313 
609 371.903 7.40644 138940 5387.59 0.828608 0.00707749 0.687181 0.0115516 
610 372.805 5.4772 139453 3948.56 0.828259 0.00504281 0.686415 0.00822691 
611 368.91 7.86126 136789 5678.41 0.823617 0.00759283 0.67899 0.0123626 
612 376.538 6.25941 142255 4615.84 0.829753 0.00555273 0.688894 0.00909016 
613 378.999 6.43704 144225 4801.73 0.831305 0.00580681 0.691577 0.00955691 
614 378.018 6.45554 143394 4767.79 0.831246 0.00623072 0.691422 0.010213 
615 382.294 7.1606 146833 5336.49 0.832714 0.00670927 0.694009 0.011013 
616 383.527 7.23613 147677 5427.3 0.833419 0.00638832 0.695071 0.0105184 
617 392.646 7.24649 154731 5528.89 0.840214 0.00618641 0.706405 0.0102415 
618 389.67 8.11735 152524 6181.45 0.83706 0.00708554 0.701226 0.0117048 
619 410.056 4.09449 168400 3145.75 0.851809 0.00324432 0.725773 0.00536264 
620 382.35 8.50112 146960 6391.27 0.829291 0.00795447 0.688398 0.0130469 
621 400.154 8.26084 160854 6312.35 0.842424 0.0074529 0.710268 0.0122748 
622 393.682 6.83888 155566 5273.17 0.838102 0.00585728 0.702847 0.00969364 
623 413.269 6.82607 171156 5378.33 0.851028 0.0052373 0.724497 0.00872971 
624 397.705 5.87915 158633 4660.96 0.840963 0.00439143 0.707526 0.00736693 
625 405.421 6.52241 164815 5191.51 0.8456 0.00481074 0.71531 0.00806135 
626 399.84 5.64377 160338 4497.98 0.841693 0.0041637 0.70873 0.0069852 
627 419.589 4.25078 176299 3439.43 0.853663 0.00304888 0.728874 0.00513083 
628 400.596 6.04683 160893 4851.6 0.841596 0.00428259 0.708541 0.00719078 
629 420.186 4.70148 176773 3808.86 0.852183 0.003239 0.726328 0.00544823 
630 389.933 2.59778 152294 2020.41 0.831657 0.00194771 0.69183 0.00323312 
631 391.722 3.48028 153811 2738.75 0.833518 0.00226093 0.694961 0.00374944 
632 393.089 3.10296 154809 2450.57 0.834632 0.00231644 0.696819 0.00385511 
633 392.126 3.80636 154103 3005.73 0.832536 0.00255666 0.693338 0.00424068 
634 397.557 4.08548 158361 3234.85 0.835985 0.00289149 0.699066 0.0048073 
635 393.042 2.76433 154779 2185.03 0.83256 0.00253236 0.693371 0.00420199 
636 393.498 2.76777 155119 2211 0.832589 0.00235846 0.6934 0.00392059 
637 393.557 3.11298 155181 2485.09 0.831939 0.00265464 0.692346 0.00441201 
638 394.427 2.81233 155870 2252.01 0.831705 0.00221217 0.691947 0.00366457 
639 397.098 4.1196 158002 3333.99 0.833077 0.0026077 0.694227 0.00434684 
640 395.559 3.40407 156767 2720.23 0.832389 0.00278008 0.693094 0.0046247 
641 399.498 3.2166 159900 2599.92 0.834064 0.00248276 0.695862 0.00413637 
642 394.65 2.96285 156068 2344.37 0.830363 0.00258239 0.689731 0.00428757 
643 400.173 2.66831 160415 2131.56 0.833846 0.00214869 0.695501 0.00356953 
644 398.475 2.80752 159097 2270.64 0.832611 0.0022634 0.693465 0.00376747 
645 398.999 3.67876 159507 2963.44 0.832394 0.00287833 0.693104 0.00479338 
646 399.78 3.69736 160169 2986.43 0.831977 0.00300465 0.692425 0.00499407 
647 398.623 3.09857 159181 2498.53 0.831433 0.00265204 0.691487 0.00440444 
648 399.416 2.75529 159829 2230.5 0.831697 0.00240611 0.691933 0.00399736 
649 399.233 3.27073 159669 2627.29 0.830936 0.00265217 0.690659 0.00439961 
650 401.834 2.80665 161735 2252.85 0.832975 0.00304316 0.694059 0.00506261 
651 400.918 2.41339 160999 1953.35 0.831391 0.00245236 0.691398 0.00406733 
652 402.843 2.55313 162572 2088.27 0.832214 0.00204936 0.692764 0.003402 
653 401.336 2.65136 161318 2144.79 0.83026 0.00278877 0.689521 0.00461301 
654 403.052 2.7616 162723 2249.05 0.831751 0.00262691 0.692018 0.00436849 
655 403.33 3.0204 162916 2450.91 0.83045 0.00325556 0.689857 0.00540513 
656 406.373 3.14085 165428 2559.41 0.832763 0.00270251 0.693689 0.00448254 
657 403.549 3.72096 163139 3024.31 0.828041 0.00334487 0.685879 0.00552987 
658 407.451 3.23411 166326 2662.85 0.83217 0.00263669 0.692697 0.00437107 
659 409.97 5.24756 168453 4330.26 0.831781 0.00378178 0.692091 0.00626032 
660 409.538 4.458 168014 3687.69 0.833903 0.00353422 0.695606 0.00588988 
661 408.448 2.49166 167073 2034.85 0.832565 0.00350757 0.693375 0.00585328 
662 410.543 2.97595 168795 2450.74 0.834638 0.00326868 0.696849 0.00545608 
663 409.82 2.84296 168228 2375.1 0.830922 0.00269206 0.690636 0.00448968 
664 411.204 3.2032 169374 2664.29 0.832637 0.00295879 0.693498 0.00490943 
665 409.246 2.67731 167731 2171.42 0.830253 0.00294137 0.689526 0.00486377 
666 402.631 4.912 162463 3938.35 0.824178 0.00493396 0.679586 0.00811834 
667 413.073 2.61653 170876 2161.58 0.832642 0.00303243 0.6935 0.0050323 
668 402.429 4.58618 162266 3693.69 0.82249 0.00485459 0.676797 0.00798877 
669 417.345 2.26426 174373 1910.2 0.8342 0.00171351 0.69602 0.00285234 
670 415.395 1.46823 172711 1194.73 0.834974 0.00267749 0.697325 0.00444194 
671 416.675 1.95013 173787 1608.72 0.835442 0.00261564 0.698113 0.00433984 
672 417.94 1.49728 174804 1229.21 0.836919 0.00215604 0.700557 0.0035805 
673 420.116 1.48023 176611 1213.29 0.837324 0.00198039 0.70122 0.00328501 
674 422.104 1.21673 178265 1004.07 0.839742 0.00156054 0.70526 0.00258927 
675 424.281 1.19957 180103 998.837 0.838521 0.001534 0.703196 0.00255511 
676 426.246 1.41068 181756 1172.21 0.841657 0.00145545 0.708452 0.00242169 
677 426.164 1.88882 181713 1586.05 0.83941 0.00189476 0.704698 0.003162 
678 430.379 1.4702 185298 1232.49 0.842501 0.00141254 0.709871 0.00235223 
679 424.922 1.45514 180653 1206.92 0.836818 0.00162337 0.700337 0.00268825 
680 421.186 2.3513 177590 1967.87 0.832898 0.00226367 0.693864 0.00374801 
681 425.738 2.01165 181371 1670.99 0.834795 0.00162735 0.696961 0.00268869 
682 422.607 2.85356 178805 2397.2 0.831654 0.00208169 0.69178 0.00344222 
683 426.095 1.98843 181683 1658.75 0.833199 0.00144428 0.694301 0.00239051 
684 424.733 3.03339 180610 2544.64 0.83371 0.00261185 0.695216 0.00433646 
685 428.262 2.28516 183523 1912.86 0.834447 0.0016895 0.696372 0.00279404 
686 423.986 4.29372 179974 3599.11 0.831785 0.00328417 0.692003 0.00543341 
687 431.099 3.06065 185979 2577.11 0.835765 0.0022638 0.698583 0.00374772 
688 426.057 3.81217 181722 3202.53 0.832235 0.00298295 0.692745 0.00493536 
689 431.794 2.77609 186580 2343.24 0.835397 0.0021065 0.697975 0.00348703 
690 429.582 3.60616 184741 3045.96 0.83381 0.00298144 0.695371 0.00493651 
691 433.864 3.84406 188369 3258.75 0.835523 0.00307049 0.698183 0.00508431 
692 433.626 3.45211 188167 2928.08 0.835837 0.00304669 0.698721 0.00504933 
693 437.038 2.11983 191088 1804.08 0.836336 0.00169319 0.699515 0.00280151 
694 439.209 0.557691 192949 480.972 0.838982 0.000827097 0.703926 0.00138033 
695 442.026 0.46209 195407 405.047 0.839287 0.000743342 0.704424 0.00124838 
696 442.173 0.590507 195563 509.962 0.839774 0.000589056 0.705257 0.000979793 
697 445.277 0.463267 198295 412.179 0.840577 0.000373971 0.706588 0.00062809 
698 445.028 0.876276 198083 770.118 0.841114 0.000612294 0.7075 0.00101947 
