1.2 -1.80983 115400000000
155.087 0.719343
1 0 0 0 0 0.499735 0.000137786 0.499735 0.000137786 
2 0 0 0 0 0.499874 9.65369e-05 0.374862 0.000106902 
3 0 0 0 0 0.499875 9.25335e-05 0.333229 9.70549e-05 
4 0.163331 9.61916e-05 0.163331 9.61916e-05 0.52853 9.24296e-05 0.344595 9.73116e-05 
5 0.224114 0.00011969 0.224114 0.00011969 0.53131 9.51745e-05 0.334441 0.000103831 
6 0.444062 0.000210466 0.614587 0.000365713 0.549416 8.36762e-05 0.346536 9.60855e-05 
7 0.534189 0.000257888 0.765903 0.000433927 0.550601 9.17595e-05 0.341256 0.000106402 
8 0.80321 0.000370486 1.48202 0.00096934 0.564314 8.313e-05 0.352528 9.52135e-05 
9 0.921417 0.000462113 1.79663 0.0011562 0.565682 8.26759e-05 0.350312 9.72935e-05 
10 1.19557 0.000728525 2.76458 0.00232566 0.574986 9.18888e-05 0.35826 0.000112269 
11 1.35156 0.000564443 3.35655 0.00221775 0.577046 7.94259e-05 0.358229 9.34219e-05 
12 1.62496 0.000797435 4.57877 0.00327278 0.583822 8.465e-05 0.364246 0.000103507 
13 1.80009 0.00101218 5.41415 0.00460999 0.585641 9.54639e-05 0.364653 0.000117956 
14 2.08331 0.00106474 6.97611 0.00589516 0.591237 9.21504e-05 0.369915 0.00011053 
15 2.26863 0.000992986 8.03955 0.00595789 0.592654 9.05811e-05 0.370273 0.000107756 
16 2.5611 0.00108891 9.9619 0.00739037 0.597371 9.3227e-05 0.374884 0.00011196 
17 2.75686 0.00135827 11.2833 0.0100516 0.598649 8.74874e-05 0.375396 0.000106682 
18 3.05468 0.0014594 13.5603 0.0115783 0.602639 9.32522e-05 0.379393 0.000114091 
19 3.26043 0.00149366 15.17 0.0144491 0.603737 8.6572e-05 0.379912 0.000107179 
20 3.5613 0.00160462 17.7952 0.0147729 0.607113 8.64471e-05 0.383347 0.000109769 
21 3.77459 0.00185756 19.6923 0.0187737 0.608135 9.74615e-05 0.383925 0.000120664 
22 4.08111 0.00213991 22.709 0.0242376 0.611175 0.000111784 0.387094 0.000142714 
23 4.29866 0.00214999 24.8765 0.0236013 0.611983 9.03576e-05 0.387516 0.000111947 
24 4.61031 0.00224201 28.2998 0.0264783 0.614664 9.73508e-05 0.390363 0.000121122 
25 4.83365 0.00232067 30.7678 0.0275404 0.615427 9.14835e-05 0.39082 0.000113757 
26 5.14678 0.00228417 34.5505 0.0299709 0.617832 9.28238e-05 0.393415 0.000117002 
27 5.37621 0.00264846 37.3486 0.0362714 0.61852 0.000101723 0.393857 0.000125439 
28 5.69257 0.00271022 41.5429 0.0398401 0.620703 0.00011219 0.396238 0.000140684 
29 5.92521 0.00334079 44.6372 0.0514716 0.621273 0.000128419 0.396579 0.00016336 
30 6.24273 0.00296842 49.2127 0.0470088 0.623208 9.53682e-05 0.398702 0.000122486 
31 6.48146 0.00352618 52.6708 0.059287 0.623814 0.00010304 0.399144 0.000133771 
32 6.80005 0.00346498 57.6372 0.0603336 0.625576 9.37315e-05 0.401095 0.000120082 
33 7.03964 0.0034734 61.3711 0.058945 0.626048 9.32752e-05 0.401404 0.000118698 
34 7.36024 0.00416681 66.7303 0.0797385 0.627652 9.2566e-05 0.403195 0.000118568 
35 7.60526 0.00385489 70.8348 0.0722703 0.628149 9.56949e-05 0.403564 0.000122757 
36 7.92823 0.00450282 76.6175 0.0922105 0.629636 9.49066e-05 0.405232 0.000122816 
37 8.17382 0.00413495 81.0062 0.083582 0.630019 9.42018e-05 0.405482 0.000121847 
38 8.50041 0.00436586 87.2584 0.0909535 0.631463 9.32846e-05 0.407124 0.00012167 
39 8.74997 0.00427773 92.0189 0.0924745 0.631868 9.22847e-05 0.407436 0.000121046 
40 9.07257 0.00592223 98.5629 0.13641 0.633132 0.000105676 0.408871 0.000139667 
41 9.32758 0.00553154 103.736 0.133577 0.633496 0.000116428 0.409142 0.000157933 
42 9.65435 0.00492683 110.766 0.117965 0.634706 0.000120845 0.41053 0.00016133 
43 9.90866 0.00716917 116.188 0.183794 0.635012 0.000143611 0.410742 0.000190945 
44 10.2335 0.00706717 123.574 0.169507 0.636108 0.000129999 0.412004 0.000171344 
45 10.4893 0.00609013 129.329 0.144933 0.636391 0.000124999 0.412202 0.000161177 
46 10.8199 0.00668991 137.253 0.177078 0.637538 0.000112874 0.413547 0.000151204 
47 11.0842 0.00643069 143.588 0.189721 0.637867 0.000112849 0.41383 0.000148813 
48 11.4045 0.0071056 151.569 0.204839 0.638715 0.000131995 0.414786 0.000176143 
49 11.6635 0.00850617 158.02 0.239196 0.638986 0.000142816 0.414994 0.000186979 
50 11.9935 0.00701019 166.697 0.204567 0.639896 0.000124732 0.416055 0.000163934 
51 12.2651 0.00707075 173.887 0.213035 0.640254 0.000114201 0.416397 0.000151413 
52 12.5924 0.00998112 182.887 0.316124 0.641067 0.000139778 0.417338 0.000186274 
53 12.8575 0.00871598 190.154 0.269381 0.641361 0.000118017 0.417602 0.000156573 
54 13.1851 0.00740577 199.567 0.233096 0.642185 0.000104817 0.418569 0.000138158 
55 13.45 0.00909289 207.127 0.295024 0.642364 0.000120372 0.418683 0.000158841 
56 13.7735 0.00815989 216.746 0.267309 0.643101 0.00011124 0.419539 0.000147121 
57 14.0495 0.00759994 225.056 0.251791 0.643416 0.00010932 0.419851 0.000143851 
58 14.3876 0.0087658 235.65 0.308747 0.644227 0.000108953 0.42082 0.000144754 
59 14.6561 0.0076853 243.972 0.265085 0.644442 0.000114426 0.421002 0.000150621 
60 14.9844 0.0090969 254.6 0.332295 0.645101 0.00010529 0.421774 0.000139216 
61 15.2591 0.00861234 263.483 0.313147 0.645369 0.000111774 0.422033 0.000148839 
62 15.5866 0.00866282 274.49 0.324623 0.645973 0.000105584 0.422742 0.000139943 
63 15.866 0.00893277 283.9 0.33591 0.646208 0.000110389 0.422972 0.000146439 
64 16.1879 0.00915687 295.089 0.345614 0.64673 0.000113389 0.42357 0.000151227 
65 16.4685 0.0095557 304.898 0.375512 0.646936 0.000115329 0.423763 0.000152287 
66 16.8059 0.010417 317.072 0.404875 0.64761 0.000137107 0.424572 0.000185524 
67 17.0765 0.0120165 326.757 0.468171 0.647713 0.000154995 0.424623 0.000208272 
68 17.4105 0.0124309 339.252 0.483143 0.648329 0.000137524 0.425371 0.000181781 
69 17.6864 0.0107393 349.456 0.442582 0.648491 0.00013758 0.425502 0.000181143 
70 18.0158 0.0130705 362.2 0.52598 0.649034 0.000146338 0.426151 0.000193949 
71 18.2963 0.0121095 372.938 0.520568 0.649207 0.000138238 0.426311 0.000183991 
72 18.6291 0.0152142 386.272 0.68454 0.649729 0.000169263 0.42694 0.00022527 
73 18.9201 0.0118236 397.791 0.516615 0.65 0.000143693 0.427235 0.00019089 
74 19.2478 0.0132214 411.298 0.583568 0.650412 0.000132698 0.427713 0.000175709 
75 19.5413 0.0117625 423.375 0.530262 0.650697 0.000147174 0.428034 0.000195903 
76 19.8607 0.0122838 436.808 0.547686 0.651038 0.000155247 0.42842 0.000204101 
77 20.1432 0.0114421 448.716 0.527686 0.651188 0.000138509 0.428558 0.0001824 
78 20.4713 0.0123383 462.975 0.555811 0.651654 0.000143968 0.429122 0.000189011 
79 20.7599 0.0125255 475.504 0.593346 0.651811 0.000131572 0.429267 0.000173333 
80 21.0881 0.0151834 490.193 0.683581 0.652194 0.000145657 0.429722 0.000189854 
81 21.3734 0.0140103 502.932 0.666689 0.652351 0.00015863 0.429875 0.000210083 
82 21.6975 0.0147945 517.784 0.684619 0.652708 0.000147859 0.430297 0.000193627 
83 21.9757 0.0165031 530.414 0.775593 0.652826 0.000176218 0.430394 0.000228954 
84 22.3239 0.017596 547.036 0.843892 0.653364 0.00020588 0.431071 0.000269674 
85 22.6111 0.0190045 560.703 0.973505 0.653504 0.000193174 0.43121 0.000254222 
86 22.9443 0.0218606 576.789 1.15186 0.653883 0.000199349 0.43167 0.000265158 
87 23.2448 0.0217983 591.546 1.14197 0.654066 0.000177399 0.431869 0.000235139 
88 23.5789 0.0199734 608.225 1.07733 0.654477 0.000171818 0.432377 0.000230778 
89 23.8632 0.0182766 622.394 0.984127 0.654568 0.000149849 0.432446 0.000194393 
90 24.184 0.0198817 638.569 1.05975 0.654851 0.000187449 0.432773 0.000248271 
91 24.4671 0.0203848 652.973 1.20556 0.654925 0.000176244 0.432826 0.000236117 
92 24.8093 0.0187774 670.877 1.07316 0.655375 0.00015702 0.433384 0.000209329 
93 25.1094 0.0192047 686.662 1.17438 0.65552 0.000164604 0.433535 0.000220969 
94 25.4322 0.0208199 703.783 1.22295 0.655818 0.000136657 0.43389 0.000183795 
95 25.7351 0.0203033 720.134 1.21299 0.65597 0.000136867 0.434048 0.000183726 
96 26.0674 0.0197695 738.411 1.18076 0.656316 0.000141702 0.434477 0.000191288 
97 26.3488 0.0173229 753.625 1.03225 0.656373 0.000131245 0.434507 0.00017779 
98 26.6917 0.018698 773.047 1.15143 0.656747 0.00013996 0.43498 0.000189763 
99 26.981 0.017638 789.219 1.08638 0.656793 0.000133677 0.435002 0.000179196 
100 27.3149 0.0171931 808.383 1.06965 0.657166 0.000137329 0.435465 0.000185166 
101 27.6107 0.0187273 825.43 1.25765 0.657263 0.000143614 0.435561 0.000193829 
102 27.9422 0.0192296 844.838 1.27075 0.657531 0.000146854 0.435883 0.000197565 
103 28.2336 0.0184383 861.948 1.203 0.657653 0.000139543 0.436012 0.000189417 
104 28.5685 0.019392 882.133 1.28857 0.657941 0.000142539 0.436364 0.000192591 
105 28.8621 0.0192018 899.584 1.25451 0.65806 0.000144685 0.436488 0.000195785 
106 29.1686 0.019339 918.05 1.2619 0.658173 0.000165424 0.436599 0.000219308 
107 29.4651 0.0195725 936.048 1.28366 0.658272 0.000167895 0.436696 0.000223819 
108 29.8062 0.0192174 957.373 1.27323 0.658594 0.000146622 0.437097 0.000195132 
109 30.1038 0.0230119 975.944 1.5587 0.658705 0.000155096 0.437213 0.000208425 
110 30.4339 0.0240949 996.926 1.637 0.658919 0.000169822 0.437469 0.000226288 
111 30.7285 0.0238586 1015.51 1.60879 0.659036 0.000162394 0.437596 0.000216831 
112 31.0567 0.0241827 1036.82 1.6281 0.659219 0.000156171 0.437812 0.000206472 
113 31.3539 0.0232082 1056.24 1.57208 0.659358 0.000150067 0.437969 0.000202593 
114 31.6613 0.0223566 1076.31 1.56333 0.659492 0.000139066 0.438126 0.000186358 
115 31.9747 0.0243556 1097.05 1.76275 0.659609 0.000157966 0.438245 0.000210659 
116 32.314 0.0215344 1120.14 1.57777 0.659863 0.000139357 0.438568 0.000188567 
117 32.6055 0.0268768 1139.77 1.97556 0.659932 0.000213604 0.438632 0.000289839 
118 32.9458 0.0296381 1163.21 2.19366 0.660236 0.000214597 0.439013 0.000289789 
119 33.231 0.0279667 1182.65 2.05817 0.660251 0.000226103 0.439004 0.000306339 
120 33.5602 0.0323638 1205.74 2.47087 0.660428 0.000219688 0.439215 0.000295577 
121 33.8583 0.0287056 1226.49 2.17459 0.660506 0.000165985 0.43929 0.000222574 
122 34.2164 0.0349367 1252.46 2.74286 0.660823 0.000172824 0.439702 0.000234602 
123 34.5038 0.0292455 1272.51 2.19909 0.660866 0.000158065 0.439728 0.000212185 
124 34.8478 0.0287321 1297.79 2.2429 0.661153 0.000184899 0.440099 0.000250946 
125 35.1302 0.0270573 1318.03 2.15881 0.66113 0.000190884 0.440039 0.000259124 
126 35.4715 0.0269795 1343.37 2.17237 0.661367 0.000160935 0.440336 0.000217973 
127 35.7505 0.0266822 1363.68 2.21146 0.661376 0.000163993 0.440319 0.000217999 
128 36.1096 0.0306367 1391.1 2.51582 0.661683 0.000171932 0.440714 0.000230344 
129 36.4083 0.0295758 1413.46 2.46098 0.661766 0.000166958 0.440807 0.000222299 
130 36.7162 0.0268422 1436.86 2.20873 0.661883 0.000166524 0.440941 0.000221276 
131 37.0434 0.0305659 1462.02 2.58195 0.662085 0.000161924 0.441195 0.000219695 
132 37.3727 0.0313175 1487.48 2.63374 0.662228 0.000177582 0.441361 0.000239792 
133 37.6655 0.0341778 1510.14 2.924 0.66225 0.000177547 0.441367 0.000240611 
134 37.9957 0.0296397 1536.27 2.57733 0.662423 0.000154072 0.441582 0.000208805 
135 38.3233 0.033555 1562.18 2.82746 0.662602 0.000183387 0.441804 0.000241625 
136 38.6469 0.0341994 1588.03 2.95236 0.662687 0.000193503 0.441898 0.000253327 
137 38.9467 0.0361658 1611.86 3.1252 0.662792 0.000224565 0.442021 0.00029906 
138 39.3053 0.0354468 1641.26 3.13676 0.663019 0.000204588 0.442304 0.000270472 
139 39.5604 0.0330418 1661.61 2.95216 0.662893 0.000206869 0.44211 0.000276019 
140 39.9148 0.0333647 1691.27 3.02414 0.663129 0.000213263 0.442409 0.000282107 
141 40.2204 0.0369074 1716.73 3.36483 0.663229 0.000222266 0.442527 0.00029575 
142 40.5531 0.035482 1744.8 3.21124 0.663386 0.00022649 0.442723 0.000303009 
143 40.8592 0.0452214 1770.74 4.33848 0.663446 0.000224444 0.442785 0.000302803 
144 41.1842 0.0448813 1798.15 4.07661 0.663584 0.000218087 0.442947 0.000294352 
145 41.4801 0.0464915 1823.13 4.39163 0.663619 0.000206738 0.442971 0.000279998 
146 41.8034 0.043267 1851.1 4.03438 0.66374 0.000209598 0.443119 0.000282829 
147 42.0993 0.0335484 1876.64 3.08495 0.663765 0.000165203 0.443136 0.000221695 
148 42.4334 0.0462417 1906.22 4.38079 0.663931 0.000206795 0.443346 0.000277184 
149 42.727 0.0432328 1931.59 4.23122 0.664004 0.000185018 0.443424 0.000248236 
150 43.064 0.0437796 1961.83 4.1891 0.664126 0.000198274 0.443573 0.000265091 
151 43.3542 0.0491121 1987.27 4.63085 0.664211 0.000210549 0.443665 0.000279673 
152 43.6908 0.0432969 2017.6 4.12872 0.664355 0.000192934 0.443845 0.000257727 
153 43.9995 0.0496436 2045.64 4.79141 0.664426 0.000206439 0.443926 0.000276726 
154 44.3496 0.0466468 2077.94 4.4679 0.664666 0.000204143 0.444239 0.000272242 
155 44.6423 0.0441263 2104.46 4.2688 0.664611 0.000191638 0.444144 0.000255833 
156 44.9823 0.0469671 2136.24 4.57472 0.664799 0.000190543 0.444387 0.000255072 
157 45.2854 0.0464873 2164.05 4.62248 0.66485 0.000192826 0.444434 0.000257773 
158 45.6292 0.0453123 2196.95 4.57037 0.665025 0.000179663 0.444659 0.000242109 
159 45.9538 0.0510059 2227.57 5.15878 0.66517 0.000206663 0.44484 0.000279527 
160 46.2594 0.0548037 2256.69 5.58121 0.665207 0.000202874 0.444875 0.000274522 
161 46.5722 0.0678479 2286.62 7.07924 0.665271 0.000237299 0.444946 0.000322674 
162 46.894 0.0676837 2317.41 7.07972 0.6654 0.000217384 0.445102 0.000294902 
163 47.221 0.0712864 2349.05 7.54142 0.665523 0.000253931 0.445249 0.000345661 
164 47.5407 0.0678617 2380.33 7.17312 0.665614 0.000236503 0.445361 0.000321623 
165 47.8804 0.0606339 2414 6.41727 0.66576 0.000213633 0.445545 0.000290813 
166 48.1925 0.0641579 2444.94 6.89975 0.665825 0.000235141 0.445619 0.000322349 
167 48.5179 0.0627667 2477.59 6.76833 0.665902 0.000225829 0.445708 0.000308336 
168 48.8605 0.0719588 2512.31 7.89681 0.66614 0.000285338 0.446019 0.000387449 
169 49.1355 0.0554901 2539.35 6.04047 0.666068 0.000218333 0.445901 0.000295683 
170 49.4769 0.0589954 2574.51 6.57834 0.666213 0.000241902 0.446094 0.000329 
171 49.7809 0.0534812 2605.08 5.85116 0.666198 0.000214083 0.446052 0.000291604 
172 50.107 0.0533208 2639.41 6.0724 0.66634 0.000217851 0.44624 0.000298486 
173 50.4273 0.0598605 2672.27 6.86771 0.666397 0.000241959 0.446298 0.000330491 
174 50.7462 0.0626043 2705.94 7.20305 0.666519 0.000238345 0.446458 0.000325695 
175 51.0878 0.0623988 2741.74 7.27069 0.66664 0.000236385 0.446607 0.000321519 
176 51.3656 0.0515187 2770.45 5.89889 0.666622 0.000211919 0.446568 0.000287161 
177 51.7123 0.047999 2807.42 5.62789 0.666775 0.000182504 0.44676 0.000247078 
178 52.0195 0.0442807 2839.93 5.12143 0.666838 0.000179645 0.446831 0.000244651 
179 52.3357 0.0492209 2874 5.77434 0.666901 0.000189088 0.446901 0.000258039 
180 52.6693 0.0460858 2909.75 5.4097 0.666978 0.000186113 0.446994 0.000253624 
181 52.9868 0.0548739 2944.4 6.64505 0.667072 0.000192437 0.447107 0.000262191 
182 53.2996 0.0562084 2978.64 6.83321 0.667145 0.000201938 0.447198 0.000274896 
183 53.6059 0.0575591 3011.94 6.94671 0.667174 0.000181798 0.447223 0.000247519 
184 53.9636 0.0754273 3053.1 9.62333 0.667339 0.000245952 0.447446 0.000341131 
185 54.2677 0.0506463 3085.99 5.99495 0.667335 0.000178808 0.447413 0.000243472 
186 54.5771 0.0536738 3120.56 6.39561 0.667349 0.000202859 0.447424 0.000271147 
187 54.9172 0.0563506 3158.93 6.95101 0.667525 0.000214236 0.447651 0.000288402 
188 55.226 0.0642388 3193.91 8.02712 0.667545 0.000211461 0.447668 0.000285603 
189 55.5419 0.0612314 3229.76 7.34186 0.667569 0.000212306 0.447687 0.000282675 
190 55.8829 0.0539625 3269.66 6.79561 0.667718 0.00018572 0.447888 0.000246836 
191 56.2299 0.064026 3309.65 7.77011 0.667847 0.000198976 0.44805 0.000265168 
192 56.5308 0.055033 3344.29 7.0639 0.667934 0.000183483 0.44816 0.000250643 
193 56.8353 0.0580973 3379.44 7.40954 0.667895 0.000194183 0.448092 0.000265158 
194 57.1797 0.0610628 3420.01 7.91225 0.668038 0.000201961 0.448276 0.000276943 
195 57.4793 0.0604153 3455.46 7.83821 0.668015 0.000195005 0.44823 0.000265456 
196 57.7729 0.0596426 3489.47 7.71262 0.668017 0.000185227 0.448219 0.000251709 
197 58.1152 0.0655125 3530.47 8.69268 0.668172 0.000204059 0.44842 0.000278013 
198 58.4277 0.0597351 3567.14 7.86085 0.668213 0.000197947 0.448462 0.000270261 
199 58.7338 0.0645946 3604.14 8.38312 0.668235 0.000201286 0.448481 0.000272902 
200 59.0719 0.0619192 3645.05 7.85327 0.668283 0.000207256 0.448537 0.000277962 
201 59.4298 0.0692833 3688.68 9.38635 0.668456 0.000240868 0.448757 0.000326331 
202 59.7496 0.0816118 3728.09 11.4625 0.668503 0.000284327 0.448816 0.000388818 
203 60.0531 0.0852267 3764.5 11.7988 0.668538 0.000289192 0.44885 0.000396948 
204 60.3781 0.072616 3804.93 9.8743 0.668605 0.00027051 0.448935 0.000368261 
205 60.6768 0.0758947 3841.71 10.37 0.668603 0.000258317 0.448922 0.000353564 
206 61.0428 0.0666348 3888.52 9.16231 0.668848 0.000256699 0.44925 0.000350774 
207 61.3453 0.0669795 3926.05 9.03359 0.66884 0.0002341 0.449231 0.000316289 
208 61.7289 0.074626 3975.87 10.8342 0.6691 0.000244396 0.449584 0.000335766 
209 61.9921 0.0672168 4007.88 9.39188 0.668961 0.000231897 0.449378 0.000313848 
210 62.3328 0.0755119 4051.52 10.6642 0.669083 0.000222956 0.449531 0.000304812 
211 62.6723 0.0783035 4095.66 10.9391 0.669125 0.000224453 0.449582 0.000307002 
212 62.9903 0.0748342 4136.64 10.5229 0.669209 0.0002272 0.449685 0.000309328 
213 63.2663 0.0805038 4171.24 11.6145 0.669135 0.000237822 0.449572 0.000323436 
214 63.5883 0.0748742 4213.16 10.8243 0.66922 0.000220083 0.449681 0.000298009 
215 63.8874 0.0805247 4251.92 11.1974 0.669216 0.000238004 0.449668 0.000325296 
216 64.1996 0.0766571 4293.02 10.9411 0.669188 0.000230917 0.44962 0.000315503 
217 64.5834 0.0943818 4344.06 13.6627 0.669406 0.000264877 0.449908 0.000364388 
218 64.8728 0.0803376 4382.06 11.506 0.669386 0.000253916 0.449868 0.000347704 
219 65.1849 0.0870298 4423.44 12.4912 0.669423 0.0002861 0.449916 0.000392505 
220 65.5233 0.0842179 4468.64 12.2797 0.669548 0.000267028 0.450071 0.00036463 
221 65.8728 0.113588 4517.74 17.4602 0.669618 0.000299961 0.450168 0.000410309 
222 66.123 0.0910846 4549.13 13.2689 0.66955 0.000303308 0.450057 0.000413222 
223 66.3999 0.0974004 4585.98 13.9127 0.669546 0.000316808 0.450047 0.000429654 
224 66.7552 0.0926739 4634.71 13.4721 0.669625 0.000274127 0.450141 0.000371247 
225 67.1333 0.115107 4688.18 17.5188 0.669824 0.000308365 0.450411 0.000421239 
226 67.3937 0.0865065 4722.16 12.6987 0.669711 0.000285867 0.450243 0.000387642 
227 67.7579 0.0921578 4773.21 13.4453 0.669931 0.000292833 0.450537 0.00039636 
228 68.0723 0.0858221 4816.78 12.6089 0.669935 0.00025928 0.450532 0.000348996 
229 68.3829 0.0900634 4859.98 13.2366 0.669996 0.000278906 0.45061 0.000374989 
230 68.7033 0.0819912 4904.9 12.7518 0.670016 0.000226593 0.450628 0.000309276 
231 69.0185 0.0832085 4949.39 12.8042 0.670093 0.000253611 0.450724 0.000342561 
232 69.3133 0.0948002 4990.53 14.9839 0.67005 0.00026067 0.450657 0.000357246 
233 69.675 0.086515 5042.64 13.8529 0.670189 0.000236967 0.450842 0.000324618 
234 69.9309 0.0827054 5077.14 13.3316 0.670108 0.000239696 0.450718 0.000326993 
235 70.3207 0.0950927 5134.43 15.1354 0.670344 0.000272948 0.451034 0.0003746 
236 70.6503 0.0840322 5181.44 12.9316 0.670398 0.000269612 0.451096 0.000367132 
237 71.0114 0.0923547 5234.81 13.7818 0.67058 0.000295645 0.451344 0.00040195 
238 71.3356 0.0913851 5281.74 14.2118 0.670534 0.000257277 0.451269 0.000345751 
239 71.6731 0.100342 5331.43 15.7261 0.670674 0.000300382 0.45146 0.000409728 
240 71.9941 0.0972386 5378.35 15.9482 0.670677 0.000281315 0.45145 0.000383903 
241 72.3741 0.133437 5435.34 20.9233 0.670929 0.000374937 0.451794 0.000514961 
242 72.6642 0.122503 5478.1 19.4566 0.67087 0.000307757 0.451697 0.000415547 
243 73.0701 0.167155 5541.16 27.4953 0.671106 0.000447649 0.452026 0.000617459 
244 73.3265 0.0969556 5578.16 15.3023 0.670996 0.000288759 0.45186 0.000389243 
245 73.6417 0.114746 5625.41 18.7426 0.671033 0.000303333 0.451904 0.000411391 
246 73.9734 0.104051 5676.03 17.4008 0.671053 0.000281382 0.451924 0.000382711 
247 74.3001 0.1303 5725.07 21.8479 0.671093 0.000302815 0.45197 0.000414519 
248 74.6015 0.106432 5770.62 17.6273 0.671114 0.000273761 0.451993 0.000372391 
249 74.916 0.109791 5817.74 18.355 0.671123 0.00027112 0.451996 0.00037264 
250 75.2441 0.113993 5868.9 19.195 0.671124 0.000268276 0.451992 0.000367624 
251 75.5319 0.101045 5911.88 16.4888 0.671176 0.000243149 0.452052 0.000330088 
252 75.8499 0.115295 5960.38 18.8431 0.671204 0.000266795 0.452081 0.000362942 
253 76.1839 0.114692 6012.41 18.9563 0.671328 0.000269524 0.452243 0.000367709 
254 76.5604 0.124095 6074.08 21.4036 0.671478 0.000254823 0.452449 0.000350451 
255 76.8169 0.101959 6111.02 16.7318 0.671395 0.00022975 0.452319 0.000313729 
256 77.1504 0.115302 6163.63 18.9032 0.671484 0.000245403 0.452435 0.000333925 
257 77.4483 0.0983389 6210.05 16.2967 0.671447 0.000248505 0.452376 0.000337465 
258 77.7785 0.104967 6262.14 17.7641 0.671519 0.000243097 0.452467 0.000330292 
259 78.0691 0.0977616 6308.04 16.6946 0.671512 0.000236056 0.452451 0.000321556 
260 78.4133 0.0996057 6363.19 16.8505 0.67158 0.000254466 0.452537 0.000346388 
261 78.7533 0.0865858 6417.48 15.0446 0.671676 0.000226337 0.45266 0.000308051 
262 79.1174 0.101022 6477.69 17.4023 0.671833 0.000239496 0.452871 0.000325848 
263 79.4242 0.107419 6527.07 18.2733 0.671756 0.000260322 0.452758 0.00035428 
264 79.7071 0.109032 6573.17 19.0896 0.671764 0.000261183 0.452764 0.000356621 
265 80.0636 0.102338 6631.31 18.4703 0.671848 0.000236342 0.452872 0.000323009 
266 80.4189 0.120941 6691.29 22.2219 0.671975 0.000277585 0.453043 0.000380763 
267 80.7213 0.116033 6740.97 21.7435 0.672011 0.000251263 0.453085 0.000344871 
268 81.0311 0.112114 6791.52 19.6442 0.672082 0.000237894 0.453177 0.000322848 
269 81.3477 0.103601 6843.47 18.9564 0.672109 0.000242057 0.453213 0.000333484 
270 81.6826 0.104214 6898.52 18.5742 0.672121 0.000253037 0.453219 0.000346527 
271 82.0039 0.103003 6951.98 18.6456 0.672161 0.000236263 0.453264 0.000322688 
272 82.323 0.117805 7005.82 21.9869 0.672165 0.000286718 0.453268 0.000392339 
273 82.6346 0.117818 7056.98 21.4281 0.672198 0.000283699 0.453303 0.000387593 
274 83.1156 0.161815 7143.19 31.7497 0.672497 0.00039884 0.453714 0.000553397 
275 83.3267 0.13144 7174.94 24.5018 0.672278 0.000327637 0.453401 0.000450139 
276 83.8952 0.248587 7283.02 52.7048 0.67279 0.000547632 0.454118 0.000767097 
277 83.9718 0.0993154 7284.65 18.6323 0.672391 0.000239097 0.453542 0.000326855 
278 84.3084 0.105008 7343.31 19.3572 0.672444 0.000251062 0.453615 0.000343699 
279 84.6299 0.109383 7397.62 20.2208 0.672445 0.000255948 0.453609 0.000350565 
280 84.9213 0.1311 7448 25.0872 0.672347 0.000267649 0.453471 0.000365108 
281 85.278 0.124196 7510.08 24.1448 0.672512 0.000263133 0.45369 0.000364689 
282 85.6262 0.157287 7571.05 29.6458 0.672606 0.000307966 0.453812 0.000423881 
283 85.8916 0.132525 7616.55 25.2117 0.672542 0.000285853 0.453718 0.000393301 
284 86.2763 0.167579 7684.98 32.0204 0.672712 0.000322175 0.453946 0.000442536 
285 86.5402 0.142166 7730.74 27.5414 0.67263 0.000280629 0.453828 0.000388272 
286 86.9716 0.151044 7808.04 29.1232 0.672884 0.000309525 0.45417 0.000425641 
287 87.2538 0.166189 7857.89 31.9995 0.672901 0.00034185 0.45419 0.000469769 
288 87.6484 0.161605 7928.72 31.3979 0.673042 0.000317553 0.454374 0.000435466 
289 88.0251 0.158521 7998.77 30.6668 0.673119 0.000379398 0.454484 0.000521956 
290 88.2695 0.12782 8039.1 25.3439 0.672996 0.000266349 0.454299 0.000365508 
291 88.5822 0.11819 8096.95 23.0251 0.673048 0.000264367 0.454376 0.00036436 
292 88.9078 0.12623 8154.64 24.8303 0.673035 0.000310312 0.45435 0.000426682 
293 89.2429 0.132093 8215.85 25.6677 0.673156 0.000297783 0.454515 0.000408664 
294 89.5908 0.126255 8279.08 24.6056 0.673251 0.000281987 0.454637 0.000386205 
295 89.8945 0.123813 8335.15 24.2517 0.673192 0.000294884 0.454553 0.000404117 
296 90.2809 0.126153 8406.62 24.8208 0.673402 0.000294569 0.454838 0.000408175 
297 90.5975 0.14692 8465.52 29.092 0.6734 0.000341583 0.454836 0.000473756 
298 90.9201 0.129806 8522.61 25.6031 0.673431 0.000341428 0.454863 0.00047013 
299 91.2621 0.176708 8588.16 35.4479 0.673479 0.000444695 0.454928 0.00061336 
300 91.5385 0.175231 8637.41 34.3628 0.673418 0.000433207 0.454837 0.000592887 
301 91.9481 0.188853 8715.88 37.2773 0.673599 0.000478901 0.455082 0.000659208 
302 92.2325 0.169595 8768.16 33.4112 0.673503 0.000429323 0.454942 0.000591119 
303 92.6193 0.219623 8842.4 44.5574 0.6737 0.000590609 0.455215 0.000818705 
304 92.9337 0.187016 8900.91 37.6339 0.673702 0.000508642 0.455206 0.000703759 
305 93.2568 0.181845 8962.02 36.8123 0.673742 0.000524216 0.455257 0.000727453 
306 93.5727 0.170051 9022.26 35.0046 0.673737 0.000471169 0.455244 0.000650998 
307 93.9017 0.196614 9086.7 41.2898 0.673816 0.000591838 0.455356 0.000822094 
308 94.2444 0.159112 9150.66 32.9837 0.673832 0.000381564 0.455359 0.00052802 
309 94.5385 0.139862 9207.92 29.6667 0.673844 0.000431525 0.455377 0.000599341 
310 94.8858 0.137338 9273.22 28.158 0.673825 0.000292109 0.455335 0.00039929 
311 95.1288 0.13165 9318.64 27.1501 0.673697 0.000292528 0.455158 0.00039866 
312 95.485 0.128865 9387.52 26.6395 0.673747 0.000274072 0.455218 0.000373759 
313 95.7532 0.129088 9439.03 26.9975 0.673758 0.000260729 0.455231 0.000357058 
314 96.1902 0.140696 9526.23 29.3174 0.673885 0.000269969 0.455402 0.000368647 
315 96.4091 0.134321 9568.3 27.9001 0.673758 0.000332196 0.455229 0.00045573 
316 96.7548 0.141023 9636.14 29.6788 0.673783 0.000297037 0.455258 0.000409759 
317 97.1332 0.148086 9712.22 31.6645 0.673972 0.000341641 0.455515 0.000472961 
318 97.4098 0.149932 9765.53 31.5607 0.673924 0.000314015 0.455441 0.000430542 
319 97.7941 0.137015 9842.72 29.4552 0.674031 0.00034931 0.455586 0.000484993 
320 98.0903 0.145485 9900.54 30.8132 0.673967 0.000302631 0.455494 0.000416683 
321 98.4052 0.155244 9963.31 33.4146 0.674052 0.000344295 0.455607 0.000473169 
322 98.7746 0.168832 10037.5 36.9781 0.674065 0.000320288 0.45562 0.000441905 
323 99.0814 0.18268 10100.1 39.8342 0.674073 0.000381141 0.455626 0.000524277 
324 99.3682 0.159309 10154.9 34.58 0.673956 0.00035264 0.455456 0.00048287 
325 99.6969 0.180411 10224.1 40.904 0.674043 0.000358252 0.455574 0.000496495 
326 99.9409 0.14741 10270.3 32.4511 0.673879 0.000328009 0.45534 0.000452588 
327 100.311 0.180931 10348.4 41.3188 0.674037 0.000365807 0.455552 0.000509142 
328 100.652 0.142986 10416.6 30.9768 0.674037 0.000284078 0.455547 0.000396696 
329 100.958 0.156148 10481 34.1659 0.6741 0.000296593 0.455631 0.000413121 
330 101.218 0.141959 10531.3 30.8492 0.673968 0.000276537 0.455448 0.000378022 
331 101.519 0.15974 10592.9 36.9096 0.674071 0.000306044 0.455577 0.000415881 
332 101.812 0.136068 10653.6 29.8136 0.673986 0.00030052 0.455461 0.000407005 
333 102.179 0.138669 10730.5 30.7003 0.674035 0.000294875 0.455526 0.000399134 
334 102.448 0.166829 10787.1 36.4751 0.673913 0.000306511 0.455358 0.000419139 
335 102.824 0.163425 10864.7 35.7386 0.674064 0.000321989 0.455555 0.000437635 
336 103.062 0.15129 10913.9 34.0071 0.673943 0.000292556 0.455389 0.000400733 
337 103.41 0.145853 10987.1 32.4934 0.673999 0.000284596 0.455463 0.000388696 
338 103.719 0.149626 11052.3 33.3981 0.673971 0.000279133 0.45542 0.000379664 
339 104.113 0.174542 11135.3 38.2482 0.67414 0.000317277 0.455643 0.000431214 
340 104.477 0.16368 11214.1 36.4561 0.674191 0.000300167 0.455712 0.000410481 
341 104.8 0.164919 11282.1 36.819 0.674303 0.000320128 0.455859 0.00043493 
342 105.172 0.159204 11362.3 36.0502 0.674401 0.000301257 0.45599 0.00040934 
343 105.509 0.170999 11433.7 38.4617 0.674451 0.000308255 0.45605 0.000420512 
344 105.884 0.179351 11516.6 40.6585 0.674518 0.000323756 0.456143 0.000441323 
345 106.168 0.175533 11577.6 40.2885 0.674435 0.000313157 0.456024 0.000427158 
346 106.492 0.197294 11646.4 45.8946 0.674449 0.000347996 0.456042 0.000476084 
347 106.723 0.175345 11694.5 39.9516 0.674276 0.000303859 0.455798 0.000412442 
348 107.136 0.174348 11786 39.8005 0.674535 0.000302759 0.456154 0.000414028 
349 107.423 0.193665 11846.8 42.9679 0.674486 0.000304652 0.456082 0.00041719 
350 107.744 0.187738 11916.8 41.3849 0.67463 0.000321311 0.456275 0.000440352 
351 108.068 0.17061 11986.7 38.8048 0.674624 0.000294241 0.456257 0.000401427 
352 108.526 0.184913 12090.6 41.2907 0.674904 0.000298795 0.456637 0.000408283 
353 108.739 0.17025 12134.4 39.2238 0.674729 0.000300434 0.456395 0.000409978 
354 109.07 0.208618 12208.5 48.3458 0.674759 0.00036261 0.456441 0.0004967 
355 109.242 0.183057 12244.1 42.3594 0.674561 0.000297844 0.456156 0.000406044 
356 109.695 0.179993 12347.1 41.9752 0.674797 0.00030083 0.456481 0.000410626 
357 109.99 0.192335 12412.9 45.6499 0.674779 0.000330816 0.45645 0.0004519 
358 110.308 0.192916 12485 45.1361 0.67477 0.000293304 0.456436 0.000401302 
359 110.641 0.203276 12557.8 47.7181 0.674824 0.000336533 0.456505 0.000461447 
360 110.896 0.172071 12614.5 40.4828 0.674723 0.000287071 0.45637 0.000391959 
361 111.268 0.193971 12697.2 45.1434 0.674798 0.000297069 0.456469 0.000406877 
362 111.641 0.205152 12785 47.2652 0.675012 0.000319769 0.456765 0.000438412 
363 111.976 0.206486 12858.7 48.1657 0.674998 0.000324371 0.456735 0.000444019 
364 112.334 0.197345 12943.2 46.9612 0.675054 0.000327591 0.456807 0.000449099 
365 112.555 0.191939 12991.8 45.9321 0.674826 0.000303489 0.456495 0.000415038 
366 112.893 0.183934 13070.1 43.9676 0.674945 0.000298243 0.456653 0.00040834 
367 113.232 0.175532 13146 41.8194 0.675006 0.000307839 0.456728 0.000419304 
368 113.521 0.196681 13215.6 47.1957 0.674969 0.000301566 0.456684 0.000412028 
369 113.848 0.189959 13289 44.9128 0.674997 0.000300074 0.456714 0.000410106 
370 114.175 0.189065 13366.9 45.3062 0.674975 0.000324129 0.456683 0.000442639 
371 114.482 0.173246 13435.9 42.1335 0.675007 0.000301531 0.456721 0.00041228 
372 114.81 0.169708 13515.4 41.28 0.675026 0.000290614 0.456744 0.000397449 
373 115.138 0.180504 13591.2 44.334 0.675006 0.000321673 0.456717 0.000441287 
374 115.406 0.181178 13652.4 44.061 0.674979 0.000306258 0.456674 0.000418972 
375 115.694 0.17437 13718.9 42.5391 0.67493 0.000302486 0.456607 0.00041806 
376 115.948 0.171888 13778 42.3387 0.674767 0.000296177 0.456382 0.000404605 
377 116.314 0.176962 13864 43.2043 0.674893 0.000329085 0.456548 0.000451222 
378 116.647 0.181173 13942.7 44.5187 0.674855 0.000330982 0.456493 0.00045034 
379 116.99 0.18141 14026.7 45.1816 0.674952 0.00029722 0.456623 0.000407242 
380 117.342 0.178129 14110.4 44.5034 0.674991 0.000312426 0.456673 0.000424752 
381 117.646 0.177969 14183.8 44.3655 0.675018 0.000411207 0.456709 0.000559082 
382 117.993 0.198937 14267.6 50.1976 0.675026 0.000360022 0.45672 0.000491456 
383 118.432 0.231457 14376.2 59.7406 0.675172 0.000362682 0.456916 0.000494812 
384 118.672 0.19651 14429.7 49.5549 0.675124 0.000391761 0.456847 0.000534159 
385 118.97 0.194345 14501.4 49.4393 0.675056 0.000362664 0.456752 0.000497313 
386 119.29 0.186261 14580 47.0996 0.675089 0.000406687 0.456795 0.00055921 
387 119.642 0.184567 14665.5 47.2582 0.675072 0.00040573 0.456771 0.000559453 
388 120.04 0.206284 14764.7 52.4314 0.675204 0.000372493 0.456946 0.000511238 
389 120.363 0.2029 14842.8 52.0204 0.675276 0.000386822 0.457043 0.000533384 
390 120.638 0.194418 14910.7 50.3044 0.675189 0.000363995 0.456923 0.000498896 
391 121.003 0.208248 14998.2 53.6524 0.675307 0.000375388 0.45708 0.000517526 
392 121.331 0.201162 15080.5 52.4917 0.675291 0.000311699 0.457056 0.000426912 
393 121.635 0.19595 15153.8 50.8491 0.67525 0.000324934 0.456998 0.000444005 
394 121.88 0.230989 15211.8 59.7804 0.675103 0.000358238 0.456792 0.000488323 
395 122.272 0.203759 15310.6 52.4946 0.675233 0.000329246 0.45697 0.000444533 
396 122.584 0.208256 15389.2 54.1266 0.675181 0.000330074 0.456901 0.000450069 
397 122.877 0.199425 15463.6 52.3155 0.67514 0.000326303 0.456846 0.000444199 
398 123.128 0.216487 15525.6 57.0629 0.675129 0.000337978 0.456828 0.000460252 
399 123.618 0.224916 15648.3 59.5449 0.675407 0.00034271 0.4572 0.000465561 
400 123.877 0.232972 15713.7 61.4303 0.675419 0.000370158 0.457213 0.000504432 
401 124.344 0.219601 15830.8 58.3089 0.675622 0.000388258 0.45749 0.000527514 
402 124.588 0.206031 15894.3 55.2668 0.675431 0.000337069 0.457229 0.000460736 
403 124.917 0.203515 15973.6 54.7724 0.675512 0.000329451 0.457333 0.000446304 
404 125.232 0.205744 16052.9 55.1909 0.675461 0.000351295 0.457262 0.000477052 
405 125.584 0.215326 16142 58.0319 0.675523 0.000333803 0.457341 0.000454573 
406 125.809 0.202224 16197.9 54.5319 0.675395 0.000323241 0.457163 0.000437595 
407 126.117 0.20558 16277.1 55.3732 0.675325 0.00032737 0.457067 0.000445358 
408 126.449 0.201193 16363.9 54.5274 0.675432 0.000331965 0.45721 0.000451855 
409 126.781 0.215573 16451.8 58.0758 0.675407 0.000377473 0.45718 0.00051097 
410 127.066 0.21463 16521.4 58.6908 0.675423 0.000349333 0.457191 0.000476348 
411 127.391 0.207041 16604.2 55.9341 0.675522 0.000327522 0.457326 0.000447329 
412 127.6 0.209036 16658.3 56.0851 0.675372 0.000337985 0.457117 0.000459462 
413 127.834 0.202941 16713.3 54.4196 0.67527 0.000335317 0.456973 0.000453985 
414 128.219 0.205627 16814.3 54.9852 0.675429 0.000341769 0.457188 0.000462604 
415 128.529 0.218809 16894.3 58.4553 0.675348 0.00034933 0.457077 0.000474435 
416 128.858 0.241693 16980.1 65.3133 0.675331 0.000354346 0.457049 0.000480625 
417 129.241 0.237743 17081.2 64.0528 0.675436 0.000373966 0.45719 0.000508958 
418 129.5 0.201324 17148.2 54.6052 0.67537 0.000326606 0.457098 0.000444977 
419 129.785 0.229934 17221.2 63.2988 0.675339 0.000364314 0.457048 0.000492995 
420 130.127 0.210915 17312.9 57.0601 0.675396 0.000346833 0.457127 0.000471746 
421 130.509 0.24327 17413.3 66.4616 0.675462 0.000370961 0.457211 0.000504099 
422 130.818 0.221201 17496.4 60.376 0.675463 0.000362192 0.457216 0.000490191 
423 131.216 0.255861 17603.2 71.0841 0.675696 0.000384184 0.457526 0.000523469 
424 131.496 0.242236 17677.2 66.9971 0.675567 0.000349112 0.457349 0.000473883 
425 131.825 0.254189 17763.8 70.6399 0.67566 0.000389955 0.457477 0.000530781 
426 132.159 0.229636 17851.1 63.9659 0.675737 0.000389676 0.457583 0.00052904 
427 132.337 0.254814 17896.4 71.6524 0.67552 0.000511017 0.457274 0.000695446 
428 132.728 0.23561 18003 65.35 0.675572 0.000435026 0.457344 0.000590785 
429 132.962 0.245472 18063.4 69.1775 0.675476 0.000410228 0.457214 0.000557234 
430 133.421 0.25092 18191 69.641 0.67565 0.000452336 0.457454 0.000617404 
431 133.632 0.246371 18246.8 68.8107 0.675584 0.000399193 0.45736 0.000540851 
432 133.993 0.259059 18343.4 73.9684 0.675679 0.000398782 0.457487 0.000543787 
433 134.233 0.244821 18409.4 70.2595 0.675503 0.000379173 0.457241 0.000519621 
434 134.596 0.244006 18509.2 68.6047 0.675573 0.000384012 0.457341 0.00052333 
435 134.938 0.255074 18604.1 71.9429 0.675669 0.000372536 0.457472 0.000509257 
436 135.31 0.267378 18705.7 76.3625 0.675729 0.000398434 0.457556 0.000543935 
437 135.632 0.275102 18795.8 79.4833 0.675717 0.000380087 0.457536 0.000518437 
438 136.065 0.285299 18914.4 82.2895 0.675848 0.00043572 0.457714 0.000595295 
439 136.186 0.259035 18943.5 74.2952 0.675582 0.000400691 0.45734 0.000549753 
440 136.599 0.256308 19058.8 74.7845 0.675766 0.0003654 0.457587 0.000500786 
441 136.962 0.28333 19161.7 81.7163 0.675797 0.0004321 0.457631 0.00059063 
442 137.369 0.264367 19276.8 75.8629 0.675997 0.000410308 0.457904 0.000562094 
443 137.654 0.260241 19353.4 75.0242 0.675971 0.000400006 0.457863 0.000546559 
444 138.051 0.275634 19468.9 80.7956 0.676096 0.000416704 0.458035 0.00056975 
445 138.216 0.291964 19506.7 83.9078 0.675944 0.000435146 0.457819 0.000595536 
446 138.578 0.295592 19610.4 86.6148 0.676039 0.000434829 0.457951 0.000595862 
447 138.732 0.299342 19648.1 86.9905 0.675765 0.000400035 0.457567 0.00054529 
448 139.03 0.285584 19733.4 83.8607 0.675828 0.000426754 0.457656 0.000585601 
449 139.355 0.273863 19826.7 79.5849 0.675737 0.000372593 0.457527 0.000507174 
450 139.79 0.294236 19955.1 86.6226 0.676 0.000410976 0.45789 0.000562388 
451 140.051 0.270453 20025.3 79.3564 0.675871 0.000370535 0.45771 0.000505343 
452 140.604 0.300045 20185.6 89.3992 0.676209 0.000405628 0.458167 0.000555101 
453 140.807 0.289147 20238.9 84.5578 0.676006 0.000394597 0.457887 0.000537116 
454 141.119 0.300828 20328.2 89.889 0.676092 0.000419837 0.458005 0.000574488 
455 141.419 0.301262 20416.1 87.8335 0.675963 0.000403148 0.457828 0.000548997 
456 141.753 0.309142 20514.1 91.746 0.676038 0.000415976 0.457933 0.000567992 
457 142.064 0.307702 20602.7 90.4591 0.676031 0.000398519 0.457918 0.00054183 
458 142.365 0.275392 20687 82.829 0.676011 0.00038893 0.45789 0.000529873 
459 142.797 0.319902 20814 96.8877 0.676152 0.000404929 0.458081 0.000553017 
460 143.062 0.296057 20889.1 89.4479 0.676063 0.000386492 0.457961 0.000527439 
461 143.301 0.303298 20957.5 91.2928 0.676007 0.000392601 0.457877 0.000533787 
462 143.688 0.326386 21070.6 99.3734 0.676128 0.000412925 0.458045 0.000564671 
463 144.008 0.323124 21164 97.9845 0.67612 0.000392595 0.458032 0.000536683 
464 144.341 0.30454 21263.8 93.1026 0.676009 0.000403458 0.457881 0.000551639 
465 144.717 0.317363 21374.1 95.5942 0.676097 0.000423059 0.457992 0.000576446 
466 145.097 0.348121 21487 107.221 0.676144 0.000435307 0.458057 0.000592021 
467 145.319 0.330488 21550.1 101.648 0.676125 0.000426175 0.458029 0.000580824 
468 145.689 0.35599 21659 109.924 0.676158 0.000460254 0.458073 0.000628888 
469 145.879 0.349612 21711.5 108.377 0.676103 0.000456183 0.457997 0.000622148 
470 146.244 0.338796 21821.3 105.523 0.676167 0.000432298 0.458085 0.000589567 
471 146.64 0.353943 21938.6 111.14 0.676284 0.000448954 0.45824 0.000612733 
472 146.902 0.407576 22019.8 126.462 0.676156 0.000598672 0.458069 0.000818296 
473 147.261 0.383164 22128.6 119.905 0.676139 0.00052445 0.458046 0.000719593 
474 147.591 0.410454 22226.9 127.289 0.67609 0.000627982 0.457979 0.000858536 
475 147.936 0.387479 22331.2 122.216 0.676265 0.000529786 0.458209 0.000725669 
476 148.379 0.416869 22467.5 132.274 0.676325 0.000616509 0.458295 0.000844994 
477 148.718 0.404667 22564.5 128.954 0.67646 0.000588976 0.458477 0.000810397 
478 148.886 0.431927 22611.7 136.734 0.676158 0.000615788 0.458057 0.00084323 
479 149.3 0.522668 22739 165.575 0.676295 0.000728573 0.458246 0.000997148 
480 149.43 0.434035 22775.5 137.093 0.676057 0.000510025 0.457912 0.000693313 
481 149.937 0.376648 22933 120.162 0.676346 0.000533734 0.458305 0.000730018 
482 150.16 0.388458 22999.5 124.82 0.676208 0.000470406 0.458115 0.000644611 
483 150.521 0.392892 23109.8 125.034 0.676264 0.000497991 0.458188 0.000678932 
484 150.888 0.330263 23222.6 105.374 0.67641 0.000449796 0.458386 0.000614293 
485 151.222 0.326562 23318.3 104.17 0.676386 0.000457634 0.45835 0.000623185 
486 151.526 0.414572 23411.5 133.192 0.676334 0.000519976 0.458274 0.000705882 
487 151.896 0.385733 23524.8 122.918 0.676478 0.000434998 0.458469 0.00058959 
488 152.368 0.407703 23675.2 130.438 0.676623 0.000449801 0.458671 0.000611378 
489 152.618 0.361876 23750.7 116.018 0.676545 0.000424788 0.45856 0.000579742 
490 153.021 0.388238 23879.5 125.392 0.676654 0.000475342 0.458711 0.000648809 
491 153.179 0.376914 23924.9 123.285 0.676494 0.000486331 0.458496 0.0006589 
492 153.582 0.378448 24057.1 126.023 0.676603 0.000464909 0.458642 0.000637476 
493 153.95 0.406078 24168.9 133.305 0.676734 0.000496238 0.458826 0.000677407 
494 154.292 0.439576 24279.7 147.139 0.676744 0.000529772 0.458836 0.000726173 
495 154.656 0.414888 24387.3 137.702 0.676781 0.000479239 0.458884 0.000657865 
496 155.08 0.446387 24527.2 151.92 0.676884 0.000499675 0.459024 0.000687938 
497 155.265 0.4166 24579.2 139.653 0.67688 0.000499389 0.459017 0.00068438 
498 155.678 0.453948 24718.5 157.888 0.676922 0.000527059 0.459078 0.000728907 
499 155.858 0.385738 24764.2 129.538 0.676876 0.00047006 0.459008 0.000644415 
500 156.274 0.399643 24906.2 135.217 0.676907 0.000481073 0.459059 0.000660922 
501 156.609 0.36715 25004.1 122.739 0.67699 0.000469114 0.459165 0.000644687 
502 157.065 0.407753 25157.1 138.947 0.677025 0.000502679 0.459215 0.000690693 
503 157.392 0.433017 25254.8 145.999 0.67713 0.000509933 0.459352 0.000700167 
504 157.738 0.434688 25374.2 147.84 0.677156 0.000513283 0.459389 0.000706782 
505 157.917 0.382743 25424.5 129.927 0.677002 0.000493277 0.459175 0.000672566 
506 158.112 0.439987 25481.5 148.795 0.676969 0.00052209 0.459117 0.000711435 
507 158.463 0.407936 25601.3 136.942 0.676861 0.000488918 0.458976 0.000664791 
508 158.758 0.375887 25685.6 125.609 0.676953 0.000460224 0.459088 0.00062955 
509 159.101 0.398727 25798.4 134.326 0.67683 0.000471795 0.45892 0.000642656 
510 159.165 0.389834 25811.8 131.988 0.676682 0.000466078 0.458715 0.000634366 
511 159.574 0.376615 25948.3 127.789 0.676712 0.000448308 0.458762 0.000612077 
512 159.912 0.407198 26059.3 137.38 0.676749 0.000488034 0.458809 0.000662861 
513 160.395 0.387531 26216.1 130.545 0.676974 0.000483729 0.459115 0.000657284 
514 160.618 0.393262 26291.3 135.46 0.676881 0.000469014 0.458988 0.000641038 
515 161.001 0.378822 26414.6 129.893 0.67696 0.000461196 0.459095 0.00063053 
516 161.464 0.41654 26567.2 143.453 0.677184 0.0004871 0.459402 0.000667052 
517 161.6 0.365291 26601.9 124.993 0.676797 0.000458494 0.458873 0.000628139 
518 162.048 0.379331 26753.4 131.426 0.677026 0.000468832 0.459184 0.000642752 
519 162.295 0.385188 26832.8 132.305 0.676965 0.000477324 0.459102 0.000652519 
520 162.692 0.387984 26967.3 134.624 0.677083 0.000463107 0.459264 0.000635005 
521 163.093 0.430629 27101.8 148.96 0.677226 0.000546482 0.459463 0.000745513 
522 163.333 0.392398 27180.1 136.287 0.677112 0.000496532 0.459306 0.000679156 
523 163.679 0.380846 27289.4 132.695 0.677159 0.000453905 0.459358 0.000621213 
524 164.028 0.396384 27406.2 140.94 0.677191 0.000481722 0.459403 0.00065897 
525 164.26 0.374008 27481.9 130.812 0.677073 0.000451129 0.459238 0.000617953 
526 164.562 0.404195 27582.8 137.595 0.677216 0.000493751 0.459431 0.000666892 
527 165.007 0.456651 27733.6 156.157 0.677313 0.000534066 0.459564 0.000726289 
528 165.223 0.439481 27802.5 150.721 0.67717 0.000506456 0.459363 0.000686343 
529 165.661 0.473698 27948.9 162.51 0.677184 0.000564827 0.459374 0.00077012 
530 165.926 0.44661 28040.3 152.395 0.677255 0.000458172 0.459475 0.000628263 
531 166.344 0.473513 28181.9 161.977 0.677325 0.000492038 0.45957 0.000672378 
532 166.625 0.455365 28281.5 157.92 0.677323 0.000495367 0.459579 0.000676209 
533 166.874 0.404917 28363.1 143.942 0.677284 0.000479775 0.459518 0.000657535 
534 167.091 0.40785 28431.2 143.015 0.677268 0.000498316 0.45949 0.000681092 
535 167.338 0.394831 28509.1 139.356 0.677034 0.000446366 0.459163 0.000610399 
536 167.671 0.379936 28617.5 132.904 0.677051 0.000446923 0.459181 0.000611274 
537 167.917 0.399536 28705.1 140.118 0.67694 0.000479307 0.459036 0.000653703 
538 168.234 0.393974 28808.6 140.546 0.676905 0.00047318 0.458989 0.000645807 
539 168.5 0.432334 28900.1 152.959 0.676862 0.000474677 0.458924 0.000647957 
540 169.041 0.479649 29086.3 169.533 0.677127 0.000508843 0.45929 0.000691223 
541 169.265 0.437593 29162.5 154.438 0.677072 0.000495193 0.459211 0.00067531 
542 169.507 0.437448 29246.4 157.661 0.677031 0.000508466 0.459163 0.00069518 
543 170.067 0.475688 29440.7 170.452 0.677391 0.000568953 0.459646 0.000775701 
544 170.176 0.445711 29479.1 160.973 0.67698 0.000512909 0.459091 0.000704476 
545 170.467 0.437852 29581.2 157.759 0.676922 0.000513125 0.459012 0.000700327 
546 170.718 0.419493 29668.7 149.938 0.676919 0.000480455 0.459003 0.000655741 
547 171.429 0.446186 29921.1 157.515 0.677188 0.000487808 0.459369 0.000667516 
548 171.542 0.431797 29959.7 155.467 0.677116 0.000485728 0.459272 0.000665869 
549 171.851 0.453656 30063.7 164.24 0.677058 0.000505013 0.459193 0.000688882 
550 172.173 0.422802 30177.9 153.774 0.677247 0.000507715 0.45945 0.000696414 
551 172.435 0.481653 30266 177.793 0.677052 0.000541902 0.459174 0.00074402 
552 172.779 0.415502 30387.7 149.992 0.677272 0.000486284 0.459478 0.000665115 
553 173.017 0.491955 30473.3 180.525 0.677105 0.000504115 0.459249 0.000689679 
554 173.484 0.457652 30637.2 169.656 0.677334 0.000512372 0.459561 0.000701269 
555 173.664 0.50625 30699.5 184.942 0.677165 0.000513234 0.459332 0.000700735 
556 173.966 0.544155 30802.3 202.306 0.677184 0.000604129 0.459353 0.000830427 
557 174.176 0.555894 30874.2 203.473 0.677036 0.000588259 0.459148 0.000806052 
558 174.516 0.421753 30989.9 150.85 0.677094 0.000555961 0.459224 0.000761547 
559 174.882 0.447402 31121.1 166.621 0.677071 0.000521157 0.45919 0.000713075 
560 175.453 0.479546 31330.6 180.669 0.677375 0.000675269 0.459612 0.000925787 
561 175.528 0.429 31351.3 160.024 0.677024 0.000488404 0.45912 0.000667661 
562 175.959 0.475181 31505 177.882 0.677196 0.000504668 0.459353 0.000689984 
563 176.248 0.448356 31609.6 169.102 0.677175 0.000515056 0.459326 0.000707536 
564 176.47 0.466494 31681.7 170.845 0.677059 0.000506263 0.459162 0.000691669 
565 176.996 0.486201 31870.7 182.043 0.677295 0.000555178 0.459486 0.000758218 
566 177.121 0.441612 31913.5 160.768 0.67707 0.000483395 0.459175 0.0006595 
567 177.639 0.54313 32099.2 201.51 0.677279 0.000537657 0.459455 0.000733845 
568 177.848 0.505606 32175.5 190.442 0.67718 0.000536943 0.459324 0.000732772 
569 177.997 0.529347 32231.6 197.127 0.676878 0.000583358 0.458913 0.000798493 
570 178.473 0.529019 32403.1 199.81 0.677086 0.000654999 0.459192 0.000895416 
571 178.718 0.484226 32484.9 183.565 0.677117 0.000543285 0.459237 0.000742926 
572 178.919 0.451781 32556.7 168.315 0.676969 0.000536283 0.459034 0.000730778 
573 179.429 0.481831 32746.7 180.514 0.677239 0.000554247 0.459402 0.000755187 
574 179.817 0.541891 32884.7 205.45 0.677295 0.000567425 0.459481 0.000773671 
575 180.063 0.562021 32976.7 207.999 0.677337 0.000561792 0.459535 0.000768738 
576 180.395 0.562119 33089.6 211.305 0.677422 0.000668695 0.459645 0.0009139 
577 180.566 0.61057 33150.5 230.06 0.67712 0.000665789 0.459228 0.000909376 
578 181.061 0.617301 33331.1 231.53 0.677399 0.000712217 0.459609 0.000974944 
579 181.435 0.589921 33471.3 220.34 0.677428 0.000600359 0.459656 0.00082056 
580 182.083 0.588546 33717.2 222.316 0.677737 0.000614593 0.460072 0.000840999 
581 182.392 0.639592 33832.7 243.47 0.67765 0.000728411 0.459955 0.000997043 
582 182.712 0.831352 33949.5 317.12 0.677803 0.000861294 0.460164 0.0011797 
583 182.851 0.699317 33996.7 266.082 0.677489 0.000726197 0.459737 0.000992577 
584 183.213 0.793612 34130.8 303.407 0.677632 0.000780164 0.45993 0.00106741 
585 183.551 0.761446 34259.5 296.473 0.677541 0.000686638 0.459805 0.000945369 
586 184.099 0.736209 34467.4 285.462 0.677818 0.000724838 0.460187 0.00099315 
587 184.184 0.590359 34487.1 231.966 0.677441 0.000675211 0.459659 0.000921798 
588 184.598 0.595314 34645.3 231.124 0.67757 0.000656074 0.459834 0.000895798 
589 185.073 0.508274 34829.4 194.296 0.677808 0.000622908 0.460163 0.000845639 
590 185.388 0.612051 34949.9 243.036 0.67784 0.000614442 0.4602 0.000836705 
591 185.848 0.587416 35124.9 233.947 0.677915 0.000600734 0.460301 0.000821754 
592 186.158 0.573151 35240 226.559 0.677908 0.000610392 0.460288 0.000834099 
593 186.44 0.588019 35348.6 230.08 0.677853 0.000623592 0.460225 0.000848913 
594 186.58 0.591174 35386 230.145 0.677863 0.000637611 0.460229 0.000872574 
595 186.759 0.603424 35457.4 235.829 0.677587 0.000637446 0.459857 0.000871505 
596 187.273 0.642218 35655.1 251.802 0.677828 0.00066108 0.460183 0.000902489 
597 187.21 0.583614 35622.4 230.088 0.677511 0.000631022 0.459748 0.000864423 
598 187.764 0.539791 35833.3 212.682 0.677692 0.00060764 0.459996 0.000830395 
599 187.915 0.606745 35893.9 242.634 0.677527 0.000606143 0.459766 0.000831791 
600 188.618 0.763608 36162.4 301.446 0.677851 0.000709421 0.460211 0.000972269 
601 188.509 0.691149 36121.8 282.321 0.677389 0.000680454 0.459582 0.00093582 
602 189.131 0.655863 36357.4 261.521 0.677762 0.00065428 0.460087 0.000899229 
603 189.637 0.660439 36558.4 266.291 0.677859 0.00067824 0.460222 0.00092698 
604 189.563 0.655503 36516.4 258.479 0.677528 0.000803929 0.459765 0.00110186 
605 190.218 0.614773 36782.4 246.315 0.677817 0.000651364 0.460171 0.000891381 
606 189.998 0.605784 36686.2 243.778 0.677313 0.000664058 0.459464 0.000906214 
607 190.315 0.589694 36812.4 239.892 0.6773 0.000676905 0.459455 0.000924208 
608 190.749 0.678034 36983.2 272.895 0.67742 0.000697195 0.45962 0.000949515 
609 191.035 0.707015 37088.1 285.733 0.67742 0.000778126 0.45962 0.00105889 
610 191.278 0.791729 37178.8 313.902 0.677344 0.000837043 0.459502 0.00113617 
611 191.375 0.667913 37210.3 271.076 0.677224 0.000675348 0.459342 0.000922967 
612 191.913 0.618479 37416.1 248.708 0.677322 0.00060706 0.459466 0.000827068 
613 192.025 0.638783 37456.9 256.421 0.676946 0.000587122 0.458954 0.00080128 
614 192.436 0.620738 37620.3 252.467 0.677185 0.000615196 0.459279 0.000836943 
615 192.823 0.626922 37769.9 255.706 0.677345 0.000640791 0.459494 0.000872809 
616 193.076 0.556703 37869.5 223.602 0.677256 0.000612731 0.459368 0.000832812 
617 193.788 0.614976 38155.5 247.281 0.677525 0.000678965 0.459743 0.000914325 
618 194.206 0.5838 38321.5 235.075 0.677507 0.000616042 0.459717 0.000838981 
619 194.578 0.574886 38468.6 230.36 0.677609 0.000602953 0.459856 0.00082318 
620 195.093 0.7327 38680.8 297.514 0.677655 0.000648981 0.459913 0.00087236 
621 195.598 0.708119 38886.6 289.529 0.677859 0.000658245 0.460201 0.000893778 
622 195.708 0.767364 38922.5 314.803 0.677692 0.000709484 0.459966 0.000955306 
623 196.127 0.660235 39086.9 268.907 0.677772 0.00064516 0.460072 0.000873264 
624 196.111 0.67766 39064 276.412 0.677535 0.000697001 0.459738 0.000940031 
625 196.373 0.622333 39170 253.435 0.677583 0.000597863 0.459806 0.000816216 
626 197.174 0.772065 39506.3 320.31 0.677914 0.000687709 0.460265 0.000936892 
627 197.208 0.675097 39508 279.782 0.677861 0.000713995 0.460194 0.00097281 
628 197.471 0.641508 39611.5 261.837 0.677647 0.000644304 0.459895 0.000873492 
629 197.478 0.638443 39614.9 258.985 0.677329 0.000634426 0.459466 0.0008629 
630 198.278 0.750889 39944.2 315.876 0.677667 0.000737552 0.459921 0.00100565 
631 198.15 0.62128 39889.4 261.371 0.677278 0.000784449 0.459397 0.00106998 
632 198.705 0.793663 40115.5 334.956 0.677524 0.000948827 0.459724 0.00129043 
633 199.041 0.696867 40253.2 290.098 0.677663 0.000688333 0.459918 0.000939306 
634 199.423 0.726858 40409.3 309.583 0.677594 0.000753214 0.45982 0.00102358 
635 199.939 0.679119 40615.3 286.168 0.677885 0.000733822 0.460218 0.000992134 
636 199.998 0.692749 40635.6 290.298 0.677736 0.000701349 0.460016 0.000955574 
637 200.443 0.652803 40808 270.721 0.677846 0.000671648 0.460163 0.000915641 
638 200.32 0.634308 40754.4 260.832 0.677438 0.000687909 0.459606 0.000935496 
639 201.011 0.632168 41040.4 265.185 0.67765 0.000662445 0.459897 0.000904012 
640 200.902 0.643346 40984.8 268.367 0.677297 0.000700646 0.459408 0.00095321 
641 201.489 0.645664 41220 270.611 0.67748 0.000721982 0.459652 0.000985245 
642 201.554 0.624807 41246 262.963 0.677314 0.00066231 0.459427 0.000904499 
643 202.469 0.745377 41634.8 330.207 0.677759 0.000711759 0.460036 0.000970749 
644 202.572 0.757329 41661.6 329.326 0.677833 0.000764283 0.460124 0.00103957 
645 203.08 0.859605 41877.7 373.953 0.678028 0.000793127 0.460395 0.00107972 
646 202.951 0.688937 41802.7 303.704 0.678074 0.00100907 0.460453 0.00137905 
647 203.099 0.677254 41869.2 286.11 0.677515 0.000868814 0.459693 0.00118402 
648 203.903 0.738489 42207.2 314.822 0.678158 0.000877266 0.46057 0.00119481 
649 203.977 0.747687 42232.6 324.948 0.677507 0.000864847 0.459675 0.00117206 
650 204.187 0.666276 42323.7 273.439 0.677331 0.000907901 0.45944 0.00122734 
651 204.741 0.795233 42563.7 329.721 0.677614 0.000946555 0.459826 0.00128309 
652 205.006 0.817815 42675.7 335.899 0.677366 0.00101853 0.459496 0.00137161 
653 205.6 0.812469 42921 339.996 0.677707 0.00094462 0.459954 0.00128108 
654 205.975 0.961305 43075 406.295 0.677674 0.00107424 0.459907 0.00145412 
655 206.208 0.893474 43169.2 378.039 0.67774 0.000837273 0.459992 0.00113638 
656 206.125 1.06113 43134.3 444.561 0.677448 0.000973389 0.459599 0.00131988 
657 206.318 0.822805 43211.8 351.532 0.677519 0.00070721 0.459693 0.000968049 
658 206.686 0.89831 43367.4 386.677 0.677446 0.000822266 0.45959 0.00112823 
659 206.967 0.770632 43490.9 327.961 0.677381 0.000820166 0.459511 0.00111692 
660 207.405 0.792988 43676.3 333.884 0.677374 0.000714752 0.459497 0.000980237 
661 207.759 0.908695 43826.5 386.754 0.677414 0.000836512 0.459558 0.00114454 
662 208.116 0.900028 43976.5 382.273 0.677571 0.000750917 0.459771 0.00102404 
663 208.475 0.914721 44125.2 390.897 0.677685 0.000821599 0.459923 0.0011191 
664 209.293 0.967577 44486.6 415.373 0.678194 0.000862481 0.460622 0.00117372 
665 209.67 1.128 44647.9 495.337 0.678177 0.000903225 0.460595 0.00123204 
666 209.998 1.07874 44787.1 467.91 0.678279 0.000916489 0.460728 0.00125102 
667 209.316 1.03111 44476.4 444.676 0.677613 0.000869643 0.459818 0.00118625 
668 210.15 1.1923 44844.6 519.375 0.67801 0.000995407 0.460366 0.00136382 
669 210.035 0.955825 44777.6 416.386 0.677517 0.000872066 0.459685 0.00119287 
670 210.787 1.18689 45106.3 519.623 0.677879 0.00105135 0.46018 0.00143834 
671 210.856 0.894253 45126.1 392.022 0.677672 0.000781762 0.45989 0.00107238 
672 211.573 1.33518 45454 581.435 0.677973 0.00115424 0.460311 0.00157239 
673 211.698 1.10244 45494.4 479.757 0.677792 0.000983191 0.46005 0.00133714 
674 212.067 1.24135 45663.9 542.114 0.677856 0.00107659 0.460148 0.00146732 
675 212.572 1.24388 45868.9 547.356 0.67813 0.00101681 0.46052 0.00138852 
676 212.928 1.12656 46026.8 505.026 0.678025 0.000959412 0.460372 0.00131462 
677 213.251 1.05341 46165.1 469.587 0.678015 0.000903705 0.460356 0.00123504 
678 213.314 1.28088 46202.7 573.131 0.677693 0.00110709 0.459928 0.0015134 
679 213.339 1.19581 46202 533.681 0.67752 0.00107454 0.459686 0.00146345 
680 213.603 1.09092 46315.9 489.978 0.677439 0.00105164 0.459572 0.00142974 
681 213.984 1.23699 46478.4 556.443 0.677727 0.00109308 0.459972 0.00148839 
682 214.227 1.18784 46579.9 533.576 0.677521 0.000942455 0.459689 0.00128539 
683 214.55 1.01976 46705.8 457.956 0.678058 0.00118639 0.460422 0.00162738 
684 214.986 0.849484 46910.9 382.846 0.677386 0.000805236 0.459502 0.0010926 
685 215.594 1.11119 47181.4 502.544 0.677519 0.000816021 0.45968 0.00111294 
686 215.703 1.0734 47224.1 485.937 0.677209 0.000895411 0.459266 0.00121435 
687 215.856 0.942071 47285.9 425.7 0.677383 0.000828576 0.459493 0.00113317 
688 216.234 1.01014 47457.3 455.808 0.677332 0.000867806 0.459427 0.0011853 
689 216.651 1.04565 47636.2 463.742 0.677434 0.00082548 0.459557 0.00111944 
690 216.991 1.15061 47794.6 513.187 0.677406 0.000923523 0.459524 0.00125493 
691 217.474 1.28849 48013.7 577.509 0.677394 0.000943157 0.459507 0.001274 
692 217.915 1.30419 48199.3 581.53 0.677496 0.00101004 0.459642 0.00136959 
693 218.46 1.13516 48448.8 511.92 0.677645 0.000873479 0.459841 0.00117795 
694 218.724 1.32295 48566.7 600.261 0.677506 0.000952589 0.459651 0.00128872 
695 218.908 1.08103 48641.2 502.2 0.677653 0.000846345 0.459853 0.00115358 
696 219.135 1.09132 48742.1 506.324 0.677774 0.000827184 0.460016 0.0011337 
697 218.971 0.988432 48656.5 454.836 0.677355 0.000860701 0.459454 0.00117306 
698 219.857 1.20858 49063.5 568.593 0.677863 0.000991108 0.460149 0.00136291 
