1.4 -1.90124 82200000000
70.5071 2.67017
1 0 0 0 0 0.500044 6.59226e-05 0.500044 6.59226e-05 
2 0 0 0 0 0.500057 5.41271e-05 0.375069 5.70653e-05 
3 0 0 0 0 0.500092 4.07673e-05 0.333422 4.20385e-05 
4 0.19263 5.11499e-05 0.19263 5.11499e-05 0.536356 4.14712e-05 0.353394 4.5391e-05 
5 0.260725 7.31223e-05 0.260725 7.31223e-05 0.539372 3.96863e-05 0.343311 4.41481e-05 
6 0.53366 0.000125953 0.764212 0.000238248 0.563436 4.32029e-05 0.362508 4.95496e-05 
7 0.63636 0.000138215 0.944009 0.000264046 0.564396 4.23303e-05 0.356781 4.87688e-05 
8 0.983392 0.000240522 1.93196 0.00071738 0.583368 4.56211e-05 0.37455 5.43601e-05 
9 1.12473 0.000266516 2.34949 0.000871123 0.584892 4.72071e-05 0.372524 5.6674e-05 
10 1.48429 0.000406368 3.74222 0.00164531 0.597895 4.81754e-05 0.385153 5.93892e-05 
11 1.68181 0.000453154 4.60061 0.0020873 0.600793 4.92423e-05 0.386253 6.04557e-05 
12 2.04533 0.000546467 6.42935 0.00287344 0.610432 5.56239e-05 0.396017 6.87137e-05 
13 2.27286 0.000578587 7.69573 0.00347266 0.612984 5.52466e-05 0.397388 7.07844e-05 
14 2.66044 0.000836578 10.1604 0.00552717 0.621337 6.31873e-05 0.406366 7.63989e-05 
15 2.90054 0.000973177 11.7931 0.00739186 0.623262 6.28594e-05 0.407426 8.09981e-05 
16 3.30856 0.000975349 14.942 0.00814326 0.630435 6.09752e-05 0.415393 7.92663e-05 
17 3.56677 0.00110213 17.0569 0.0106783 0.632244 6.58699e-05 0.416658 8.64719e-05 
18 3.98663 0.00137315 20.8788 0.014048 0.638408 6.79182e-05 0.423664 8.98404e-05 
19 4.26031 0.0013492 23.5071 0.014465 0.640053 6.81767e-05 0.424959 8.99483e-05 
20 4.69193 0.00186239 28.067 0.0220362 0.645464 7.97119e-05 0.431255 0.000107513 
21 4.97835 0.00175495 31.2252 0.0222813 0.646935 8.08296e-05 0.432479 0.000108887 
22 5.42224 0.00207006 36.5846 0.0280974 0.651809 8.11784e-05 0.438259 0.000111895 
23 5.71749 0.00238128 40.2842 0.0323552 0.653077 7.95122e-05 0.439354 0.000111587 
24 6.1712 0.00237547 46.4589 0.0372361 0.65747 7.99764e-05 0.444644 0.000110382 
25 6.47325 0.00247067 50.692 0.0388379 0.658467 7.8605e-05 0.445462 0.000107262 
26 6.94001 0.00288608 57.7833 0.0501984 0.662546 8.51203e-05 0.450466 0.000118118 
27 7.24946 0.00308773 62.6085 0.0540599 0.663455 8.89103e-05 0.451247 0.000121868 
28 7.72208 0.00331383 70.5169 0.0636008 0.667241 9.18186e-05 0.455946 0.000130245 
29 8.04707 0.00354515 76.1403 0.0698012 0.668233 9.25669e-05 0.456922 0.000128796 
30 8.52513 0.00401869 84.9273 0.0836682 0.671556 0.000122123 0.461072 0.000178737 
31 8.85332 0.00421346 91.1199 0.0936995 0.6724 0.000105519 0.461889 0.00015089 
32 9.34207 0.00478803 100.925 0.117367 0.675476 0.000106344 0.465765 0.000150658 
33 9.67153 0.00562767 107.662 0.128563 0.67623 0.00011498 0.466515 0.000162354 
34 10.165 0.00576923 118.376 0.143294 0.679169 0.000112236 0.470262 0.000161068 
35 10.5082 0.00609942 125.992 0.153023 0.67989 0.000118592 0.470988 0.000166924 
36 11.0179 0.00615893 137.964 0.162415 0.682787 0.00012009 0.474729 0.000171661 
37 11.3527 0.00634035 145.892 0.168728 0.683193 0.000115545 0.475038 0.000163596 
38 11.864 0.00784304 158.798 0.224911 0.685862 0.00014759 0.478522 0.000213413 
39 12.2128 0.00847248 167.694 0.264039 0.686388 0.000160354 0.479036 0.000230868 
40 12.7187 0.00759743 181.282 0.229372 0.688809 0.000129275 0.482201 0.000185871 
41 13.083 0.00893171 191.254 0.271998 0.689476 0.000160751 0.482949 0.000233834 
42 13.6068 0.010118 206.344 0.33165 0.691852 0.000193478 0.486075 0.00028245 
43 13.9737 0.0193171 217.04 0.65798 0.692492 0.000343184 0.486821 0.000511161 
44 14.483 0.0111299 232.471 0.401508 0.694446 0.00018793 0.489356 0.000278621 
45 14.8543 0.0103532 243.896 0.356903 0.694981 0.000213184 0.489945 0.000314702 
46 15.3735 0.0115947 260.635 0.395684 0.696918 0.000194916 0.492506 0.000274801 
47 15.7528 0.0116156 273.051 0.43409 0.697499 0.00017675 0.493163 0.000249219 
48 16.287 0.0164835 291.339 0.684061 0.699584 0.000225242 0.495973 0.000336991 
49 16.6462 0.0139548 303.555 0.529567 0.699746 0.000185833 0.496035 0.000266931 
50 17.1794 0.0177482 322.716 0.717187 0.701637 0.000252189 0.498578 0.00036369 
51 17.5471 0.012744 335.929 0.501937 0.701857 0.000169481 0.498743 0.000245518 
52 18.1431 0.0308911 358.715 1.36618 0.704198 0.000320483 0.501964 0.000468785 
53 18.4895 0.0189836 371.706 0.803633 0.704247 0.000226891 0.501909 0.000327208 
54 19.0683 0.0384823 394.824 1.68432 0.706293 0.00045355 0.504702 0.000653438 
55 19.4627 0.0451784 410.62 2.05173 0.706496 0.00035598 0.504857 0.000500925 
56 20.0546 0.101055 435.677 4.91076 0.708367 0.000609392 0.507414 0.000852017 
57 20.4391 0.0986504 452.053 5.04588 0.70863 0.000574192 0.507697 0.000812606 
58 20.8984 0.0205739 471.107 0.974095 0.709787 0.000212902 0.509258 0.000310009 
59 21.2792 0.0206254 487.745 1.00901 0.710064 0.000227523 0.509578 0.000334485 
60 21.8705 0.0293493 514.605 1.47881 0.711875 0.00029561 0.512067 0.00043883 
61 22.2464 0.0210527 531.842 1.06376 0.712064 0.000223992 0.512276 0.000329174 
62 22.8029 0.0248749 558.063 1.29633 0.713598 0.000273265 0.514386 0.000407478 
63 23.2293 0.0359087 578.756 2.04762 0.714066 0.000323387 0.515007 0.000481976 
64 23.8504 0.0589283 609.891 3.57732 0.715963 0.000430874 0.517654 0.000642529 
65 24.1485 0.0236349 623.52 1.2607 0.715444 0.000238042 0.516777 0.000346561 
66 24.7429 0.030598 654.076 1.77303 0.716902 0.000311198 0.5188 0.000463159 
67 25.1338 0.0290274 674.009 1.62306 0.717311 0.000299417 0.519335 0.000444766 
68 25.6874 0.0406536 703.259 2.35503 0.718501 0.000398701 0.520972 0.000594172 
69 26.1115 0.0382062 726.291 2.38243 0.718777 0.000418829 0.521336 0.000647658 
70 26.6435 0.0309816 755.138 1.85602 0.719761 0.000283655 0.52264 0.000424182 
71 27.1291 0.0488573 782.517 3.07945 0.720619 0.000394192 0.523831 0.000588916 
72 27.6251 0.0390625 810.333 2.45882 0.721372 0.000341188 0.524847 0.000509422 
73 28.1099 0.0902479 838.805 6.19216 0.722127 0.000694259 0.525933 0.0010691 
74 28.7121 0.132411 874.873 9.35012 0.723411 0.000936104 0.527724 0.00143399 
75 29.0816 0.0467022 895.647 3.08863 0.723033 0.000302533 0.527052 0.000446524 
76 29.5718 0.0359653 925.154 2.39659 0.723874 0.000317339 0.528221 0.000477318 
77 30.0535 0.0518314 955.128 3.47171 0.724405 0.000387517 0.528951 0.000586971 
78 30.5301 0.0369019 984.615 2.50121 0.72479 0.000287164 0.529431 0.000428793 
79 31.0699 0.0516417 1019.23 3.61336 0.725943 0.00043641 0.53109 0.000657911 
80 31.59 0.0469053 1052.6 3.37914 0.726557 0.000359929 0.531932 0.000544366 
81 32.0016 0.0633916 1079.76 4.83643 0.726861 0.000495701 0.532352 0.000763357 
82 32.5906 0.0440625 1118.51 3.07581 0.72783 0.000368223 0.533667 0.000550461 
83 33.0262 0.0509193 1148.25 3.81115 0.728205 0.000436306 0.534222 0.000673516 
84 33.5695 0.0444404 1185.33 3.29244 0.729024 0.000329447 0.535323 0.000496149 
85 34.2055 0.152222 1231.54 12.576 0.730655 0.00119179 0.537806 0.00187042 
86 34.6682 0.0989268 1263.79 8.29534 0.730745 0.000643993 0.537813 0.000975902 
87 35.1864 0.185408 1301.68 15.3686 0.731815 0.00134703 0.539449 0.00210416 
88 35.611 0.104653 1331.08 8.4257 0.73149 0.00054116 0.5388 0.000819185 
89 36.3273 0.248529 1387.27 21.6595 0.734104 0.00212262 0.542848 0.00338592 
90 36.6011 0.0688028 1404.1 5.34378 0.73272 0.000647131 0.54056 0.00100652 
91 37.4057 0.382325 1469.16 33.3517 0.736186 0.00351644 0.545956 0.00556266 
92 37.5918 0.103195 1478.65 8.04128 0.734109 0.00137591 0.542555 0.00215295 
93 38.3227 0.316036 1537.5 26.4195 0.737084 0.00368268 0.547177 0.00580277 
94 38.6238 0.12348 1559.46 10.2393 0.7351 0.00132042 0.543947 0.002073 
95 39.4788 0.409484 1630.71 35.0334 0.739133 0.00421331 0.550227 0.00662439 
96 39.6534 0.11507 1642.23 9.76236 0.73575 0.000649305 0.544711 0.000976132 
97 40.2945 0.154723 1696.26 13.8472 0.737621 0.00128104 0.547589 0.0019983 
98 40.9188 0.206303 1748.27 18.1697 0.737823 0.00100005 0.547727 0.00148023 
99 41.2358 0.135787 1774.79 12.528 0.737419 0.000829069 0.547123 0.00126516 
100 41.931 0.253227 1837.02 25.5477 0.738586 0.00139124 0.548928 0.00217763 
101 42.1257 0.145196 1851.56 14.4524 0.737662 0.000925131 0.547463 0.00143389 
102 42.7555 0.101773 1904.58 9.20793 0.738425 0.000646029 0.548495 0.000973525 
103 43.2139 0.142699 1944.82 13.6027 0.738644 0.000798862 0.548756 0.00121926 
104 43.8564 0.156792 2001.93 14.6491 0.73951 0.000886502 0.550011 0.00133772 
105 44.3889 0.327039 2052.87 33.2109 0.740337 0.0017029 0.551285 0.00261634 
106 44.935 0.193424 2100.96 18.5515 0.740815 0.000967373 0.551937 0.00145828 
107 45.1284 0.128992 2116.3 12.558 0.73991 0.000713668 0.550493 0.00108097 
108 45.8204 0.188474 2180.78 18.6942 0.741017 0.00109595 0.552138 0.00166524 
109 46.1797 0.145465 2214.95 14.5264 0.740676 0.000817955 0.551594 0.00123553 
110 46.8102 0.17998 2274.41 18.2293 0.74152 0.000965485 0.552812 0.00147037 
111 47.2357 0.170764 2314.8 17.7955 0.74159 0.000868862 0.552879 0.00132296 
112 47.9504 0.210345 2385.5 22.3586 0.742411 0.0010628 0.554082 0.00162442 
113 48.3112 0.161377 2419.56 17.1689 0.742213 0.000735425 0.553725 0.00112124 
114 49.0189 0.215855 2492.07 23.8642 0.743421 0.000913478 0.555541 0.0014007 
115 49.3875 0.206808 2529.76 23.422 0.74325 0.000967743 0.555299 0.00148853 
116 49.8507 0.131668 2574.75 14.3198 0.743502 0.00056399 0.555606 0.000851057 
117 50.2459 0.131253 2613.66 13.9998 0.743631 0.00069888 0.555781 0.00105962 
118 50.8195 0.127171 2673.01 14.0465 0.743783 0.000534179 0.555963 0.000806931 
119 51.2718 0.128084 2719.47 14.2561 0.744224 0.000629198 0.556612 0.000956809 
120 51.8812 0.1387 2784.23 15.7412 0.744579 0.000592478 0.557105 0.000893908 
121 52.4261 0.169554 2842.42 19.4676 0.745291 0.000790542 0.558172 0.00120597 
122 52.9811 0.125557 2901.36 14.5221 0.745488 0.0005971 0.55843 0.000911712 
123 53.4774 0.130062 2954.95 15.1501 0.745822 0.000613665 0.55891 0.000942934 
124 54.1155 0.145425 3025.32 16.6527 0.74644 0.000824332 0.559816 0.00126186 
125 54.6421 0.181434 3084.33 21.4325 0.746836 0.000786406 0.560432 0.00120222 
126 55.3446 0.200769 3163.35 24.0839 0.747951 0.00100717 0.562059 0.00155533 
127 55.7892 0.235613 3213.18 27.7314 0.747446 0.00110437 0.561321 0.00162346 
128 56.4098 0.213703 3285.64 26.2422 0.747896 0.000709022 0.561901 0.00106777 
129 56.8374 0.289672 3332.9 34.3066 0.748469 0.00105624 0.562763 0.00158794 
130 57.4326 0.245938 3402.09 29.9638 0.748336 0.000836013 0.562477 0.00125815 
131 57.8258 0.186929 3446.78 22.75 0.74917 0.000944437 0.563755 0.00143383 
132 58.3877 0.231229 3513.35 29.027 0.749083 0.000993601 0.56356 0.001512 
133 58.7021 0.148077 3550.25 18.2262 0.748651 0.000827963 0.562915 0.00125147 
134 59.3157 0.237974 3624 29.5746 0.748775 0.00108142 0.563065 0.00163425 
135 59.9076 0.199769 3695.77 26.3597 0.749807 0.001035 0.564624 0.00160931 
136 60.5072 0.20161 3771.07 26.277 0.750513 0.000986418 0.56571 0.00152559 
137 61.1093 0.265585 3844.74 36.9781 0.750817 0.00132881 0.566132 0.00208729 
138 61.4659 0.190515 3888.73 25.5159 0.750921 0.00102283 0.56628 0.00155305 
139 62.2049 0.213793 3982.6 29.1451 0.751891 0.0010359 0.567739 0.00158507 
140 62.6892 0.258022 4042.49 33.3933 0.752367 0.00127282 0.568422 0.00192721 
141 63.0992 0.273796 4095.99 36.1344 0.752009 0.00148816 0.56789 0.00225696 
142 63.7232 0.229044 4176.79 30.5824 0.752596 0.00115737 0.568755 0.00174826 
143 64.2904 0.262204 4253.22 36.529 0.752975 0.00127471 0.569361 0.00195366 
144 64.8538 0.325253 4326.22 44.6571 0.753144 0.00152138 0.569561 0.00232129 
145 65.6405 0.496324 4441.62 74.4327 0.754362 0.00206747 0.571532 0.00321412 
146 65.701 0.247416 4435.35 34.9235 0.752669 0.00119777 0.568768 0.00182121 
147 66.3793 0.2577 4526.72 35.4944 0.753751 0.00120599 0.570398 0.00183587 
148 66.8015 0.226403 4581.98 30.9279 0.753603 0.00118476 0.570167 0.00180636 
149 67.3091 0.26173 4653.91 38.2574 0.754149 0.00138651 0.571039 0.00215916 
150 67.8617 0.284679 4728.65 39.6495 0.754271 0.00121698 0.571142 0.00185248 
151 68.2513 0.209503 4782.25 30.1437 0.754141 0.00107356 0.570943 0.00165273 
152 68.9765 0.219316 4882.55 31.5286 0.755127 0.00101483 0.57243 0.00155288 
153 69.6661 0.259803 4979.44 36.9599 0.755771 0.00104934 0.573357 0.00159396 
154 70.3097 0.236909 5074.32 35.0969 0.756244 0.00105044 0.574121 0.0016018 
155 70.6281 0.33407 5119.84 49.5895 0.755969 0.00145081 0.57371 0.00222637 
156 71.2237 0.318256 5205.26 48.5114 0.756033 0.00153715 0.57379 0.00238439 
157 71.8175 0.402257 5295.07 65.7915 0.756716 0.00166716 0.574817 0.00260881 
158 72.1077 0.230788 5329.38 34.6982 0.755755 0.000936887 0.573258 0.00142191 
159 72.8842 0.247438 5445.75 38.1229 0.757339 0.00100964 0.57567 0.00155895 
160 73.1396 0.262372 5481.83 38.7962 0.756152 0.000970365 0.573837 0.00145216 
161 74.1161 0.384184 5629.42 61.5314 0.758096 0.00140126 0.576804 0.002167 
162 74.3666 0.336329 5663.88 50.9348 0.757163 0.00132663 0.575318 0.00201241 
163 75.3638 0.295354 5817.15 47.03 0.759073 0.00121445 0.578211 0.0018489 
164 75.5824 0.266208 5849.8 41.4827 0.758146 0.0010575 0.5768 0.00160946 
165 76.5407 0.406869 5995.89 64.1558 0.759242 0.00131617 0.5784 0.00198809 
166 76.3618 0.255025 5966.18 40.7178 0.758247 0.00105116 0.576937 0.00160408 
167 76.9154 0.252979 6053.51 39.6056 0.757888 0.00118497 0.57636 0.00179779 
168 77.5397 0.258951 6150.42 40.2724 0.758783 0.00121644 0.577694 0.00185357 
169 78.4105 0.33288 6292.4 53.6385 0.759363 0.00157557 0.578601 0.00239575 
170 79.1967 0.490742 6418.61 79.7074 0.760378 0.00164258 0.580113 0.00247404 
171 81.8611 2.32394 6863.12 383.604 0.765371 0.0056194 0.587671 0.00846009 
172 81.7454 1.65758 6849.18 279.528 0.764854 0.00446218 0.587009 0.00679073 
173 91.1755 3.38579 8495.56 591.105 0.784869 0.00788686 0.617566 0.0120522 
174 81.5474 0.626153 6812.02 113.215 0.761675 0.00173927 0.582135 0.00270597 
175 81.4625 0.40503 6791.09 71.5503 0.760036 0.00143335 0.579602 0.00220552 
176 82.4505 0.594652 6964.28 109.324 0.761081 0.00191211 0.581228 0.00296552 
177 82.7767 0.631054 7014.45 115.595 0.76107 0.00183724 0.58116 0.00285147 
178 84.1026 1.11931 7255.95 210.472 0.762389 0.00329008 0.583242 0.00510244 
179 83.5583 0.565836 7136.98 99.695 0.760571 0.00159587 0.580306 0.00243243 
180 84.097 0.354994 7225.47 62.9552 0.761065 0.00120447 0.581032 0.00185872 
181 85.0283 0.655175 7390.2 120.533 0.761941 0.00180247 0.582372 0.00277237 
182 85.4127 0.307073 7448.49 54.9356 0.762011 0.00152097 0.582462 0.0023518 
183 85.8703 0.324549 7531.8 60.3999 0.762183 0.00113872 0.582719 0.00177274 
184 86.728 0.33374 7679.52 60.0918 0.762565 0.00134333 0.583276 0.00209247 
185 87.0322 0.306654 7732.1 55.0959 0.76237 0.00142352 0.582978 0.00221445 
186 88.1575 0.579151 7935.03 102.903 0.763454 0.00134355 0.584605 0.00205429 
187 88.1265 0.394348 7933.02 71.7956 0.763073 0.00146968 0.584089 0.00225773 
188 88.8143 0.378062 8050.97 69.4791 0.763483 0.00150045 0.584685 0.00229964 
189 89.167 0.483488 8118.52 88.4037 0.763503 0.001631 0.584722 0.00247514 
190 89.9355 0.512792 8260.41 97.3302 0.764504 0.00170598 0.586262 0.00261548 
191 90.0889 0.441331 8282.3 83.0027 0.763403 0.0016719 0.584527 0.00258219 
192 90.8547 0.509442 8421.84 94.4091 0.764039 0.00181246 0.585482 0.00277127 
193 91.1594 0.455107 8480.24 85.1275 0.763752 0.00173423 0.585052 0.00265558 
194 91.7335 0.5776 8592.3 109.175 0.76354 0.00197138 0.584746 0.00301425 
195 92.3475 0.703571 8698.63 132.166 0.763832 0.00210563 0.585137 0.00319975 
196 92.6919 0.461332 8762.65 87.1262 0.763749 0.00179005 0.585066 0.00273407 
197 93.1589 0.4614 8852.13 87.5442 0.763632 0.00171941 0.584871 0.00261659 
198 94.0343 0.578081 9017.56 110.288 0.76416 0.00190636 0.585681 0.0029135 
199 94.4182 0.437537 9085.03 84.8848 0.763127 0.00237091 0.584087 0.00362802 
200 94.976 0.694167 9198 135.513 0.764581 0.0020136 0.586268 0.0030603 
201 95.5074 0.541845 9301.23 104.567 0.765172 0.00175583 0.587208 0.00267365 
202 95.8451 0.572211 9359.21 113.686 0.764116 0.00198071 0.58551 0.00302018 
203 97.241 0.682554 9643.36 137.968 0.766972 0.00207102 0.589984 0.0031891 
204 97.2599 0.594076 9636.37 118.694 0.765628 0.001772 0.587811 0.00272088 
205 97.797 0.563748 9741.56 111.133 0.766173 0.00179912 0.588668 0.00273052 
206 98.3299 0.58713 9846.91 117.403 0.765754 0.00171622 0.587949 0.00262852 
207 98.8275 0.551437 9947.62 110.89 0.766691 0.00199916 0.589521 0.0030822 
208 99.3332 0.54503 10045.1 109.993 0.765806 0.00149914 0.588001 0.00227975 
209 100.215 0.575018 10225.3 112.901 0.767162 0.00175849 0.590127 0.00263743 
210 100.982 0.552115 10375 106.055 0.767285 0.00153078 0.59022 0.00234526 
211 101.994 0.802406 10587.7 160.382 0.769853 0.00249646 0.594309 0.00391733 
212 101.834 0.533796 10555.2 108.938 0.766787 0.00136353 0.589429 0.00204232 
213 102.506 0.493913 10693.9 104.407 0.767729 0.00141142 0.5909 0.00212756 
214 103.202 0.557425 10839.2 115.974 0.767646 0.00152984 0.590767 0.00227836 
215 103.36 0.490983 10874.2 106.395 0.767657 0.00134765 0.590811 0.00203265 
216 103.698 0.503871 10925.2 109.053 0.767849 0.00126736 0.590955 0.00188062 
217 104.787 0.546241 11168.5 115.603 0.768461 0.00150332 0.591978 0.00226652 
218 105.224 0.469315 11249.9 99.2183 0.76842 0.001505 0.591843 0.00222117 
219 105.894 0.515658 11400.2 110.072 0.768254 0.00149783 0.591619 0.00223374 
220 106.774 0.902844 11575.9 193.929 0.769318 0.0021363 0.59314 0.00318777 
221 107.112 0.591679 11648.9 115.659 0.768902 0.00164178 0.592517 0.00242059 
222 108.975 0.91496 12041.7 194.126 0.771266 0.00212024 0.596041 0.00310883 
223 108.988 1.00333 12049.2 201.842 0.771096 0.00247102 0.595864 0.00366169 
224 111.631 1.33163 12619.4 286.745 0.774947 0.00266934 0.601571 0.00397845 
225 110.977 1.17766 12488.1 242.663 0.772762 0.00285878 0.59836 0.00426072 
226 114.031 1.92149 13139.5 417.146 0.776914 0.00374472 0.604463 0.00557569 
227 111.591 0.935783 12608.9 186.52 0.772983 0.00272399 0.598648 0.0040449 
228 114.36 1.33788 13202.1 273.179 0.777377 0.00350183 0.605184 0.0052087 
229 113.974 1.22714 13132.6 255.432 0.77556 0.00318413 0.602504 0.00475152 
230 117.962 1.5359 14010.4 328.712 0.781676 0.00351462 0.611649 0.00527138 
231 117.546 2.12673 13936.9 462.996 0.77992 0.00503102 0.609108 0.00757307 
232 122.089 2.03595 14982.7 451.703 0.787216 0.00422872 0.620179 0.00637977 
233 121.798 2.13059 14941.8 480.725 0.784945 0.00455451 0.616801 0.00690528 
234 126.273 1.92746 16013.4 445.706 0.791276 0.00363973 0.62649 0.00555068 
235 124.817 3.09344 15716.5 722.515 0.788236 0.00577425 0.622044 0.00880681 
236 130.746 2.07263 17177.9 495.778 0.795505 0.00340711 0.633202 0.00521293 
237 116.147 0.557048 13689.6 126.872 0.770682 0.00128981 0.59523 0.00200005 
238 117.262 1.09123 13944.1 239.464 0.770936 0.0010097 0.595522 0.00156398 
239 116.74 0.524028 13829.7 124.933 0.770591 0.00133367 0.595126 0.00202795 
240 117.764 0.678077 14066.8 154.642 0.770886 0.00122882 0.595497 0.00191629 
241 117.85 0.536631 14092.5 127.895 0.771498 0.00131921 0.596507 0.00202371 
242 118.62 0.594993 14275.1 142.269 0.771356 0.00141003 0.596267 0.00216913 
243 119.005 0.566463 14376.8 140.392 0.771633 0.00131244 0.596737 0.00204159 
244 119.999 0.701717 14616.6 175.766 0.772559 0.00143518 0.598149 0.00224174 
245 120.821 1.00983 14827.4 258.112 0.774077 0.00239959 0.600575 0.00379467 
246 121.13 0.693062 14884.6 169.505 0.772467 0.00128989 0.597926 0.00198892 
247 121.237 0.583661 14914.8 143.214 0.772261 0.00139857 0.597631 0.00215323 
248 121.894 0.577287 15070.5 144.112 0.772514 0.00133735 0.597976 0.00206045 
249 122.453 0.639034 15218.9 164.105 0.772133 0.00122164 0.597441 0.00189602 
250 122.879 0.65108 15321.9 170.026 0.772231 0.00125698 0.597585 0.00194733 
251 123.23 0.538592 15398.8 135.691 0.772519 0.00122077 0.598014 0.001888 
252 123.948 0.614395 15585.3 154.845 0.772969 0.00132836 0.598695 0.00205439 
253 124.018 0.704286 15593.4 180.115 0.773352 0.00136787 0.599265 0.00211792 
254 124.512 0.696586 15714.8 178.878 0.773212 0.00163497 0.599012 0.00251544 
255 125.17 0.949202 15873.8 245.836 0.773698 0.00192089 0.599757 0.00299783 
256 126.353 0.778003 16174.7 202.85 0.774819 0.0016854 0.601481 0.00260926 
257 127.661 0.818268 16511.7 212.39 0.77614 0.00216318 0.603606 0.00339122 
258 127.935 0.958668 16586.3 254.743 0.774459 0.00217897 0.60099 0.00340493 
259 128.46 0.736905 16720.4 193.718 0.774357 0.00146502 0.600804 0.00228908 
260 129.155 0.984194 16918.8 268.902 0.774209 0.00184617 0.600631 0.00289066 
261 129.507 0.83156 17009.4 226.834 0.77519 0.00173033 0.602187 0.00271502 
262 129.785 0.901055 17103.7 233.678 0.774198 0.00171226 0.600679 0.00263841 
263 130.411 0.820509 17242.1 220.301 0.774495 0.00173666 0.601077 0.00271451 
264 130.844 0.792044 17354.4 215.374 0.77389 0.00165822 0.600126 0.00256958 
265 131.238 0.738252 17459.5 199.214 0.774113 0.001505 0.600481 0.00234434 
266 132.105 0.989956 17680.1 269.179 0.774496 0.00229785 0.601024 0.00357993 
267 133.057 0.958664 17938.3 262.802 0.775634 0.00218843 0.602804 0.00342934 
268 133.838 0.908405 18150.9 251.614 0.77515 0.00167344 0.602012 0.00261454 
269 134.071 0.969749 18212.4 265.359 0.775788 0.00208197 0.603029 0.0032518 
270 134.798 1.10933 18415.4 312.78 0.775482 0.00212094 0.602549 0.00329737 
271 135.656 1.11785 18645.8 310.616 0.776757 0.00266299 0.604547 0.00418672 
272 136.17 1.21617 18798.7 345.086 0.775515 0.00228898 0.60259 0.00358097 
273 136.938 1.15203 18993.2 322.151 0.777366 0.0026223 0.605497 0.00412522 
274 137.339 1.13376 19114.5 317.739 0.776471 0.00243823 0.604104 0.00381848 
275 138.101 1.31242 19317.2 368.789 0.777765 0.00299036 0.606141 0.00471115 
276 139.246 1.38518 19659.8 395.64 0.778218 0.00309543 0.606872 0.00487679 
277 140.56 1.83129 20022.7 525.105 0.780578 0.00432352 0.610566 0.00686238 
278 142.363 2.00446 20563.3 580.406 0.782382 0.00455163 0.613434 0.0072231 
279 143.121 2.98896 20767 876.002 0.783955 0.00688686 0.615902 0.0109383 
280 144.413 2.7773 21156.6 821.168 0.784628 0.00642175 0.616956 0.0102151 
281 146.264 3.52946 21710.2 1052.75 0.788688 0.00749788 0.623428 0.0119441 
282 146.364 3.30927 21757.3 992.044 0.787011 0.00682156 0.620765 0.0108567 
283 148.077 3.70045 22277.9 1124.55 0.78983 0.00738958 0.625272 0.0117993 
284 147.09 2.71432 21982.3 826.985 0.785721 0.00497053 0.618695 0.00794001 
285 146.012 2.21545 21632.8 687.479 0.783388 0.00410009 0.614965 0.00658656 
286 144.999 1.78344 21330.6 556.589 0.778488 0.00172466 0.607095 0.00267291 
287 143.843 0.928696 20954.6 275.981 0.776546 0.00145183 0.604111 0.0022627 
288 145.753 1.71086 21544.3 535.165 0.778098 0.00174442 0.606502 0.00272642 
289 144.526 0.911817 21149 270.07 0.775906 0.00194801 0.60316 0.00302549 
290 146.263 0.889835 21658.7 277.484 0.778134 0.00160197 0.606575 0.00252516 
291 146.009 0.834844 21575.4 252.514 0.777309 0.00154477 0.605285 0.00243199 
292 146.857 0.836737 21830.2 250.074 0.777505 0.00155798 0.605566 0.00242607 
293 147.978 0.888092 22155.4 268.146 0.77892 0.00174103 0.607771 0.00272849 
294 148.205 0.917784 22226.5 280.702 0.778284 0.0015195 0.606772 0.00238106 
295 149.01 0.834991 22468.7 252.91 0.778564 0.00152903 0.607223 0.00239672 
296 149.951 1.17228 22767 362.106 0.779589 0.00207431 0.608839 0.00326345 
297 150.665 1.42839 22991.9 451.807 0.780514 0.00255074 0.610359 0.00403281 
298 150.78 0.815864 23006.2 249.16 0.779283 0.00146606 0.60832 0.00229822 
299 150.967 1.0978 23042.6 333.932 0.779059 0.00182951 0.607947 0.00285473 
300 151.247 0.834625 23136 263.72 0.778477 0.00163768 0.607074 0.00258618 
301 152.144 1.32143 23408.8 405.141 0.779507 0.00171464 0.608664 0.00270982 
302 152.765 1.22577 23603.9 379.91 0.779923 0.00189354 0.609356 0.00301159 
303 153.652 1.0249 23883 319.328 0.780548 0.00208412 0.610368 0.00330594 
304 154.836 1.52227 24264.1 481.538 0.781392 0.00247032 0.611711 0.00391398 
305 155.944 1.89396 24615 604.126 0.78256 0.00265995 0.613531 0.0042447 
306 155.402 1.19572 24431.9 380.675 0.780151 0.00208613 0.609723 0.00330275 
307 155.567 1.52628 24475.5 489.871 0.780686 0.00200867 0.610546 0.00317011 
308 156.605 1.23152 24807.5 396.249 0.780312 0.00208391 0.609944 0.00328215 
309 157.459 1.50672 25074.8 477.126 0.781019 0.00251675 0.611085 0.00392836 
310 158.484 1.11378 25402.6 354.423 0.781258 0.00190869 0.611412 0.00298591 
311 158.619 1.37653 25457.9 445.431 0.780778 0.0026499 0.610738 0.00416879 
312 160.187 1.63994 25982.3 545.256 0.781408 0.00218476 0.611637 0.00342085 
313 159.822 1.35254 25843 441.878 0.780982 0.00248439 0.610991 0.00392244 
314 159.635 1.06746 25771.7 346.155 0.779846 0.00180432 0.609187 0.00284333 
315 161.098 1.19047 26245.9 391.441 0.781186 0.00188115 0.611267 0.00296643 
316 161.631 1.20977 26419.1 397.068 0.781372 0.00206335 0.61154 0.00325769 
317 162.557 1.41101 26725 468.468 0.781254 0.00204346 0.611357 0.00322051 
318 163.597 1.67888 27074 548.263 0.782269 0.00238397 0.612962 0.00375375 
319 164.905 2.15862 27517.2 730.52 0.781796 0.00229961 0.612175 0.00360615 
320 162.94 1.30019 26852.3 431.815 0.780236 0.00226782 0.609789 0.00357161 
321 163.427 1.151 27008.5 380.836 0.779753 0.00200662 0.609035 0.00315339 
322 164.291 1.04739 27291.1 345.122 0.780855 0.00233773 0.610737 0.00367532 
323 164.817 0.974716 27454.8 327.122 0.780416 0.00228893 0.610021 0.00358961 
324 165.883 1.5499 27819 523.104 0.781292 0.00315153 0.611432 0.00496984 
325 166.307 1.0907 27956.2 362.619 0.781286 0.00214014 0.611373 0.00334591 
326 166.943 1.61418 28169.9 552.06 0.781284 0.00302238 0.611354 0.00477469 
327 167.307 1.24262 28283.1 413.62 0.781042 0.00217404 0.610949 0.00339178 
328 169.212 1.83636 28939.2 628.976 0.783588 0.00331268 0.614959 0.00520893 
329 171.037 2.34557 29562.6 819.318 0.784419 0.00325848 0.616193 0.00510198 
330 174.611 4.09019 30813.8 1430.91 0.789744 0.0063619 0.624618 0.0100147 
331 169.468 0.972907 28993 322.72 0.780826 0.00160524 0.610545 0.00247851 
332 171.059 1.43233 29537.4 488.711 0.782324 0.00220083 0.612849 0.00342156 
333 172.333 1.57335 29975 535.223 0.783035 0.00195918 0.613947 0.00302545 
334 173.264 1.50802 30311.4 515.787 0.78357 0.00221459 0.614815 0.00345559 
335 174.525 1.64019 30755.9 558.293 0.783983 0.0020299 0.615429 0.00314474 
336 173.776 1.98302 30503.1 710.551 0.782968 0.00291028 0.613893 0.00460039 
337 172.997 1.47724 30215.7 511.81 0.780568 0.00196566 0.610153 0.00307975 
338 174.384 1.58044 30726 560.665 0.782344 0.00215891 0.612947 0.00339518 
339 173.189 1.14816 30284.4 399.352 0.779462 0.00186206 0.608446 0.00294275 
340 174.525 1.45849 30780.7 513.511 0.781569 0.00228596 0.611802 0.00360826 
341 173.53 1.16547 30408.8 412.87 0.778724 0.00151687 0.607302 0.00237953 
342 174.818 1.50264 30874 532.346 0.779768 0.00168988 0.608929 0.0026558 
343 174.962 1.39327 30921.9 501.653 0.779222 0.00190202 0.608102 0.00300071 
344 175.286 1.7099 31052.4 632.249 0.779589 0.00170597 0.608668 0.00270148 
345 175.618 1.3185 31148.9 472.179 0.779705 0.00183596 0.608807 0.00289817 
346 175.242 1.69194 31018.7 614.807 0.778834 0.00175701 0.607427 0.00277702 
347 175.49 1.55029 31080.1 561.74 0.77867 0.00171827 0.607156 0.00272869 
348 174.269 1.80875 30612.8 668.84 0.776055 0.00207999 0.60291 0.00334537 
349 174.939 1.7451 30849.1 652.408 0.776104 0.00175464 0.603 0.00280523 
350 174.595 1.37204 30658.6 534.058 0.775081 0.00218921 0.601226 0.00354537 
351 177.817 1.33405 31884.8 497.31 0.777627 0.00172791 0.60544 0.00275454 
352 177.503 1.19861 31735.1 451.98 0.776434 0.00189514 0.603495 0.00302904 
353 179.661 1.4504 32584.9 530.347 0.779119 0.00192236 0.607887 0.00300877 
354 179.958 1.19029 32686.6 439.411 0.779115 0.00181741 0.60785 0.00285001 
355 181.122 1.41501 33121.7 519.929 0.779466 0.00180209 0.608426 0.00283825 
356 181.094 1.2534 33103.8 461.851 0.778363 0.00198971 0.606723 0.00311007 
357 182.618 1.26181 33662.2 462.794 0.78018 0.00166653 0.609507 0.00261469 
358 182.77 1.09428 33710.3 404.094 0.779686 0.00180445 0.608747 0.00282679 
359 183.724 1.46027 34067.6 533.214 0.780643 0.00178493 0.610232 0.0027928 
360 184.797 1.3391 34468.7 498.743 0.782099 0.00207669 0.612542 0.00328962 
361 185.042 1.62574 34560.8 598.25 0.78054 0.00207723 0.610068 0.00326051 
362 188.305 3.03865 35848.9 1179.94 0.786755 0.00529111 0.620076 0.00847478 
363 185.05 1.12565 34562.8 424.243 0.779347 0.00179404 0.608232 0.00281363 
364 185.681 0.96326 34777.7 362.75 0.780317 0.0015771 0.609684 0.00247239 
365 186.585 1.09617 35120.5 410.895 0.780534 0.00159569 0.610024 0.0025118 
366 186.93 1.08594 35248.7 417.016 0.780168 0.00168568 0.609467 0.00264914 
367 188.687 1.32656 35918 501.457 0.781872 0.00190116 0.612134 0.00296464 
368 188.057 1.35023 35680.8 518.565 0.780439 0.00197382 0.609884 0.00310406 
369 190.717 1.92362 36692.3 735.371 0.781974 0.00169952 0.612238 0.00267748 
370 189.547 1.28673 36260.1 510.547 0.78109 0.00222427 0.610985 0.00353539 
371 191.565 1.7666 37064 717.705 0.78347 0.00249361 0.614741 0.00397766 
372 193.634 3.43415 37916.5 1441.69 0.785036 0.00475887 0.617291 0.00765925 
373 192.565 1.69811 37443.3 695.483 0.782698 0.00231336 0.613478 0.00369468 
374 199.688 6.90152 40439.1 2931.48 0.791028 0.00910493 0.626865 0.0146613 
375 193.79 1.96339 37925.1 818.741 0.78333 0.00277125 0.61449 0.00443881 
376 206.216 8.60439 43232.6 3686.15 0.799031 0.0109156 0.639857 0.0175967 
377 194.454 1.68167 38182.9 679.075 0.782895 0.00230846 0.613821 0.00365995 
378 198.653 3.36469 39932 1432.32 0.787105 0.0043096 0.620515 0.00692677 
379 198.221 2.84359 39741.5 1205.1 0.785751 0.00371046 0.618359 0.00595149 
380 197.873 2.74209 39615.1 1146.29 0.784815 0.00319449 0.616872 0.0051168 
381 202.171 5.01698 41481.6 2153.73 0.789528 0.00633473 0.624532 0.0101799 
382 207.996 8.98099 43999.9 3896.28 0.795726 0.0102143 0.634449 0.0164254 
383 211.628 9.2658 45580.7 4073.54 0.799875 0.0109446 0.641174 0.0176819 
384 219.526 9.93682 49095.3 4408.72 0.808483 0.0113088 0.655099 0.0182782 
385 199.32 2.50032 40123.9 1029.88 0.784604 0.0032679 0.61646 0.00518703 
386 201.196 2.78471 40869 1146.43 0.787322 0.00423052 0.62081 0.00675187 
387 199.687 1.98376 40233.7 795.686 0.783173 0.00221699 0.614156 0.00349135 
388 201.143 1.57918 40842.2 655.997 0.784732 0.00235366 0.616682 0.00373749 
389 200.27 1.62642 40444.2 648.432 0.782588 0.00198747 0.61321 0.00309536 
390 201.003 2.40306 40771.7 990.121 0.78288 0.00298726 0.613692 0.00470519 
391 203.391 2.20788 41762.4 924.833 0.785503 0.00281131 0.617875 0.00444114 
392 203.294 2.70614 41738.7 1137.41 0.784113 0.00354292 0.615704 0.00560297 
393 208.316 3.76682 43866.2 1619.2 0.790622 0.00482656 0.626084 0.00768432 
394 207.683 4.99459 43667.4 2226.07 0.788512 0.00569623 0.622745 0.00913923 
395 214.4 6.63152 46632.2 2989.9 0.79564 0.00736503 0.634153 0.0118436 
396 227.04 9.42602 52418.2 4299.77 0.808263 0.00984809 0.65451 0.0158645 
397 209.932 3.556 44555.5 1591.05 0.789974 0.00428279 0.625032 0.00687411 
398 210.756 4.14353 44966.9 1856.53 0.789749 0.00466227 0.624761 0.00744528 
399 207.801 1.88304 43536.4 802.975 0.78601 0.00345967 0.618733 0.00551958 
400 207.016 2.43491 43228.4 1044.49 0.784683 0.00451143 0.616662 0.00725661 
401 210.189 3.01438 44563.3 1301.67 0.789231 0.00552483 0.623866 0.00889934 
402 209.635 2.14822 44329.3 918.78 0.787105 0.00412007 0.620495 0.00658965 
403 211.028 2.85338 44940.9 1251.64 0.789275 0.00566589 0.623961 0.00915456 
404 211.49 3.27074 45157.7 1455.98 0.788889 0.00600992 0.623376 0.00971877 
405 213.266 3.58267 45923.7 1598.91 0.79043 0.00663163 0.625826 0.010727 
406 211.819 2.74085 45283.5 1223.06 0.787734 0.0051152 0.621524 0.00827327 
407 213.819 3.26927 46136.3 1468.41 0.789405 0.00614702 0.624154 0.00995941 
408 212.144 2.79544 45391 1235.27 0.786092 0.00477749 0.618835 0.00767973 
409 215.147 3.39966 46719.3 1543.89 0.790699 0.00632831 0.626201 0.0102651 
410 213.146 2.53764 45813 1157.03 0.787034 0.00434378 0.620271 0.00704429 
411 214.776 2.7444 46535 1257.51 0.787965 0.0051143 0.621813 0.00828168 
412 213.876 1.79051 46096.1 791.747 0.785091 0.00278645 0.61714 0.00445754 
413 214.017 1.36777 46153.5 612.428 0.784517 0.00239912 0.616219 0.00383615 
414 213.572 1.18447 45921.3 518.2 0.783008 0.00159864 0.613747 0.00251576 
415 214.524 1.23038 46318.5 529.539 0.783636 0.00234124 0.614703 0.00367701 
416 214.49 1.2848 46324.5 569.222 0.783231 0.0017084 0.614119 0.00268552 
417 216.086 1.34138 47009 589.564 0.784747 0.00192707 0.616508 0.00307198 
418 216.963 1.65378 47416.3 746.27 0.784343 0.00212901 0.615895 0.00339649 
419 217.991 2.32393 47879.3 1043.46 0.785358 0.00387027 0.617546 0.0062049 
420 218.409 1.43719 48034.6 638.71 0.785012 0.00191566 0.6169 0.00302514 
421 219.333 1.63904 48462.4 732.114 0.783939 0.00238373 0.615238 0.00379894 
422 223.015 4.18503 50155.4 1931.38 0.788589 0.00446065 0.622612 0.00710626 
423 221 2.13367 49155.3 934.269 0.783546 0.00210827 0.614499 0.00332379 
424 219.572 1.48896 48525 644.155 0.781904 0.00196031 0.611974 0.00308581 
425 223.077 2.3755 50059 1036.43 0.781699 0.00175264 0.611557 0.00281257 
426 222.268 2.63139 49728.2 1158.68 0.782918 0.00260704 0.61354 0.0041182 
427 228.36 2.81576 52425.6 1239.25 0.780709 0.00152045 0.60989 0.00245453 
428 223.791 3.24761 50420.9 1450.75 0.782543 0.00211826 0.612914 0.00334126 
429 228.826 3.57543 52694.7 1613.92 0.782502 0.00156718 0.612727 0.00249823 
430 222.679 1.81368 49924.9 806.051 0.784315 0.00285855 0.615813 0.00451422 
431 222.642 1.53784 49890.7 689.319 0.78334 0.0024933 0.614219 0.00392631 
432 223.598 1.65213 50329.5 737.846 0.783987 0.00230012 0.615254 0.00361922 
433 224.47 1.5867 50711.1 720.185 0.784365 0.00237714 0.615833 0.0037437 
434 225.83 1.45263 51336.2 659.89 0.785112 0.00266 0.617039 0.00420559 
435 225.047 1.49611 50962.2 684.995 0.784143 0.00246949 0.61548 0.00389795 
436 225.642 2.09984 51241.6 946.377 0.783678 0.00351634 0.61478 0.00553279 
437 225.757 1.54913 51284.4 689.778 0.782956 0.00282519 0.613644 0.00441997 
438 227.324 2.09859 52032.2 953.968 0.783897 0.00340029 0.615158 0.00533623 
439 227.85 1.8213 52259.2 843.745 0.784141 0.0028747 0.615506 0.00454272 
440 229.854 2.00177 53203 931.85 0.786242 0.003186 0.618874 0.00503196 
441 229.255 1.78791 52894.1 827.658 0.785355 0.00270679 0.617407 0.00426105 
442 231.952 2.01605 54182.8 936.692 0.788063 0.00272345 0.621694 0.00428173 
443 229.788 1.93864 53186.3 891.6 0.784571 0.00253678 0.616204 0.00395843 
444 231.656 1.50417 54045.3 697.299 0.786288 0.0020743 0.61891 0.00325841 
445 231.054 1.67108 53726.5 765.275 0.784905 0.00253411 0.616695 0.00396903 
446 231.914 1.46537 54125.4 684.775 0.785953 0.00210665 0.618322 0.00329997 
447 232.61 1.55756 54463.2 728.307 0.784435 0.00199193 0.615942 0.00313294 
448 233.2 1.73542 54764.7 807.763 0.784806 0.00252905 0.61654 0.00397757 
449 234.24 1.42596 55222.3 667.623 0.784578 0.00187312 0.616176 0.00294105 
450 234.965 1.75778 55567.5 827.286 0.785083 0.00247325 0.616966 0.00388113 
451 235.655 1.28019 55856.4 600.161 0.784765 0.00180565 0.616404 0.00283572 
452 235.456 1.71522 55784 799.976 0.784109 0.00242605 0.615388 0.0038103 
453 237.212 2.11451 56592 981.616 0.785174 0.00234616 0.617021 0.00368549 
454 237.387 1.91978 56708.2 903.345 0.785388 0.00251387 0.617389 0.00396146 
455 238.749 1.62536 57344 759.803 0.786246 0.00222467 0.618732 0.00351507 
456 237.523 2.16958 56786.1 1023.21 0.785396 0.00295788 0.617436 0.00467072 
457 238.565 2.31751 57306.5 1069.95 0.786589 0.00337398 0.619366 0.00529072 
458 238.755 2.41812 57398.5 1134.62 0.785375 0.00327576 0.617428 0.0051558 
459 238.298 4.2364 57264.7 1949.95 0.785582 0.00558142 0.617916 0.00875409 
460 239.276 2.91303 57648.1 1364.59 0.784861 0.00334804 0.616606 0.00525694 
461 235.077 4.88679 55783.3 2231.12 0.780446 0.00573455 0.609872 0.00892046 
462 240.366 2.71775 58181.4 1276.33 0.78481 0.0032265 0.616531 0.00505914 
463 231.553 6.23981 54135.2 2882.71 0.774779 0.00700282 0.600996 0.0109105 
464 243.599 2.14854 59718.5 1056.52 0.786851 0.00284438 0.619749 0.0044973 
465 242.402 2.79685 59192 1344.58 0.784964 0.00357464 0.616826 0.00564631 
466 245.513 1.87153 60649.4 921.834 0.787687 0.00265507 0.621034 0.00419102 
467 246.151 1.97086 60971.4 966.112 0.788153 0.00253487 0.621781 0.00401132 
468 247.713 2.0806 61737.2 1025.33 0.789555 0.00345233 0.623995 0.00546012 
469 247.973 2.37839 61875.3 1185.32 0.789801 0.00412808 0.624438 0.00656856 
470 248.792 2.51398 62282.1 1246.09 0.789372 0.00356835 0.623726 0.00564933 
471 248.863 2.14433 62336.9 1086.74 0.788726 0.00287963 0.622692 0.00458814 
472 248.962 1.90072 62377.1 946.304 0.787082 0.00241933 0.6201 0.00383533 
473 250.119 2.60557 62978.8 1296.94 0.787464 0.00214147 0.620685 0.00336646 
474 249.518 1.78543 62648.4 882.355 0.786586 0.00232297 0.619336 0.00365003 
475 248.848 1.96514 62329.1 972.54 0.7865 0.00213448 0.619202 0.00336252 
476 251.124 2.1924 63452 1086.94 0.787686 0.00246438 0.621027 0.00387315 
477 251.102 1.97196 63433.9 982.154 0.787959 0.00239584 0.621465 0.00377653 
478 252.749 1.84359 64245.6 930.862 0.788811 0.0027395 0.622789 0.00435317 
479 252.746 2.07369 64235 1046.87 0.78746 0.00260881 0.620613 0.00413656 
480 253.168 2.44853 64484.1 1228.69 0.787059 0.0024409 0.620006 0.00385734 
481 251.984 2.03062 63886.7 1026.44 0.786013 0.00263127 0.618396 0.00419597 
482 254.708 2.28059 65278.2 1169.26 0.787785 0.00217 0.621178 0.00343189 
483 254.804 1.95416 65320.2 994.943 0.786951 0.00224218 0.619869 0.00354252 
484 256.707 2.13669 66285.1 1096.45 0.787457 0.00288018 0.620632 0.0045585 
485 256.356 2.51924 66139.5 1289.69 0.789416 0.00416801 0.62385 0.0066645 
486 257.629 2.25297 66754.7 1155.8 0.787535 0.0034975 0.620769 0.00556308 
487 254.226 2.0315 65070.8 1026.86 0.785405 0.00241821 0.617487 0.00380803 
488 257.917 2.69201 67006.1 1404.22 0.786465 0.00269231 0.619123 0.00422957 
489 255.328 2.08634 65624 1060.43 0.786912 0.00273891 0.619884 0.00430729 
490 257.173 2.8541 66562.4 1462.27 0.787519 0.00367763 0.620818 0.00579597 
491 257.015 2.5029 66468.6 1279.65 0.786893 0.00325738 0.619827 0.00512291 
492 257.81 2.18729 66868.5 1132.91 0.787028 0.00315237 0.620023 0.00496861 
493 258.182 2.1083 67063.4 1091.97 0.786799 0.00319591 0.619676 0.00503674 
494 260.178 2.52434 68071.5 1302.89 0.789656 0.00396201 0.624145 0.00621189 
495 261.211 1.88389 68655.8 986.533 0.789455 0.00293703 0.623874 0.00465209 
496 262.52 3.07064 69327.4 1571.35 0.789912 0.00416933 0.624557 0.00653678 
497 262.239 3.05729 69224.8 1623.63 0.788535 0.00365898 0.62242 0.00577602 
498 260.271 2.67584 68160.9 1418.8 0.785262 0.00399804 0.617257 0.0063093 
499 262.098 3.69395 69138.8 1962.37 0.786781 0.00427649 0.619632 0.00673774 
500 259.85 3.18982 67888.1 1699.26 0.783147 0.00443837 0.613856 0.00701515 
501 262.185 4.2206 69152 2266.28 0.784547 0.00538603 0.61608 0.00850848 
502 260.58 3.04524 68216.6 1642.76 0.781235 0.00416544 0.610796 0.00659615 
503 259.229 3.602 67445.4 1957.86 0.778839 0.00498459 0.606985 0.00788256 
504 260.386 2.58297 68020.8 1415.51 0.77863 0.00458583 0.606628 0.00726809 
505 261.53 2.43336 68607.4 1351.96 0.778755 0.00458046 0.606807 0.00727531 
506 265.541 1.91766 70787.2 1072.55 0.783894 0.00388881 0.61492 0.00617049 
507 270.325 2.33422 73505.6 1274.65 0.79225 0.00303673 0.628242 0.00481119 
508 271.499 2.2139 74127.3 1194.12 0.792401 0.00324573 0.628475 0.00513208 
509 272.285 2.96737 74565 1611.21 0.79308 0.00357899 0.629544 0.00565374 
510 272.589 2.38332 74681.6 1298.92 0.793286 0.00302437 0.629818 0.00479503 
511 272.349 2.93616 74577.2 1615.53 0.791879 0.0034929 0.62759 0.005539 
512 273.997 2.1891 75410 1198.43 0.792036 0.00309153 0.627766 0.0049034 
513 274.936 2.92818 76030.3 1596.19 0.793847 0.00384733 0.630798 0.00608494 
514 275.311 2.37887 76202.9 1267.97 0.793139 0.00375048 0.62966 0.00595645 
515 276.94 2.76954 77142.7 1517.81 0.795459 0.00356678 0.633356 0.00565077 
516 276.762 2.84661 77046.2 1559.9 0.795318 0.00403192 0.633161 0.00642836 
517 278.39 2.75127 77948.1 1504.46 0.79653 0.0034212 0.635057 0.00540898 
518 276.399 3.21059 76871 1739.49 0.793994 0.00456238 0.631096 0.00723778 
519 278.042 2.48175 77779.1 1365.94 0.794816 0.00398273 0.632401 0.00632703 
520 278.128 3.19398 77844 1721.7 0.794466 0.00520718 0.631892 0.00826816 
521 281.188 3.14471 79542 1729.76 0.797731 0.00428916 0.637058 0.00682473 
522 280.158 3.61424 79040.4 1978.51 0.796691 0.00480753 0.635501 0.00764568 
523 282.3 3.64743 80197.5 2025.42 0.798238 0.00514436 0.637884 0.00820871 
524 284.092 4.38308 81249.5 2433.84 0.799626 0.00605508 0.640163 0.00966214 
525 282.076 4.11958 80060 2248.24 0.796376 0.00459094 0.634833 0.00722152 
526 279.084 3.07705 78400.1 1698.09 0.79159 0.00332841 0.627254 0.00526202 
527 280.051 3.35648 78973 1878.2 0.792712 0.00392283 0.629058 0.0062229 
528 280.786 3.88156 79358.8 2125.53 0.79256 0.00392536 0.628781 0.00616861 
529 282.963 3.07066 80605.5 1716.03 0.793979 0.00370202 0.631058 0.00584941 
530 282.797 2.94039 80443.4 1639.31 0.79452 0.00311007 0.631836 0.00490649 
531 284.95 3.15838 81667.4 1784.29 0.796129 0.00362276 0.634407 0.00574092 
532 284.395 2.70007 81294.8 1520.78 0.79546 0.00313172 0.633271 0.00495659 
533 288.932 4.70676 83896.4 2705.96 0.799264 0.00528686 0.639326 0.00840827 
534 287.6 2.92694 83073.7 1702.41 0.797064 0.00317512 0.635741 0.00507768 
535 297.948 6.36111 89285.4 3673.46 0.805832 0.00678017 0.64994 0.010761 
536 287.992 2.87387 83446.5 1610.63 0.79583 0.00362609 0.633973 0.00571267 
537 287.786 2.44298 83270.5 1387.77 0.793641 0.00336632 0.630441 0.00532259 
538 290.257 2.71609 84683.5 1540.71 0.796178 0.00396886 0.634449 0.00632885 
539 289.472 3.24532 84305.4 1847.31 0.795986 0.00372461 0.634225 0.0058771 
540 289.722 3.41631 84512 1934.73 0.797058 0.0041271 0.635995 0.00654867 
541 289.894 3.41583 84629.9 1942 0.795751 0.00430787 0.633941 0.00680149 
542 291.087 3.27938 85316.5 1881.58 0.796499 0.00460365 0.635142 0.00732384 
543 289.725 4.02438 84531.8 2267.76 0.793586 0.00475613 0.630476 0.00750813 
544 291.574 3.78611 85606.1 2150.2 0.794474 0.00381973 0.631855 0.00600568 
545 291.82 3.63034 85741.9 2068.93 0.794239 0.00452982 0.631505 0.00717703 
546 292.186 3.22971 86002.6 1856.16 0.794223 0.00359463 0.631475 0.00568934 
547 292.672 4.07523 86262.9 2335.43 0.794429 0.00431627 0.631799 0.00680096 
548 295.218 4.93024 87772.2 2867.32 0.796476 0.0050103 0.635019 0.00791839 
549 294.827 4.4724 87519.7 2561.11 0.795053 0.00505375 0.632768 0.00796265 
550 298.346 4.47897 89600.2 2654.72 0.798518 0.00411993 0.63824 0.00651819 
551 296.823 3.6687 88633.4 2108.79 0.797158 0.00524472 0.636091 0.00830925 
552 298.542 3.78496 89714.3 2189.07 0.79906 0.00474661 0.639099 0.0074791 
553 299.031 3.09629 89970.8 1830.87 0.798294 0.00462753 0.637903 0.0073537 
554 301.303 4.18601 91342 2470.16 0.799603 0.00433143 0.639931 0.00681065 
555 300.995 3.05104 91115.7 1801.3 0.799424 0.00346727 0.639641 0.00547816 
556 302.481 4.0431 92064.3 2417.7 0.799498 0.00401883 0.639763 0.00635427 
557 301.807 3.42102 91601.8 2023.04 0.798667 0.00404022 0.638435 0.00639771 
558 304.339 3.18467 93142.5 1886.83 0.800102 0.00409405 0.640701 0.00648019 
559 304.9 2.61187 93382.1 1536.62 0.80046 0.003898 0.641218 0.00615528 
560 305.69 3.366 93908.5 2008.58 0.801041 0.00410055 0.642151 0.00648198 
561 304.009 3.01311 92860.8 1817.92 0.799739 0.00406423 0.640101 0.00646716 
562 305.419 2.50008 93703.4 1517.74 0.800297 0.00346288 0.640919 0.00547659 
563 305.192 2.80663 93570.2 1685 0.800249 0.00350204 0.640867 0.00557349 
564 306.352 2.44103 94306.7 1493.69 0.80021 0.00314211 0.640792 0.00497266 
565 306.629 3.22833 94463.1 1977.76 0.800888 0.00434313 0.641881 0.00690384 
566 306.805 2.81797 94544.2 1697.46 0.800354 0.00422643 0.641022 0.00671218 
567 307.247 2.89921 94823.5 1734.09 0.80071 0.0042195 0.641587 0.00669599 
568 306.221 4.10544 94244.6 2420.48 0.79857 0.00530868 0.638215 0.00836693 
569 309.274 3.11446 96001.1 1836.35 0.802413 0.00408968 0.644252 0.00645687 
570 307.674 4.22757 95117.7 2495.29 0.799371 0.00501526 0.639479 0.00791174 
571 310.027 2.53735 96496.9 1483.34 0.802164 0.00389314 0.643881 0.00617163 
572 310.149 3.20163 96581.4 1895.03 0.800748 0.00412115 0.641613 0.00650726 
573 312.422 2.66282 97949.5 1563.19 0.803597 0.00385331 0.646151 0.00609498 
574 311.815 2.47095 97603.7 1448.28 0.801953 0.0036474 0.643526 0.00577011 
575 317.208 2.78747 100874 1652.89 0.807369 0.00342693 0.652126 0.0054069 
576 314.725 2.69492 99389.3 1604.46 0.803147 0.00367446 0.645401 0.00582536 
577 319.347 3.04204 102249 1826.52 0.806687 0.00378239 0.651022 0.00598908 
578 317.19 3.38094 100965 2038.35 0.80297 0.00392698 0.645124 0.00620243 
579 320.378 3.54563 103028 2169.5 0.805598 0.00400877 0.649393 0.00636101 
580 311.152 4.48085 97257.1 2786.32 0.79545 0.00521964 0.633196 0.00831988 
581 309.47 3.19834 96334.1 1982.46 0.792789 0.00385444 0.629085 0.00614933 
582 311.472 4.08652 97537.7 2533.78 0.793905 0.00399221 0.630803 0.00633808 
583 310.331 3.76187 96874.1 2312.83 0.793001 0.00414594 0.629402 0.00658553 
584 311.295 3.73369 97480.7 2288.54 0.792983 0.00372367 0.629335 0.00588693 
585 312.136 2.62307 97967.1 1620.62 0.79318 0.00331418 0.629664 0.0052765 
586 313.55 2.64594 98793.5 1619.27 0.793091 0.00345433 0.629465 0.0054961 
587 313.187 3.53959 98636.8 2205.11 0.792737 0.00493235 0.629013 0.00786536 
588 314.694 2.44583 99516.6 1503.34 0.792436 0.0034661 0.62845 0.00550942 
589 313.499 3.68399 98960.2 2290.66 0.791382 0.00491535 0.626986 0.00778619 
590 314.506 4.14413 99515 2601.02 0.792388 0.00511748 0.628455 0.00814641 
591 316.024 2.88924 100483 1808.96 0.793295 0.00381534 0.629887 0.00607938 
592 316.296 3.40215 100724 2157.36 0.791836 0.00377958 0.627582 0.00601117 
593 315.958 3.4579 100522 2174.2 0.791264 0.0043573 0.626696 0.00690633 
594 315.551 4.05682 100193 2469.22 0.790004 0.00519201 0.624726 0.00814013 
595 316.359 5.34261 100723 3313.11 0.792735 0.00590078 0.629028 0.00932795 
596 317.573 5.11391 101521 3220.31 0.793412 0.00579719 0.630106 0.00921572 
597 319.586 5.60507 102781 3548.04 0.795116 0.00635269 0.632837 0.0101119 
598 315.922 4.29792 100503 2691.1 0.79001 0.00500292 0.624747 0.00793493 
599 315.242 3.88165 99970.4 2418.23 0.788428 0.00446426 0.622155 0.00707299 
600 315.685 4.10466 100343 2563.92 0.788885 0.00479969 0.62295 0.00761105 
601 317.665 4.29321 101501 2709.05 0.788027 0.00430509 0.62151 0.0068127 
602 316.963 4.16722 101150 2631.96 0.788641 0.00478862 0.622566 0.00759078 
603 318.267 3.92094 101945 2454.76 0.788003 0.00427277 0.621559 0.00676326 
604 316.244 5.05696 100755 3209.88 0.78784 0.00494076 0.621316 0.00780523 
605 317.497 4.18164 101519 2631.4 0.788321 0.00492514 0.622087 0.00780705 
606 317.786 5.79038 101740 3594.5 0.787934 0.00568859 0.621487 0.00894172 
607 318.442 3.84787 102097 2399.57 0.78776 0.00480323 0.621197 0.00759493 
608 319.71 4.64276 102969 2961.68 0.788237 0.00544627 0.622001 0.0086418 
609 321.716 5.30279 104248 3371.57 0.789035 0.00488319 0.623217 0.00773336 
610 322.819 5.93096 104985 3735.78 0.79048 0.00635596 0.625536 0.0100323 
611 318.979 4.25935 102510 2665.85 0.785822 0.00476531 0.61817 0.00755301 
612 322.767 5.02404 104959 3182.83 0.788876 0.00501384 0.623 0.00791767 
613 321.254 6.63987 103992 4230.91 0.787497 0.00658777 0.620859 0.0104172 
614 328.495 6.36229 108678 4034.74 0.791533 0.00555581 0.627148 0.00869836 
615 318.765 6.97779 102389 4374.94 0.783639 0.0072079 0.614815 0.0113036 
616 322.322 6.65549 104603 4195.55 0.785679 0.00653999 0.617933 0.0102495 
617 321.529 6.72242 104066 4242.99 0.784333 0.00595045 0.61576 0.00930256 
618 323.73 5.26459 105531 3359.45 0.785612 0.0048566 0.617795 0.00762203 
619 322.43 6.13272 104644 3892.97 0.784328 0.00593861 0.61575 0.00930209 
620 328.321 5.65483 108452 3578.3 0.788048 0.00485282 0.621534 0.00756722 
621 322.154 5.9878 104379 3828.2 0.7823 0.00563608 0.612499 0.00881385 
622 324.726 5.28226 106069 3396.32 0.783986 0.0049374 0.615144 0.00774786 
623 325.333 5.09315 106443 3313.75 0.784557 0.00470855 0.616031 0.00742457 
624 329.382 4.1244 109067 2697.07 0.786328 0.00380294 0.618765 0.00599659 
625 325.183 4.78566 106350 3198.65 0.783854 0.00544209 0.614961 0.00865744 
626 323.929 4.71214 105497 3109.27 0.781232 0.0050216 0.6108 0.00793632 
627 327.348 4.23147 107745 2788.11 0.785036 0.00497215 0.616797 0.00788967 
628 325.118 5.48803 106354 3570.34 0.781859 0.00515191 0.611855 0.00813339 
629 325.929 5.83272 106836 3791.25 0.782611 0.0053177 0.61299 0.0083738 
630 323.878 5.18093 105515 3368.49 0.779262 0.00546655 0.60778 0.00857994 
631 326.222 7.0342 107113 4541.27 0.781449 0.00733077 0.611268 0.0114585 
632 325.47 4.63605 106513 3025.13 0.779645 0.00495902 0.608337 0.00777794 
633 329.955 6.42418 109546 4212.19 0.78345 0.00646133 0.614375 0.0101647 
634 325.861 5.50844 106786 3633.19 0.779175 0.00571637 0.607646 0.00898339 
635 333.997 4.5165 112173 2995.41 0.786816 0.00541472 0.619611 0.00858789 
636 332.939 4.22926 111392 2846.95 0.785424 0.00517016 0.617361 0.0082183 
637 336.721 4.49864 113960 3012.51 0.788403 0.00534429 0.62207 0.00848125 
638 334.783 4.75025 112656 3204.16 0.787417 0.00487026 0.620545 0.00771605 
639 338.084 4.18785 114851 2842.47 0.788566 0.00481913 0.622305 0.00766888 
640 338.167 3.96154 114873 2703.47 0.788083 0.00523001 0.621505 0.00832107 
641 339.037 4.29395 115524 2918.58 0.788875 0.00481575 0.622809 0.00767426 
642 341.56 5.14925 117255 3539.27 0.790682 0.00592651 0.625688 0.00944797 
643 343.803 4.87034 118834 3352.93 0.79305 0.00636919 0.629505 0.0101812 
644 340.131 4.69846 116218 3246.95 0.787545 0.00618977 0.620709 0.0099001 
645 341.788 4.36204 117385 3042.38 0.789539 0.00596542 0.623908 0.00953374 
646 343.118 5.52738 118326 3863.36 0.789827 0.0070718 0.624428 0.0113344 
647 340.21 3.66434 116234 2518.59 0.785684 0.00491364 0.617722 0.00782069 
648 343.169 4.55653 118333 3183.91 0.788359 0.00588326 0.622016 0.00940548 
649 342.046 3.19699 117508 2191.42 0.7866 0.00421075 0.619178 0.00672292 
650 342.572 3.6693 117924 2524.88 0.787132 0.00498668 0.620056 0.00795344 
651 345.388 4.00106 119811 2780.31 0.788091 0.00496466 0.621512 0.0079091 
652 345.253 3.37645 119705 2312.43 0.787322 0.00432863 0.620275 0.00687902 
653 348.259 3.49198 121743 2423.21 0.788395 0.00424665 0.621933 0.00676888 
654 348.234 5.20366 121866 3623.78 0.788358 0.00513889 0.621918 0.00816116 
655 349.18 3.68198 122325 2516.83 0.78732 0.00400878 0.620169 0.00636402 
656 350.741 3.11708 123414 2094.94 0.787157 0.0027409 0.619898 0.00435605 
657 353.597 3.51712 125339 2373.86 0.787639 0.00232376 0.620577 0.00368989 
658 349.558 4.04698 122731 2814.45 0.787249 0.00442989 0.620191 0.0071094 
659 352.886 3.96829 124939 2722.21 0.788015 0.0042227 0.621272 0.00672618 
660 347.744 5.01741 121642 3541.89 0.787662 0.00569849 0.620978 0.00907459 
661 347.848 5.42047 121681 3805.05 0.788416 0.00525085 0.622133 0.00833669 
662 348.368 4.86425 122074 3383.91 0.787182 0.00518177 0.620203 0.00823919 
663 347.472 4.53987 121315 3153.62 0.785711 0.00442016 0.617779 0.00700918 
664 348.255 3.97798 121873 2817.06 0.785023 0.00439539 0.616707 0.00697862 
665 348.875 4.73688 122307 3344.45 0.784963 0.00465549 0.616602 0.00735583 
666 349.458 4.73953 122691 3389.16 0.783618 0.00487383 0.614486 0.00769837 
667 350.702 6.31198 123611 4515.96 0.785946 0.00583872 0.61816 0.00923457 
668 350.818 4.7602 123660 3372.26 0.785124 0.00475421 0.616837 0.0075336 
669 353.951 5.67228 125897 4059.92 0.788371 0.00554481 0.621982 0.0087996 
670 354.932 6.10458 126633 4343.98 0.789124 0.0054963 0.623171 0.00871595 
671 356.057 4.88875 127415 3450.62 0.790514 0.00538293 0.625396 0.00857592 
672 355.989 4.91884 127343 3519.83 0.788913 0.00528437 0.622862 0.00841618 
673 357.163 4.88827 128199 3476.37 0.790234 0.0052498 0.624975 0.00835888 
674 356.107 5.67995 127510 4024.04 0.788383 0.00570456 0.622057 0.00906841 
675 356.478 4.42916 127751 3168.21 0.787819 0.00432832 0.621137 0.00688079 
676 357.613 4.5201 128579 3232.34 0.78848 0.00446411 0.622188 0.00706496 
677 357.847 4.19531 128669 3007.87 0.787553 0.00480986 0.620685 0.0076612 
678 360.503 4.64478 130572 3349.68 0.789534 0.0045404 0.623835 0.0072102 
679 359.884 4.7097 130089 3398.65 0.788626 0.00497341 0.622385 0.00790202 
680 360.334 4.53303 130490 3227.26 0.790086 0.00522846 0.62475 0.00834576 
681 363.493 5.45698 132777 3967.74 0.792584 0.00634598 0.628729 0.0101193 
682 365.034 5.33789 133892 3901.97 0.794126 0.00671609 0.631185 0.0107359 
683 366.008 5.39798 134576 3958.06 0.792868 0.00642784 0.629172 0.0102476 
684 361.469 5.11505 131292 3697.96 0.78829 0.00562456 0.621879 0.00895006 
685 360.865 4.84233 130796 3508.45 0.78616 0.00521058 0.618457 0.00828436 
686 365.542 5.85326 134348 4248.36 0.791662 0.00678759 0.62731 0.0108805 
687 363.794 5.22633 133001 3767.59 0.787399 0.00536929 0.620446 0.0085222 
688 365.644 6.3791 134461 4666.38 0.791721 0.00689996 0.627395 0.0109948 
689 368.899 7.29671 136927 5309.22 0.793904 0.00765886 0.63093 0.0122505 
690 394.62 5.52316 156194 4156.95 0.819538 0.00628841 0.672126 0.0101023 
691 364.547 4.81652 133513 3529.08 0.785677 0.00471665 0.617715 0.00745953 
692 365.557 3.60851 134241 2619.31 0.786201 0.00431878 0.618531 0.00685103 
693 366.933 3.79594 135222 2748.04 0.787145 0.00446002 0.620012 0.00706471 
694 367.845 4.0961 135955 2996.47 0.786931 0.00444468 0.619703 0.00703905 
695 366.624 4.89057 135085 3552.22 0.7865 0.00492987 0.619051 0.00781708 
696 367.799 4.3438 135896 3257.46 0.785847 0.00484608 0.618023 0.00768792 
697 373.814 5.64228 140460 4229.08 0.791136 0.00715498 0.62647 0.0113918 
698 371.55 6.0906 138753 4579.67 0.78833 0.00622521 0.622017 0.00987934 
