1.2 -1.80983 121000000000
156.008 0.576135
1 0 0 0 0 0.500021 0.000164301 0.500021 0.000164301 
2 0 0 0 0 0.499966 0.000124538 0.374956 0.000136582 
3 0 0 0 0 0.50001 0.000106128 0.333345 0.000119877 
4 0.163277 9.11761e-05 0.163277 9.11761e-05 0.528524 0.000115565 0.344624 0.00012023 
5 0.223984 0.00012269 0.223984 0.00012269 0.531379 0.000116181 0.334552 0.000128285 
6 0.443846 0.000226933 0.614155 0.000378355 0.54944 9.33935e-05 0.34659 0.000108239 
7 0.534189 0.000239446 0.766101 0.000441283 0.550693 7.66245e-05 0.341375 8.45452e-05 
8 0.802821 0.000339747 1.48067 0.00100955 0.564353 7.60722e-05 0.352586 8.5581e-05 
9 0.920621 0.000381212 1.79398 0.00108882 0.565706 7.73199e-05 0.350357 8.81124e-05 
10 1.19506 0.000536688 2.76321 0.00185071 0.575019 8.51533e-05 0.358312 9.78807e-05 
11 1.35033 0.000641634 3.35078 0.00250498 0.576999 8.98386e-05 0.358187 0.000103726 
12 1.62355 0.000770773 4.57175 0.00351154 0.58376 8.69728e-05 0.364196 0.000105897 
13 1.79948 0.000870134 5.41136 0.00380489 0.585601 8.64324e-05 0.364623 0.000102841 
14 2.08378 0.000871291 6.97929 0.00492584 0.591208 9.72314e-05 0.369898 0.000121239 
15 2.26842 0.00132501 8.03686 0.00748527 0.59263 0.00010363 0.370276 0.000123264 
16 2.56161 0.00131031 9.96621 0.00841085 0.597326 8.941e-05 0.374854 0.00010719 
17 2.75619 0.00136935 11.2824 0.0106172 0.598551 9.86373e-05 0.375304 0.000121162 
18 3.05486 0.0013598 13.5642 0.0109631 0.602561 8.39303e-05 0.379326 0.000104184 
19 3.26049 0.00139005 15.1774 0.0118949 0.603675 8.37667e-05 0.379857 0.000102978 
20 3.56213 0.00153821 17.8118 0.0140504 0.607043 8.40362e-05 0.383295 0.00010452 
21 3.77604 0.00168418 19.716 0.0157119 0.608088 8.45731e-05 0.383897 0.000106221 
22 4.08167 0.00194399 22.7241 0.0209978 0.611105 8.54921e-05 0.387036 0.000107644 
23 4.30034 0.00199421 24.9052 0.0216934 0.611937 9.04914e-05 0.387486 0.000113166 
24 4.60735 0.0021632 28.2694 0.0240999 0.614536 8.82939e-05 0.390235 0.000110943 
25 4.83298 0.00244762 30.7695 0.0280464 0.615298 9.10877e-05 0.390683 0.000114247 
26 5.14417 0.00225928 34.5245 0.0288879 0.617678 8.88358e-05 0.393227 0.000111784 
27 5.37515 0.00239999 37.3426 0.0321409 0.618414 8.99264e-05 0.393726 0.000112471 
28 5.68896 0.002547 41.498 0.0363596 0.620573 8.74227e-05 0.396081 0.000110704 
29 5.92439 0.00265423 44.6375 0.038332 0.621213 8.67811e-05 0.396512 0.000110339 
30 6.24209 0.00320319 49.2219 0.0510749 0.623174 9.27672e-05 0.398665 0.000117642 
31 6.48042 0.00314496 52.658 0.0516299 0.623744 9.4618e-05 0.399057 0.000121054 
32 6.7981 0.00314119 57.605 0.0531876 0.625502 9.49856e-05 0.401002 0.000121625 
33 7.03735 0.00343766 61.3288 0.0586435 0.625971 9.58718e-05 0.401303 0.000122382 
34 7.35652 0.0036353 66.6669 0.064725 0.627572 9.63988e-05 0.403081 0.000123727 
35 7.60251 0.00378964 70.7833 0.0691059 0.628052 9.91124e-05 0.403423 0.000127369 
36 7.92165 0.00411 76.4908 0.0776746 0.629516 9.62577e-05 0.405069 0.000123669 
37 8.17206 0.00393132 80.979 0.0776477 0.629949 9.51995e-05 0.405381 0.000122581 
38 8.49327 0.00396249 87.0925 0.0819537 0.631347 9.65298e-05 0.40696 0.000125189 
39 8.74742 0.00416415 91.9517 0.0882648 0.63174 0.000101316 0.407254 0.00012989 
40 9.06986 0.00442036 98.4935 0.0974032 0.633051 0.000103537 0.408754 0.000133435 
41 9.32428 0.00450107 103.649 0.10378 0.633453 0.000101907 0.409082 0.000131137 
42 9.6454 0.00491538 110.527 0.113202 0.634532 0.000107657 0.410298 0.000140316 
43 9.90682 0.0056324 116.154 0.135055 0.63499 0.00011695 0.410716 0.000152893 
44 10.2301 0.00527442 123.471 0.129485 0.636042 0.000111682 0.41191 0.000145054 
45 10.4889 0.00529273 129.344 0.131877 0.636366 0.000105224 0.412168 0.000135821 
46 10.8121 0.00621505 137.033 0.155963 0.637368 0.000118577 0.413314 0.000154286 
47 11.0796 0.00652166 143.436 0.176232 0.637817 0.000124545 0.413755 0.00016254 
48 11.4031 0.00814649 151.533 0.23857 0.638738 0.000133339 0.414812 0.000174388 
49 11.6674 0.00614334 158.186 0.170727 0.639022 0.000122605 0.415041 0.000160235 
50 11.9936 0.00695818 166.756 0.217355 0.639952 0.000122939 0.416132 0.000161751 
51 12.2564 0.00747095 173.632 0.222473 0.640166 0.000126761 0.416274 0.00016741 
52 12.5885 0.00765448 182.789 0.222502 0.641096 0.000114541 0.417372 0.000148825 
53 12.8477 0.0070497 189.833 0.207284 0.641267 0.000108513 0.417465 0.000140547 
54 13.1777 0.00841575 199.35 0.261977 0.642103 0.0001201 0.418456 0.000157923 
55 13.4444 0.0071159 206.926 0.223709 0.642307 0.000108416 0.418598 0.000142479 
56 13.7774 0.00812827 216.96 0.272881 0.643099 0.000108882 0.41954 0.000144626 
57 14.0487 0.00806854 225.043 0.265449 0.643391 0.000120105 0.419818 0.00015722 
58 14.3807 0.0089957 235.423 0.311271 0.644155 0.000115242 0.420726 0.000153606 
59 14.6476 0.00818699 243.612 0.281133 0.644354 0.000114164 0.420877 0.000149444 
60 14.9774 0.0083938 254.327 0.291886 0.64508 0.000113249 0.421744 0.000149882 
61 15.247 0.00875409 262.977 0.313656 0.645245 0.000113067 0.421857 0.000149596 
62 15.5862 0.0089008 274.474 0.330044 0.645974 0.000117735 0.422738 0.000158259 
63 15.8514 0.00842639 283.252 0.305799 0.646083 0.000113983 0.422786 0.000152207 
64 16.1936 0.0107541 295.324 0.41572 0.646782 0.000123677 0.423635 0.000166172 
65 16.4658 0.00927434 304.755 0.361211 0.64694 0.000112529 0.423755 0.000149574 
66 16.7942 0.0105567 316.613 0.412883 0.647477 0.000118284 0.424391 0.000157405 
67 17.0765 0.0111685 326.784 0.436576 0.647724 0.000117737 0.42464 0.000155854 
68 17.4079 0.0106868 339.218 0.454956 0.648319 0.000120142 0.425361 0.000161548 
69 17.6784 0.00997485 349.179 0.410106 0.648414 0.000114264 0.425403 0.000152416 
70 18.0097 0.0111607 361.922 0.461161 0.648957 0.000118914 0.426048 0.000157102 
71 18.2877 0.0105298 372.626 0.452928 0.649122 0.000122545 0.426197 0.000160895 
72 18.6287 0.0132913 386.307 0.545734 0.649715 0.000135486 0.42692 0.000181739 
73 18.9042 0.0133322 397.261 0.58876 0.649795 0.000126058 0.426957 0.000168971 
74 19.2445 0.016685 411.369 0.884888 0.65031 0.000152498 0.427584 0.000207252 
75 19.5126 0.0126074 422.108 0.579154 0.650387 0.000121407 0.42761 0.000163123 
76 19.8496 0.0138668 436.358 0.635566 0.650925 0.000130318 0.428266 0.000174117 
77 20.1279 0.0129263 448.058 0.595213 0.651018 0.000122513 0.428326 0.0001639 
78 20.4638 0.0130672 462.67 0.623273 0.651522 0.000121629 0.428941 0.000163792 
79 20.744 0.0126598 474.886 0.615361 0.651629 0.000121927 0.429021 0.000163447 
80 21.0937 0.0139438 490.65 0.703903 0.652199 0.000129726 0.429728 0.000175082 
81 21.3605 0.0144976 502.351 0.655662 0.652256 0.000143252 0.429742 0.000186322 
82 21.701 0.012578 518.091 0.63568 0.652711 0.000120656 0.430297 0.00016191 
83 21.9799 0.0192976 530.861 0.902589 0.65278 0.000175952 0.430336 0.000231226 
84 22.3025 0.0162167 546.05 0.750331 0.653134 0.000163309 0.430752 0.000216282 
85 22.5996 0.0187604 560.166 0.865339 0.653349 0.00017969 0.430996 0.000237239 
86 22.9286 0.0193234 576.125 0.942488 0.653733 0.000175942 0.431458 0.000235446 
87 23.236 0.0187314 591.126 0.926333 0.654011 0.00016038 0.43178 0.000214463 
88 23.5596 0.0174662 607.236 0.943302 0.654325 0.000158286 0.432156 0.000212946 
89 23.8615 0.02091 622.332 1.09279 0.654523 0.000176054 0.432374 0.000234463 
90 24.1829 0.02174 638.694 1.1729 0.654807 0.000165528 0.43271 0.000222097 
91 24.4779 0.0179873 653.726 0.918499 0.65497 0.000165912 0.432882 0.000221248 
92 24.804 0.0193686 670.824 1.02276 0.65528 0.000163593 0.433255 0.000215914 
93 25.1019 0.0191576 686.502 1.08037 0.655499 0.000155475 0.433512 0.000208027 
94 25.4305 0.0210389 704.069 1.2269 0.655796 0.000139562 0.433867 0.00018983 
95 25.724 0.0188488 719.809 1.10039 0.655889 0.000167457 0.433952 0.000225598 
96 26.0399 0.0219907 737.018 1.26626 0.656097 0.000157764 0.434188 0.000212438 
97 26.3308 0.0179267 752.94 1.0943 0.656199 0.000150334 0.434287 0.000202842 
98 26.6579 0.0195858 771.186 1.2365 0.656522 0.000153588 0.434681 0.000208656 
99 26.9502 0.018031 787.533 1.13691 0.656627 0.000141686 0.43478 0.000191855 
100 27.2701 0.0187126 805.762 1.20257 0.656903 0.000155831 0.43511 0.000212333 
101 27.5597 0.0177416 822.303 1.14701 0.656935 0.000142715 0.435114 0.000193715 
102 27.8904 0.0181047 841.692 1.23303 0.657226 0.000142138 0.435472 0.000194389 
103 28.1812 0.0179239 858.643 1.15195 0.657288 0.000133882 0.435519 0.000180255 
104 28.5234 0.0183927 879.167 1.22551 0.65766 0.000140624 0.435985 0.000190244 
105 28.8061 0.0183863 895.776 1.1993 0.657696 0.000143102 0.435989 0.000193386 
106 29.1495 0.0192197 916.869 1.27792 0.657999 0.000141993 0.436362 0.000193952 
107 29.4295 0.0189399 933.785 1.27621 0.658056 0.000148404 0.436407 0.000200982 
108 29.7749 0.0196994 955.404 1.33508 0.658353 0.000135232 0.436772 0.000182836 
109 30.0671 0.0198394 973.749 1.37779 0.65843 0.000158722 0.436848 0.000217438 
110 30.4014 0.0214376 994.837 1.45418 0.65871 0.000150302 0.437189 0.000203951 
111 30.7002 0.0262174 1014.02 1.82745 0.658833 0.000143285 0.437326 0.000193741 
112 31.0204 0.0237546 1034.39 1.66322 0.659038 0.000148377 0.437565 0.000198728 
113 31.3284 0.0282269 1054.66 1.99846 0.659197 0.000158725 0.437749 0.000211621 
114 31.6595 0.0258573 1076.43 1.80622 0.659472 0.000157307 0.438095 0.000210873 
115 31.9946 0.0487926 1099.51 4.05072 0.659636 0.00021966 0.43829 0.000298739 
116 32.29 0.0289174 1118.58 2.10705 0.659751 0.000149337 0.438412 0.000203436 
117 32.5721 0.0285998 1137.27 2.01125 0.659763 0.000157396 0.438396 0.000212108 
118 32.9197 0.0278075 1161.4 1.92777 0.660059 0.000140083 0.438773 0.000188564 
119 33.2179 0.0269095 1181.95 1.99506 0.660123 0.000148578 0.438832 0.000200736 
120 33.549 0.0315243 1205 2.40135 0.660319 0.000163991 0.439068 0.000224522 
121 33.8353 0.0336177 1224.89 2.78972 0.660345 0.00017181 0.439075 0.00023633 
122 34.163 0.0249216 1248.21 2.01702 0.660551 0.000148568 0.439329 0.00020454 
123 34.4729 0.0290067 1270.44 2.4124 0.660681 0.000160717 0.43948 0.000221036 
124 34.7997 0.0237525 1294.03 1.94462 0.660858 0.000167262 0.439694 0.000227904 
125 35.0998 0.0352041 1315.77 2.87466 0.660971 0.000207318 0.439819 0.000281946 
126 35.4434 0.0306351 1341.18 2.61948 0.661222 0.00019393 0.440134 0.000265758 
127 35.7479 0.0386624 1363.9 3.24995 0.66131 0.0002606 0.440233 0.000352629 
128 36.08 0.0481225 1388.75 4.17095 0.661523 0.000275673 0.440495 0.000374688 
129 36.3758 0.037235 1410.79 3.12066 0.661572 0.000247684 0.440537 0.000334451 
130 36.6912 0.0425697 1434.71 3.72681 0.661706 0.000258263 0.440696 0.000351148 
131 37.0046 0.0432215 1458.82 3.69623 0.661851 0.000262749 0.440873 0.000357729 
132 37.3303 0.0492492 1483.86 4.23097 0.662008 0.000281886 0.441057 0.000382402 
133 37.6533 0.0448008 1509.2 4.01933 0.662185 0.000260829 0.44128 0.000354959 
134 37.9766 0.0485752 1534.39 4.36038 0.662314 0.000276928 0.441426 0.00037642 
135 38.2792 0.0470138 1558.15 4.17397 0.662383 0.000259812 0.441496 0.000350779 
136 38.6232 0.0457881 1585.82 4.09194 0.66256 0.000256555 0.441714 0.000345833 
137 38.927 0.0412847 1610.12 3.73426 0.662669 0.00022668 0.441843 0.000307518 
138 39.2496 0.038463 1636.47 3.41984 0.662803 0.000208771 0.442008 0.000282324 
139 39.5396 0.0331116 1659.94 2.92958 0.662829 0.000188773 0.442018 0.000254474 
140 39.89 0.0362098 1689.12 3.30663 0.663068 0.000187948 0.442326 0.000255724 
141 40.1733 0.034411 1712.18 3.0882 0.663077 0.000189665 0.442315 0.000256105 
142 40.4999 0.0331171 1739.57 2.9854 0.663267 0.000184978 0.44255 0.000253328 
143 40.8252 0.042608 1767.26 3.89132 0.663407 0.000223449 0.442728 0.000301706 
144 41.1696 0.0440509 1797.02 4.21169 0.663601 0.000249415 0.442975 0.000346545 
145 41.4673 0.0405313 1822.3 3.64508 0.663589 0.000214735 0.442937 0.000288288 
146 41.7741 0.0439605 1848.4 4.11609 0.663717 0.000248737 0.443089 0.000336408 
147 42.0792 0.0431219 1874.96 4.0968 0.663753 0.000251589 0.443119 0.000341168 
148 42.4095 0.0476111 1903.89 4.52121 0.663919 0.000246273 0.443325 0.000335187 
149 42.7317 0.0486822 1932.54 4.52823 0.664029 0.000240699 0.443458 0.000326611 
150 43.0371 0.0556678 1959.43 5.55468 0.664135 0.000261088 0.443586 0.000358148 
151 43.3479 0.0532843 1987.31 5.03276 0.664186 0.000248631 0.443637 0.000337156 
152 43.6563 0.050263 2014.89 4.957 0.664255 0.00024373 0.443711 0.00032929 
153 43.985 0.0500287 2044.82 4.93188 0.664439 0.000231946 0.443943 0.000313865 
154 44.3198 0.0502848 2075.33 4.94007 0.66454 0.000234573 0.444062 0.000317262 
155 44.6139 0.0476349 2102.24 4.71714 0.664592 0.000216473 0.444117 0.000293695 
156 44.9389 0.0543884 2132.42 5.46509 0.664688 0.000253249 0.444231 0.000342977 
157 45.2689 0.0534315 2163.35 5.23822 0.664879 0.000232009 0.444478 0.000313544 
158 45.5725 0.0540573 2191.34 5.57542 0.664877 0.000252276 0.444452 0.00034208 
159 45.9052 0.0640223 2223.02 6.70859 0.665011 0.000273858 0.44462 0.000372463 
160 46.2462 0.0631877 2255.58 6.75203 0.665162 0.000264225 0.444808 0.000358633 
161 46.5353 0.057563 2283.38 6.21243 0.665233 0.000259278 0.444898 0.00035664 
162 46.8582 0.0591054 2314.47 6.40226 0.665287 0.00024758 0.444947 0.000338446 
163 47.1652 0.0584575 2344.16 6.32356 0.665331 0.000239821 0.444998 0.000327791 
164 47.4898 0.0524218 2376.03 5.72377 0.665434 0.000216223 0.445124 0.000294528 
165 47.8088 0.0647096 2407.44 7.22844 0.665534 0.000279396 0.445247 0.000384673 
166 48.1032 0.0506562 2436.26 5.61279 0.665545 0.00022481 0.445245 0.00030954 
167 48.4444 0.0558431 2470.79 6.35037 0.665708 0.000232033 0.445462 0.000319034 
168 48.7674 0.0486127 2503 5.3782 0.665851 0.000225223 0.445635 0.000311044 
169 49.0785 0.0436796 2534.49 4.71767 0.665871 0.000219575 0.445652 0.000296433 
170 49.4107 0.0541082 2568.33 6.0066 0.66603 0.000266504 0.445852 0.000360071 
171 49.7546 0.0594778 2603.64 6.69372 0.666182 0.000281581 0.446045 0.000388886 
172 50.033 0.0473514 2631.75 5.11518 0.666134 0.000221545 0.445961 0.000301216 
173 50.382 0.0499707 2668.21 5.66628 0.666271 0.000229863 0.446132 0.00031691 
174 50.6799 0.0497629 2698.95 5.49308 0.666309 0.00022068 0.446168 0.000298733 
175 51.0086 0.0537084 2733.78 6.33035 0.666404 0.000208105 0.446282 0.000285476 
176 51.3199 0.0509307 2765.98 5.90094 0.666422 0.000215306 0.446291 0.000293063 
177 51.6512 0.0447319 2801.36 5.13959 0.666573 0.000196291 0.446483 0.000269392 
178 51.9374 0.0469043 2830.94 5.30753 0.666551 0.000206368 0.446438 0.000281675 
179 52.2773 0.0453475 2868.31 5.28376 0.666717 0.000230396 0.446661 0.000314192 
180 52.5737 0.045495 2899.19 5.28421 0.666738 0.000209689 0.446666 0.000287744 
181 52.9178 0.0504517 2937.07 5.92669 0.6669 0.000220867 0.446876 0.000300393 
182 53.225 0.0489743 2969.93 5.77341 0.666923 0.000201347 0.446891 0.000274687 
183 53.5636 0.0467594 3007.34 5.53424 0.667031 0.000209458 0.447026 0.0002868 
184 53.8734 0.0497224 3041.16 5.81998 0.667109 0.000206347 0.447121 0.000279402 
185 54.2008 0.0475465 3077.66 5.72399 0.667211 0.000230756 0.447243 0.000316954 
186 54.542 0.0487231 3116.02 5.95983 0.667326 0.000237713 0.447386 0.000328314 
187 54.8593 0.0567529 3151.96 6.68874 0.6674 0.000263376 0.447479 0.000362717 
188 55.1774 0.0527883 3187.14 6.35192 0.667464 0.000231036 0.447547 0.000319136 
189 55.4944 0.0499035 3223.51 6.01789 0.667525 0.000206509 0.447622 0.000285182 
190 55.8309 0.0521798 3261.88 6.43001 0.667636 0.00022964 0.44776 0.000317864 
191 56.1085 0.0512543 3293.43 6.14812 0.667538 0.000195632 0.447615 0.000265909 
192 56.4718 0.0508447 3335.67 6.16832 0.667706 0.00020176 0.447832 0.00027719 
193 56.7667 0.0563019 3370.05 6.98696 0.66769 0.000221797 0.447799 0.000303076 
194 57.1048 0.0594321 3409.77 7.40415 0.667839 0.000259435 0.447993 0.000355395 
195 57.405 0.0522128 3445.03 6.51018 0.667816 0.000228447 0.447956 0.000314445 
196 57.7416 0.0575643 3484.87 7.1634 0.667912 0.000243154 0.448072 0.000332496 
197 58.0572 0.0552165 3522.59 7.01855 0.667998 0.000202479 0.448181 0.000275709 
198 58.4003 0.0553926 3564.36 7.14092 0.66812 0.000202109 0.448343 0.000276266 
199 58.7312 0.0594317 3604.32 7.79281 0.668257 0.000212695 0.448519 0.00029104 
200 59.0317 0.0557966 3640.12 7.05798 0.668307 0.000233945 0.448577 0.000317445 
201 59.3673 0.0606586 3681.18 7.94134 0.668427 0.000220962 0.448733 0.000302208 
202 59.6909 0.0619408 3720.24 8.06612 0.66846 0.000211849 0.448762 0.000289623 
203 59.9778 0.0602434 3755.36 7.69609 0.66844 0.00022562 0.448729 0.000307618 
204 60.3244 0.0630239 3798.69 8.23844 0.668574 0.000235133 0.448899 0.000320139 
205 60.6538 0.0583757 3839.43 7.61541 0.668644 0.000214327 0.448981 0.00029187 
206 60.9515 0.0623551 3876.72 8.26478 0.668656 0.000230196 0.448994 0.000313375 
207 61.2719 0.0651257 3916.74 8.62217 0.668759 0.000231712 0.449122 0.000315508 
208 61.6123 0.0592912 3959.54 8.0508 0.668866 0.000215214 0.449257 0.000292983 
209 61.9323 0.0680671 4000.34 9.2223 0.668941 0.000237552 0.449347 0.000332903 
210 62.2997 0.0714322 4047.67 9.76994 0.669118 0.000226976 0.449583 0.000310445 
211 62.5702 0.0722456 4081.71 9.76745 0.669039 0.000230366 0.449469 0.00032184 
212 62.9563 0.0854687 4132 11.4856 0.669234 0.000273721 0.449726 0.00038023 
213 63.229 0.0938301 4166.61 12.9477 0.669173 0.000300705 0.449631 0.000420059 
214 63.5662 0.0957515 4210.59 13.2162 0.669242 0.000291955 0.449707 0.000403733 
215 63.8626 0.080612 4249.35 11.2434 0.669226 0.000270339 0.44968 0.000372916 
216 64.2045 0.0904758 4294.5 12.843 0.669368 0.000290451 0.449867 0.000401682 
217 64.4916 0.0836227 4331.83 11.9758 0.669315 0.000286564 0.449782 0.000396462 
218 64.8772 0.0825455 4383.53 11.8109 0.669536 0.000252205 0.450076 0.000348939 
219 65.1588 0.0839795 4420.93 12.1218 0.669542 0.000249762 0.450081 0.000344494 
220 65.534 0.0926416 4471.13 13.131 0.669698 0.000254086 0.450279 0.000349264 
221 65.8394 0.0995274 4512.74 14.8496 0.669736 0.000275593 0.450331 0.000380128 
222 66.1806 0.0957514 4558.94 14.0325 0.669843 0.000279602 0.450465 0.00038474 
223 66.5121 0.0984641 4604.71 15.011 0.669961 0.000296107 0.450628 0.000411595 
224 66.7835 0.0675288 4640.61 9.87606 0.669905 0.0002207 0.450537 0.000302825 
225 67.1185 0.082644 4686.8 11.9279 0.66996 0.000258417 0.450609 0.000359106 
226 67.4233 0.0756342 4728.16 10.8951 0.669973 0.000234014 0.450614 0.000320752 
227 67.7612 0.0742729 4775.92 10.9525 0.670032 0.000230693 0.450689 0.000318565 
228 68.1252 0.0849134 4827.23 12.7016 0.670212 0.000254855 0.450929 0.000352496 
229 68.4564 0.082253 4873.88 12.6131 0.670252 0.000240237 0.450978 0.000330667 
230 68.7608 0.0890655 4915.53 13.2525 0.670335 0.000266845 0.451078 0.00036805 
231 69.0455 0.0858117 4954.25 12.9713 0.670266 0.000287529 0.450973 0.000398091 
232 69.4111 0.0966136 5006.63 14.793 0.670462 0.000301158 0.451237 0.000417272 
233 69.7141 0.104257 5049.88 16.6906 0.670475 0.000343332 0.451244 0.000475819 
234 70.0655 0.112788 5100.81 17.1188 0.670576 0.000360838 0.451374 0.000496276 
235 70.3814 0.123816 5146.06 19.3917 0.670618 0.000385538 0.451426 0.00053075 
236 70.707 0.108695 5192.98 16.5304 0.670625 0.000357121 0.451427 0.000489947 
237 70.9592 0.108233 5228.57 17.1004 0.670598 0.000346035 0.451384 0.000474823 
238 71.2862 0.101315 5276.14 15.4468 0.670638 0.00031793 0.451428 0.000435617 
239 71.6243 0.103357 5325.84 16.7001 0.670733 0.000316353 0.451553 0.000435243 
240 71.931 0.0872704 5370.73 13.3217 0.670732 0.000278601 0.451545 0.000379893 
241 72.252 0.0942887 5418.22 14.9136 0.670807 0.000288958 0.451639 0.000394718 
242 72.5737 0.0997142 5465.75 16.31 0.670814 0.00026219 0.451642 0.000362969 
243 72.9578 0.108274 5523.38 17.6958 0.671015 0.000301445 0.451914 0.000417699 
244 73.2546 0.108487 5567.36 17.0264 0.670991 0.000281255 0.451871 0.000386783 
245 73.5859 0.115967 5617.38 18.919 0.671057 0.000339201 0.451955 0.000467199 
246 73.8813 0.10562 5661.23 17.0341 0.671063 0.000283893 0.451951 0.000389218 
247 74.2723 0.12863 5721.74 21.6655 0.671287 0.000309535 0.452259 0.000425437 
248 74.5693 0.109759 5766.58 18.4219 0.671278 0.000257275 0.452236 0.000352753 
249 74.8711 0.128935 5811.85 21.3309 0.671261 0.00028978 0.452206 0.000397686 
250 75.1736 0.11771 5857.53 19.4966 0.67123 0.000293186 0.452153 0.000401971 
251 75.5176 0.122404 5910.7 20.2816 0.671324 0.000318292 0.452277 0.000436866 
252 75.8808 0.131679 5967.83 22.7504 0.67145 0.000315104 0.452445 0.00043315 
253 76.2075 0.123587 6018.19 20.438 0.671536 0.000310234 0.452552 0.000424959 
254 76.5158 0.139533 6066.83 24.0065 0.671515 0.000319003 0.452522 0.000441165 
255 76.9036 0.150962 6129.08 26.0748 0.671681 0.000381219 0.452749 0.000525636 
256 77.1872 0.134139 6172.1 23.5456 0.671627 0.000296848 0.452664 0.000408721 
257 77.4819 0.113382 6219.34 19.7449 0.671653 0.000306394 0.452697 0.000422189 
258 77.8369 0.110803 6275.67 18.716 0.671687 0.000303671 0.452735 0.000415237 
259 78.1294 0.116698 6321.89 20.6238 0.671726 0.000307432 0.452785 0.000422092 
260 78.5124 0.128385 6384.95 22.8523 0.671873 0.000305775 0.452983 0.000421578 
261 78.8284 0.118479 6435.17 21.2468 0.671904 0.000299345 0.453012 0.000412424 
262 79.2215 0.116648 6499.45 20.9197 0.67208 0.000289905 0.453247 0.000399941 
263 79.4869 0.126947 6542.57 23.5718 0.672001 0.000292755 0.453135 0.000404245 
264 79.8378 0.101536 6597.73 17.9522 0.672104 0.000252692 0.453267 0.000348135 
265 80.0825 0.110978 6635.65 19.9883 0.672008 0.000277683 0.453126 0.000382395 
266 80.4414 0.115237 6696.38 20.8865 0.672049 0.00027299 0.453182 0.000375959 
267 80.726 0.105083 6740.7 18.209 0.672079 0.000262504 0.453208 0.000360665 
268 81.091 0.105192 6803.31 19.1037 0.672135 0.000259802 0.453287 0.000357531 
269 81.4075 0.104739 6855.33 18.8577 0.672239 0.000270958 0.453425 0.000370613 
270 81.7084 0.147768 6905.08 26.9672 0.672251 0.000341979 0.453432 0.000471417 
271 82.052 0.137093 6961.99 25.4139 0.672316 0.000333383 0.453516 0.000459198 
272 82.3544 0.146551 7012.8 26.8572 0.672323 0.00033063 0.453518 0.000454467 
273 82.6889 0.134703 7069.71 24.6176 0.672417 0.00030749 0.453642 0.000422853 
274 83.0321 0.153399 7127.84 28.1985 0.672479 0.000330694 0.453718 0.000454452 
275 83.3342 0.154745 7180.09 28.2987 0.672468 0.000324558 0.453701 0.000447233 
276 83.5958 0.135193 7223.65 24.7947 0.672368 0.000268257 0.453556 0.000367296 
277 83.9562 0.114107 7286.49 21.2659 0.672492 0.000272867 0.453725 0.000373518 
278 84.2595 0.128576 7336.33 23.985 0.672421 0.000262807 0.453614 0.000359626 
279 84.6504 0.132038 7404.78 24.5101 0.672637 0.000290045 0.453909 0.000397283 
280 84.9742 0.12128 7459.38 22.5306 0.672639 0.000254729 0.4539 0.00035051 
281 85.3209 0.118912 7520.16 22.5457 0.672849 0.000282333 0.454185 0.000389242 
282 85.6521 0.123593 7577.37 24.2105 0.672784 0.000277769 0.454085 0.000381365 
283 85.8593 0.099811 7611.77 18.7132 0.672673 0.000253747 0.453928 0.000348403 
284 86.1919 0.105068 7670.08 20.0809 0.672666 0.000261031 0.453911 0.000352941 
285 86.4976 0.103146 7723.52 19.5912 0.672694 0.000261646 0.453947 0.000352586 
286 86.8873 0.110471 7793.44 21.3202 0.672863 0.000270736 0.454171 0.000371461 
287 87.1758 0.107733 7843.3 20.612 0.672832 0.000259055 0.454121 0.000356529 
288 87.5469 0.111819 7909.9 21.1899 0.672978 0.000301448 0.454313 0.000403993 
289 87.8481 0.114346 7965.57 22.5962 0.672941 0.000269837 0.454269 0.000373801 
290 88.1966 0.10587 8025.79 20.4397 0.672952 0.000249091 0.454267 0.00034194 
291 88.5044 0.117014 8082.47 22.8925 0.673023 0.000263248 0.45437 0.000360422 
292 88.8341 0.121364 8141.12 22.9719 0.673016 0.000291905 0.45435 0.000393675 
293 89.2387 0.146148 8216.24 27.3398 0.67319 0.000319805 0.454589 0.000429815 
294 89.4944 0.14119 8261.58 26.4704 0.673064 0.000289996 0.454408 0.000390691 
295 89.8372 0.172551 8325.98 34.3353 0.673147 0.000333268 0.454525 0.000452694 
296 90.1216 0.152276 8376.78 30.0899 0.673138 0.000283775 0.4545 0.000385252 
297 90.4555 0.163791 8436.98 32.479 0.673231 0.00030579 0.454627 0.000420994 
298 90.7356 0.157497 8488.07 31.574 0.673108 0.000327424 0.454448 0.000450913 
299 91.03 0.143885 8542.49 29.576 0.673079 0.000283122 0.454405 0.000387316 
300 91.3757 0.150057 8606.56 30.5309 0.673132 0.000304004 0.454468 0.000416391 
301 91.6687 0.142767 8660.49 29.1423 0.673098 0.00031217 0.454416 0.00042626 
302 92.0119 0.131412 8725.09 26.8411 0.673176 0.000286468 0.454516 0.000391857 
303 92.3128 0.134322 8781.41 26.5653 0.673183 0.000288579 0.454523 0.000392725 
304 92.6582 0.125178 8847.16 25.4115 0.673262 0.000287424 0.45463 0.00039037 
305 92.9758 0.125147 8905.68 25.0099 0.673294 0.000281219 0.454663 0.000382615 
306 93.3433 0.124808 8976.63 25.844 0.673389 0.000291309 0.454792 0.000401496 
307 93.6592 0.133944 9036.75 27.4102 0.673474 0.000285132 0.454906 0.000390335 
308 93.9473 0.127407 9090.17 26.2177 0.673326 0.000280144 0.454697 0.000385793 
309 94.2992 0.130281 9158.73 27.0955 0.673452 0.000307037 0.454866 0.000423951 
310 94.6785 0.139344 9232.77 28.8948 0.673523 0.000310999 0.454956 0.000428197 
311 94.934 0.147463 9281.93 29.7042 0.67342 0.000299063 0.454813 0.000409078 
312 95.3049 0.14931 9354.49 29.2298 0.67348 0.00031306 0.454892 0.000424244 
313 95.5779 0.152677 9406.9 31.3005 0.673429 0.000328999 0.454817 0.000446743 
314 95.9207 0.148547 9473.78 30.3143 0.673511 0.000286827 0.454926 0.000394897 
315 96.2197 0.166327 9531.84 34.7716 0.673479 0.000369375 0.454876 0.000502195 
316 96.5097 0.139146 9587.81 29.4056 0.673456 0.000295933 0.454841 0.000400708 
317 96.8932 0.139267 9663.64 29.5078 0.673659 0.000305592 0.455117 0.0004204 
318 97.1802 0.143255 9720.3 31.2146 0.673599 0.000293944 0.455031 0.000405037 
319 97.5578 0.125066 9794.8 26.4384 0.673723 0.000274843 0.455193 0.000378082 
320 97.8293 0.132205 9849.66 28.3219 0.673675 0.000279105 0.455127 0.000382516 
321 98.2082 0.152482 9926.8 33.9525 0.673751 0.000304108 0.455229 0.000419821 
322 98.459 0.133651 9975.08 28.5531 0.67365 0.00028575 0.455081 0.000392047 
323 98.8173 0.158548 10047.2 34.9254 0.673692 0.000301938 0.455137 0.000415184 
324 99.0987 0.130273 10102.5 28.2525 0.673685 0.000276877 0.455121 0.000381842 
325 99.4891 0.144157 10182.7 32.3356 0.673804 0.000284289 0.45528 0.000391187 
326 99.7576 0.145014 10236 32.186 0.673775 0.000279952 0.45524 0.000384858 
327 100.119 0.176941 10311 40.1619 0.673872 0.000352633 0.455366 0.00048429 
328 100.498 0.16938 10387.2 37.5541 0.673982 0.000333103 0.455511 0.000457999 
329 100.799 0.15876 10449.7 35.4678 0.673961 0.000326808 0.455484 0.000445838 
330 101.095 0.146298 10510.2 34.2136 0.673942 0.000286037 0.455453 0.000393268 
331 101.443 0.161053 10581.4 36.3471 0.674044 0.00032075 0.455587 0.000444543 
332 101.759 0.142184 10644.4 31.4303 0.674036 0.000281093 0.455569 0.000387062 
333 102.058 0.151032 10706.8 34.4893 0.674023 0.000337696 0.455549 0.000466041 
334 102.393 0.14883 10777.1 33.4884 0.674047 0.000309767 0.455583 0.000428456 
335 102.729 0.149673 10847.5 33.7506 0.674103 0.00030275 0.455651 0.000417561 
336 103.074 0.147512 10920.2 33.4877 0.674141 0.000298976 0.455699 0.000414375 
337 103.356 0.140443 10978.2 31.7543 0.674051 0.000290568 0.455569 0.00039987 
338 103.741 0.144501 11060.4 32.4356 0.674185 0.000299469 0.455753 0.000411303 
339 103.983 0.138748 11110.1 31.1734 0.674119 0.00028331 0.455655 0.000389175 
340 104.374 0.145671 11195.3 32.925 0.674257 0.000295083 0.455846 0.00040534 
341 104.714 0.151453 11268 35.1253 0.674232 0.000298461 0.455812 0.0004108 
342 105.078 0.154866 11345.1 36.0945 0.674337 0.000307474 0.455949 0.000426676 
343 105.356 0.147692 11402.9 35.002 0.674295 0.000291454 0.455884 0.000401314 
344 105.772 0.148539 11493.3 34.0726 0.674422 0.000305318 0.456058 0.000419374 
345 106.042 0.150238 11550.3 36.3234 0.674373 0.000294189 0.455985 0.000404119 
346 106.395 0.164808 11626.6 37.3618 0.674431 0.000311523 0.456063 0.000427795 
347 106.675 0.157482 11683.8 36.3082 0.674337 0.000305309 0.455928 0.000421314 
348 107.06 0.150513 11769.5 34.585 0.674429 0.00029079 0.456049 0.000399026 
349 107.345 0.152756 11830.3 35.3509 0.674364 0.000291679 0.455957 0.000400538 
350 107.616 0.162844 11889.1 37.9904 0.674344 0.000308427 0.455926 0.000424244 
351 107.956 0.16702 11963.5 39.1784 0.674389 0.00032578 0.455984 0.000449489 
352 108.323 0.168626 12044.5 39.2925 0.674575 0.000323288 0.456234 0.000444413 
353 108.735 0.166624 12136.2 39.632 0.67466 0.000315689 0.456346 0.000433815 
354 109.021 0.157989 12198.5 37.6131 0.674704 0.000305929 0.456403 0.000421546 
355 109.314 0.157981 12262.3 37.5588 0.674665 0.000301871 0.45634 0.000414564 
356 109.594 0.158896 12325.2 37.5712 0.674635 0.000307793 0.456296 0.000422892 
357 109.962 0.164509 12409.5 39.509 0.674739 0.000317594 0.456439 0.000437459 
358 110.235 0.175437 12470.9 41.9981 0.674701 0.000319123 0.45639 0.000440635 
359 110.506 0.177289 12528.8 43.3246 0.674631 0.000320847 0.456283 0.000443518 
360 110.894 0.16238 12616.9 39.0999 0.674808 0.000303622 0.456528 0.000417029 
361 111.175 0.17029 12679.3 41.4497 0.674724 0.000333962 0.456402 0.000460375 
362 111.475 0.173493 12746.9 42.3959 0.674755 0.000343627 0.456439 0.000475119 
363 111.791 0.15884 12816.8 38.3225 0.674717 0.000306475 0.456377 0.000421262 
364 112.141 0.174105 12898.4 42.315 0.674817 0.000325595 0.456514 0.000447167 
365 112.481 0.163772 12974.6 39.9714 0.674872 0.000354266 0.456587 0.000488617 
366 112.841 0.16959 13057.9 40.422 0.674935 0.000343525 0.456667 0.00046941 
367 113.189 0.176801 13137.7 43.9723 0.674991 0.00038167 0.456745 0.00052753 
368 113.529 0.168165 13216 40.8953 0.675071 0.000348765 0.456847 0.0004779 
369 113.826 0.169183 13283.3 41.1229 0.675025 0.000324026 0.456784 0.000444154 
370 114.099 0.186413 13347.3 44.3613 0.674895 0.000365879 0.456602 0.00050038 
371 114.477 0.174998 13434.3 41.8919 0.675024 0.000374305 0.456774 0.000510895 
372 114.791 0.16409 13506.6 39.9907 0.675038 0.000313904 0.456794 0.000430941 
373 115.126 0.17862 13585.1 44.0991 0.675055 0.000326953 0.456817 0.000448523 
374 115.485 0.174571 13670 43.331 0.675216 0.000321444 0.457037 0.00044129 
375 115.85 0.181901 13755.1 45.3891 0.675325 0.000323616 0.457177 0.000444961 
376 116.151 0.178219 13825.9 44.6157 0.675258 0.000336414 0.457088 0.000463436 
377 116.443 0.182025 13895.3 45.8312 0.675219 0.00031776 0.457032 0.000438186 
378 116.809 0.173637 13981.9 43.4221 0.675291 0.000318872 0.457126 0.000438233 
379 117.087 0.181595 14046.2 45.3849 0.675279 0.000321196 0.457104 0.000442085 
380 117.41 0.20702 14124.3 52.756 0.675267 0.000406035 0.457089 0.000563801 
381 117.717 0.178451 14196 44.9037 0.675336 0.000333804 0.457178 0.000458752 
382 118.072 0.208781 14282.1 51.0633 0.675367 0.000394104 0.457219 0.000543639 
383 118.361 0.191132 14352.5 47.5907 0.675375 0.000350068 0.457225 0.000479624 
384 118.697 0.247407 14434.4 62.9817 0.675358 0.000393723 0.457207 0.000546687 
385 119.173 0.222561 14550.1 56.7257 0.675621 0.000360476 0.457556 0.000496975 
386 119.385 0.241938 14601 60.5979 0.675494 0.000364084 0.457381 0.000502923 
387 119.694 0.227956 14673.4 54.6096 0.67547 0.000338051 0.457341 0.000455801 
388 120.042 0.252524 14759.7 59.7217 0.675554 0.000354976 0.457456 0.000482528 
389 120.477 0.258836 14866.1 62.9361 0.675708 0.000364159 0.45766 0.000500532 
390 120.662 0.195572 14910.6 50.4791 0.675568 0.000338046 0.457471 0.000466442 
391 121 0.232041 14992.9 60.1275 0.675666 0.000424736 0.457601 0.00058688 
392 121.283 0.243219 15061 63.2238 0.67561 0.000414724 0.457518 0.000573963 
393 121.634 0.218265 15150.2 57.7585 0.675669 0.000388417 0.457604 0.000537897 
394 122.053 0.264424 15255.3 70.6109 0.675831 0.000449808 0.457823 0.000623597 
395 122.261 0.240641 15304.5 63.5647 0.675644 0.00036062 0.457566 0.000496234 
396 122.559 0.249807 15379.1 67.183 0.675685 0.000371292 0.457623 0.000510915 
397 122.87 0.216935 15454.8 56.5446 0.675596 0.000374991 0.457491 0.000513666 
398 123.26 0.221756 15555.4 57.5516 0.675806 0.000401056 0.457783 0.000550516 
399 123.495 0.233775 15612.6 61.2054 0.675649 0.000396157 0.457563 0.000543144 
400 123.896 0.227243 15714.2 60.0422 0.675845 0.000405198 0.457834 0.000558114 
401 124.114 0.219074 15766.7 58.1041 0.67568 0.000385284 0.457604 0.000530688 
402 124.466 0.213846 15857.1 57.3632 0.675717 0.000365713 0.457655 0.000505868 
403 124.806 0.221397 15942.9 58.7139 0.675679 0.000367448 0.457603 0.000504675 
404 125.146 0.215326 16026.9 57.1752 0.675756 0.000360638 0.457699 0.000494788 
405 125.475 0.224761 16111.9 60.6095 0.675744 0.000395097 0.457686 0.00054376 
406 125.767 0.214395 16185.9 58.0092 0.675771 0.000373253 0.457714 0.000515367 
407 126.118 0.217048 16275.3 58.9125 0.675785 0.000379176 0.457732 0.000527268 
408 126.448 0.220083 16360.8 60.0288 0.675756 0.000358132 0.457689 0.0004922 
409 126.756 0.209055 16436.5 56.1423 0.675788 0.000338225 0.457729 0.000463807 
410 127.004 0.221908 16501.2 61.9418 0.675773 0.000340782 0.457707 0.000470807 
411 127.368 0.216806 16593.7 58.5406 0.675704 0.000366799 0.457606 0.000501612 
412 127.743 0.218871 16692.8 59.7002 0.675915 0.000363879 0.457895 0.000501883 
413 128.049 0.226281 16770.9 61.9065 0.675771 0.000382322 0.457696 0.000525509 
414 128.403 0.241498 16866.1 67.2606 0.675809 0.00039063 0.457749 0.000540489 
415 128.623 0.21317 16919.2 58.3315 0.675673 0.000361659 0.457557 0.000496942 
416 128.948 0.218249 17005.4 59.7526 0.675728 0.000361175 0.457628 0.000494424 
417 129.278 0.223892 17090 61.4526 0.67572 0.000376171 0.457612 0.000516587 
418 129.653 0.226892 17189.5 62.7452 0.675841 0.000358905 0.457775 0.000492991 
419 129.96 0.215024 17270.5 59.3349 0.675768 0.000340828 0.457673 0.000467596 
420 130.35 0.226028 17373.7 63.3743 0.676004 0.000377559 0.457996 0.00052094 
421 130.613 0.232345 17443.8 64.4785 0.675984 0.000375557 0.457969 0.000515375 
422 130.995 0.259384 17543.8 74.238 0.676004 0.00037427 0.457988 0.000522652 
423 131.294 0.226176 17622.2 63.5545 0.675976 0.000341548 0.457943 0.00046746 
424 131.569 0.229686 17695.5 64.546 0.675944 0.00035835 0.457896 0.000494048 
425 131.859 0.229471 17773.1 63.8579 0.675925 0.000392129 0.457878 0.000539172 
426 132.222 0.261726 17870.2 75.1983 0.675988 0.000397049 0.45796 0.00055168 
427 132.499 0.220028 17943.6 64.6541 0.675983 0.000347518 0.457952 0.000476766 
428 132.837 0.233299 18036 69.4494 0.676022 0.000367401 0.458004 0.000506347 
429 133.207 0.248052 18136.2 70.2772 0.676163 0.000380079 0.458191 0.000523394 
430 133.561 0.243247 18232.2 71.5058 0.676137 0.000365819 0.458153 0.000503558 
431 133.932 0.230979 18333.5 67.5888 0.676247 0.000365279 0.458299 0.000502733 
432 134.251 0.241194 18419.7 70.9219 0.676354 0.000383176 0.458443 0.00052724 
433 134.664 0.229493 18532.8 66.6418 0.676481 0.000386268 0.458614 0.000529185 
434 134.813 0.230749 18570.8 71.0642 0.676188 0.000371614 0.458211 0.000510179 
435 135.271 0.257071 18697.2 77.4185 0.676435 0.000386483 0.458541 0.000530615 
436 135.544 0.332459 18775.7 100.702 0.676406 0.000406643 0.458505 0.000560386 
437 135.905 0.318767 18874.9 95.6974 0.67643 0.000407001 0.458533 0.000559991 
438 136.293 0.324679 18983.9 99.0937 0.676503 0.000411657 0.458631 0.000567778 
439 136.662 0.351637 19083.4 105.422 0.676526 0.000424468 0.458657 0.00058422 
440 137.006 0.328363 19181.9 101.63 0.676591 0.000394844 0.458743 0.000542251 
441 137.296 0.2993 19260.7 89.4068 0.676591 0.000451627 0.458741 0.000620118 
442 137.633 0.345329 19358.3 105.944 0.676636 0.00047876 0.45881 0.000675096 
443 137.838 0.244883 19406.7 71.6667 0.676355 0.00039488 0.45841 0.000540824 
444 138.125 0.257389 19487.8 77.7362 0.676404 0.000393543 0.458473 0.000541386 
445 138.481 0.26952 19586.7 79.5727 0.676488 0.000380223 0.458584 0.000520299 
446 138.767 0.281877 19666.6 83.105 0.676543 0.000452336 0.458665 0.000621094 
447 139.094 0.257338 19756.9 75.8385 0.676466 0.000408767 0.45855 0.00055987 
448 139.402 0.268343 19842.6 79.9544 0.676513 0.000429924 0.458615 0.000589872 
449 139.697 0.300457 19927.7 86.6964 0.676409 0.000458295 0.458471 0.000626208 
450 140.081 0.361904 20041.5 108.6 0.676627 0.000535637 0.458775 0.000738957 
451 140.3 0.252851 20097.6 73.1519 0.676411 0.000378876 0.458467 0.000517073 
452 140.6 0.248525 20181.6 74.0197 0.676434 0.000391104 0.458492 0.000536495 
453 141.049 0.281013 20315.4 83.8066 0.676498 0.000413035 0.458583 0.000565972 
454 141.277 0.288192 20375.3 85.0749 0.676424 0.000395444 0.458473 0.000542484 
455 141.602 0.241754 20468.8 72.6073 0.676486 0.00036986 0.458559 0.000505152 
456 141.852 0.24237 20538 72.1102 0.676313 0.000377169 0.458319 0.000516536 
457 142.277 0.254338 20660 74.6241 0.676493 0.000376237 0.458557 0.00051329 
458 142.461 0.28871 20714.9 86.5428 0.676395 0.000430218 0.458429 0.000588415 
459 142.935 0.299586 20851.5 88.9184 0.676502 0.000398604 0.458568 0.000546064 
460 143.242 0.31998 20946.4 94.8499 0.676594 0.000409524 0.458702 0.00056113 
461 143.517 0.33862 21023.8 100.712 0.676586 0.000442214 0.458685 0.000604746 
462 143.881 0.341236 21132.7 102.06 0.67662 0.000450616 0.458734 0.000617696 
463 144.07 0.36093 21185.3 109.692 0.676473 0.000462301 0.458528 0.000636368 
464 144.524 0.361723 21321.6 111.344 0.676573 0.000461788 0.458664 0.000638106 
465 144.779 0.303999 21391.3 91.1211 0.67653 0.000431306 0.458595 0.000589082 
466 145.135 0.299139 21497.2 90.5647 0.676742 0.000417285 0.458886 0.000572455 
467 145.327 0.297884 21549.6 91.1509 0.676422 0.000395895 0.458446 0.000540481 
468 145.862 0.358083 21711.2 110.573 0.676739 0.000468584 0.458876 0.000643947 
469 146.037 0.294203 21760 87.2005 0.676483 0.000438623 0.458522 0.00059814 
470 146.383 0.319309 21862.4 95.3739 0.676555 0.000440999 0.458619 0.0006026 
471 146.715 0.318024 21960.8 94.6496 0.676562 0.000415821 0.458627 0.000564764 
472 147.073 0.333071 22071.4 101.311 0.676736 0.000466066 0.458868 0.000638902 
473 147.38 0.359994 22158.8 105.548 0.676784 0.000466805 0.458926 0.000636172 
474 147.798 0.370921 22287.6 106.862 0.676772 0.000480132 0.458915 0.000653831 
475 148.321 0.417565 22447.1 120.441 0.677021 0.000530746 0.459255 0.000722785 
476 148.588 0.360046 22527.4 102.386 0.676863 0.000473686 0.459036 0.00064406 
477 149.065 0.403649 22675.6 118.864 0.677021 0.000516826 0.459252 0.000695363 
478 149.171 0.421587 22702.7 124.183 0.676819 0.000493212 0.458967 0.000664332 
479 149.5 0.392519 22798.4 118.269 0.676752 0.000513787 0.458866 0.000694611 
480 149.831 0.367343 22903 111.525 0.676832 0.000473347 0.458983 0.00064428 
481 150.379 0.445851 23072.5 139.719 0.676931 0.00052101 0.459109 0.000705475 
482 150.542 0.355159 23120.5 107.215 0.676953 0.000449526 0.459141 0.000612804 
483 151.084 0.456451 23293 141.987 0.677153 0.000521448 0.459415 0.000706628 
484 151.188 0.394974 23316.6 123.188 0.67677 0.00052725 0.458889 0.000716744 
485 151.69 0.512661 23474.6 165.342 0.676972 0.000580853 0.459157 0.000786592 
486 151.592 0.403394 23434.3 123.157 0.676692 0.000518853 0.458776 0.00070613 
487 151.89 0.427723 23528.2 133.841 0.676684 0.00053779 0.458768 0.000734315 
488 152.115 0.350721 23596 110.234 0.676565 0.000441938 0.458606 0.000603078 
489 152.561 0.353125 23733.7 109.415 0.676679 0.00046035 0.458759 0.000629891 
490 152.763 0.351491 23792 111.036 0.67671 0.000480843 0.458803 0.000657384 
491 153.338 0.317817 23970.2 100.958 0.676961 0.00048119 0.459133 0.000654171 
492 153.483 0.349754 24015.6 111.518 0.676656 0.000450122 0.45872 0.000612858 
493 153.876 0.391672 24138.9 124.687 0.676735 0.000518491 0.458824 0.000705878 
494 154.016 0.375576 24180.3 121.228 0.676441 0.000433564 0.458425 0.000591805 
495 154.488 0.325721 24329 101.861 0.676586 0.000407675 0.458619 0.000555673 
496 154.884 0.343776 24454.1 112.693 0.67675 0.00043638 0.458844 0.000594947 
497 155.246 0.362606 24571.1 117.947 0.676736 0.000490916 0.458826 0.000668176 
498 155.443 0.382899 24628.4 123.681 0.676673 0.000506551 0.458734 0.000690616 
499 155.811 0.444124 24747.2 142.483 0.676685 0.000578561 0.458749 0.000789102 
500 156.143 0.411977 24851.7 133.438 0.676787 0.000473741 0.458883 0.000645003 
501 156.523 0.471867 24969.3 151.236 0.676963 0.000551854 0.45912 0.000751051 
502 156.718 0.457411 25027.7 149.037 0.676802 0.000512578 0.458896 0.000700029 
503 157.131 0.517016 25161.7 166.932 0.676928 0.000549449 0.459071 0.000748363 
504 157.573 0.477912 25303.3 152.778 0.676851 0.00054722 0.458966 0.000743227 
505 157.953 0.453136 25425.3 144.275 0.677024 0.000542751 0.459206 0.000737833 
506 158.322 0.421337 25547.4 137.243 0.677 0.000563278 0.459168 0.000767545 
507 158.607 0.453084 25640.3 142.791 0.676882 0.000504798 0.459014 0.000688476 
508 158.935 0.450272 25744.5 141.866 0.677025 0.000536219 0.459203 0.000721306 
509 159.337 0.466999 25876.2 148.895 0.677179 0.000489232 0.459415 0.00066655 
510 159.594 0.449978 25957 141.661 0.677022 0.00050023 0.459194 0.00067147 
511 159.964 0.489408 26079.8 157.431 0.677094 0.00054053 0.459291 0.000731947 
512 160.068 0.526472 26108.7 168.85 0.676828 0.000587375 0.458931 0.000792148 
513 160.624 0.558846 26288.8 184.376 0.677198 0.000611769 0.459429 0.000830974 
514 160.83 0.574604 26357.5 191.999 0.67712 0.000661437 0.459324 0.000902779 
515 161.186 0.55108 26467.6 183.713 0.677008 0.000588727 0.459166 0.000801769 
516 161.548 0.52383 26589.5 174.798 0.676956 0.000588409 0.459095 0.000800365 
517 161.913 0.519693 26708.3 172.076 0.677107 0.000593276 0.459297 0.000805782 
518 162.116 0.544129 26777.8 180.14 0.676978 0.000646617 0.459128 0.000877098 
519 162.568 0.536551 26927.4 176.886 0.677103 0.000594114 0.459294 0.000802214 
520 162.683 0.492994 26963.1 162.295 0.676932 0.000621275 0.459058 0.000840109 
521 162.966 0.520157 27055.7 172.195 0.676904 0.000610791 0.459011 0.000824651 
522 163.245 0.609142 27148.6 201.632 0.676817 0.000630763 0.458892 0.000849055 
523 163.624 0.642297 27268.9 214.379 0.67694 0.000645855 0.459051 0.000874446 
524 163.927 0.644463 27370.8 215.342 0.677034 0.00063041 0.459181 0.000855496 
525 164.187 0.736807 27455.2 246.919 0.676995 0.000702101 0.459125 0.000950036 
526 164.7 0.698505 27631.4 234.526 0.677105 0.000723987 0.459279 0.000984185 
527 165.002 0.672157 27732.6 227.647 0.67711 0.000703113 0.459284 0.000954722 
528 165.305 0.610761 27835.6 206.127 0.677065 0.000682437 0.459226 0.000925345 
529 165.481 0.605013 27891.1 202.725 0.676874 0.000647346 0.458957 0.000877747 
530 165.967 0.564736 28060.6 188.312 0.677105 0.000559812 0.459277 0.000749292 
531 166.19 0.669983 28127.5 226.236 0.676873 0.000628136 0.458948 0.000844452 
532 166.537 0.60938 28247.1 206.826 0.67701 0.000607023 0.459137 0.000824641 
533 166.809 0.646472 28334.1 220.053 0.676892 0.000647035 0.458968 0.000871361 
534 167.133 0.601968 28445.8 206.985 0.677025 0.000594486 0.459147 0.000799428 
535 167.4 0.693499 28536.5 235.327 0.676853 0.000668218 0.458913 0.000896611 
536 167.686 0.550632 28628.1 186.056 0.67704 0.000553199 0.459159 0.000739644 
537 168.131 0.590535 28779.7 202.572 0.677122 0.000609433 0.459268 0.000821164 
538 168.39 0.585122 28868.1 200.588 0.677084 0.000567951 0.459219 0.000767747 
539 168.78 0.595263 29000.4 205.554 0.677115 0.000606158 0.459254 0.000825438 
540 169.081 0.569375 29099.8 195.618 0.677097 0.000595706 0.459229 0.000812185 
541 169.411 0.568221 29213.4 198.528 0.677193 0.000596961 0.459353 0.000805852 
542 169.669 0.569995 29298 199.377 0.677348 0.000609184 0.459565 0.000820661 
543 169.96 0.544337 29397 190.246 0.677191 0.000631032 0.45935 0.000847794 
544 170.168 0.504217 29468.6 177.361 0.677087 0.000576877 0.459208 0.000777744 
545 170.717 0.536295 29660.4 189.198 0.677213 0.000590194 0.459381 0.000794597 
546 170.772 0.483728 29670.9 169.26 0.677056 0.000539895 0.459157 0.00072656 
547 171.296 0.573352 29856.2 202.519 0.677279 0.000599259 0.459465 0.000811217 
548 171.613 0.46457 29960.8 163.454 0.677145 0.000502124 0.459271 0.000677255 
549 172.004 0.56748 30100.7 201.559 0.677338 0.000604977 0.45954 0.000818373 
550 172.136 0.500732 30145.6 179.371 0.67721 0.000574981 0.459366 0.000781152 
551 172.72 0.678877 30366.8 255.481 0.677493 0.000702465 0.459767 0.000961784 
552 172.782 0.571834 30366.7 203.167 0.677276 0.000607502 0.459453 0.000819554 
553 173.336 0.539088 30562.2 193.525 0.677446 0.000585053 0.459684 0.00079025 
554 173.556 0.537635 30632.5 191.949 0.677347 0.000567971 0.459541 0.000767349 
555 173.95 0.569232 30779.4 205.732 0.677328 0.000600652 0.45952 0.000816863 
556 174.246 0.640477 30884.7 228.054 0.677516 0.000626503 0.459776 0.000850732 
557 174.577 0.665133 31001.8 238.305 0.677524 0.000630135 0.459793 0.000856036 
558 175.057 0.665216 31174.2 239.174 0.677477 0.000604876 0.459728 0.000819395 
559 175.073 0.559172 31170.5 198.127 0.677288 0.000506685 0.459464 0.000682532 
560 175.456 0.592119 31304.8 210.758 0.677395 0.00060979 0.459607 0.000823329 
561 175.883 0.563061 31457.8 204.743 0.677422 0.000579896 0.45964 0.000787624 
562 176.082 0.616444 31528.2 223.401 0.677365 0.000589428 0.459563 0.000796051 
563 176.397 0.558768 31639.7 203.55 0.677379 0.000628427 0.459583 0.000851361 
564 176.731 0.612339 31760.5 218.802 0.677383 0.00068118 0.459582 0.000920085 
565 177.223 0.607357 31939.5 221.298 0.677656 0.000683633 0.45996 0.000922831 
566 177.538 0.574103 32052.8 205.419 0.67762 0.000641573 0.459905 0.000863745 
567 177.868 0.61377 32174.2 220.973 0.677442 0.000645127 0.459673 0.000869046 
568 178.244 0.609116 32307.8 221.502 0.677617 0.000626298 0.459905 0.000849149 
569 178.66 0.544312 32457.5 198.133 0.677672 0.000512627 0.45998 0.000692497 
570 178.924 0.530071 32547 196.157 0.677675 0.000497547 0.459974 0.00067838 
571 179.209 0.571298 32649.1 210.445 0.677649 0.000512531 0.459939 0.000701197 
572 179.707 0.64008 32839.6 242.521 0.677953 0.00058838 0.460359 0.000807123 
573 180.01 0.596858 32953.8 225.064 0.677615 0.000553658 0.459906 0.000756416 
574 180.387 0.609087 33093.4 228.706 0.677811 0.000549259 0.460171 0.00074753 
575 180.736 0.625188 33219.8 235.447 0.677834 0.000544275 0.460201 0.000743832 
576 181.158 0.68804 33379.2 259.772 0.677996 0.000568184 0.460425 0.000774038 
577 181.344 0.655106 33440.6 248.664 0.677827 0.000539082 0.46019 0.000733981 
578 181.747 0.528444 33592.3 198.769 0.678003 0.000512418 0.460431 0.000699167 
579 182.072 0.614723 33709.5 235.335 0.677753 0.000548855 0.460087 0.000749834 
580 182.164 0.509693 33737.9 192.049 0.677729 0.00050673 0.460051 0.000691237 
581 182.643 0.527635 33916.5 201.024 0.677701 0.000535576 0.460014 0.000731499 
582 182.81 0.524884 33978.9 198.517 0.677593 0.000530717 0.459865 0.000724756 
583 183.362 0.544117 34188.1 206.641 0.677813 0.000537105 0.460175 0.000733729 
584 183.686 0.478402 34313.2 182.976 0.677822 0.000521664 0.460186 0.000714046 
585 184.151 0.463619 34480.9 178.382 0.677989 0.000531391 0.460414 0.000726276 
586 184.251 0.491618 34519.4 193.642 0.677817 0.000547572 0.460176 0.000751367 
587 184.421 0.542732 34578.2 213.617 0.677732 0.000595665 0.460056 0.000815529 
588 184.845 0.528566 34738.4 203.63 0.677684 0.000534513 0.459988 0.000730328 
589 184.744 0.478616 34689.7 182.719 0.677405 0.00053826 0.459605 0.0007336 
590 185.318 0.506007 34907.5 193.001 0.677616 0.000543445 0.459892 0.000740582 
591 185.5 0.501733 34973.7 192.219 0.677506 0.000522969 0.459739 0.000713597 
592 185.857 0.526252 35112.2 200.074 0.677279 0.000556749 0.459448 0.000758747 
593 186.43 0.48506 35328 188.11 0.677576 0.000553623 0.459842 0.000754434 
594 186.811 0.527978 35473.4 204.839 0.677688 0.00055849 0.459994 0.000761323 
595 187.015 0.482661 35548.1 187.634 0.677539 0.000542609 0.459789 0.000740503 
596 187.472 0.500512 35724.5 191.402 0.677786 0.000536383 0.460126 0.000731527 
597 187.563 0.510359 35754.1 198.33 0.677553 0.000543554 0.459799 0.000742133 
598 187.861 0.519827 35874.7 203.199 0.67759 0.000562408 0.459858 0.000767916 
599 188.178 0.569904 35988.4 217.88 0.677494 0.000573038 0.459721 0.000780893 
600 188.532 0.587487 36121.5 230.239 0.677682 0.000633509 0.459976 0.000864411 
601 188.911 0.640463 36267.1 252.126 0.677705 0.000663226 0.460008 0.000905679 
602 189.105 0.599647 36338.6 234.123 0.677315 0.000554619 0.459476 0.000756681 
603 189.583 0.57309 36523.1 221.21 0.6775 0.000541383 0.459728 0.000738945 
604 189.951 0.542735 36665.8 211.754 0.677524 0.000551092 0.459766 0.000752017 
605 190.326 0.486627 36812.8 192.356 0.67763 0.000542636 0.459909 0.000741589 
606 190.715 0.518535 36962.7 208.367 0.677741 0.000558479 0.460055 0.000763377 
607 190.793 0.534992 36989.2 210.405 0.677506 0.000561697 0.459732 0.00076727 
608 191.215 0.564526 37148.7 222.938 0.677597 0.000554274 0.459853 0.000757022 
609 191.577 0.588014 37287 235.915 0.677487 0.000558322 0.459695 0.000762288 
610 191.846 0.557431 37394.5 221.596 0.677621 0.00059408 0.459885 0.000813006 
611 192.152 0.618104 37513.8 249.289 0.677653 0.000614928 0.459925 0.000843383 
612 192.416 0.594476 37608.3 235.558 0.677604 0.000585555 0.459845 0.0007976 
613 193.013 0.613257 37854 250.307 0.677765 0.000609819 0.460078 0.000834369 
614 193.458 0.598009 38021.5 242.519 0.67763 0.000584743 0.459889 0.000797555 
615 193.969 0.649184 38230.2 274.422 0.67787 0.000638113 0.460221 0.000876478 
616 194.267 0.592625 38347.2 246.733 0.677743 0.000632089 0.460053 0.000862819 
617 194.822 0.796649 38578.4 337.76 0.677921 0.00073983 0.460299 0.00102003 
618 195.009 0.704213 38647.1 300.417 0.677775 0.000765086 0.460099 0.00105633 
619 195.683 0.798929 38922.2 345.231 0.677979 0.000735292 0.460377 0.00101153 
620 195.467 0.630387 38819.9 262.286 0.677733 0.000632369 0.460029 0.000875687 
621 196.292 0.778079 39162.4 339.499 0.678202 0.000776536 0.460673 0.00107517 
622 196.076 0.654562 39058 274.462 0.677888 0.000593592 0.460234 0.00081751 
623 196.722 0.706443 39329.6 304.278 0.678066 0.00068664 0.460481 0.000941867 
624 196.826 0.687996 39361.4 289.378 0.677698 0.000670392 0.459987 0.000927362 
625 197.224 0.818614 39521 340.446 0.678082 0.000728652 0.460501 0.000994978 
626 197.664 0.926735 39704.1 379.933 0.678028 0.000730281 0.460439 0.000998214 
627 197.881 0.943422 39781.8 391.784 0.677945 0.000685023 0.460313 0.000934701 
628 198.305 0.932431 39951.3 386.432 0.678076 0.000660614 0.46049 0.000902461 
629 198.854 0.840712 40180.1 354.142 0.678365 0.000654062 0.460898 0.000902385 
630 198.837 0.767227 40164.8 315.942 0.678207 0.000638857 0.460674 0.000874503 
631 199.374 0.782168 40384.4 326.661 0.678319 0.000631274 0.460825 0.000865126 
632 199.545 0.862328 40446.3 355.871 0.67832 0.00069938 0.460824 0.000951212 
633 200.029 0.633529 40645.3 275.019 0.678101 0.000630234 0.460531 0.00086998 
634 200.032 0.660935 40643.8 277.144 0.677969 0.000634057 0.460346 0.0008688 
635 200.322 0.675476 40742.2 282.073 0.677826 0.000566135 0.460134 0.000772383 
636 200.606 0.71258 40855.2 296.865 0.677832 0.000640177 0.460147 0.000876728 
637 200.783 0.732875 40931.5 307.434 0.677764 0.000646444 0.46005 0.000883072 
638 201.312 0.718967 41150.2 299.932 0.678024 0.000660674 0.460407 0.000897124 
639 201.468 0.690785 41217.4 289.696 0.678015 0.000651344 0.460398 0.000889258 
640 202.037 0.721223 41453.3 303.375 0.678139 0.000718362 0.460567 0.000987365 
641 202.721 0.657393 41727.8 278 0.678211 0.000633661 0.460665 0.00086673 
642 202.82 0.713872 41769.3 300.454 0.678088 0.000724884 0.460504 0.000992462 
643 203.095 0.71715 41881.4 304.551 0.677996 0.000659229 0.46037 0.000894862 
644 203.283 0.834664 41955.7 351.191 0.678051 0.000688866 0.460446 0.000946871 
645 203.709 0.68711 42132.1 292.294 0.678156 0.000732622 0.460588 0.00100368 
646 203.944 0.661267 42235.7 282.723 0.678108 0.000731116 0.460534 0.00100196 
647 204.058 0.671572 42263.6 290.596 0.677697 0.000618926 0.459956 0.000845419 
648 204.446 0.67178 42429 291.616 0.677837 0.000670499 0.460155 0.000919069 
649 204.563 0.61935 42467.6 263.522 0.677635 0.000682489 0.459864 0.000932111 
650 204.692 0.607593 42518.1 260.112 0.677546 0.000626294 0.459746 0.000854199 
651 204.783 0.573793 42552.3 241.476 0.677467 0.000597822 0.459633 0.000815199 
652 205.455 0.623553 42834.3 265.111 0.67765 0.000656866 0.459887 0.000897832 
653 205.801 0.601417 42973.7 252.208 0.677554 0.000681485 0.459749 0.000920683 
654 206.421 0.610272 43231.1 254.746 0.677831 0.00064089 0.46012 0.000866543 
655 206.505 0.611909 43264.5 258.957 0.677723 0.000632115 0.45997 0.000852407 
656 206.756 0.663949 43373.1 282.157 0.677874 0.000666678 0.460176 0.000908571 
657 206.887 0.624537 43418.8 261.875 0.677593 0.000628203 0.459792 0.000850341 
658 207.278 0.681325 43585.5 288.06 0.677792 0.000675117 0.460065 0.000918094 
659 207.375 0.710088 43626.5 298.706 0.677664 0.000641856 0.459889 0.00087058 
660 207.854 0.730005 43829.7 306.91 0.677849 0.000638478 0.46014 0.000866428 
661 208.215 0.699711 43979.7 294.859 0.677728 0.000656416 0.459975 0.000888223 
662 208.782 0.713011 44220.9 306.69 0.67775 0.000638551 0.460012 0.000870248 
663 209.059 0.691624 44341.7 294.457 0.677731 0.000701261 0.459985 0.000950869 
664 209.6 0.749737 44579.5 322.639 0.677838 0.000719729 0.460134 0.000976668 
665 209.888 0.732518 44698.6 309.659 0.677842 0.000677596 0.460138 0.000915671 
666 209.911 0.754001 44707.5 317.7 0.677654 0.000781228 0.459881 0.00105458 
667 210.201 0.864349 44836.8 364.013 0.677667 0.000778895 0.4599 0.0010458 
668 210.49 0.818925 44954.4 344.07 0.677747 0.00088846 0.460009 0.00119835 
669 210.743 0.828885 45052.9 348.941 0.677718 0.000772888 0.459954 0.00103599 
670 211.076 0.721482 45201.2 304.355 0.677874 0.000719988 0.460177 0.000968969 
671 211.656 0.823579 45458.2 346.431 0.678001 0.00077776 0.460354 0.00104274 
672 212.022 0.886708 45605.6 373.273 0.677692 0.000826489 0.459924 0.00111564 
673 212.304 0.966738 45722.7 405.214 0.677802 0.000952226 0.460067 0.00128766 
674 212.628 0.823336 45860.9 343.892 0.677859 0.000833357 0.460145 0.00112245 
675 212.943 0.869607 45998.3 367.502 0.677967 0.00083805 0.460291 0.00112754 
676 213.312 0.864223 46139.7 359.927 0.678043 0.000773919 0.46039 0.00104134 
677 213.698 0.857136 46309.5 355.979 0.678081 0.000914923 0.460442 0.00123236 
678 214.112 0.952891 46498.1 405.304 0.678172 0.00092463 0.460572 0.00125119 
679 214.266 0.945464 46557.1 398.633 0.678052 0.00107482 0.460408 0.00144837 
680 214.63 0.899362 46699.2 379.621 0.678083 0.000980547 0.460434 0.00132324 
681 215.164 1.02724 46944.1 442.951 0.678459 0.00115525 0.460962 0.00155599 
682 215.317 0.987746 47003.3 426.35 0.678215 0.00105028 0.460619 0.00141392 
683 215.575 0.950296 47107.9 405.638 0.678427 0.00112603 0.4609 0.00151575 
684 215.672 0.961119 47141.8 401.81 0.677735 0.00119864 0.459963 0.00160586 
685 216.31 1.0465 47422.7 438.684 0.678159 0.00129029 0.460543 0.00172997 
686 216.275 1.05301 47408.7 442.064 0.6777 0.00125789 0.45992 0.00168131 
687 216.661 1.05035 47575 439.925 0.677928 0.00131373 0.460234 0.00175859 
688 216.912 1.02023 47688 427.425 0.677834 0.00133347 0.460113 0.00178243 
689 217.282 0.984188 47844.2 414.429 0.677967 0.00123589 0.460279 0.00165485 
690 217.633 1.01595 47999.9 425.079 0.677921 0.00129801 0.460223 0.00173508 
691 217.879 1.09332 48108.8 460.72 0.677907 0.00148482 0.460208 0.00197643 
692 218.66 1.01802 48452.4 435.636 0.678269 0.00123636 0.460688 0.00166147 
693 219.024 1.11774 48608.6 476.788 0.678315 0.00153159 0.460758 0.00205295 
694 219.506 1.03449 48821 441.378 0.678485 0.00137767 0.460983 0.00184264 
695 220.445 1.2108 49235.3 517.835 0.678936 0.00151919 0.4616 0.00204158 
696 220.073 1.05934 49077.4 451.502 0.678489 0.00126577 0.460989 0.00169926 
697 220.927 1.0913 49448.9 467.945 0.678718 0.00139841 0.461291 0.00187837 
698 220.818 1.14689 49397.1 489.299 0.678391 0.00149415 0.460856 0.00199844 
