1.3 -1.8465 118600000000
198.293 12.4169
1 0 0 0 0 0.5001 9.02901e-05 0.5001 9.02901e-05 
2 0 0 0 0 0.499947 8.20767e-05 0.375 8.60925e-05 
3 0 0 0 0 0.499898 9.89e-05 0.333286 0.000108085 
4 0.177569 8.14896e-05 0.177569 8.14896e-05 0.53232 9.45804e-05 0.348886 9.90375e-05 
5 0.241741 0.000101344 0.241741 0.000101344 0.53519 9.53613e-05 0.338738 0.000104656 
6 0.486905 0.000212008 0.685468 0.000370015 0.556129 8.81494e-05 0.354202 9.80144e-05 
7 0.583629 0.000233333 0.851295 0.00044744 0.557256 7.34659e-05 0.348774 8.36961e-05 
8 0.889583 0.000361487 1.69391 0.00101861 0.573493 7.45204e-05 0.36313 8.68096e-05 
9 1.01943 0.000392067 2.05804 0.00132603 0.574993 7.24018e-05 0.361049 8.51562e-05 
10 1.33373 0.000624478 3.22158 0.00243798 0.586032 7.50052e-05 0.371185 9.07631e-05 
11 1.51002 0.000556164 3.9393 0.00242036 0.588452 7.27404e-05 0.371625 8.76119e-05 
12 1.82557 0.000804777 5.43756 0.0039325 0.596591 7.28633e-05 0.379395 8.84654e-05 
13 2.02489 0.000798692 6.46416 0.00460977 0.598735 7.65066e-05 0.380215 9.38248e-05 
14 2.35959 0.000869194 8.45311 0.00558311 0.605742 7.65805e-05 0.387357 9.52722e-05 
15 2.57117 0.000979097 9.77413 0.00684877 0.607394 7.66908e-05 0.388023 9.56279e-05 
16 2.91941 0.00129575 12.264 0.0103527 0.613353 8.26122e-05 0.394304 0.000103427 
17 3.14513 0.00135951 13.9463 0.0109381 0.614778 8.55211e-05 0.395023 0.000107202 
18 3.50147 0.00151766 16.9296 0.0134834 0.619839 9.21532e-05 0.400483 0.000117327 
19 3.73851 0.00193122 18.9897 0.0193894 0.621179 8.72301e-05 0.401326 0.000111891 
20 4.10215 0.00196282 22.4921 0.020424 0.625582 9.41823e-05 0.406171 0.000121623 
21 4.34918 0.00250693 24.9465 0.0297854 0.626761 0.000102215 0.406972 0.000128337 
22 4.72123 0.00210794 29.0208 0.0252827 0.630634 0.000100096 0.411311 0.000130343 
23 4.97483 0.00230896 31.8639 0.0274643 0.631697 9.44155e-05 0.412096 0.000123019 
24 5.35622 0.00243177 36.5399 0.0316181 0.635266 0.000101531 0.416158 0.000132396 
25 5.61667 0.00270865 39.7954 0.0385381 0.636116 0.000102253 0.41675 0.00013446 
26 6.00146 0.00269647 45.0388 0.040162 0.639301 0.000100381 0.420441 0.000132543 
27 6.27232 0.00358632 48.7875 0.0539588 0.640185 0.000103786 0.42115 0.000137711 
28 6.66005 0.00344713 54.5902 0.0543268 0.643018 0.000103758 0.424456 0.000138009 
29 6.93637 0.00415376 58.8023 0.0702519 0.643801 0.000111892 0.425099 0.000153758 
30 7.33171 0.00449376 65.2888 0.0792508 0.646468 0.000118759 0.428263 0.000157457 
31 7.60705 0.00454591 69.8289 0.081615 0.647089 0.000112803 0.428742 0.000152996 
32 8.00392 0.00546901 76.8841 0.0940895 0.649413 0.000127941 0.431491 0.000170636 
33 8.2965 0.00424414 82.1573 0.0849825 0.650244 0.000110468 0.432311 0.000148116 
34 8.69595 0.00646655 89.8115 0.123305 0.652396 0.000117232 0.434869 0.000159688 
35 8.9913 0.00606604 95.5392 0.131783 0.653034 0.000111792 0.435458 0.000150331 
36 9.39219 0.00570848 103.791 0.128323 0.655067 0.000130806 0.437917 0.000177234 
37 9.69058 0.00585669 110.003 0.136037 0.655641 0.000127186 0.438448 0.000171326 
38 10.1035 0.00628868 119.142 0.154364 0.657632 0.000117598 0.44088 0.000159649 
39 10.3977 0.00666474 125.661 0.163333 0.658054 0.000145441 0.441223 0.000193307 
40 10.8136 0.00859831 135.422 0.222266 0.659926 0.000145377 0.443523 0.000194402 
41 11.1163 0.00683784 142.617 0.190635 0.660402 0.000129223 0.443969 0.000176717 
42 11.53 0.00877539 152.964 0.252183 0.66208 0.000168183 0.446042 0.000237304 
43 11.85 0.00964977 161.077 0.287382 0.662672 0.000158848 0.446664 0.000223381 
44 12.2538 0.00824125 171.698 0.253964 0.664141 0.000145805 0.44847 0.000204697 
45 12.5727 0.0079683 180.228 0.250532 0.664563 0.000142863 0.448857 0.000199531 
46 12.9824 0.00765301 191.64 0.237595 0.666016 0.000129308 0.450678 0.000178719 
47 13.3062 0.0114763 200.8 0.373806 0.666553 0.000156611 0.451253 0.000214728 
48 13.7121 0.00945424 212.686 0.296855 0.667766 0.00014434 0.452748 0.000198073 
49 14.0324 0.0114814 222.161 0.378003 0.668277 0.000135667 0.453296 0.000186911 
50 14.4611 0.00882698 235.461 0.306756 0.669636 0.000130368 0.455008 0.000181144 
51 14.7721 0.0143102 245.065 0.519059 0.669859 0.000191047 0.45518 0.000264656 
52 15.2049 0.0121158 259.137 0.429513 0.671234 0.000162828 0.456924 0.000222802 
53 15.543 0.0144049 270.296 0.52936 0.671733 0.000165015 0.4575 0.00023167 
54 15.9521 0.0140939 284.066 0.544874 0.672691 0.000152976 0.458675 0.000215184 
55 16.287 0.0109832 295.556 0.417832 0.67314 0.000150269 0.459173 0.00020588 
56 16.7123 0.0127242 310.678 0.484204 0.674283 0.000145136 0.460626 0.000200929 
57 17.0572 0.0164743 323.228 0.722089 0.674712 0.000185608 0.461132 0.000268291 
58 17.4592 0.0118289 337.881 0.481425 0.675584 0.000152619 0.462205 0.000212441 
59 17.8121 0.0150125 351.123 0.641334 0.676016 0.000151754 0.462707 0.000212232 
60 18.2226 0.0150015 366.767 0.636407 0.676931 0.000152513 0.463853 0.00021426 
61 18.5787 0.0233447 380.818 1.11322 0.677399 0.000180236 0.464406 0.000244985 
62 18.9882 0.0201867 397.029 0.851557 0.678161 0.000195558 0.465345 0.000266708 
63 19.3467 0.0252224 411.728 1.11823 0.678631 0.000241689 0.465913 0.000332497 
64 19.7654 0.029437 429.081 1.30028 0.679565 0.000241668 0.467121 0.000329656 
65 20.1104 0.016359 443.551 0.702353 0.679889 0.000156936 0.467478 0.0002189 
66 20.5384 0.0226418 462.044 1.01828 0.680727 0.000162973 0.468554 0.000229854 
67 20.8779 0.0193254 476.797 0.914253 0.680966 0.000170962 0.468802 0.000237234 
68 21.3145 0.0242173 496.387 1.17347 0.681813 0.000185904 0.46989 0.000257617 
69 21.6636 0.0168646 512.1 0.84342 0.682126 0.000160223 0.470254 0.000225216 
70 22.0886 0.0172171 531.733 0.876666 0.682909 0.000161416 0.471261 0.000226763 
71 22.4348 0.0157281 547.848 0.805159 0.683153 0.000154297 0.471531 0.000216965 
72 22.8881 0.0194059 569.752 0.996082 0.684125 0.000164028 0.472812 0.000230969 
73 23.2403 0.0174849 586.637 0.942778 0.684349 0.00015824 0.473047 0.000221985 
74 23.6827 0.0297638 608.726 1.66967 0.685134 0.000187672 0.47408 0.000264759 
75 24.0258 0.0193279 625.506 1.05448 0.685337 0.000169225 0.474279 0.000237627 
76 24.5011 0.0230088 650.186 1.29011 0.686344 0.000189129 0.475636 0.000267845 
77 24.8207 0.021188 666.46 1.23836 0.686365 0.000196329 0.475612 0.000275309 
78 25.2374 0.0218261 688.152 1.21086 0.686964 0.00017285 0.476366 0.000245946 
79 25.6216 0.0248804 708.795 1.47262 0.687383 0.000212326 0.476909 0.000302086 
80 26.0747 0.0276682 733.511 1.6507 0.688174 0.000199438 0.47795 0.000284138 
81 26.4214 0.0249802 752.43 1.56891 0.688243 0.000188253 0.477979 0.00026841 
82 26.8879 0.0308851 778.66 1.9463 0.689032 0.000218925 0.479034 0.000311387 
83 27.1993 0.0263088 795.92 1.68861 0.689023 0.000196881 0.478971 0.000280492 
84 27.6705 0.0274328 823.331 1.75642 0.689874 0.000211089 0.480111 0.000301104 
85 28.0332 0.0329922 844.171 2.09174 0.690102 0.000209987 0.480386 0.00029848 
86 28.4866 0.0329163 871.238 2.1884 0.690781 0.000219722 0.481281 0.000313344 
87 28.8877 0.0430424 895.778 3.11872 0.691186 0.000278052 0.481825 0.000403836 
88 29.288 0.0423552 919.505 2.948 0.691572 0.000296413 0.482306 0.00042772 
89 29.6616 0.0347647 942.378 2.30992 0.691741 0.000262916 0.482482 0.000377068 
90 30.0985 0.0488931 969.419 3.34804 0.692302 0.000339343 0.483215 0.000493923 
91 30.426 0.0335908 990.069 2.21604 0.692453 0.000251141 0.483406 0.000358342 
92 30.8897 0.0393952 1020.13 2.8232 0.693115 0.000292331 0.484296 0.000419925 
93 31.2433 0.0337026 1042.47 2.41905 0.693127 0.000242601 0.48425 0.000348799 
94 31.7126 0.0365392 1073.57 2.66584 0.693819 0.000250234 0.485195 0.000360544 
95 32.0903 0.0409243 1098.65 3.07383 0.694119 0.000335313 0.485581 0.000481195 
96 32.4943 0.0303698 1125.4 2.21525 0.694262 0.000209249 0.485716 0.000297947 
97 32.9017 0.0404646 1153.39 3.15088 0.694664 0.000256225 0.486253 0.000371296 
98 33.3046 0.0332273 1180.72 2.59231 0.694994 0.00021311 0.486675 0.000305139 
99 33.7208 0.0375098 1210.22 2.8919 0.69538 0.000231024 0.487191 0.000330912 
100 34.1565 0.0476254 1240.86 3.88177 0.695857 0.000245114 0.487817 0.000356329 
101 34.5399 0.044537 1268.38 3.61714 0.696141 0.000274294 0.488197 0.000398598 
102 34.9436 0.0566678 1297.21 4.93136 0.696415 0.000288838 0.48853 0.000419922 
103 35.3567 0.0475856 1327.64 4.11131 0.696874 0.000265491 0.489155 0.000386582 
104 36.002 0.223594 1379.45 21.4918 0.698078 0.000925667 0.490859 0.00136807 
105 36.1405 0.0386619 1384.59 3.13831 0.697269 0.000250999 0.489619 0.00036604 
106 36.6446 0.0454114 1422.94 3.94649 0.698019 0.000273557 0.490644 0.000399255 
107 36.9895 0.0469013 1449.16 4.01611 0.698118 0.000280631 0.490755 0.000409794 
108 37.4893 0.0457845 1488.18 4.0033 0.698758 0.000302752 0.491631 0.000448673 
109 37.8303 0.0513506 1513.7 4.3375 0.69883 0.00031691 0.49169 0.00046288 
110 38.2738 0.0457954 1549.31 3.93669 0.699204 0.000314412 0.492201 0.000462118 
111 38.6558 0.0480955 1579.69 4.1918 0.699466 0.000305282 0.492555 0.00045031 
112 39.0895 0.0580539 1614.56 5.12051 0.699777 0.000394214 0.492965 0.00058284 
113 39.4749 0.0625856 1645.33 5.64903 0.700008 0.000380989 0.493254 0.000564912 
114 39.9539 0.0733867 1684.95 6.60141 0.700498 0.000451133 0.493922 0.000662841 
115 40.4019 0.0794508 1722.51 7.17045 0.700825 0.000457786 0.494349 0.000676759 
116 40.8599 0.0928449 1760.9 8.65905 0.701311 0.000576836 0.495025 0.000863743 
117 41.3135 0.114224 1800.31 11.0115 0.701672 0.00053165 0.495505 0.000791822 
118 41.7155 0.10929 1834.77 10.6651 0.701985 0.000657802 0.495954 0.000993979 
119 42.1949 0.143907 1877.43 14.4564 0.702382 0.000622771 0.496474 0.000928512 
120 42.562 0.123774 1908.84 12.5287 0.702583 0.000755068 0.496754 0.0011444 
121 42.9777 0.124466 1945.98 12.8613 0.702639 0.000486599 0.496781 0.000719382 
122 43.3714 0.113992 1980.49 11.7395 0.702979 0.000643387 0.497268 0.000973175 
123 43.8252 0.105771 2022.33 10.8978 0.703336 0.000507218 0.497746 0.000750427 
124 44.2891 0.125886 2064.84 13.3293 0.703634 0.000630112 0.498158 0.000944021 
125 44.7213 0.13603 2104.46 15.1083 0.704068 0.000596507 0.498719 0.000881894 
126 44.9946 0.09524 2127.37 10.5686 0.703689 0.000459601 0.498131 0.000680586 
127 45.6695 0.287273 2196.34 33.2721 0.704882 0.00113038 0.499866 0.00167323 
128 45.7886 0.0712114 2200.99 7.2068 0.703964 0.000327575 0.498469 0.000477835 
129 46.1796 0.0828539 2238.03 8.42278 0.704128 0.000356899 0.498678 0.000517843 
130 46.619 0.0817807 2279.77 8.45096 0.704429 0.000341495 0.499081 0.000494661 
131 46.9999 0.0621703 2316.15 6.47624 0.704428 0.000279625 0.499047 0.000406573 
132 47.4154 0.0630611 2356.31 6.65257 0.704641 0.000282441 0.499323 0.000409888 
133 47.808 0.0736931 2395.13 7.93356 0.704797 0.000323499 0.499533 0.000472856 
134 48.2309 0.0649424 2436.24 6.89182 0.705103 0.000293171 0.49994 0.000427787 
135 48.648 0.079861 2478.39 8.77255 0.705267 0.000323477 0.500162 0.000471612 
136 49.1295 0.071541 2526.63 7.80395 0.705775 0.000308796 0.500866 0.000448999 
137 49.5435 0.0778365 2569.09 8.78856 0.705981 0.000330239 0.501145 0.000482484 
138 50.0205 0.104123 2618.16 11.9022 0.706357 0.000375038 0.501658 0.000543646 
139 50.4059 0.0723501 2657.56 8.18024 0.70653 0.000315003 0.501891 0.000460597 
140 50.8301 0.0645443 2701.18 7.25379 0.706718 0.000300686 0.502131 0.000438972 
141 51.2595 0.105888 2747.22 12.4884 0.706913 0.000364338 0.502389 0.00053325 
142 51.7256 0.0794634 2796.2 9.11671 0.707388 0.000366638 0.50307 0.000536565 
143 52.1436 0.0795079 2840.75 9.4694 0.707603 0.000342356 0.503349 0.000504358 
144 52.6121 0.0787618 2890.98 9.18094 0.707773 0.00036005 0.503577 0.000530697 
145 53.0935 0.0894802 2944.89 10.999 0.708215 0.000413738 0.504213 0.00061195 
146 53.5094 0.0998021 2989.54 12.3301 0.708311 0.000459893 0.504317 0.000677594 
147 53.8728 0.0923792 3029.3 11.4601 0.708352 0.000464173 0.50435 0.000679469 
148 54.4774 0.164986 3098.3 20.8345 0.709105 0.000699037 0.505428 0.00103361 
149 54.7223 0.0992141 3124.82 12.7346 0.708748 0.000428043 0.504893 0.000630676 
150 55.1938 0.102517 3177.37 13.2049 0.709003 0.000506517 0.505237 0.000751161 
151 55.6099 0.110661 3225.42 14.5426 0.709225 0.000466019 0.505539 0.000682652 
152 56.0579 0.106243 3276.3 13.7842 0.709432 0.000478389 0.505816 0.000704883 
153 56.4156 0.089742 3317.37 11.3651 0.709314 0.000341181 0.505621 0.000498997 
154 56.9168 0.103094 3375.9 13.6412 0.709786 0.000371963 0.506278 0.000550062 
155 57.2258 0.0814063 3410.35 10.4736 0.709658 0.000365621 0.506069 0.000540614 
156 57.7009 0.0966378 3465.96 12.8281 0.710052 0.000473974 0.50661 0.000698684 
157 58.167 0.0977211 3521.76 12.7866 0.710334 0.000438325 0.507012 0.000650412 
158 58.7288 0.111903 3590.1 15.0509 0.710872 0.00051094 0.507757 0.000754483 
159 59.055 0.111554 3629.06 14.5302 0.710739 0.000414518 0.507556 0.000606515 
160 59.5678 0.142097 3692.07 19.0175 0.711119 0.000500434 0.508086 0.000736773 
161 59.8362 0.0978205 3724.46 13.2346 0.710876 0.000383488 0.507735 0.000562554 
162 60.2967 0.0970078 3780.73 13.0296 0.711135 0.000387563 0.508081 0.000569304 
163 60.7046 0.109322 3831.75 14.9415 0.711255 0.000418337 0.508239 0.000617108 
164 61.1081 0.107154 3881.25 14.5975 0.711245 0.000405539 0.508203 0.000596427 
165 61.5573 0.0989538 3937.59 13.6175 0.711522 0.000411557 0.508599 0.000608345 
166 62.0472 0.0974315 3999.79 13.58 0.711914 0.000380437 0.509145 0.000562793 
167 62.4651 0.100842 4053.3 14.011 0.711919 0.00040566 0.509137 0.000598382 
168 62.9582 0.103938 4117.24 14.6254 0.712337 0.000408531 0.509729 0.0006016 
169 63.4106 0.138707 4175.86 20.1529 0.712474 0.000511431 0.509916 0.000761467 
170 63.8379 0.125857 4231.84 18.3662 0.712893 0.00045791 0.510511 0.000678881 
171 64.2625 0.15683 4286.64 23.0995 0.713048 0.000523306 0.510716 0.000772088 
172 64.6978 0.143394 4344.85 21.2149 0.71316 0.000515636 0.510863 0.000763196 
173 65.1424 0.226384 4405.74 34.7101 0.713382 0.000707487 0.511196 0.00106112 
174 65.5511 0.137042 4457.39 20.4816 0.713498 0.000481893 0.511313 0.000709607 
175 66.255 0.41219 4560.8 64.607 0.71447 0.0011783 0.512779 0.00176536 
176 66.2985 0.116788 4557.46 17.2038 0.713449 0.000423679 0.511217 0.000621127 
177 67.0154 0.265502 4661.68 42.2993 0.714429 0.000802695 0.512677 0.00119749 
178 67.2153 0.119496 4681.64 17.4267 0.713839 0.000433305 0.511748 0.000637064 
179 67.6528 0.12862 4743.19 19.1281 0.713972 0.00047682 0.511941 0.00070449 
180 68.1689 0.132464 4815.35 20.0647 0.71436 0.000493149 0.512482 0.000729832 
181 68.6326 0.15526 4881.17 23.3366 0.71461 0.000534284 0.512844 0.000790287 
182 68.9421 0.133763 4922.85 20.593 0.714386 0.000466589 0.512487 0.000690951 
183 69.3862 0.142239 4986.55 21.9516 0.714672 0.000514259 0.512916 0.000764164 
184 69.8855 0.132797 5057.38 20.3147 0.714827 0.000457182 0.513109 0.000673803 
185 70.2347 0.123395 5106.03 18.914 0.714859 0.000423359 0.513137 0.000623022 
186 70.7279 0.133259 5177.6 20.7061 0.715065 0.000434518 0.513418 0.000638232 
187 71.157 0.151834 5240.08 23.6343 0.715154 0.000478079 0.513543 0.000701034 
188 71.6338 0.158402 5309.71 24.1883 0.715354 0.000492943 0.513817 0.000713765 
189 71.9793 0.150181 5357.69 23.1689 0.715331 0.000464428 0.513754 0.000678564 
190 72.4925 0.14687 5434.39 22.9305 0.715737 0.000455568 0.514329 0.000664339 
191 72.9365 0.163224 5499.22 25.6933 0.715842 0.000480296 0.514461 0.00069624 
192 73.3735 0.173253 5565.48 27.3141 0.71606 0.000528142 0.514778 0.000769484 
193 73.8573 0.176307 5638.59 27.824 0.716138 0.000550345 0.514881 0.000799541 
194 74.3006 0.168694 5705.36 26.8633 0.716342 0.000524594 0.51515 0.00076325 
195 74.7762 0.170079 5780.24 27.7362 0.716532 0.00049174 0.515437 0.00071874 
196 75.1945 0.168271 5842.66 27.2778 0.71675 0.000509366 0.515748 0.000745261 
197 75.6284 0.190737 5910.88 32.7781 0.717002 0.000595434 0.516118 0.000881271 
198 76.0584 0.176193 5974.8 28.8502 0.716943 0.000538173 0.515994 0.000781757 
199 76.4078 0.159599 6029.43 26.1716 0.717091 0.000479292 0.516214 0.00070262 
200 76.9835 0.228233 6121.73 38.0083 0.717427 0.000663543 0.516692 0.000970805 
201 77.2737 0.158953 6166.66 26.817 0.717217 0.000485443 0.516379 0.00071342 
202 77.9155 0.209698 6269.21 35.9119 0.717773 0.000601254 0.517167 0.000890489 
203 78.1373 0.167165 6302.41 28.2486 0.717424 0.000511585 0.516649 0.000751863 
204 78.625 0.178719 6380.93 30.9605 0.717618 0.000537175 0.516913 0.00079217 
205 79.0114 0.194308 6441.43 33.3597 0.717636 0.000545769 0.516929 0.00080134 
206 79.4229 0.187788 6507.87 32.7571 0.717627 0.000537765 0.516903 0.000790975 
207 79.8741 0.195955 6581.83 34.2984 0.717659 0.000533844 0.516942 0.000786193 
208 80.3189 0.171866 6655.56 30.5534 0.717723 0.00049719 0.517027 0.000729574 
209 80.7336 0.195023 6723.39 34.3955 0.717799 0.000484163 0.517134 0.000710503 
210 81.3893 0.286784 6836.46 52.33 0.718319 0.000600896 0.517887 0.000874869 
211 81.7424 0.214097 6892.34 38.9519 0.718392 0.000620193 0.517982 0.000908947 
212 82.4031 0.355863 7008.95 66.3673 0.718837 0.000640143 0.518621 0.000934266 
213 82.7184 0.261802 7057.69 47.214 0.71867 0.000712801 0.518359 0.00104844 
214 83.3699 0.343929 7173.45 64.5946 0.719382 0.00071848 0.519402 0.00106673 
215 83.5337 0.222466 7195.02 41.0979 0.718872 0.000548277 0.518636 0.000810573 
216 84.7114 0.684494 7412.31 132.238 0.720065 0.000878196 0.520349 0.00126161 
217 84.4014 0.250134 7342.73 46.7006 0.719197 0.000673665 0.519102 0.000995883 
218 84.956 0.328776 7440.5 62.372 0.719539 0.000847091 0.519599 0.00125013 
219 85.2211 0.272474 7485.21 52.351 0.71924 0.000693798 0.519143 0.00103066 
220 85.9265 0.390366 7612.27 75.9039 0.719992 0.0009724 0.520242 0.00144473 
221 86.241 0.290151 7665.74 56.8141 0.719885 0.00072105 0.520062 0.00107445 
222 86.7824 0.39422 7763.52 78.7754 0.720285 0.000983473 0.520647 0.00146478 
223 87.1645 0.286063 7828.16 56.666 0.720346 0.000752676 0.520722 0.00111135 
224 87.7953 0.397813 7945.08 80.9068 0.720688 0.00092852 0.521224 0.00138961 
225 88.1376 0.318545 8001.83 60.8227 0.720638 0.000876285 0.521122 0.00129396 
226 88.7461 0.389914 8116.66 78.1152 0.720958 0.000934366 0.521594 0.00138814 
227 88.9992 0.270975 8157.28 52.7098 0.720816 0.000639395 0.521363 0.000944525 
228 89.4683 0.358379 8247.33 74.5006 0.720929 0.000806926 0.521535 0.00120693 
229 89.764 0.332453 8297.09 64.0995 0.720657 0.000605098 0.521107 0.000879435 
230 90.3911 0.371514 8416.59 74.84 0.721223 0.00076692 0.521954 0.00114531 
231 90.6662 0.361351 8463.38 70.8823 0.720929 0.000658392 0.521493 0.00095725 
232 91.1094 0.338282 8547.24 67.5392 0.72105 0.000639709 0.52168 0.000938035 
233 91.3535 0.305053 8586.51 60.5042 0.720577 0.000499589 0.520947 0.000731349 
234 91.8009 0.287041 8669.28 56.0312 0.720792 0.000557553 0.52127 0.000807899 
235 92.0804 0.272904 8720 54.2737 0.720525 0.000533043 0.520859 0.00077613 
236 92.6387 0.253348 8824.21 50.3607 0.720936 0.000532723 0.521452 0.000780719 
237 92.9264 0.223563 8876.92 45.4109 0.720704 0.00055016 0.521105 0.000805338 
238 93.4554 0.255351 8979.13 51.9454 0.720908 0.00057733 0.521392 0.000847536 
239 93.776 0.208164 9038.02 41.7329 0.720784 0.000523519 0.5212 0.000766343 
240 94.3112 0.228916 9140.32 46.7266 0.721108 0.000517402 0.521667 0.000758857 
241 94.6512 0.228968 9204.92 47.3688 0.720942 0.000550254 0.521423 0.000805497 
242 95.2414 0.215792 9317.97 45.1211 0.721413 0.000497757 0.522084 0.000728877 
243 95.6293 0.223988 9394.23 46.7999 0.721271 0.000589127 0.521879 0.000856248 
244 96.0986 0.212243 9484.01 44.4528 0.721486 0.000521486 0.522175 0.000758617 
245 96.5112 0.227249 9565.51 46.8202 0.721598 0.000576047 0.52234 0.000837508 
246 96.9822 0.235193 9658.24 48.5072 0.721675 0.00059183 0.522443 0.000862633 
247 97.3477 0.239828 9730.93 49.4416 0.721614 0.000597544 0.522351 0.000871476 
248 97.9076 0.23845 9841.66 50.279 0.721835 0.000547057 0.52266 0.00079922 
249 98.3248 0.247187 9924.41 51.8529 0.721941 0.000606187 0.522806 0.00088565 
250 98.825 0.265461 10024.9 56.4433 0.722012 0.000594043 0.522894 0.000869431 
251 99.3154 0.246034 10124.7 52.1974 0.722275 0.000597255 0.523278 0.000873635 
252 100.036 0.361332 10274.7 78.1439 0.722762 0.000680753 0.523976 0.00100568 
253 100.26 0.255056 10317.9 56.0776 0.722754 0.00063874 0.523984 0.000938535 
254 100.565 0.245522 10375 52.1548 0.722444 0.000577993 0.523491 0.000848153 
255 100.912 0.233357 10447.2 49.9034 0.72261 0.00057642 0.523742 0.000847311 
256 101.351 0.25708 10536.5 55.5125 0.722528 0.000590061 0.523609 0.000865339 
257 101.87 0.241413 10643.1 52.1595 0.722664 0.000567917 0.523794 0.000831482 
258 102.33 0.241322 10738.5 52.6092 0.722955 0.000595448 0.52422 0.000875252 
259 103.027 0.376206 10887 82.9472 0.723489 0.000705862 0.524983 0.00103078 
260 103.423 0.315002 10969 69.6635 0.723478 0.000750722 0.524979 0.00110784 
261 103.72 0.30231 11028.6 67.3559 0.723382 0.00074907 0.524833 0.00109998 
262 104.396 0.443574 11175.7 100.224 0.723934 0.00106838 0.525652 0.00158135 
263 104.734 0.263297 11244.1 58.0919 0.723673 0.000629839 0.525228 0.000920129 
264 105.261 0.337873 11356.3 75.0897 0.723929 0.000620609 0.525603 0.000908875 
265 105.483 0.273265 11402.4 61.0551 0.723686 0.000644863 0.525238 0.000945168 
266 106.018 0.31793 11518.7 72.8323 0.723909 0.000670505 0.525563 0.000981781 
267 106.404 0.275218 11601.7 62.1187 0.723879 0.000673384 0.525517 0.000988252 
268 106.952 0.271415 11719.7 60.4093 0.7241 0.000662191 0.52583 0.000967711 
269 107.393 0.295982 11817.3 67.4758 0.724029 0.000738731 0.525726 0.00107888 
270 107.828 0.292941 11911 67.7504 0.724039 0.000676203 0.525731 0.000987595 
271 108.278 0.294929 12008.7 65.455 0.724355 0.000782378 0.526184 0.00114221 
272 108.713 0.283041 12100.7 67.3109 0.723863 0.000969521 0.525465 0.00140934 
273 109.239 0.347195 12220.4 76.3261 0.724855 0.000778222 0.526899 0.00113289 
274 109.762 0.333518 12337.5 76.3115 0.724933 0.000704845 0.526998 0.00103599 
275 110.248 0.390784 12446 88.2355 0.725109 0.000814343 0.52726 0.00118213 
276 110.665 0.316442 12540.6 74.1341 0.725 0.000658364 0.52709 0.000965832 
277 110.907 0.332963 12593.5 76.3539 0.72487 0.000731401 0.526902 0.00107191 
278 111.377 0.291807 12701.7 68.4565 0.724929 0.000604113 0.526987 0.000889159 
279 111.691 0.303769 12772.6 71.3323 0.724682 0.00064233 0.526626 0.000941868 
280 112.336 0.330933 12921.9 78.9208 0.725188 0.000718229 0.527366 0.00106159 
281 112.57 0.286133 12971 68.3765 0.724609 0.0006086 0.526497 0.000894961 
282 112.995 0.276602 13066.4 66.3523 0.72486 0.000572894 0.52685 0.000843344 
283 113.369 0.303964 13150.2 72.9562 0.724734 0.00061137 0.526658 0.000896699 
284 113.986 0.290905 13292.8 68.2559 0.725337 0.000563637 0.527527 0.000829144 
285 114.3 0.351302 13365.6 85.4528 0.725016 0.000656067 0.527065 0.000969768 
286 114.851 0.289737 13493.2 70.2196 0.725414 0.00058325 0.527638 0.00085766 
287 115.203 0.292654 13572.3 70.3584 0.725203 0.000610989 0.527316 0.000897032 
288 115.711 0.29529 13691.2 71.1754 0.72538 0.000608105 0.527565 0.000894619 
289 116.096 0.324 13779.6 78.1452 0.725156 0.000690865 0.527224 0.00100024 
290 116.611 0.284339 13902.3 70.0684 0.725417 0.000575629 0.527601 0.000845877 
291 116.906 0.276933 13969 67.5063 0.725059 0.000565554 0.527068 0.000827573 
292 117.619 0.334901 14143.5 82.6944 0.725673 0.000618535 0.527958 0.000904499 
293 117.92 0.318541 14211.4 76.6113 0.725435 0.000599649 0.527603 0.00087633 
294 118.476 0.364707 14348.1 89.4845 0.725758 0.000603328 0.528073 0.000878403 
295 118.787 0.318641 14419.5 77.8784 0.725565 0.000595309 0.527785 0.000871751 
296 119.259 0.403657 14535.9 100.656 0.725727 0.000650187 0.528023 0.000948908 
297 119.628 0.337502 14622 83.7029 0.72571 0.00064897 0.527991 0.000951569 
298 120.109 0.275496 14739.4 69.2172 0.725818 0.000560299 0.528147 0.000822279 
299 120.784 0.320317 14907 78.961 0.726264 0.000694477 0.528799 0.00100762 
300 121.106 0.285393 14982.7 72.8617 0.726069 0.000612812 0.528509 0.000898424 
301 121.709 0.308651 15131.5 78.3731 0.726491 0.000695565 0.529129 0.00101927 
302 122.093 0.29201 15224.7 74.9818 0.72641 0.000583309 0.528996 0.000852002 
303 122.557 0.316047 15340 81.3956 0.726503 0.000679447 0.529126 0.000996697 
304 123.025 0.349792 15458 89.1929 0.726596 0.000714454 0.529257 0.00105107 
305 123.392 0.363059 15548.9 93.4956 0.726556 0.000646779 0.529202 0.000954512 
306 123.942 0.300724 15687.3 78.7664 0.726772 0.000618598 0.529506 0.000912132 
307 124.356 0.326384 15789.1 84.8343 0.726782 0.000576262 0.529511 0.000848758 
308 124.817 0.321178 15909.9 82.2788 0.726979 0.000574403 0.529805 0.000847171 
309 125.384 0.321541 16053.6 81.4583 0.727162 0.000608527 0.530061 0.000895437 
310 125.621 0.334603 16114.6 85.1287 0.726835 0.00060076 0.529582 0.000877298 
311 126.074 0.33823 16228.7 87.5537 0.726807 0.000642671 0.529533 0.000942591 
312 126.414 0.272708 16315.7 72.8958 0.726695 0.000526627 0.529376 0.00077491 
313 126.856 0.318627 16425.3 82.8941 0.726706 0.000552903 0.529366 0.000812995 
314 127.173 0.290506 16505.5 77.194 0.726652 0.000554109 0.529295 0.00080967 
315 127.8 0.293577 16673.3 78.2569 0.727044 0.000553259 0.529871 0.000812115 
316 128.152 0.293464 16760.4 78.6285 0.726894 0.000535472 0.529647 0.000787242 
317 128.794 0.356395 16930.8 94.7609 0.727446 0.000609658 0.530443 0.000892657 
318 129.304 0.307098 17062.5 82.7711 0.727523 0.000584645 0.530562 0.00086224 
319 129.703 0.361988 17167.9 97.2475 0.727622 0.000635334 0.530701 0.000929327 
320 130.417 0.362488 17361.9 99.4705 0.728126 0.000678321 0.531463 0.00100445 
321 131.069 0.587331 17537.6 163.742 0.728521 0.00110355 0.532034 0.00164624 
322 131.43 0.396321 17636.9 112.786 0.728419 0.0006975 0.531889 0.0010385 
323 131.679 0.416235 17699.9 111.44 0.727974 0.000642443 0.5312 0.00094768 
324 132.374 0.485737 17890.6 137.758 0.72845 0.000856112 0.531915 0.00126892 
325 132.837 0.571502 18024.8 169.469 0.728307 0.000784851 0.531691 0.0011612 
326 133.137 0.466131 18088.4 129.652 0.728335 0.000842517 0.53172 0.00124245 
327 133.158 0.327496 18087.4 90.4708 0.727698 0.000574394 0.530764 0.000840306 
328 133.753 0.447251 18248.7 122.128 0.727961 0.000748923 0.531153 0.00109035 
329 134.048 0.358078 18330.2 100.342 0.727796 0.000602501 0.530909 0.000885602 
330 134.639 0.388178 18497.4 113.509 0.728332 0.000642656 0.531714 0.000959754 
331 135.013 0.38716 18596.3 111.462 0.728393 0.000628232 0.531793 0.000930411 
332 135.524 0.421802 18739.9 124.57 0.728715 0.000730913 0.532281 0.00109529 
333 135.839 0.391991 18818.6 112.097 0.728337 0.000659973 0.531694 0.000972787 
334 136.546 0.430072 19024.3 131.977 0.729051 0.000747428 0.532765 0.00113256 
335 136.808 0.397882 19087.2 118.671 0.72849 0.000661047 0.531913 0.000983944 
336 137.798 0.600985 19385 188.039 0.729606 0.00102872 0.533606 0.001568 
337 137.609 0.470768 19314.4 142.069 0.728412 0.00075812 0.531797 0.0011305 
338 138.728 0.819275 19657 262.762 0.729683 0.00134332 0.533733 0.00205204 
339 138.701 0.470485 19624.5 142.9 0.728865 0.000752279 0.532462 0.00112159 
340 140.023 0.905684 20041.1 296.199 0.730358 0.00143397 0.53476 0.00219581 
341 139.509 0.5013 19851.6 157.56 0.728627 0.000793249 0.532104 0.00119454 
342 140.444 0.59595 20133.7 192.227 0.72953 0.000945166 0.533461 0.00143673 
343 140.478 0.611767 20125.3 194.767 0.728846 0.000965669 0.532413 0.00145322 
344 141.202 0.67157 20337.8 217.248 0.729394 0.00103734 0.533224 0.00156946 
345 141.692 0.727923 20478.9 236.256 0.729333 0.00108395 0.533126 0.00163987 
346 142.281 0.925268 20663.5 304.67 0.729851 0.00139995 0.533928 0.00213006 
347 142.578 0.789269 20740.5 252.739 0.729554 0.00114512 0.533468 0.00172343 
348 143.433 0.962087 21000.2 318.025 0.730304 0.00141953 0.534592 0.00214163 
349 143.639 0.855489 21069.6 282.63 0.729719 0.00126886 0.533754 0.00192452 
350 144.38 1.06169 21286 354.694 0.730512 0.00154304 0.534913 0.00233892 
351 144.671 1.14687 21371.6 384.861 0.730151 0.00164774 0.534376 0.00250107 
352 145.419 1.094 21602.7 372.503 0.730714 0.00150781 0.535215 0.00229008 
353 145.701 1.4913 21694.3 505.25 0.730463 0.00206255 0.534866 0.00313928 
354 146.517 1.41289 21942.6 482.646 0.731158 0.00198286 0.535895 0.00302521 
355 146.758 1.51683 22012.2 516.902 0.730746 0.00207248 0.535279 0.00315533 
356 147.717 1.59042 22305.5 547.439 0.731586 0.00220171 0.536523 0.00335975 
357 147.858 1.71172 22352.1 589.632 0.731301 0.00228747 0.536109 0.00348397 
358 148.984 2.3067 22718.7 806.307 0.732246 0.0030603 0.537537 0.0046766 
359 148.779 1.66956 22624 582.06 0.73132 0.00218371 0.53612 0.00332847 
360 149.551 1.77572 22864.3 624.449 0.732004 0.00230474 0.537133 0.00352367 
361 149.702 1.4594 22901.6 509.323 0.731358 0.00192873 0.536173 0.00293739 
362 150.334 1.84993 23118.6 660.585 0.731619 0.00247617 0.53659 0.0037939 
363 149.914 1.06034 22940.6 370.208 0.730514 0.00144616 0.534873 0.00219316 
364 151.196 1.72689 23381.2 621.891 0.731707 0.002277 0.536698 0.00348604 
365 150.849 0.940105 23216.2 319.454 0.730676 0.00135149 0.535086 0.00201945 
366 152.285 1.6178 23718.1 585.856 0.731982 0.00211868 0.53709 0.00323423 
367 152.055 1.05929 23583.7 352.593 0.731135 0.00159118 0.535736 0.00237159 
368 153.045 1.43981 23927.5 499.329 0.7319 0.00190877 0.536908 0.00286639 
369 153.45 1.50494 24023.5 506.443 0.731913 0.00218275 0.536888 0.00326886 
370 154.042 1.58025 24226.9 534.998 0.732186 0.00221953 0.537313 0.00332212 
371 156.004 2.67143 24879 921.53 0.734098 0.00362762 0.540177 0.00545947 
372 155.614 2.31936 24740.4 797.334 0.733136 0.00315728 0.538746 0.00474104 
373 159.143 4.49723 25958.8 1572.02 0.737104 0.00586702 0.544714 0.00884868 
374 157.35 3.028 25325.5 1057.79 0.734166 0.00402479 0.540302 0.00605497 
375 161.385 5.69591 26739.3 2009.12 0.738776 0.00728429 0.54724 0.0109891 
376 159.42 3.66425 26031.9 1297.2 0.735679 0.0047504 0.542581 0.0071718 
377 165.244 7.35443 28113.2 2640.15 0.742262 0.00915333 0.552528 0.0138499 
378 159.307 2.86564 25961.4 1018.57 0.734532 0.00357898 0.540825 0.00538246 
379 163.474 5.60434 27465 2015.3 0.738813 0.00678667 0.547295 0.0102332 
380 160.673 3.20118 26428.7 1147.78 0.735164 0.00396396 0.541783 0.00596768 
381 163.558 4.95997 27451.5 1798.12 0.73787 0.0058995 0.545823 0.00889127 
382 160.938 2.51906 26476.8 907.002 0.734507 0.00312517 0.540743 0.00469459 
383 162.248 3.46493 26951.5 1259.53 0.735235 0.00415353 0.541853 0.00624592 
384 162.01 2.42154 26852 886.155 0.734724 0.00295613 0.541072 0.00445315 
385 163.304 3.26773 27312.2 1203.77 0.735645 0.00379006 0.542445 0.0057067 
386 162.959 1.81752 27181.6 684.511 0.734718 0.00206475 0.541066 0.00312367 
387 162.19 1.7534 26849 641.81 0.73344 0.00215197 0.539088 0.00322543 
388 161.87 1.13723 26728.4 428.174 0.732718 0.00133091 0.538026 0.00200468 
389 161.244 0.720024 26455 246.132 0.731624 0.00113061 0.536348 0.0016771 
390 161.862 0.675446 26652.7 232.094 0.732038 0.000947368 0.536938 0.00140335 
391 161.765 0.583143 26597.6 194.694 0.731435 0.000896992 0.536027 0.00132804 
392 162.17 0.624415 26733.4 211.787 0.731377 0.000991567 0.535943 0.00147295 
393 162.694 0.59702 26906.5 202.584 0.73156 0.00090331 0.53621 0.00134273 
394 163.296 0.630944 27104.5 218.046 0.731728 0.000943906 0.536452 0.00140829 
395 163.57 0.611653 27203.2 208.417 0.731641 0.000957157 0.53634 0.00142141 
396 164.08 0.64419 27375.3 222.172 0.73171 0.0010095 0.536439 0.00150841 
397 164.415 0.634667 27476.2 217.374 0.731847 0.000993975 0.53663 0.00147748 
398 165.02 0.589438 27680.6 203.034 0.731902 0.000914367 0.536702 0.00135952 
399 165.335 0.593342 27782.9 204.242 0.731912 0.000902501 0.53671 0.00133958 
400 165.855 0.566507 27958.2 198.837 0.731923 0.000925785 0.536732 0.00138013 
401 166.471 0.660946 28165 230.844 0.73222 0.001068 0.537168 0.00158949 
402 167.146 0.63319 28399.8 219.894 0.732421 0.000892353 0.537449 0.00132106 
403 167.505 0.719103 28514 251.09 0.732306 0.001161 0.537276 0.00173319 
404 167.883 0.787187 28648.2 282.151 0.732468 0.00128142 0.53751 0.00191491 
405 168.309 0.719217 28788 255.45 0.732491 0.00118571 0.537545 0.00176811 
406 169.005 0.640177 29027.5 222.431 0.732535 0.000855206 0.537596 0.00127103 
407 168.85 0.605837 28968 218.739 0.732042 0.000992035 0.536887 0.00148535 
408 169.55 0.771307 29205.7 279.395 0.732271 0.00121912 0.537216 0.0018254 
409 169.723 0.53883 29256.7 194.591 0.73215 0.000937328 0.537032 0.00140079 
410 170.494 0.693234 29532.1 253.019 0.732285 0.00112129 0.537238 0.0016762 
411 170.757 0.538636 29619.2 189.585 0.732287 0.000787099 0.537235 0.00116309 
412 171.288 0.581278 29794.2 214.186 0.73206 0.00103315 0.536876 0.00154515 
413 171.675 0.550511 29925 193.504 0.732107 0.000775528 0.53694 0.00114797 
414 172.409 0.664602 30187.2 233.808 0.732219 0.000902711 0.537101 0.00135019 
415 172.58 0.569226 30240.5 200.94 0.732497 0.000808397 0.537527 0.00119408 
416 173.106 0.574413 30426.2 203.894 0.73269 0.000823526 0.537793 0.00121943 
417 173.556 0.541694 30578.3 192.2 0.732644 0.000737177 0.537723 0.001087 
418 174.043 0.580539 30751.1 206.925 0.732672 0.000749517 0.537754 0.0011049 
419 174.519 0.590409 30915.2 210.883 0.732799 0.000758247 0.53794 0.00111786 
420 175.124 0.56844 31129.5 204.285 0.73304 0.000766008 0.538288 0.001129 
421 175.317 0.582369 31196.5 209.954 0.732569 0.000762623 0.537592 0.00112418 
422 176.055 0.643546 31464.1 232.893 0.733087 0.000806671 0.538357 0.00118869 
423 176.497 0.552412 31610.9 200.13 0.732906 0.000730442 0.538071 0.00107802 
424 177.013 0.649584 31807.5 236.325 0.733145 0.00083191 0.538441 0.00122743 
425 177.436 0.583548 31949.6 212.005 0.73296 0.000738583 0.538146 0.00108917 
426 178.237 0.673167 32244.5 247.288 0.73363 0.000854319 0.539142 0.00126394 
427 178.632 0.66279 32384 242.834 0.733374 0.00083044 0.53876 0.00122455 
428 179.584 0.743826 32736.5 273.568 0.733991 0.00089995 0.539668 0.00132721 
429 179.434 0.699544 32679.6 257.337 0.733388 0.000888093 0.538783 0.00130988 
430 180.43 0.813483 33042.9 299.933 0.733921 0.00104007 0.539562 0.00152988 
431 180.378 0.748458 33021.4 277.412 0.733416 0.000911077 0.538822 0.00134512 
432 181.002 0.808863 33248 300.8 0.733646 0.00096492 0.539147 0.00141738 
433 181.485 0.760486 33433 284.684 0.733615 0.000907195 0.539105 0.00133901 
434 182.2 0.902026 33691.6 333.909 0.733806 0.00105157 0.539382 0.00154007 
435 182.426 0.883027 33774.1 326.391 0.733789 0.00104901 0.539357 0.00154364 
436 183.127 1.09946 34029.8 406.428 0.734149 0.00116556 0.539876 0.00171061 
437 183.447 0.990365 34152.5 365.462 0.733981 0.00107191 0.539642 0.00157758 
438 184.217 1.23867 34438.2 457.419 0.734396 0.0013174 0.540246 0.00192252 
439 184.37 1.01723 34496.5 374.646 0.734232 0.00115215 0.540011 0.00169196 
440 185.729 1.60779 35005.3 600.071 0.735241 0.00177122 0.541492 0.0025954 
441 185.977 1.21758 35101 449.773 0.735115 0.00131792 0.541321 0.00192733 
442 187.187 1.64179 35565.7 614.141 0.735851 0.00172345 0.542388 0.0025127 
443 187.235 1.42859 35573.3 530.698 0.735408 0.00148693 0.541729 0.00216774 
444 188.381 1.99537 36012.6 749.912 0.736046 0.00190204 0.542661 0.00276267 
445 188.709 1.81566 36139.4 684.392 0.736014 0.0018456 0.542635 0.00269094 
446 190.1 2.40427 36672.4 913.222 0.736663 0.00207622 0.543557 0.00301164 
447 190.193 2.00857 36717.9 763.307 0.736373 0.00191363 0.543155 0.00278381 
448 191.648 2.55405 37276.7 978.913 0.737414 0.00216348 0.544657 0.00314054 
449 191.199 2.28631 37099.1 875.418 0.736515 0.00200125 0.543336 0.00290088 
450 193.252 2.60397 37901.6 1006.15 0.737951 0.00216137 0.545439 0.00314034 
451 192.536 2.92723 37618.1 1132.03 0.736702 0.00240554 0.543602 0.00348435 
452 195.337 2.94252 38734.9 1149.52 0.738812 0.00232301 0.546707 0.00337096 
453 194.026 2.85228 38207 1117.87 0.737115 0.00233429 0.544204 0.0033935 
454 196.581 3.44318 39223.8 1354.02 0.739171 0.00264319 0.547216 0.003841 
455 195.183 2.99347 38663.8 1183.85 0.737406 0.00235403 0.544611 0.00342513 
456 198.64 4.24097 40044.9 1684.17 0.740074 0.00311904 0.54852 0.0045299 
457 197.27 3.31503 39499.3 1324.68 0.738381 0.00254461 0.546039 0.0037053 
458 200.851 4.31353 40952.8 1735.74 0.740854 0.00317427 0.549662 0.00462472 
459 198.765 3.61895 40104.2 1451.69 0.738886 0.00282023 0.546782 0.00411258 
460 202.56 4.4029 41640.9 1779.69 0.741586 0.00333207 0.55073 0.00486253 
461 200.359 4.20314 40754.5 1700.96 0.739271 0.00326268 0.547357 0.00476042 
462 205.404 5.02297 42823.1 2052.78 0.743496 0.00371146 0.553557 0.00543025 
463 201.868 4.28821 41378.9 1748.86 0.740076 0.00326003 0.548552 0.00476463 
464 207.518 5.57505 43710.7 2296.41 0.744538 0.00422686 0.555111 0.00619735 
465 203.608 4.69416 42102.7 1931.3 0.740797 0.00356024 0.549619 0.00521438 
466 209.455 5.69936 44523.2 2367.77 0.745733 0.00439139 0.556885 0.00645655 
467 205.538 5.1026 42911.7 2119.63 0.741327 0.00381234 0.550399 0.00558395 
468 211.014 5.37849 45221.7 2256.87 0.74587 0.00411121 0.557112 0.00605122 
469 206.955 5.53678 43515.1 2321.5 0.741282 0.00400927 0.550323 0.00587516 
470 210.712 6.14412 45108.8 2593.31 0.743935 0.0043054 0.554214 0.00631933 
471 207.79 5.82223 43877.6 2463.82 0.740594 0.004284 0.549294 0.00628537 
472 213.168 6.40063 46190.4 2729.52 0.744691 0.00438583 0.555333 0.00644295 
473 208.801 5.64447 44319.3 2416.02 0.740713 0.00425445 0.549498 0.00625962 
474 214.203 6.57199 46674.2 2832.69 0.745225 0.00457809 0.556149 0.0067476 
475 209.47 5.56501 44629.8 2398.41 0.741588 0.0038946 0.550786 0.00573214 
476 213.231 6.86004 46288.8 2999.63 0.743845 0.00480897 0.554143 0.0071114 
477 209.265 5.46465 44561.1 2395.85 0.740671 0.00381372 0.549455 0.00563473 
478 212.655 6.87839 46078.1 3027.71 0.742752 0.00492439 0.552556 0.0072908 
479 207.026 4.8488 43574 2134.73 0.738658 0.00358518 0.546478 0.00530845 
480 208.579 5.21754 44279.9 2324.68 0.739571 0.00386846 0.547867 0.00574346 
481 205.055 1.73243 42683.4 761.92 0.73701 0.0015007 0.544062 0.00224367 
482 206.147 2.47656 43173.8 1103.97 0.737351 0.00211116 0.544575 0.00313698 
483 204.207 1.04265 42284 443.085 0.735527 0.000997412 0.541859 0.00148481 
484 204.714 1.02314 42502.8 443.215 0.735646 0.000987633 0.542028 0.00147066 
485 204.984 0.882941 42595.2 379.889 0.73548 0.00091924 0.541773 0.00136714 
486 205.663 0.861474 42881.2 377.423 0.73567 0.000928983 0.542048 0.00137885 
487 205.539 0.898954 42820.7 387.651 0.735002 0.000968635 0.541061 0.0014366 
488 206.383 0.909714 43185.8 392.034 0.735463 0.00101777 0.541751 0.00150803 
489 206.751 0.830649 43329.8 357.311 0.735431 0.000916705 0.541695 0.00136045 
490 207.627 0.86615 43699.5 375.77 0.735826 0.000950552 0.542275 0.00141271 
491 207.857 0.934697 43793.9 404.569 0.735668 0.000960371 0.54205 0.00142801 
492 208.848 0.970222 44219.8 421.937 0.736384 0.00102188 0.543109 0.00152054 
493 208.995 0.924088 44280.2 402.97 0.736023 0.00101521 0.542588 0.00150729 
494 209.672 1.10501 44575 486.716 0.736275 0.00122175 0.542953 0.00182452 
495 210.043 1.19486 44725.6 525.08 0.736315 0.00122283 0.543013 0.00182104 
496 210.789 1.25928 45041.8 557.783 0.736521 0.00127758 0.543306 0.00190672 
497 211.916 1.32674 45531.9 592.245 0.737507 0.00133332 0.544788 0.00198838 
498 211.885 1.30345 45510.4 577.244 0.736796 0.00130109 0.543724 0.00193877 
499 212.644 1.3996 45843 626.761 0.737382 0.00120661 0.544589 0.00179989 
500 213.308 1.44932 46141.7 639.771 0.737527 0.00134794 0.544811 0.00200365 
501 213.297 1.64454 46120.1 734.945 0.736959 0.00146601 0.543949 0.00218668 
502 214.047 1.59291 46446.5 707.303 0.737361 0.00140022 0.544543 0.00208024 
503 214.009 1.69709 46428.5 768.943 0.736823 0.00149133 0.543745 0.00223119 
504 214.772 1.62893 46758.8 731.738 0.737078 0.00141222 0.544121 0.00210477 
505 214.623 1.44145 46695.6 670.529 0.736383 0.00128816 0.543104 0.00193929 
506 215.476 1.39625 47072.6 648.041 0.736889 0.00117635 0.543848 0.00176328 
507 215.218 1.27061 46942.5 580.979 0.736406 0.00124823 0.543127 0.0018626 
508 215.989 1.23539 47287.4 565.351 0.736919 0.00119718 0.5439 0.00178834 
509 215.731 1.0981 47156.7 516.539 0.736109 0.00105909 0.542682 0.00158795 
510 216.585 1.30623 47538.2 596.241 0.736438 0.00129017 0.543181 0.00191714 
511 217.086 1.16878 47744.9 536.163 0.736789 0.00110383 0.543679 0.00164431 
512 217.492 1.04414 47931.3 489.655 0.736795 0.00101722 0.543704 0.00150805 
513 217.71 1.06757 48018.9 485.301 0.736649 0.00106193 0.543479 0.00157168 
514 218.603 1.03848 48415.3 486.955 0.737285 0.00099747 0.544416 0.00149415 
515 218.533 1.02876 48386.2 482.088 0.736671 0.00105202 0.543515 0.00155531 
516 219.288 1.05986 48717.3 496.261 0.737131 0.0010464 0.544183 0.00155227 
517 219.519 1.11663 48809.4 519.33 0.736958 0.00110293 0.543918 0.00163622 
518 220.075 1.23385 49070.2 582.692 0.736962 0.00111965 0.543932 0.0016767 
519 220.179 1.17571 49101.8 547.056 0.736917 0.00117058 0.543862 0.00173923 
520 220.648 1.17142 49315.2 542.949 0.736752 0.00110203 0.543604 0.00163505 
521 221.111 1.12828 49507.6 521.886 0.737212 0.00115219 0.544287 0.00170563 
522 221.601 1.18314 49744.3 549.358 0.737053 0.00106963 0.544064 0.00158679 
523 221.937 1.1943 49870.8 559.464 0.736751 0.00114049 0.543585 0.00169577 
524 222.243 1.16173 50023.8 540.9 0.736684 0.00105973 0.543505 0.00157105 
525 222.946 1.31596 50332.5 613.545 0.736937 0.00124536 0.543866 0.00184576 
526 223.208 1.1138 50446.6 516.615 0.736709 0.00111075 0.543521 0.00164508 
527 223.942 1.09328 50776.4 524.459 0.737267 0.00105622 0.544352 0.00156735 
528 224.348 1.12023 50953.8 535.364 0.737062 0.00111908 0.544037 0.00165751 
529 224.791 1.0521 51154.5 506.823 0.737213 0.00104467 0.544262 0.00154817 
530 225.081 1.15912 51282.3 539.97 0.736956 0.00109372 0.543871 0.00161855 
531 225.587 1.24212 51518.8 593.162 0.737437 0.00115043 0.544591 0.00171427 
532 226 1.06513 51707.7 504.805 0.737215 0.00100554 0.544254 0.00149024 
533 226.454 1.13493 51906 552.632 0.737251 0.00110236 0.5443 0.00163045 
534 227.004 1.14138 52168.1 560.58 0.737243 0.00106921 0.544293 0.00158394 
535 227.392 1.28452 52340.8 618.089 0.737489 0.0011875 0.544652 0.0017663 
536 227.899 1.00888 52574 501.869 0.737411 0.000997811 0.544536 0.00149412 
537 227.977 1.26219 52605.4 609.087 0.736934 0.00114635 0.543827 0.00170627 
538 228.519 1.06597 52853.1 507.934 0.737063 0.00102437 0.544015 0.00151824 
539 228.978 1.02621 53065.4 502.725 0.737176 0.000990691 0.544187 0.00147846 
540 229.425 1.08794 53275.9 527.387 0.737413 0.00105962 0.544549 0.00157254 
541 230.101 1.40739 53589.8 683.478 0.737777 0.00130414 0.545083 0.00194471 
542 230.71 1.22458 53865.8 592.89 0.737743 0.00120035 0.545028 0.00178547 
543 231.1 1.48174 54048.9 725.168 0.737944 0.00139996 0.545328 0.00209274 
544 231.595 1.1806 54287.7 567.714 0.73774 0.00112047 0.54502 0.00166627 
545 231.942 1.35355 54459 665.25 0.737915 0.00131073 0.545291 0.00196389 
546 232.437 1.09826 54677.2 529.576 0.737894 0.00107105 0.545238 0.00159113 
547 232.831 1.30719 54869.8 639.179 0.737781 0.00119729 0.545076 0.00179084 
548 233.246 1.28577 55052.5 620.831 0.737834 0.00121822 0.54515 0.0018011 
549 233.319 1.28241 55084.2 628.674 0.737555 0.0011416 0.544737 0.00169853 
550 234.09 1.34329 55445 643.281 0.738105 0.00121299 0.545548 0.00179899 
551 234.583 1.26277 55690.4 624.857 0.737738 0.00112401 0.545009 0.00167769 
552 234.964 1.64019 55858.9 795.348 0.737743 0.00158545 0.544999 0.00235041 
553 235.394 1.4935 56054.8 736.275 0.737663 0.00132425 0.544875 0.00197167 
554 235.704 1.63611 56212 798.678 0.737954 0.00165504 0.545317 0.00244677 
555 236.553 1.54011 56624.1 772.102 0.737853 0.00134347 0.545169 0.00199451 
556 236.564 1.2194 56620 616.724 0.737614 0.00113414 0.544809 0.00168798 
557 237.366 1.63889 57004.3 816.825 0.737904 0.00141719 0.545232 0.00210964 
558 238.015 1.28941 57310.6 655.295 0.738116 0.00113298 0.545542 0.00168838 
559 238.367 1.43387 57479.5 724.097 0.737986 0.00117831 0.545345 0.00176231 
560 238.75 1.46865 57670.7 725.589 0.738138 0.0013473 0.545574 0.0019998 
561 239.439 1.65859 57993.5 826.905 0.738299 0.0014245 0.545806 0.00211788 
562 239.071 1.42564 57817.9 727.329 0.737723 0.00111574 0.544961 0.00166388 
563 239.672 1.76952 58096.4 894.742 0.737822 0.00151695 0.545095 0.00226373 
564 239.839 1.61259 58186.4 817.469 0.737581 0.00122489 0.544746 0.00182507 
565 240.706 1.71946 58606.8 875.687 0.73795 0.00127702 0.545292 0.00191141 
566 241.257 1.6807 58874.8 850.346 0.737821 0.00122377 0.54509 0.00181893 
567 241.692 1.73214 59094.1 880.963 0.73789 0.00135077 0.545199 0.00201489 
568 242.576 1.63583 59542.9 842.661 0.738253 0.00123884 0.545744 0.00184838 
569 242.95 1.58036 59714.2 812.187 0.738274 0.00123649 0.54576 0.00184696 
570 243.539 1.66445 60006.8 851.155 0.738284 0.00115926 0.545773 0.00171312 
571 243.662 1.50063 60032.1 766.121 0.738372 0.00113455 0.545877 0.00168723 
572 244.618 1.67595 60519.4 858.12 0.738149 0.00118636 0.545559 0.00175457 
573 245.032 1.69184 60705.3 867.476 0.738498 0.00134111 0.546072 0.00199644 
574 245.423 1.84587 60917.6 962.531 0.738284 0.00124518 0.545758 0.00185304 
575 245.482 1.55939 60934 815.665 0.738184 0.00106354 0.545599 0.00158897 
576 246.611 1.74014 61517.4 913.763 0.738419 0.00105006 0.545954 0.00156958 
577 247.198 1.68635 61785.2 878.211 0.738603 0.0010708 0.546207 0.00159103 
578 247.422 1.53675 61906.5 809.112 0.738223 0.00120386 0.545651 0.00178629 
579 248.308 1.87225 62343.4 957.624 0.738483 0.00115745 0.546032 0.00171597 
580 248.088 1.58893 62237.6 837.38 0.738228 0.00116393 0.545646 0.00172518 
581 248.622 1.49047 62500.9 776.997 0.738234 0.00117257 0.545656 0.00173872 
582 248.064 1.40794 62209.5 732.405 0.737703 0.00117369 0.544869 0.00174129 
583 248.356 1.41734 62338.6 749.364 0.737459 0.00107409 0.544485 0.00158686 
584 249.112 1.78092 62734.3 943.38 0.737813 0.00127204 0.545011 0.00188331 
585 249.175 1.35754 62751.5 696.024 0.737572 0.00110142 0.544657 0.0016197 
586 249.619 1.23548 62961 639.835 0.737586 0.000960891 0.544665 0.00142598 
587 249.976 1.1828 63148.6 621.057 0.737614 0.00098954 0.544714 0.00146732 
588 250.469 1.16409 63397.1 599.746 0.737709 0.00101075 0.54486 0.00149368 
589 250.919 1.2725 63607.4 661.419 0.737507 0.00115032 0.544555 0.00168748 
590 251.411 1.12474 63870.3 573.611 0.738088 0.000936202 0.545415 0.00138495 
591 252.41 1.26214 64375.5 657.013 0.738488 0.00106355 0.54601 0.00156206 
592 252.674 1.24202 64507 634.873 0.738401 0.000981522 0.545873 0.00145515 
593 253.568 1.22082 64973.3 636.422 0.738759 0.000975955 0.546412 0.00144885 
594 253.322 1.36841 64842 713.134 0.738569 0.0011388 0.546153 0.00168143 
595 254.418 1.38966 65390.8 727.922 0.739242 0.00119732 0.547117 0.0017659 
596 254.91 1.09371 65659.7 577.293 0.739372 0.00118879 0.547339 0.00176111 
597 255.72 1.3328 66059.3 703.534 0.739506 0.00118811 0.547525 0.00175449 
598 255.987 1.29925 66206.6 685.99 0.739495 0.00125486 0.547522 0.00185597 
599 256.49 1.45177 66453.2 777.953 0.73984 0.001359 0.54802 0.00202087 
600 256.865 1.27347 66647.6 683.599 0.739738 0.00133089 0.547877 0.00198345 
601 258.142 1.50844 67309.9 809.951 0.740522 0.00147268 0.549046 0.00218777 
602 257.839 1.47388 67145.6 792.141 0.740052 0.0014412 0.548342 0.00214608 
603 260.274 1.63197 68427.3 866.274 0.741648 0.00167483 0.550715 0.00248954 
604 259.224 1.58713 67865.3 840.775 0.740381 0.00148584 0.548826 0.00220709 
605 260.617 1.70443 68608 904.956 0.741229 0.00188237 0.550098 0.00280466 
606 260.528 1.59647 68543.3 853.201 0.740704 0.00170545 0.549297 0.00252321 
607 261.232 1.47862 68933.3 781.369 0.741001 0.00188485 0.549764 0.00277515 
608 261.648 1.43848 69134.7 753.328 0.740918 0.00213939 0.549623 0.00313788 
609 262.82 1.58304 69760.2 843.5 0.741786 0.00206194 0.550924 0.0030565 
610 262.946 1.47906 69825.9 793.693 0.740918 0.00165558 0.549625 0.00247008 
611 263.879 1.71729 70351.1 928.119 0.741269 0.00175235 0.550165 0.00262283 
612 263.829 1.38652 70306.1 744.724 0.740418 0.00143984 0.548888 0.00215418 
613 264.974 1.63662 70941.5 885.945 0.741211 0.00171124 0.550075 0.00256619 
614 265.352 1.52975 71134.6 829.669 0.740993 0.00157607 0.549765 0.00236006 
615 266.193 1.79823 71585.4 983.453 0.741456 0.00181715 0.550448 0.00273173 
616 266.17 1.32283 71558.3 727.477 0.74063 0.00165392 0.549198 0.00247494 
617 267.606 1.90333 72377.7 1029.83 0.741813 0.00233583 0.550994 0.0035038 
618 267.327 1.85901 72199 1015.98 0.740785 0.00226427 0.549443 0.00340163 
619 268.628 1.92721 72900.4 1044.74 0.741692 0.0024125 0.550779 0.00361674 
620 267.342 1.83754 72162 1020.97 0.740218 0.00228438 0.548567 0.00344295 
621 268.095 1.97952 72597.2 1069.38 0.741232 0.00228718 0.550128 0.00343122 
622 267.445 1.64854 72234.6 891.284 0.739957 0.00188843 0.548199 0.00281805 
623 269.228 2.18404 73210.4 1194.57 0.741507 0.00253489 0.550532 0.00380901 
624 268.44 1.91692 72751.3 1047.29 0.739821 0.00188263 0.547995 0.00282493 
625 270.085 2.14321 73669.5 1178.12 0.741154 0.00251736 0.550004 0.00378276 
626 270.164 1.67983 73664.2 941.883 0.740293 0.00189915 0.548663 0.00286411 
627 271.871 2.02554 74663.6 1114.94 0.741818 0.00207089 0.551001 0.00310458 
628 271.291 1.30966 74294.2 724.784 0.740158 0.00163342 0.548467 0.00247482 
629 273.565 1.77904 75584.5 975.972 0.742168 0.00183143 0.5515 0.00275465 
630 273.454 1.3584 75482.9 765.326 0.740831 0.00114526 0.549447 0.00172344 
631 275.139 1.91027 76461.8 1048.4 0.742273 0.00158455 0.551621 0.00235182 
632 275.382 2.05438 76577 1140.77 0.74154 0.00148988 0.550505 0.00221944 
633 276.927 1.87256 77481.1 1040.37 0.742772 0.00195737 0.552368 0.00294952 
634 274.675 1.42059 76198.6 795.126 0.740361 0.00124889 0.548767 0.00185778 
635 277.393 2.02944 77755.4 1146.97 0.74229 0.00160305 0.551636 0.0023704 
636 275.511 1.65671 76662.1 942.833 0.740436 0.00140236 0.548884 0.00207961 
637 276.838 1.72466 77422.4 986.351 0.741633 0.00129517 0.550654 0.00194051 
638 276.06 1.5478 76975.9 883.061 0.740934 0.00132538 0.549627 0.00197729 
639 277.006 1.79791 77499.4 1031 0.741486 0.00165484 0.550446 0.00248978 
640 276.583 1.53287 77258.1 870.488 0.7404 0.00124501 0.548822 0.00185536 
641 278.031 1.92357 78082.7 1102.95 0.741417 0.00174191 0.550339 0.00261491 
642 277.736 1.57578 77902.4 910.598 0.740685 0.00128322 0.549243 0.00191941 
643 279.03 2.18007 78647.2 1250.1 0.741558 0.00183583 0.550546 0.0027372 
644 278.473 1.58462 78303.7 900.194 0.740504 0.00132889 0.548969 0.0019784 
645 279.858 1.89169 79104.9 1079.36 0.741196 0.00160237 0.550002 0.00238488 
646 279.583 1.48122 78944.8 841.809 0.740569 0.00127921 0.549073 0.00190806 
647 280.961 1.74258 79724.2 1016.71 0.741509 0.00152042 0.550474 0.00228695 
648 280.508 1.71354 79464.6 975.188 0.740367 0.00125896 0.548772 0.00186907 
649 281.799 1.87981 80208.1 1086.45 0.741115 0.0015263 0.549889 0.00227936 
650 281.57 2.63692 80072.1 1508.89 0.740535 0.00188119 0.549017 0.00277463 
651 282.708 1.94357 80726.1 1102.99 0.740822 0.00127365 0.549443 0.00188801 
652 282.422 1.66352 80551.8 976.631 0.740526 0.00120851 0.549002 0.00180587 
653 283.444 2.48819 81147.7 1434.33 0.741202 0.00199983 0.550013 0.00297389 
654 283.077 1.96119 80934.3 1150.48 0.740672 0.00133813 0.549216 0.00201954 
655 283.788 2.13822 81343.8 1238.97 0.74096 0.0015689 0.549645 0.00234522 
656 283.606 1.84307 81228.1 1095.34 0.74067 0.00140863 0.549205 0.0020978 
657 284.741 2.1144 81867.8 1236.03 0.741126 0.00138718 0.549868 0.00206959 
658 285.354 2.1076 82241.3 1250.86 0.741184 0.00162365 0.549981 0.00244406 
659 287.016 2.4222 83195.5 1422.3 0.742277 0.00167914 0.551595 0.00250347 
660 286.702 2.14639 83019.3 1280.31 0.741791 0.00186118 0.550886 0.00280098 
661 287.374 2.04545 83404.9 1228.26 0.741636 0.00160124 0.55065 0.00241069 
662 288.403 2.52173 84012.4 1500.74 0.74239 0.00224839 0.551785 0.003383 
663 287.309 2.01933 83340.9 1211.88 0.74108 0.00154731 0.54979 0.00231866 
664 287.483 2.0877 83448.7 1257.8 0.740477 0.00156887 0.548901 0.00236066 
665 288.044 2.22628 83768.3 1337.18 0.740885 0.00154769 0.549498 0.00232766 
666 288.853 2.33365 84246.5 1416.36 0.741177 0.00164692 0.549943 0.00248845 
667 289.158 2.3106 84410.1 1392.59 0.741079 0.00152156 0.549772 0.00229157 
668 290.139 2.27947 84976.9 1357.57 0.741724 0.00193309 0.550737 0.00289873 
669 290.213 2.47805 85034.6 1501.88 0.741193 0.00158239 0.549943 0.00238617 
670 290.902 2.29563 85441.8 1396.5 0.741396 0.00163002 0.550255 0.00245758 
671 291.952 2.85565 86071.6 1734.84 0.741886 0.00176834 0.550987 0.00266526 
672 291.651 2.45472 85892.2 1484.67 0.74068 0.00148082 0.549201 0.00221777 
673 292.672 2.69243 86491.7 1642.24 0.741627 0.00172613 0.550577 0.00260026 
674 293.445 2.82267 86947 1726.35 0.741556 0.00166004 0.550475 0.0025054 
675 293.751 2.70388 87126.6 1656.5 0.741808 0.00200804 0.550855 0.00303699 
676 294.344 2.98815 87477.3 1809.68 0.741652 0.00179317 0.550606 0.00269375 
677 294.518 2.79312 87575 1705.18 0.741397 0.0017863 0.55023 0.00268784 
678 294.408 2.88919 87524.2 1754.82 0.740789 0.00192542 0.549335 0.00288207 
679 295.309 3.12204 88076.8 1909.95 0.741034 0.00181476 0.549706 0.00272318 
680 295.354 2.49387 88080.9 1519.56 0.741109 0.00163974 0.549814 0.00246701 
681 296.036 2.50746 88477.4 1536.97 0.740886 0.00148159 0.549474 0.00223027 
682 296.607 2.20695 88821.5 1368.14 0.740813 0.00155732 0.549372 0.00234107 
683 297.14 2.44593 89141.4 1485.44 0.740894 0.00150765 0.549491 0.00226872 
684 296.97 2.71671 89050.4 1655.17 0.740683 0.00166369 0.549189 0.00249276 
685 297.979 2.9633 89657.3 1799.79 0.740744 0.00175521 0.549276 0.00262393 
686 298.223 2.98006 89799.6 1810.44 0.740599 0.00172666 0.549059 0.00257715 
687 300.28 3.16715 91076.4 1935.53 0.741557 0.00188668 0.550488 0.00281947 
688 299.297 2.95695 90418.4 1786.82 0.740485 0.00155443 0.548874 0.0023075 
689 300.243 2.71914 91017.5 1637.57 0.740938 0.00157391 0.549549 0.00233987 
690 301.126 3.73848 91541.2 2278.81 0.741693 0.00239308 0.550686 0.00357344 
691 300.236 2.65417 90988.8 1619.65 0.740385 0.00141171 0.548714 0.00210383 
692 300.341 2.73455 91042.3 1643.4 0.740158 0.00153306 0.548377 0.00227978 
693 300.944 2.84049 91449 1740.32 0.740319 0.001517 0.54863 0.00225697 
694 302.144 2.98868 92141.1 1802.16 0.740998 0.00154452 0.549617 0.00230263 
695 302.676 3.11508 92470 1885.69 0.74052 0.00151842 0.548901 0.0022631 
696 303.629 3.23779 93051.6 1951.83 0.741203 0.00163312 0.549929 0.00243359 
697 303.47 2.7939 92951.4 1727.63 0.740522 0.00161111 0.548915 0.00239639 
698 303.974 2.85485 93264.9 1732.46 0.740618 0.00151371 0.54906 0.00225844 
