1.2 -1.80983 106200000000
155.575 0.577387
1 0 0 0 0 0.500184 0.000146711 0.500184 0.000146711 
2 0 0 0 0 0.500053 0.000109383 0.37504 0.000104975 
3 0 0 0 0 0.500087 9.87353e-05 0.333428 9.58762e-05 
4 0.163494 0.000103074 0.163494 0.000103074 0.528665 9.01035e-05 0.344712 9.65199e-05 
5 0.224039 0.000122291 0.224039 0.000122291 0.531397 9.27387e-05 0.334504 0.000108104 
6 0.444128 0.000251768 0.614547 0.000451943 0.549465 8.83983e-05 0.346578 9.83109e-05 
7 0.534374 0.000282976 0.766122 0.000526553 0.55071 9.01283e-05 0.341376 0.000100066 
8 0.803171 0.000412044 1.48119 0.0011262 0.56439 8.94398e-05 0.352619 0.000100975 
9 0.92183 0.000424501 1.79716 0.00124583 0.565744 9.36972e-05 0.350382 0.000104206 
10 1.19602 0.000547642 2.76511 0.0019257 0.575056 8.5747e-05 0.358355 9.97586e-05 
11 1.35125 0.000633193 3.35469 0.00269338 0.577032 8.52132e-05 0.358221 0.000100296 
12 1.62536 0.000718579 4.57962 0.00345673 0.583834 9.4861e-05 0.364275 0.000114077 
13 1.8004 0.000765523 5.4163 0.00387484 0.585612 8.50742e-05 0.364634 0.000101051 
14 2.08364 0.000980625 6.97759 0.00574004 0.591174 8.8883e-05 0.369854 0.000107161 
15 2.26884 0.00100742 8.0414 0.00628772 0.592598 8.84655e-05 0.370233 0.000106237 
16 2.56188 0.00126754 9.96778 0.00840851 0.597305 8.82876e-05 0.374823 0.000108407 
17 2.75649 0.00124644 11.2868 0.00920342 0.598578 8.51657e-05 0.375331 0.000103896 
18 3.05301 0.00140287 13.5498 0.0114592 0.602504 8.92637e-05 0.379247 0.000109178 
19 3.26021 0.00148786 15.1762 0.012937 0.603741 9.00172e-05 0.379947 0.000110605 
20 3.56054 0.00161317 17.7975 0.0147465 0.607101 9.04783e-05 0.383367 0.000112023 
21 3.77458 0.00169422 19.6992 0.0165437 0.60808 9.28509e-05 0.383887 0.000110713 
22 4.0777 0.00185941 22.6805 0.019752 0.610993 8.99652e-05 0.386894 0.000112858 
23 4.29899 0.00213013 24.8852 0.023424 0.611916 9.15547e-05 0.387463 0.000114843 
24 4.60903 0.00224642 28.2928 0.0268672 0.614603 9.40232e-05 0.390316 0.000118743 
25 4.83476 0.00232415 30.7813 0.0287366 0.61542 9.77046e-05 0.390832 0.000123827 
26 5.14508 0.00242006 34.541 0.0315583 0.617737 9.26631e-05 0.393307 0.000117168 
27 5.37423 0.00281636 37.3322 0.037487 0.618397 9.67071e-05 0.393703 0.00012277 
28 5.68668 0.00274624 41.4592 0.0387529 0.620492 9.28876e-05 0.395959 0.000117738 
29 5.91807 0.00277142 44.5316 0.0408806 0.621042 9.61866e-05 0.396283 0.000122419 
30 6.23731 0.00331064 49.1485 0.0521247 0.623083 0.000113234 0.398548 0.000139058 
31 6.4721 0.00314193 52.5188 0.0511908 0.623568 9.57876e-05 0.398823 0.000123009 
32 6.79108 0.00335579 57.4881 0.0570517 0.625316 9.65892e-05 0.400759 0.000123783 
33 7.03216 0.00331607 61.2423 0.0587738 0.625758 0.000100396 0.401029 0.000131305 
34 7.35109 0.00355741 66.5717 0.064634 0.627363 0.000100661 0.402816 0.000129762 
35 7.59522 0.00394735 70.6549 0.0750932 0.627845 0.00010562 0.403171 0.000139677 
36 7.91542 0.003952 76.3745 0.0760324 0.629282 0.00010184 0.404768 0.000131561 
37 8.16259 0.00409586 80.7854 0.0821339 0.629743 0.000101732 0.405126 0.000131321 
38 8.48475 0.00472497 86.933 0.0964072 0.631083 0.000112599 0.406632 0.000145221 
39 8.74028 0.00473543 91.8297 0.100973 0.631564 0.000110646 0.407039 0.000145579 
40 9.05784 0.00459639 98.2616 0.101815 0.632718 0.000101888 0.408332 0.000132087 
41 9.31473 0.00520645 103.491 0.118347 0.633144 0.000106386 0.40869 0.000139488 
42 9.63773 0.00505512 110.396 0.118451 0.634307 0.000109385 0.410012 0.000149661 
43 9.89127 0.00570918 115.814 0.131065 0.634682 0.000111091 0.410321 0.000145936 
44 10.2174 0.00572996 123.193 0.134885 0.635776 0.000123548 0.411576 0.000166872 
45 10.4797 0.00582858 129.168 0.145338 0.636161 0.000110366 0.411911 0.000144973 
46 10.8 0.00601553 136.771 0.156227 0.637114 0.000113515 0.412998 0.000147225 
47 11.0634 0.00643237 143.082 0.177389 0.63744 0.000112149 0.413272 0.000146833 
48 11.3864 0.00636974 151.132 0.173186 0.638417 0.000119989 0.414401 0.000158411 
49 11.6498 0.0074187 157.741 0.193067 0.63872 0.000108178 0.414657 0.00014154 
50 11.9788 0.00750398 166.37 0.213058 0.639609 0.000126614 0.415675 0.000167368 
51 12.238 0.0074186 173.149 0.208629 0.639839 0.000111519 0.415846 0.000146198 
52 12.5632 0.00728004 182.037 0.217828 0.640667 0.000113037 0.416811 0.000148809 
53 12.8318 0.00791521 189.412 0.221764 0.640987 0.000112445 0.417108 0.000147988 
54 13.1638 0.00844232 198.943 0.271769 0.641809 0.000132301 0.418071 0.000175102 
55 13.4331 0.00807739 206.645 0.255637 0.642108 0.000133296 0.418347 0.000175576 
56 13.7602 0.00807968 216.442 0.268378 0.642836 0.000122558 0.419195 0.000160039 
57 14.0274 0.00957258 224.403 0.325882 0.643071 0.000136495 0.419399 0.00018123 
58 14.3659 0.00839392 234.953 0.298757 0.643892 0.000135914 0.420376 0.000180337 
59 14.6328 0.00897645 243.186 0.325376 0.644074 0.0001227 0.420508 0.000160766 
60 14.9645 0.0122676 253.95 0.442514 0.644743 0.000146296 0.421294 0.000194151 
61 15.2375 0.0098378 262.73 0.358129 0.645013 0.000121692 0.421561 0.000161477 
62 15.5656 0.0102078 273.785 0.372887 0.645639 0.000122717 0.422306 0.000161599 
63 15.8497 0.0166496 283.362 0.666281 0.645926 0.000180057 0.422592 0.000242461 
64 16.1742 0.0110754 294.68 0.439915 0.6465 0.000132121 0.423268 0.000175521 
65 16.45 0.0116845 304.21 0.475527 0.646677 0.000140754 0.423413 0.000185154 
66 16.7816 0.0107053 316.202 0.437787 0.647334 0.000130257 0.424209 0.000175852 
67 17.0609 0.0101049 326.306 0.403151 0.647514 0.000123423 0.424372 0.0001644 
68 17.3891 0.0111545 338.462 0.440346 0.648078 0.000128121 0.425038 0.000166246 
69 17.6671 0.0109213 348.86 0.470073 0.648287 0.000121048 0.425236 0.000162082 
70 17.9937 0.0111664 361.397 0.471833 0.648798 0.000128329 0.425845 0.000169674 
71 18.2818 0.0121276 372.485 0.522497 0.649023 0.000146803 0.426062 0.000192387 
72 18.6069 0.0118493 385.365 0.526491 0.649527 0.000153583 0.426665 0.000202034 
73 18.9031 0.0131936 397.281 0.560093 0.649787 0.000167592 0.426947 0.000220534 
74 19.2235 0.0149359 410.306 0.64124 0.650195 0.000179654 0.427421 0.000235434 
75 19.5046 0.0140114 421.836 0.609516 0.650301 0.000147738 0.427493 0.000194089 
76 19.8327 0.0125185 435.667 0.572388 0.650766 0.000146549 0.42805 0.00019293 
77 20.1136 0.0135271 447.554 0.619814 0.650907 0.000166746 0.428184 0.000220422 
78 20.4495 0.0132318 462.215 0.63253 0.651401 0.000153632 0.428784 0.000203305 
79 20.7326 0.0131802 474.454 0.644272 0.651533 0.000145252 0.428902 0.000192071 
80 21.0551 0.0156064 488.775 0.711485 0.65188 0.000160905 0.429301 0.000211445 
81 21.3463 0.0170692 501.848 0.759164 0.652077 0.000174347 0.42951 0.000228706 
82 21.6712 0.016955 516.619 0.81238 0.652465 0.000188095 0.429962 0.000248237 
83 21.9542 0.0147246 529.598 0.734399 0.652621 0.000145746 0.430121 0.000191449 
84 22.2914 0.0170778 545.522 0.867764 0.653038 0.000159835 0.430624 0.000212225 
85 22.588 0.0208549 559.568 1.05668 0.653265 0.000184265 0.43088 0.000243837 
86 22.9071 0.0226086 575.01 1.18468 0.653521 0.000212075 0.431172 0.000283394 
87 23.2075 0.015058 589.532 0.810273 0.653754 0.000158275 0.431435 0.000211385 
88 23.5309 0.0151924 605.607 0.810127 0.654097 0.000141635 0.431845 0.000189648 
89 23.8355 0.0175107 620.915 0.98955 0.654368 0.000186122 0.432166 0.000252006 
90 24.157 0.0181037 637.089 1.03143 0.654654 0.000176731 0.432499 0.000237243 
91 24.4625 0.0160996 652.808 0.905552 0.654878 0.000170747 0.432753 0.000231052 
92 24.8028 0.0162634 670.656 0.932188 0.655265 0.000148758 0.433227 0.000202105 
93 25.1009 0.0164575 686.228 0.942247 0.655462 0.000132326 0.433446 0.000177872 
94 25.4148 0.016005 702.927 0.922183 0.655644 0.000134992 0.433653 0.000180672 
95 25.7146 0.0157002 719.058 0.912631 0.655843 0.00013687 0.43387 0.000184739 
96 26.0387 0.0167204 736.85 0.989185 0.656104 0.000129909 0.434181 0.000175921 
97 26.3353 0.0180735 753.103 1.09678 0.656252 0.000170875 0.434338 0.000230169 
98 26.6516 0.0172304 770.746 1.1017 0.656469 0.000142759 0.43459 0.000194238 
99 26.9627 0.0234352 788.321 1.49814 0.656713 0.000180603 0.434888 0.000250427 
100 27.2595 0.0183155 804.929 1.12776 0.65679 0.000134742 0.434935 0.000180486 
101 27.5679 0.0207246 822.645 1.29804 0.656954 0.000146762 0.43512 0.00019662 
102 27.8834 0.0186156 841.048 1.1733 0.657153 0.000143504 0.435354 0.00019528 
103 28.1832 0.0184233 858.56 1.18483 0.657312 0.0001487 0.435529 0.0002011 
104 28.5095 0.0188122 878.07 1.2074 0.657576 0.000149615 0.435853 0.000202156 
105 28.807 0.0217118 895.77 1.43788 0.657727 0.000163725 0.43602 0.000221868 
106 29.1415 0.0216288 916.326 1.48528 0.657993 0.000161255 0.436349 0.000218504 
107 29.4452 0.0217667 935.075 1.48149 0.658188 0.000168544 0.436583 0.000228596 
108 29.7647 0.0195428 954.765 1.30333 0.658384 0.000163631 0.436808 0.00022006 
109 30.0771 0.0257717 974.532 1.7592 0.658566 0.00017756 0.437025 0.000239803 
110 30.4149 0.0277213 995.984 1.97165 0.658853 0.000183828 0.437381 0.000247634 
111 30.7112 0.0220681 1014.96 1.55035 0.65897 0.000152591 0.437513 0.000206187 
112 31.0322 0.0223759 1035.42 1.54683 0.659122 0.000157549 0.437676 0.000211279 
113 31.3416 0.0255525 1055.7 1.72709 0.659291 0.000171148 0.437887 0.000234996 
114 31.6511 0.0305844 1075.86 2.1625 0.659351 0.000175678 0.437931 0.000235807 
115 31.9759 0.0286803 1097.64 2.01786 0.659624 0.000194781 0.438274 0.000264804 
116 32.2906 0.026317 1118.72 1.92154 0.659782 0.00019524 0.438455 0.00026101 
117 32.6088 0.0229404 1140.42 1.71434 0.659896 0.000175865 0.438579 0.00023612 
118 32.9235 0.0296997 1161.76 2.25288 0.660048 0.000176952 0.438756 0.00024107 
119 33.2412 0.0263781 1183.91 2.05184 0.660209 0.000174482 0.43895 0.00023624 
120 33.5565 0.0293471 1205.7 2.33329 0.660365 0.000192145 0.43913 0.000261967 
121 33.8641 0.0282261 1227.28 2.16995 0.660483 0.000188561 0.439258 0.000256882 
122 34.2002 0.0270645 1251.2 2.02386 0.660688 0.000158488 0.43951 0.000211376 
123 34.493 0.0316666 1272.02 2.66702 0.660806 0.000179142 0.439641 0.000244814 
124 34.8236 0.0348579 1295.98 2.9024 0.661024 0.000196132 0.439909 0.000266321 
125 35.1226 0.0272126 1317.62 2.0727 0.66114 0.000173941 0.440041 0.000237027 
126 35.4565 0.0313735 1342.37 2.73254 0.661299 0.000189482 0.440232 0.000260836 
127 35.7468 0.0300624 1363.66 2.37853 0.661336 0.000176687 0.440258 0.000239427 
128 36.0655 0.027157 1387.58 2.38107 0.661475 0.0001625 0.440427 0.000221023 
129 36.371 0.0320547 1410.17 2.63166 0.66157 0.000180561 0.440525 0.000244093 
130 36.7154 0.0353375 1436.73 2.93676 0.661843 0.000213031 0.440869 0.000288648 
131 37.025 0.0268561 1460.31 2.21992 0.661974 0.000163879 0.44102 0.000221142 
132 37.3325 0.0279107 1484.08 2.36003 0.662075 0.000179145 0.441133 0.000246328 
133 37.6331 0.0274476 1507.29 2.32121 0.662156 0.000147431 0.441224 0.000199875 
134 37.964 0.0300044 1533.49 2.56336 0.662326 0.000188266 0.441433 0.000261302 
135 38.2682 0.0287896 1557.42 2.49555 0.662397 0.000171564 0.441507 0.000230968 
136 38.601 0.0300656 1584.15 2.62501 0.662582 0.000166552 0.441736 0.000226431 
137 38.9084 0.0303517 1608.57 2.64833 0.66266 0.000174637 0.441821 0.000238346 
138 39.2432 0.0308324 1635.93 2.72998 0.662887 0.000172358 0.442113 0.000233854 
139 39.5229 0.0310813 1658.42 2.73516 0.662867 0.00015493 0.44206 0.000210247 
140 39.8669 0.0300312 1686.85 2.67108 0.663081 0.000160546 0.442327 0.000218248 
141 40.187 0.0320666 1713.53 2.96495 0.66319 0.000170592 0.442456 0.000231384 
142 40.5312 0.031992 1742.62 2.89359 0.663392 0.000168141 0.442716 0.000228165 
143 40.7997 0.0317264 1764.91 2.90675 0.663324 0.000157415 0.4426 0.000213478 
144 41.1684 0.0323758 1796.52 2.97753 0.663624 0.000155758 0.44299 0.000211742 
145 41.4693 0.0331858 1822.16 3.10685 0.663668 0.000165726 0.443025 0.000226109 
146 41.7982 0.0331845 1850.47 3.10828 0.663803 0.000159778 0.443192 0.000216987 
147 42.0837 0.0364405 1875.12 3.42008 0.663807 0.000176929 0.443177 0.000241606 
148 42.3878 0.0329097 1901.51 3.10961 0.663888 0.000174839 0.44327 0.000237415 
149 42.6899 0.0345716 1928.05 3.17992 0.663938 0.000186897 0.443321 0.00025466 
150 43.0241 0.039596 1957.88 3.73454 0.664126 0.000190977 0.44356 0.000259898 
151 43.3528 0.0351289 1987.25 3.48077 0.664236 0.00016537 0.44369 0.000226569 
152 43.669 0.0408613 2015.74 3.97155 0.664349 0.000176992 0.443827 0.000242997 
153 43.9792 0.044639 2043.85 4.52573 0.664428 0.00017787 0.443915 0.000241748 
154 44.2971 0.0360116 2072.81 3.4974 0.664581 0.000173811 0.44411 0.000235963 
155 44.5987 0.0371364 2100.41 3.71598 0.664621 0.000161836 0.444148 0.000220202 
156 44.9128 0.0344583 2129.18 3.45564 0.664687 0.000171901 0.44422 0.000232791 
157 45.215 0.0385609 2157.35 3.79844 0.664768 0.000182981 0.444314 0.00024787 
158 45.5435 0.03583 2188.26 3.65225 0.664868 0.00016704 0.444435 0.000228228 
159 45.8542 0.0349915 2217.31 3.54068 0.664961 0.000167489 0.444545 0.000230713 
160 46.2138 0.0372275 2252.29 3.83603 0.665168 0.000164418 0.444819 0.000224665 
161 46.5118 0.0367443 2280.44 3.7675 0.665211 0.000168741 0.444857 0.000229701 
162 46.8556 0.041367 2313.85 4.34057 0.665396 0.000189885 0.445098 0.000262565 
163 47.1393 0.037779 2340.78 3.96771 0.665344 0.000172659 0.445005 0.000239887 
164 47.4698 0.036734 2372.97 3.91337 0.665504 0.000167806 0.445207 0.00022974 
165 47.7686 0.0363226 2402.27 3.79109 0.665519 0.000160855 0.445214 0.000219908 
166 48.1079 0.0402328 2436 4.32247 0.665694 0.000171271 0.445442 0.00023467 
167 48.4052 0.0403264 2465.32 4.3442 0.665677 0.000175488 0.4454 0.000240804 
168 48.7386 0.0396155 2498.34 4.27393 0.665854 0.000172891 0.44562 0.000237375 
169 49.0524 0.0389012 2530.41 4.12191 0.665875 0.000172054 0.445642 0.000235002 
170 49.3614 0.0392535 2561.25 4.31847 0.665975 0.00017184 0.445755 0.00023547 
171 49.6905 0.0408957 2595.46 4.4912 0.666098 0.000160114 0.445915 0.000217597 
172 50.0265 0.0393704 2630.41 4.33381 0.666225 0.000162146 0.446078 0.000223972 
173 50.3547 0.0390297 2664.31 4.35801 0.666348 0.000164479 0.446231 0.000225247 
174 50.7156 0.0440592 2702.4 5.08322 0.666541 0.000191142 0.446479 0.00026274 
175 50.9861 0.041841 2730.08 4.99108 0.666448 0.000170124 0.446333 0.000232276 
176 51.3313 0.0459779 2767.07 5.61426 0.666601 0.000184385 0.446532 0.000255172 
177 51.6895 0.0656759 2806.2 8.56988 0.666762 0.000178452 0.446743 0.000246382 
178 51.961 0.0481216 2833.9 5.59692 0.666737 0.000193845 0.446694 0.000266158 
179 52.2285 0.0427968 2861.91 4.93583 0.666717 0.000169284 0.446651 0.000230429 
180 52.5732 0.0466763 2899.58 5.55821 0.6669 0.000183468 0.44689 0.000249975 
181 52.8818 0.0444031 2932.61 5.54988 0.666946 0.000168621 0.446933 0.000231034 
182 53.2157 0.0433076 2969.19 5.03926 0.667054 0.000171775 0.447066 0.000234135 
183 53.499 0.041981 2999.75 4.9283 0.667018 0.000161959 0.447002 0.000220193 
184 53.8661 0.0450176 3040.88 5.28791 0.667241 0.000170084 0.447295 0.000232141 
185 54.1782 0.0517378 3075.66 6.21334 0.667313 0.000186061 0.447383 0.000254074 
186 54.4927 0.0453907 3110.82 5.40932 0.667322 0.000175331 0.447386 0.000239502 
187 54.8292 0.0515424 3148.93 6.24154 0.667417 0.000192339 0.447505 0.000263851 
188 55.1349 0.0462202 3183.11 5.6428 0.667513 0.000175697 0.447621 0.000239704 
189 55.4503 0.0495601 3219.47 6.09185 0.667557 0.000184201 0.447671 0.000251353 
190 55.761 0.0484566 3254.22 5.90266 0.66763 0.000179571 0.447751 0.000244226 
191 56.084 0.0529082 3291.71 6.7057 0.667718 0.000190968 0.447864 0.000261635 
192 56.3795 0.0519594 3324.61 6.55243 0.66769 0.000178762 0.447804 0.000244225 
193 56.7541 0.0527985 3368.93 6.62544 0.66797 0.000188058 0.448181 0.000258815 
194 57.0611 0.0503265 3404.41 6.36657 0.667914 0.000182404 0.448088 0.000248626 
195 57.3906 0.0550147 3443.46 7.05831 0.668054 0.000188541 0.448268 0.000259252 
196 57.6955 0.0564568 3478.73 7.21146 0.668014 0.000181117 0.448194 0.000247372 
197 58.0167 0.0531558 3516.85 6.98643 0.668094 0.000177321 0.448293 0.00024111 
198 58.3663 0.0534952 3559.4 6.83103 0.668228 0.000210825 0.448472 0.00028561 
199 58.6509 0.0495298 3593.02 6.34526 0.668188 0.000188789 0.448407 0.000254375 
200 58.9909 0.0494216 3634.33 6.35846 0.668296 0.00017594 0.448545 0.000237223 
201 59.2992 0.0517699 3671.59 6.73007 0.668346 0.000207266 0.448603 0.000280927 
202 59.6882 0.062145 3720.41 7.94304 0.668519 0.000221156 0.448829 0.000297888 
203 59.9822 0.0527424 3755.33 6.87629 0.668602 0.000192488 0.44893 0.000257592 
204 60.3475 0.0678378 3802.23 9.3181 0.668663 0.000202317 0.449008 0.000271928 
205 60.5785 0.0517937 3828.71 6.91986 0.66857 0.000179416 0.448869 0.000243857 
206 60.9245 0.0577464 3871.98 8.09888 0.668673 0.000218172 0.448997 0.000297324 
207 61.2254 0.0519258 3909.45 6.90159 0.668685 0.000176364 0.449006 0.000239473 
208 61.5352 0.053266 3948.38 7.18517 0.668762 0.0001826 0.449099 0.00024833 
209 61.834 0.0530906 3986.18 7.23694 0.668774 0.000184901 0.449109 0.000251471 
210 62.1749 0.0585093 4029.44 7.94353 0.668908 0.000189078 0.449281 0.000257663 
211 62.4925 0.0540825 4070.87 7.40523 0.668908 0.0001799 0.449281 0.000245168 
212 62.8604 0.0579344 4117.91 8.29217 0.669063 0.000186688 0.449479 0.000257863 
213 63.1453 0.0563435 4154.01 7.74866 0.669052 0.000206521 0.449448 0.000284469 
214 63.4692 0.060887 4196.43 8.76572 0.669099 0.000188945 0.449507 0.000256863 
215 63.8107 0.0691633 4241.25 10.0282 0.669208 0.000196534 0.449649 0.000269584 
216 64.1281 0.0641154 4282.72 9.2314 0.669241 0.000191413 0.449683 0.00026056 
217 64.4221 0.0565092 4321.01 8.03996 0.66929 0.000181176 0.44974 0.000246484 
218 64.7548 0.0710624 4365.62 10.231 0.669351 0.00019245 0.44982 0.000262129 
219 65.1001 0.0648321 4411.16 9.32081 0.669489 0.000181897 0.449995 0.000247352 
220 65.4181 0.0618038 4454.01 9.032 0.669486 0.000189491 0.449981 0.000257538 
221 65.7447 0.0631659 4497.76 9.00726 0.669578 0.000199173 0.450102 0.000270885 
222 66.0768 0.0643567 4542.93 9.09613 0.669677 0.000188662 0.450227 0.00025675 
223 66.4251 0.0669482 4590.33 9.61918 0.669776 0.000197575 0.450361 0.00026974 
224 66.7631 0.0631593 4636.13 9.36642 0.669786 0.000188793 0.450355 0.000257271 
225 67.0793 0.0680245 4679.98 10.0548 0.669844 0.000199016 0.450431 0.000271208 
226 67.4092 0.0686026 4725.23 10.064 0.669936 0.000202899 0.450551 0.000277295 
227 67.7405 0.068372 4771.06 10.0942 0.670072 0.00019653 0.450725 0.000267799 
228 68.0436 0.0677476 4813.35 10.0862 0.670097 0.00020173 0.450752 0.000275266 
229 68.3272 0.0728917 4852.52 11.7897 0.670103 0.000194838 0.450749 0.000265505 
230 68.6457 0.0634059 4896.95 9.69771 0.670137 0.000189216 0.450787 0.000257622 
231 69.0056 0.0836731 4948.46 13.7989 0.670259 0.000196642 0.450949 0.000268294 
232 69.3243 0.0777512 4993.51 12.451 0.670333 0.000213347 0.451041 0.000290718 
233 69.6169 0.0673928 5034.35 11.0282 0.670319 0.000197982 0.451014 0.000269734 
234 69.9485 0.0903205 5081.7 14.5344 0.670384 0.000214681 0.451098 0.000292245 
235 70.2468 0.0665803 5124.77 10.3114 0.670428 0.000196404 0.451151 0.000268551 
236 70.5586 0.0823445 5169.55 13.3714 0.670424 0.000211275 0.451138 0.000288899 
237 70.8667 0.071738 5213.27 11.2787 0.670476 0.00022958 0.451198 0.000316221 
238 71.2451 0.0682472 5268.82 10.6509 0.670638 0.000197665 0.451414 0.000270105 
239 71.5489 0.0688496 5313.36 10.7895 0.67063 0.000201843 0.451399 0.000276028 
240 71.9014 0.0762844 5365.41 12.0409 0.670762 0.000205459 0.451567 0.000280605 
241 72.2277 0.0737056 5413.52 11.8549 0.670788 0.000206931 0.451595 0.000282326 
242 72.5348 0.077826 5459.04 12.6203 0.670814 0.000220214 0.451628 0.000300892 
243 72.8595 0.0748415 5507.23 11.9262 0.670845 0.000216613 0.451666 0.000297133 
244 73.1659 0.0806442 5553.13 13.0039 0.670813 0.000233792 0.451616 0.000318153 
245 73.4659 0.0738935 5596.63 11.7823 0.670854 0.000217233 0.451658 0.000297727 
246 73.8185 0.0782954 5649.75 12.6856 0.670903 0.000230058 0.451718 0.000312734 
247 74.1686 0.0809229 5703.26 13.143 0.671055 0.000220305 0.451917 0.000300064 
248 74.4987 0.081892 5752.99 13.2764 0.671124 0.00021972 0.452002 0.000299036 
249 74.8176 0.091231 5801.47 15.0589 0.671222 0.00023847 0.452128 0.000328122 
250 75.1681 0.0823352 5854.93 13.5395 0.671233 0.000234437 0.452136 0.000320282 
251 75.4679 0.0855794 5901.39 14.5516 0.671317 0.000224059 0.452247 0.000307232 
252 75.7669 0.0910238 5947.17 14.6898 0.671253 0.000235731 0.452148 0.000319968 
253 76.1133 0.082897 6000.89 13.8004 0.671355 0.000215827 0.452279 0.000294898 
254 76.4386 0.0931541 6052.49 15.3673 0.671445 0.000234113 0.452403 0.000317352 
255 76.8094 0.095777 6110 15.9568 0.671547 0.000224742 0.452527 0.000306223 
256 77.0929 0.118069 6154.03 20.1371 0.67149 0.00024753 0.452438 0.000334465 
257 77.4097 0.0939981 6202.86 15.9585 0.671559 0.000234862 0.452527 0.000319833 
258 77.7572 0.111338 6259.57 19.5461 0.671598 0.000239367 0.452577 0.000327043 
259 78.0513 0.101319 6305.85 17.3446 0.671684 0.000246941 0.452693 0.00033666 
260 78.3999 0.0972138 6361.89 16.9105 0.671737 0.000230956 0.452764 0.000315433 
261 78.7132 0.106765 6411.18 18.8849 0.671751 0.000230775 0.452776 0.000315126 
262 79.0717 0.109139 6470.23 19.6526 0.671864 0.000259769 0.452924 0.00035357 
263 79.4046 0.101343 6523.95 18.1886 0.671984 0.000260722 0.453078 0.000355538 
264 79.6829 0.0959146 6568.16 17.1775 0.671863 0.000246137 0.452905 0.000333616 
265 80.0506 0.107076 6629.85 19.2641 0.67198 0.000246115 0.453063 0.000331901 
266 80.3791 0.105078 6682.74 18.853 0.671996 0.00025338 0.453074 0.000346426 
267 80.7412 0.113242 6744.34 20.4586 0.672128 0.000248427 0.453255 0.000340678 
268 80.9764 0.109793 6781.89 19.7163 0.672019 0.00026038 0.453101 0.000355305 
269 81.3996 0.116257 6854.53 21.5182 0.672247 0.000259587 0.453409 0.000355889 
270 81.6708 0.109128 6897.51 20.0845 0.672125 0.000309591 0.453233 0.000426879 
271 82.0288 0.154504 6958.24 30.0615 0.672259 0.000307424 0.453407 0.000424534 
272 82.2907 0.140551 7001.38 26.7999 0.672221 0.000336756 0.453353 0.00046332 
273 82.6614 0.159997 7065.19 31.4284 0.67231 0.000316262 0.453472 0.000435882 
274 82.9982 0.126623 7122.53 24.6664 0.672395 0.00029087 0.453588 0.000401585 
275 83.4077 0.224839 7197.57 47.0015 0.672604 0.000409868 0.453883 0.000575793 
276 83.5221 0.100508 7208.99 18.4401 0.672259 0.000240217 0.453387 0.000329873 
277 83.8316 0.100835 7261.64 18.5564 0.672228 0.000231445 0.453336 0.000317081 
278 84.1078 0.0989425 7307.31 18.0589 0.672225 0.000241727 0.453327 0.000329565 
279 84.4291 0.0982566 7363.36 18.0089 0.672268 0.00022721 0.453382 0.000310433 
280 84.7261 0.0961917 7412.75 17.4895 0.672229 0.000234205 0.453316 0.000318603 
281 85.0699 0.0951905 7473.13 17.4688 0.67233 0.000229979 0.45345 0.00031403 
282 85.406 0.131589 7531.73 24.8695 0.6724 0.000283543 0.453541 0.000392098 
283 85.6864 0.107726 7579.69 20.1093 0.672357 0.000233088 0.453479 0.000319385 
284 86.06 0.104986 7645.53 19.2981 0.672483 0.000239751 0.453647 0.000328055 
285 86.3607 0.110248 7697.92 20.3633 0.672472 0.000242715 0.453624 0.000331543 
286 86.6513 0.1101 7748.95 20.3223 0.672466 0.000271375 0.453613 0.000370945 
287 86.9351 0.110353 7798.39 20.5789 0.672371 0.000276891 0.453471 0.000378421 
288 87.2869 0.101287 7861.12 19.0167 0.672434 0.000298278 0.453556 0.000408777 
289 87.6324 0.103825 7922.58 20.0424 0.672548 0.000260489 0.453701 0.000355578 
290 87.944 0.102971 7978.1 19.3527 0.672555 0.000255633 0.453707 0.000350787 
291 88.2705 0.106751 8036.66 20.2606 0.672651 0.000235404 0.453827 0.00032089 
292 88.5604 0.105532 8089.15 20.2062 0.672611 0.000251307 0.453771 0.000343914 
293 88.8703 0.104488 8144.6 19.9171 0.6726 0.000240833 0.453744 0.000328919 
294 89.2344 0.10547 8211.3 20.1649 0.672674 0.000241035 0.453847 0.000329077 
295 89.5102 0.110842 8260.85 21.3902 0.67263 0.000253712 0.453778 0.000347088 
296 89.903 0.120858 8334.05 23.8775 0.672812 0.000279298 0.454026 0.00038428 
297 90.1829 0.122326 8383.97 23.713 0.672723 0.000261833 0.453892 0.000357762 
298 90.5412 0.108336 8450.91 21.117 0.672813 0.00024259 0.454019 0.000330465 
299 90.8301 0.110007 8505 21.6066 0.67276 0.000254855 0.453945 0.000346587 
300 91.1543 0.145243 8564.1 28.852 0.672814 0.000343335 0.454014 0.000467646 
301 91.4248 0.135869 8614.22 27.5797 0.672772 0.000325479 0.453951 0.000446904 
302 91.7763 0.140611 8679.95 27.7081 0.672847 0.0003278 0.454053 0.000449534 
303 92.06 0.125784 8732.39 24.6657 0.672767 0.000331959 0.453934 0.000453027 
304 92.4178 0.124191 8799.98 25.6069 0.672897 0.000289717 0.45411 0.000397336 
305 92.7343 0.125149 8860.05 25.2699 0.672934 0.000297422 0.454152 0.000408332 
306 93.0579 0.126075 8919.62 25.8105 0.672951 0.000252853 0.454165 0.000343501 
307 93.4176 0.126812 8989.44 25.9922 0.673018 0.000278522 0.454252 0.000379799 
308 93.6998 0.117394 9042.63 23.7956 0.672998 0.0002552 0.454223 0.000347097 
309 93.9912 0.117356 9098.14 23.9198 0.673016 0.000248819 0.454244 0.000339041 
310 94.3297 0.131082 9162.42 27.0266 0.673013 0.000280292 0.454239 0.000380717 
311 94.6756 0.138971 9230.61 29.2501 0.673074 0.000285234 0.454321 0.000390294 
312 94.9707 0.120926 9287.3 24.7181 0.673075 0.000264115 0.454316 0.000357386 
313 95.305 0.128156 9351.82 26.6602 0.673123 0.00025484 0.454377 0.000348078 
314 95.6002 0.119129 9407.39 24.1541 0.673065 0.000257893 0.454287 0.000350308 
315 95.923 0.120195 9470.32 25.1661 0.673139 0.000254022 0.45438 0.000346272 
316 96.2463 0.133287 9532.48 27.1026 0.673235 0.00028155 0.454511 0.000384432 
317 96.5392 0.123027 9589.49 25.4881 0.673159 0.000251643 0.454401 0.000343047 
318 96.8808 0.134589 9656.57 27.8821 0.673171 0.00027579 0.454413 0.000375583 
319 97.2851 0.123233 9736.88 25.6315 0.673359 0.000258696 0.454665 0.000351488 
320 97.5845 0.126048 9795.59 26.0271 0.673314 0.000263281 0.454599 0.00035821 
321 97.9205 0.125554 9863.4 26.3507 0.673346 0.000263853 0.454641 0.000359224 
322 98.2714 0.127277 9932.53 26.6944 0.673454 0.000278019 0.454783 0.000387399 
323 98.6219 0.128729 10002.8 27.4301 0.673489 0.000265128 0.454825 0.00036145 
324 98.9475 0.170726 10068.9 37.0568 0.673466 0.000273651 0.454792 0.000382621 
325 99.2565 0.141245 10130.4 30.4991 0.673453 0.000263058 0.454767 0.00035851 
326 99.6363 0.198448 10208.3 43.1859 0.673616 0.000306522 0.454987 0.000426385 
327 99.8949 0.138228 10260.1 30.2575 0.673563 0.000266209 0.45491 0.000363232 
328 100.263 0.169043 10338 37.9236 0.673626 0.00027658 0.454994 0.000378144 
329 100.502 0.14455 10382.8 29.997 0.673595 0.000266735 0.454941 0.000363967 
330 100.874 0.147804 10461.9 31.904 0.673689 0.000294238 0.455077 0.000404601 
331 101.112 0.174744 10507.5 37.2553 0.673633 0.000260101 0.45499 0.000354721 
332 101.545 0.192761 10599.6 41.7883 0.673739 0.000286164 0.455136 0.00039053 
333 101.77 0.209786 10643.4 45.0807 0.673629 0.000283324 0.454977 0.000391641 
334 102.101 0.194025 10712.1 42.3869 0.673674 0.000278316 0.455032 0.000380025 
335 102.419 0.151472 10777.4 33.0398 0.673685 0.000291094 0.455045 0.000396771 
336 102.687 0.16001 10831.4 34.5419 0.673599 0.000276937 0.454919 0.000377326 
337 103.034 0.148017 10903.3 31.7774 0.673656 0.000275642 0.454991 0.000375522 
338 103.401 0.205304 10981.5 45.8979 0.673857 0.000318439 0.455268 0.000440441 
339 103.695 0.167675 11041.5 37.5649 0.673805 0.000289055 0.455193 0.000393953 
340 104.086 0.178695 11126.3 39.3327 0.673954 0.000300645 0.455395 0.000413224 
341 104.312 0.159935 11171.8 35.9107 0.673849 0.000321679 0.455247 0.000439685 
342 104.701 0.172155 11257.3 38.2756 0.673898 0.00030525 0.455311 0.000415489 
343 105.025 0.159541 11323.9 35.5664 0.673904 0.000298179 0.455315 0.00040643 
344 105.369 0.181124 11398.5 40.8204 0.673979 0.000302934 0.45541 0.000414604 
345 105.713 0.144757 11471 32.4034 0.674065 0.000291348 0.455527 0.000397773 
346 106.044 0.156493 11543.6 34.9415 0.674053 0.000302863 0.455506 0.000415197 
347 106.255 0.175736 11588 38.4315 0.673893 0.000307103 0.455288 0.00041968 
348 106.68 0.188316 11681.4 40.931 0.674089 0.000337645 0.455547 0.00045842 
349 106.985 0.225905 11747.1 49.8242 0.674114 0.000409033 0.45558 0.000557205 
350 107.355 0.209641 11828 45.8206 0.674226 0.000367596 0.455727 0.000498305 
351 107.591 0.181836 11878.7 39.9859 0.674151 0.00035289 0.455627 0.00048071 
352 108.005 0.205028 11971.4 45.423 0.674354 0.000340566 0.455901 0.000469808 
353 108.325 0.192971 12043.3 44.0308 0.674329 0.000355475 0.455866 0.000487757 
354 108.594 0.164403 12099.9 37.3836 0.674281 0.000313012 0.455788 0.000427159 
355 108.791 0.163058 12142.3 37.6671 0.674121 0.000305682 0.455568 0.000419741 
356 109.199 0.16422 12233.9 38.5291 0.674277 0.000315877 0.455777 0.000433936 
357 109.497 0.154818 12298.9 36.1529 0.674208 0.000343802 0.455681 0.000468415 
358 109.864 0.175461 12381.9 41.522 0.674323 0.000348823 0.455836 0.000479998 
359 110.188 0.174953 12453.2 41.5946 0.674449 0.00034741 0.456007 0.000477862 
360 110.516 0.167417 12524.8 39.0525 0.67443 0.000331518 0.455973 0.000456417 
361 110.852 0.178792 12600.9 41.324 0.674446 0.00033959 0.455998 0.000467483 
362 111.133 0.174188 12663.6 41.3926 0.674436 0.000339018 0.455974 0.000465542 
363 111.445 0.16975 12733.6 41.4216 0.674451 0.000350544 0.455992 0.000482544 
364 111.784 0.174145 12812.2 42.0315 0.674439 0.000302632 0.455976 0.000413673 
365 112.136 0.177337 12892.1 43.0078 0.67447 0.000301764 0.456011 0.000412371 
366 112.466 0.174372 12969.7 42.048 0.674485 0.000306828 0.456035 0.000418253 
367 112.835 0.214145 13053.8 53.0804 0.674595 0.000365253 0.456178 0.000502034 
368 113.201 0.192695 13139.3 46.6154 0.674649 0.000341505 0.456251 0.00046882 
369 113.497 0.269731 13204.9 66.858 0.674663 0.000393392 0.456265 0.000542438 
370 113.773 0.250599 13268.3 60.9458 0.674608 0.000353811 0.456187 0.000487598 
371 114.124 0.278407 13351.8 69.3133 0.674749 0.000359393 0.456382 0.000498396 
372 114.397 0.254472 13413.1 62.5257 0.674694 0.000318303 0.456301 0.000440297 
373 114.767 0.246621 13499.5 60.958 0.674788 0.000333217 0.456427 0.000455413 
374 115.078 0.24305 13573.8 59.8513 0.674654 0.000312245 0.456248 0.000427225 
375 115.389 0.259336 13647.1 64.0673 0.674677 0.000332694 0.456276 0.000453351 
376 115.734 0.250214 13728.8 61.8048 0.674725 0.000366856 0.456343 0.000502569 
377 115.967 0.237833 13782.3 58.6664 0.674688 0.000363465 0.456282 0.000495549 
378 116.305 0.239397 13861.8 58.7022 0.674698 0.000352154 0.456291 0.000478889 
379 116.622 0.248137 13936.7 62.0313 0.674687 0.00033663 0.456276 0.00046213 
380 116.962 0.249174 14018.8 63.4987 0.674803 0.000359649 0.456432 0.000494604 
381 117.297 0.230424 14098.7 58.8472 0.674836 0.000361633 0.456481 0.000499618 
382 117.813 0.274837 14229.8 71.767 0.675133 0.000420789 0.456897 0.00058643 
383 117.978 0.239987 14262.5 61.0573 0.674776 0.000374426 0.456387 0.000513016 
384 118.32 0.238585 14342.1 59.5458 0.674801 0.000337175 0.456413 0.000462271 
385 118.603 0.264753 14408.7 62.9554 0.674803 0.000404941 0.456412 0.00055339 
386 118.928 0.24573 14489.4 61.206 0.674879 0.000387569 0.456515 0.000530801 
387 119.229 0.283156 14559.8 69.6203 0.674861 0.000398631 0.456486 0.000546758 
388 119.634 0.318171 14660.9 79.9231 0.675088 0.00051336 0.456797 0.000701977 
389 119.942 0.317242 14733.8 78.1872 0.674977 0.000450245 0.456639 0.000612611 
390 120.307 0.37938 14824 96.555 0.675066 0.000557502 0.456757 0.000761631 
391 120.573 0.352206 14887.4 90.2424 0.675037 0.00046146 0.456718 0.000636405 
392 120.92 0.342844 14972.4 87.8695 0.675083 0.000436126 0.456773 0.000599394 
393 121.355 0.361657 15083.1 93.7806 0.675168 0.000443476 0.456896 0.00061201 
394 121.801 0.33412 15194.3 86.0726 0.675347 0.000397322 0.457139 0.000544559 
395 122.085 0.391896 15267.4 103.297 0.675324 0.000499595 0.457108 0.000687963 
396 122.345 0.371121 15328.1 96.3554 0.675216 0.000398426 0.456952 0.000547506 
397 122.558 0.362264 15379.9 94.5683 0.675201 0.00043309 0.456934 0.000591114 
398 122.819 0.343957 15442.6 90.7357 0.675093 0.0003713 0.456784 0.000507605 
399 123.224 0.357784 15544.8 94.1757 0.675295 0.000436882 0.457054 0.00059914 
400 123.388 0.360021 15582.9 94.9063 0.675143 0.000368497 0.456841 0.000508947 
401 123.836 0.368136 15698.7 97.7114 0.675342 0.000384407 0.457115 0.000528786 
402 124.106 0.30607 15765.4 81.2945 0.675201 0.000361206 0.456915 0.000500417 
403 124.545 0.339737 15879.4 88.1497 0.675356 0.000463051 0.45713 0.000641817 
404 124.711 0.324027 15917.1 84.6853 0.675148 0.000428959 0.456839 0.000593999 
405 124.972 0.276729 15983.2 72.042 0.675146 0.000353639 0.456835 0.000490482 
406 125.259 0.346071 16054.7 89.949 0.67504 0.000436047 0.456687 0.000601447 
407 125.532 0.283776 16123.2 73.8937 0.675092 0.000371922 0.456759 0.000509209 
408 125.847 0.289207 16204.6 74.7253 0.675014 0.000383859 0.456652 0.000526842 
409 126.172 0.305489 16288.3 80.2046 0.675095 0.000371047 0.456763 0.000513652 
410 126.439 0.289667 16353.4 75.0039 0.674984 0.000372243 0.456601 0.000512717 
411 126.792 0.266984 16444.9 70.0606 0.675068 0.000366722 0.456721 0.00050731 
412 127.094 0.286511 16521.8 74.7464 0.675051 0.000391585 0.456694 0.000539297 
413 127.544 0.290164 16643 77.185 0.675125 0.000394687 0.456805 0.000547095 
414 127.79 0.302985 16704.9 79.9809 0.675032 0.000424368 0.456674 0.000582569 
415 128.05 0.280973 16769.5 75.4614 0.67505 0.00040334 0.456694 0.000558219 
416 128.457 0.289381 16879.5 77.0215 0.675091 0.000410167 0.456749 0.000563949 
417 128.616 0.328966 16916.9 88.303 0.674958 0.000490946 0.456561 0.000673783 
418 129.003 0.33211 17021.8 89.0843 0.675007 0.000476836 0.456632 0.000653781 
419 129.327 0.334703 17106.5 92.0149 0.675039 0.000504676 0.456671 0.000697506 
420 129.648 0.343152 17193.1 93.4632 0.675032 0.000489899 0.456663 0.000673521 
421 130.139 0.395023 17328.8 112.073 0.675341 0.000527919 0.457088 0.00073769 
422 130.326 0.267492 17370.9 72.7108 0.675127 0.000401474 0.456784 0.000548764 
423 130.666 0.259258 17460.1 70.6012 0.67523 0.000351284 0.456916 0.000480502 
424 130.974 0.290615 17542.8 79.075 0.675234 0.000378897 0.45692 0.000518393 
425 131.385 0.237655 17652.3 66.0192 0.67541 0.000366774 0.457157 0.000502366 
426 131.687 0.248871 17733.6 68.1075 0.675339 0.000370855 0.457057 0.000508084 
427 132.031 0.25915 17824.6 71.8898 0.675311 0.00039368 0.457019 0.000537466 
428 132.44 0.253208 17937.4 71.881 0.675528 0.000383954 0.457315 0.000528521 
429 132.805 0.264139 18036.1 75.3661 0.675572 0.000381804 0.457372 0.000524379 
430 133.148 0.275569 18127.6 78.7153 0.675648 0.000399808 0.457467 0.000548271 
431 133.391 0.261137 18192.3 71.8179 0.67561 0.000375656 0.457423 0.000514481 
432 133.773 0.269842 18296.5 76.821 0.675712 0.00039406 0.457558 0.000540749 
433 134.069 0.318769 18376.9 88.3717 0.675571 0.000434845 0.457363 0.000596208 
434 134.468 0.291335 18488.6 83.5214 0.675612 0.000429933 0.45742 0.000593641 
435 134.841 0.318084 18590.9 92.1707 0.675749 0.000429135 0.457606 0.000589043 
436 135.374 0.308128 18747.8 90.6503 0.675934 0.000419908 0.457867 0.000577287 
437 135.515 0.362488 18774.8 105.099 0.675884 0.000439302 0.457786 0.000603528 
438 135.77 0.355322 18846.2 104.445 0.675779 0.000455304 0.457638 0.000624369 
439 136.115 0.425305 18941.9 125.314 0.675826 0.000456173 0.457702 0.00062814 
440 136.501 0.43868 19049.7 129.74 0.6759 0.000471872 0.457806 0.000648313 
441 136.922 0.478745 19171.5 144.343 0.675997 0.000494811 0.457939 0.000680661 
442 137.103 0.443335 19217.9 131.893 0.675834 0.000500093 0.457713 0.000688427 
443 137.495 0.440098 19326.5 131.661 0.675949 0.000458772 0.457863 0.000630061 
444 137.876 0.446629 19432.9 132.892 0.675972 0.000461787 0.457886 0.000633051 
445 138.181 0.412013 19516 122.002 0.675966 0.00040485 0.457874 0.000556596 
446 138.509 0.371703 19607.6 111.391 0.676071 0.000440955 0.458014 0.000607039 
447 138.769 0.35996 19680.4 107.182 0.675945 0.000413477 0.45784 0.000567216 
448 138.952 0.275134 19725.6 80.6238 0.675929 0.000387875 0.457813 0.000532413 
449 139.267 0.2824 19816.3 82.6427 0.675878 0.000403988 0.457748 0.000553196 
450 139.546 0.268642 19890.5 78.9775 0.675722 0.000383204 0.457524 0.000523993 
451 140.054 0.290027 20041 86.6004 0.676012 0.000409124 0.457924 0.000562571 
452 140.254 0.279367 20091.4 82.0652 0.675912 0.000399612 0.457777 0.000547374 
453 140.464 0.301573 20149.8 87.3679 0.675811 0.000381721 0.45764 0.000522801 
454 140.961 0.2828 20291.3 83.8048 0.675965 0.000396484 0.457845 0.000543784 
455 141.108 0.273973 20332.1 81.2815 0.675781 0.000388643 0.457597 0.000533983 
456 141.493 0.283735 20445.3 84.6942 0.675944 0.000402675 0.457816 0.00055204 
457 141.861 0.290722 20555.6 87.9198 0.675854 0.000414416 0.457701 0.000569791 
458 142.141 0.310025 20638 92.3924 0.675853 0.000406192 0.457698 0.000557374 
459 142.611 0.3046 20774.8 91.7954 0.675988 0.000397764 0.457876 0.000545526 
460 142.776 0.314515 20815.8 94.0303 0.675846 0.00045339 0.457679 0.00062161 
461 143.106 0.287725 20912.8 87.4733 0.675838 0.000395399 0.457669 0.000540724 
462 143.433 0.297125 21005.9 91.2587 0.675842 0.000399176 0.457666 0.00054682 
463 143.764 0.295849 21108.4 90.6008 0.675908 0.000413333 0.457768 0.000571573 
464 144.136 0.301389 21215 92.126 0.676041 0.000422019 0.457939 0.000579656 
465 144.396 0.292886 21289.6 90.5582 0.67598 0.000420414 0.457857 0.00057691 
466 144.85 0.314233 21427.2 95.6366 0.676048 0.000426041 0.457951 0.000584079 
467 145.132 0.318975 21506.4 98.1702 0.676031 0.000403778 0.457922 0.000554204 
468 145.323 0.367144 21557.2 111.751 0.676036 0.000407006 0.457924 0.000557676 
469 145.804 0.356246 21701.4 112.005 0.676089 0.000422474 0.457996 0.00057933 
470 146.022 0.353771 21765.2 108.151 0.676073 0.000423572 0.457976 0.000579039 
471 146.455 0.322809 21893.7 100.354 0.676193 0.000426827 0.458134 0.000588798 
472 146.731 0.328648 21975.9 99.7147 0.676122 0.000425219 0.458039 0.000583898 
473 147.166 0.403169 22106.1 125.548 0.676244 0.000455149 0.4582 0.000625283 
474 147.387 0.397426 22172.5 122.795 0.67613 0.000446135 0.458045 0.000614912 
475 147.936 0.526217 22344.9 170.097 0.676368 0.000653323 0.458381 0.000902145 
476 148.08 0.42149 22381.8 128.583 0.676147 0.000477218 0.458068 0.000658806 
477 148.436 0.472733 22488.1 146.846 0.676174 0.000613908 0.458103 0.00084645 
478 148.711 0.424269 22568.3 130.04 0.676177 0.000492803 0.458101 0.000677442 
479 149.003 0.352202 22657.4 106.687 0.676184 0.000423236 0.458109 0.0005844 
480 149.465 0.447648 22796.7 137.867 0.676432 0.000553218 0.458443 0.000761927 
481 149.614 0.363762 22841.6 113.857 0.67624 0.000491218 0.458183 0.000679344 
482 149.942 0.328058 22939.2 103.817 0.676366 0.000443345 0.458351 0.000615025 
483 150.334 0.358506 23064.5 117.434 0.676259 0.000489794 0.458212 0.000676769 
484 150.665 0.355319 23166.8 114.117 0.676335 0.000483951 0.458316 0.000665219 
485 151.011 0.384225 23276.5 121.698 0.676332 0.000579257 0.458316 0.000800626 
486 151.213 0.344978 23332.3 110.273 0.676206 0.000563595 0.458137 0.000773063 
487 151.54 0.33276 23432.1 105.948 0.67602 0.000446531 0.457878 0.00061152 
488 151.853 0.355019 23525.8 116.306 0.676079 0.00052476 0.457951 0.000721543 
489 152.252 0.346641 23652.1 111.242 0.676299 0.000477401 0.458255 0.000658191 
490 152.7 0.363961 23791.2 118.681 0.676365 0.000463537 0.458342 0.000635871 
491 152.888 0.331925 23845 107.704 0.676239 0.00045664 0.458165 0.000626571 
492 153.091 0.348467 23908 113.506 0.676111 0.00046219 0.457987 0.000631737 
493 153.398 0.327744 24001.1 106.418 0.676159 0.000463064 0.458052 0.000633181 
494 153.809 0.350954 24129.3 114.627 0.676307 0.000468404 0.458249 0.000638019 
495 154.178 0.355193 24243.5 115.775 0.676306 0.000455627 0.458239 0.000626139 
496 154.564 0.377089 24364.3 122.841 0.676357 0.00047284 0.458311 0.000651186 
497 154.842 0.348332 24452.9 113.757 0.676246 0.000465322 0.458166 0.000636905 
498 155.194 0.357551 24558.5 118.292 0.676223 0.000454021 0.458124 0.000623132 
499 155.466 0.351587 24648.7 116.079 0.676318 0.000450315 0.458262 0.000616285 
500 155.962 0.365441 24804.5 122.592 0.67657 0.0004797 0.458598 0.000657708 
501 156.105 0.35569 24851.8 117.476 0.6764 0.000467759 0.458371 0.000638804 
502 156.604 0.371346 25008.8 124.507 0.676585 0.000467678 0.458607 0.000637305 
503 156.858 0.368623 25096.3 124.633 0.676505 0.000464648 0.45851 0.000634074 
504 156.991 0.340483 25129 112.118 0.676308 0.000437666 0.458236 0.000597118 
505 157.283 0.351473 25222.6 113.209 0.676311 0.00044803 0.458237 0.000610135 
506 157.608 0.359113 25329.1 119.139 0.676294 0.000460653 0.458215 0.00062893 
507 157.937 0.367558 25433.5 123.228 0.676298 0.000458814 0.458223 0.000626293 
508 158.147 0.355643 25495.7 118.021 0.676204 0.000451004 0.458092 0.000615667 
509 158.67 0.401874 25674.8 135.52 0.676455 0.000463184 0.45844 0.000632227 
510 158.919 0.376407 25753.6 126.557 0.676339 0.000466587 0.45828 0.000636952 
511 159.379 0.376754 25908.2 128.127 0.676622 0.00046296 0.458665 0.000634696 
512 159.553 0.386144 25954.4 130.15 0.676421 0.000477623 0.458381 0.00065148 
513 160.04 0.375634 26112.4 127.561 0.676578 0.000474734 0.458596 0.000648373 
514 160.107 0.378297 26133.4 127.195 0.676369 0.000458921 0.458307 0.000627095 
515 160.737 0.434914 26343.9 148.865 0.676682 0.000520699 0.458739 0.000710294 
516 160.823 0.405898 26367.5 138.665 0.676504 0.000484196 0.458492 0.000662591 
517 161.351 0.379574 26546.7 130.336 0.676714 0.000472026 0.458785 0.000646702 
518 161.412 0.382954 26558 130.908 0.676477 0.000456039 0.45845 0.000623406 
519 161.905 0.410279 26726.3 143.46 0.676661 0.00050034 0.458713 0.000687142 
520 162.114 0.405824 26787.5 138.881 0.676522 0.000497045 0.458516 0.000679899 
521 162.87 0.463228 27046.8 158.797 0.67702 0.000515985 0.4592 0.000707157 
522 162.891 0.405376 27042.1 140.09 0.676754 0.000514407 0.458826 0.000705408 
523 163.62 0.449254 27294.8 157.473 0.677253 0.000526262 0.459516 0.000722872 
524 163.565 0.389896 27264 134.204 0.676869 0.000493622 0.458981 0.000674478 
525 164.263 0.427598 27509.5 150.458 0.677241 0.000546236 0.4595 0.000751834 
526 164.291 0.397476 27503.2 137.588 0.676999 0.000499786 0.459151 0.000683998 
527 164.926 0.420904 27725.9 147.444 0.677303 0.000527782 0.459572 0.000722962 
528 164.94 0.402129 27722.4 140.492 0.677069 0.000523835 0.459248 0.000716851 
529 165.667 0.433731 27965.7 149.774 0.677621 0.000659085 0.460007 0.00090339 
530 165.466 0.415491 27891.9 143.861 0.676867 0.000537156 0.458972 0.000734968 
531 166.434 0.582083 28217.8 190.038 0.678019 0.00114923 0.460548 0.00157771 
532 165.911 0.379564 28040.2 132.63 0.676602 0.000482423 0.458604 0.000662101 
533 166.438 0.396148 28219.6 138.256 0.676996 0.000560105 0.459136 0.000762549 
534 166.679 0.378249 28300.1 132.563 0.676883 0.000495273 0.458982 0.000678448 
535 167.55 0.455719 28597.7 155.267 0.67762 0.000795568 0.459994 0.00108972 
536 167.227 0.401665 28486.1 140.811 0.676814 0.000493208 0.458887 0.000673912 
537 167.969 0.442292 28738.7 153.555 0.677312 0.000591663 0.459568 0.000809139 
538 167.818 0.403755 28690.1 141.394 0.67682 0.00048876 0.458892 0.000668315 
539 168.192 0.419086 28824.5 149.296 0.676751 0.000499306 0.458804 0.00068265 
540 168.649 0.413862 28977.5 145.917 0.676957 0.000506446 0.45908 0.000692113 
541 168.977 0.434123 29092.8 153.793 0.676869 0.000525992 0.458964 0.000719807 
542 169.45 0.441222 29258 157.887 0.677082 0.000512305 0.459255 0.000702478 
543 169.647 0.426544 29320.3 153.52 0.676965 0.00050665 0.459089 0.000693453 
544 169.941 0.445316 29427.4 159.529 0.676944 0.000522261 0.459068 0.000715194 
545 170.425 0.478505 29598.4 173.817 0.677143 0.000554306 0.45934 0.000762038 
546 170.666 0.490986 29678.7 176.533 0.677147 0.000547983 0.459347 0.000750488 
547 171.072 0.524549 29824.4 190.956 0.677125 0.000572207 0.459313 0.000787635 
548 171.37 0.487109 29922.6 169.386 0.67719 0.000582499 0.459403 0.000793974 
549 171.59 0.453312 29998.4 163.49 0.676929 0.000526247 0.459042 0.000722417 
550 171.918 0.453295 30108.9 165.486 0.677005 0.000531211 0.459141 0.000725914 
551 172.069 0.462403 30158.8 169.077 0.676875 0.000540031 0.458961 0.000740406 
552 172.714 0.473503 30394.7 174.131 0.677174 0.000584895 0.459383 0.00080051 
553 172.999 0.503707 30495 185.396 0.677197 0.000595036 0.459414 0.000815508 
554 173.152 0.488201 30538.5 178.699 0.676932 0.000570225 0.45904 0.000780689 
555 173.323 0.473303 30600.2 172.138 0.676806 0.000546882 0.458869 0.000749568 
556 173.906 0.508314 30813.6 187.809 0.677235 0.000622938 0.45946 0.000854179 
557 174.24 0.467842 30930.3 172.422 0.677184 0.000558118 0.459389 0.000764212 
558 174.57 0.484925 31046.3 178.294 0.677115 0.000539553 0.459291 0.000738867 
559 174.798 0.491694 31125.3 182.204 0.677031 0.000563245 0.459172 0.000773114 
560 174.925 0.486577 31163.1 180.164 0.676856 0.000560863 0.458923 0.000766866 
561 175.404 0.499636 31333.3 185.121 0.677027 0.00055474 0.459152 0.000758556 
562 175.575 0.481417 31391.6 178.224 0.676928 0.000573412 0.459017 0.000786075 
563 175.934 0.493784 31516.2 183.729 0.676787 0.000587674 0.458811 0.000803456 
564 176.208 0.470735 31617.2 174.273 0.676945 0.000545119 0.459035 0.000744501 
565 176.792 0.484071 31824.7 181.295 0.677039 0.000556909 0.459168 0.000762262 
566 177.106 0.488844 31943.9 184.17 0.677205 0.000562192 0.459398 0.000770296 
567 177.638 0.499582 32133.5 185.565 0.677405 0.000569898 0.459664 0.00077839 
568 177.823 0.496451 32192.3 184.07 0.677315 0.000583338 0.459536 0.0007963 
569 177.965 0.516815 32237.2 190.153 0.6771 0.000579668 0.459235 0.000790612 
570 178.296 0.483758 32354.1 179.715 0.677065 0.000564361 0.459184 0.000769434 
571 178.358 0.51244 32376.5 192.303 0.676826 0.000562804 0.458861 0.000768552 
572 178.789 0.488623 32529.6 182.766 0.676965 0.000550842 0.459042 0.00075127 
573 179.075 0.527658 32633.5 197.67 0.676913 0.000558059 0.458964 0.000761419 
574 179.526 0.510914 32800.6 191.465 0.67694 0.000575726 0.459009 0.000786962 
575 179.827 0.492371 32911 184.303 0.676868 0.000570981 0.458907 0.000778286 
576 180.346 0.539124 33117.8 205.071 0.677143 0.000599231 0.459298 0.000819422 
577 180.554 0.527753 33184 200.401 0.676933 0.000567549 0.458996 0.000775373 
578 180.632 0.549792 33208.4 206.192 0.676798 0.000603428 0.45882 0.000823078 
579 180.974 0.524089 33333.7 201.039 0.676605 0.000586509 0.458549 0.00080088 
580 181.222 0.552941 33421.8 209.311 0.6766 0.000614279 0.45854 0.000838152 
581 181.573 0.519396 33546.7 197.325 0.676649 0.000585415 0.458602 0.000798222 
582 181.78 0.529583 33616.5 200.811 0.676562 0.00060546 0.458474 0.000825039 
583 181.901 0.523275 33657.8 198.552 0.676399 0.000576349 0.458248 0.000785137 
584 182.364 0.529101 33840 203.568 0.676461 0.000577308 0.458343 0.000788294 
585 182.52 0.55521 33892.2 213.531 0.676436 0.000602521 0.458301 0.000822225 
586 182.972 0.572404 34057.1 220.114 0.676432 0.000695729 0.458292 0.00094699 
587 183.225 0.520733 34156.4 199.497 0.676326 0.000588742 0.458152 0.000799783 
588 183.511 0.535041 34264.3 204.164 0.676279 0.000598605 0.45809 0.000813343 
589 183.755 0.532972 34346.8 203.605 0.676245 0.000581762 0.458033 0.00079057 
590 184.208 0.527974 34508.9 201.584 0.676405 0.000588302 0.458246 0.000798786 
591 184.488 0.537428 34610 206.377 0.676347 0.000606582 0.458162 0.000819456 
592 184.883 0.564193 34760.3 206.054 0.676472 0.000626731 0.458336 0.000849073 
593 185.168 0.691817 34864.4 262.279 0.676397 0.000704571 0.458226 0.000953257 
594 185.564 0.664942 35008.2 246.996 0.67657 0.00073722 0.458451 0.000992429 
595 185.764 0.539191 35087.6 206.736 0.676575 0.000631518 0.458464 0.000854053 
596 186.227 0.645889 35259.1 243.215 0.676596 0.000659771 0.458487 0.000891219 
597 186.301 0.544215 35282.6 210.033 0.676364 0.000594822 0.458174 0.000806677 
598 186.887 0.555597 35503.6 216.826 0.676599 0.000606755 0.458499 0.000830618 
599 187.079 0.580322 35579.2 225.962 0.676304 0.000637776 0.458098 0.000864306 
600 187.623 0.591274 35796.9 230.442 0.676529 0.000660128 0.458417 0.000899135 
601 188.054 0.562986 35952.4 217.096 0.676523 0.000685054 0.4584 0.000928265 
602 188.42 0.562754 36091.3 220.195 0.676725 0.000621486 0.458672 0.000844733 
603 188.832 0.547043 36245 213.929 0.676739 0.000634835 0.458683 0.00086315 
604 189.504 0.575217 36510.1 226.838 0.677043 0.000672991 0.459107 0.000919034 
605 189.598 0.599634 36544 238.281 0.676858 0.000639816 0.458847 0.000873035 
606 190.136 0.65826 36769.1 263.768 0.677232 0.000678715 0.459368 0.000928804 
607 190.239 0.719036 36797.7 288.259 0.677018 0.000737749 0.459068 0.00101694 
608 190.941 0.84552 37082.8 347.856 0.677453 0.000940516 0.459676 0.00130537 
609 190.955 0.597458 37056.2 236.696 0.676936 0.000632043 0.458928 0.000859765 
610 191.37 0.584079 37211.3 231.918 0.676953 0.000613443 0.458951 0.000832286 
611 191.669 0.587348 37325.8 235.155 0.677049 0.000625222 0.459082 0.000854006 
612 192.099 0.605378 37498.2 237.539 0.676961 0.000801706 0.458969 0.00107616 
613 192.62 0.59682 37701.4 236.718 0.677117 0.000625961 0.459173 0.000852536 
614 192.568 0.581644 37678.4 233.071 0.676907 0.000614254 0.458884 0.000836774 
615 192.834 0.578857 37777.9 229.251 0.676908 0.000610741 0.458881 0.000828353 
616 193.353 0.587811 37985.5 234.056 0.677231 0.000698124 0.459327 0.000949174 
617 193.323 0.588985 37959.7 234.38 0.676844 0.000645592 0.45879 0.000876875 
618 194.024 0.630463 38245 252.519 0.677185 0.000711372 0.459268 0.000971166 
619 194.329 0.613084 38360.2 245.574 0.677123 0.000641438 0.45917 0.000873892 
620 194.617 0.623464 38479.6 251.561 0.677111 0.00067179 0.459164 0.000914368 
621 195.095 0.608411 38658.8 246.487 0.677226 0.000631358 0.459304 0.000860325 
622 195.424 0.614446 38795 249.933 0.677248 0.000645143 0.459336 0.000878668 
623 195.661 0.644303 38887.7 260.8 0.677353 0.00074012 0.459479 0.00100857 
624 196.149 0.642779 39088.5 260.093 0.67757 0.000707771 0.459786 0.000964077 
625 196.422 0.694019 39190 269.699 0.677562 0.000807048 0.459764 0.00109883 
626 196.71 0.631709 39315 258.077 0.677478 0.000700189 0.459651 0.000953224 
627 196.644 0.685212 39282.5 263.973 0.676998 0.000820735 0.458994 0.00110165 
628 197.457 0.680574 39605.6 271.301 0.677527 0.000679766 0.459714 0.000915113 
629 197.552 0.621187 39629.7 242.016 0.677471 0.000761266 0.459623 0.0010244 
630 198.004 0.650405 39816.2 262.017 0.677561 0.000753279 0.459748 0.00101314 
631 198.291 0.603686 39915 245.089 0.677408 0.000693628 0.459529 0.000936596 
632 198.793 0.665951 40126.1 270.273 0.677635 0.00079014 0.459847 0.00106855 
633 198.934 0.608725 40173.4 248.543 0.677641 0.000764587 0.459843 0.00103032 
634 199.295 0.636563 40325 260.831 0.677522 0.000692326 0.459681 0.000934596 
635 199.408 0.674025 40365.4 269.88 0.677329 0.000727833 0.459413 0.000975606 
636 199.818 0.651316 40537.1 267.545 0.677295 0.000653582 0.45937 0.000882035 
637 200.202 0.610743 40679.5 250.874 0.677509 0.000615692 0.459651 0.00083056 
638 200.39 0.644959 40764.9 264.738 0.67734 0.000698697 0.459425 0.000951423 
639 200.707 0.651081 40887.3 268.21 0.677401 0.000704718 0.459501 0.000957056 
640 201.269 0.629403 41124.3 260.529 0.67745 0.000649166 0.459566 0.000880502 
641 201.248 0.674903 41102.4 268.724 0.677161 0.000724036 0.459167 0.000983057 
642 201.781 0.632542 41321.9 262.726 0.677418 0.000620982 0.459512 0.000840256 
643 202.367 0.682387 41562.5 282.131 0.677611 0.00064024 0.459777 0.00087134 
644 202.839 0.683723 41768.1 284.105 0.677579 0.000705991 0.459739 0.000958246 
645 203.343 0.738441 41976.6 309.43 0.677655 0.000698221 0.459843 0.000946452 
646 203.698 0.747886 42128.8 316.989 0.677676 0.000664544 0.459872 0.00090501 
647 204.404 0.772784 42425.4 328.79 0.677992 0.000679902 0.460304 0.000926308 
648 204.087 0.675677 42275.4 282.886 0.677563 0.000652525 0.459714 0.000884413 
649 204.472 0.759789 42441 320.816 0.677651 0.000678855 0.459836 0.000921008 
650 204.919 0.700042 42619.4 292.907 0.677929 0.000688911 0.460211 0.000936554 
651 205.225 0.745585 42748.9 311.623 0.677994 0.000719506 0.460297 0.000978631 
652 205.456 0.701503 42850 295.566 0.677771 0.000742337 0.459998 0.00100926 
653 205.659 0.76641 42936.6 323.119 0.677631 0.000818526 0.459807 0.00110673 
654 206.135 0.816944 43128.7 339.398 0.677845 0.000829391 0.4601 0.00112404 
655 206.332 0.800045 43215.8 338.223 0.677718 0.000773822 0.459926 0.00104592 
656 206.52 0.794156 43292.6 333.384 0.677709 0.000709116 0.459921 0.000959207 
657 207.296 0.799788 43624.3 341.008 0.678039 0.000848343 0.460372 0.00115023 
658 207.67 0.857954 43792.1 365.242 0.678113 0.000887799 0.460482 0.00120479 
659 208.388 1.00633 44094.6 423.609 0.678482 0.000999107 0.460985 0.00135965 
660 208.477 0.980426 44134.7 409.409 0.678137 0.000979158 0.46051 0.00132753 
661 208.984 0.928467 44350.8 401.394 0.678277 0.000927836 0.4607 0.00126066 
662 209.196 1.06676 44440.4 449.622 0.678154 0.00107993 0.460531 0.00147066 
663 209.648 1.06023 44634 450.623 0.678281 0.00106071 0.460709 0.00144471 
664 209.617 0.955078 44616.6 402.402 0.678095 0.000927434 0.460449 0.00126314 
665 209.927 0.848007 44733.9 351.105 0.677974 0.000905722 0.460263 0.00122453 
666 210.256 0.810528 44874.6 339.501 0.677847 0.000804087 0.460089 0.00109099 
667 210.803 0.880301 45095.6 364.811 0.678282 0.000846582 0.460668 0.00114368 
668 210.965 0.823333 45181.2 358.489 0.678173 0.000879555 0.460539 0.00119272 
669 211.319 0.73936 45325.9 321.247 0.678228 0.000795836 0.460608 0.00107068 
670 211.581 0.801336 45426.2 335.155 0.678042 0.000770387 0.46035 0.00103394 
671 211.882 0.869338 45557.5 378.592 0.678053 0.00088968 0.460362 0.00119022 
672 212.172 0.814454 45678 353.884 0.678054 0.000800107 0.460365 0.00107466 
673 212.677 0.877266 45909.3 382.229 0.678299 0.000948233 0.460708 0.0012742 
674 212.347 0.732964 45744.2 320.993 0.677624 0.000811489 0.459781 0.00109415 
675 212.969 0.773146 46011.1 339.365 0.677895 0.000695785 0.460138 0.000948173 
676 213.285 0.80207 46156.8 351.68 0.677895 0.000720892 0.46015 0.000981878 
677 213.782 0.751897 46364.6 329.766 0.678127 0.000671664 0.460466 0.000915552 
678 214.303 0.760603 46589.4 332.853 0.67814 0.000711842 0.460477 0.000969174 
679 214.553 0.751354 46708 332.242 0.678287 0.000717248 0.460685 0.000980267 
680 214.806 0.78575 46811.5 346.052 0.67815 0.0007177 0.460488 0.000977731 
681 215.435 0.787162 47084.8 348.716 0.678362 0.000705936 0.460778 0.000963451 
682 215.731 0.825241 47210.6 362.826 0.678107 0.000734166 0.46042 0.000999598 
683 215.816 0.948946 47239.8 417.179 0.678134 0.000755413 0.460452 0.00102869 
684 216.343 0.789871 47467.3 347.879 0.678261 0.000721165 0.460626 0.000981356 
685 216.245 0.907512 47423.4 394.19 0.678228 0.000737959 0.460583 0.00100313 
686 216.469 0.812641 47521.5 358.547 0.677957 0.000727767 0.460207 0.000991443 
687 217.274 0.870261 47887.7 389.044 0.678476 0.000758292 0.460925 0.00103342 
688 217.279 0.812147 47884.9 359.541 0.67819 0.000733941 0.460526 0.000996664 
689 217.772 0.824368 48096.6 365.882 0.678208 0.000710374 0.460551 0.000966488 
690 217.932 0.862371 48165.1 380.557 0.678134 0.000709378 0.46045 0.00096696 
691 218.493 0.804533 48412.5 358.32 0.678224 0.000712832 0.460577 0.000969302 
692 218.696 0.877529 48499.9 390.899 0.678235 0.000752002 0.460593 0.00102479 
693 219.125 0.821584 48693.8 365.672 0.678243 0.000698329 0.460596 0.000951797 
694 219.142 0.793494 48697.5 348 0.678065 0.000744175 0.460354 0.00101332 
695 219.538 0.822749 48880.6 366.951 0.678098 0.000741055 0.460402 0.00100957 
696 220.179 0.845657 49172.7 378.093 0.678449 0.000747654 0.460885 0.00101985 
697 220.275 0.780978 49214.3 349.558 0.678133 0.000703459 0.460457 0.000957445 
698 220.951 0.816898 49526.2 369.746 0.67847 0.000743248 0.46092 0.00102097 
