1.2 -1.80983 94600000000
154.743 0.621565
1 0 0 0 0 0.500025 0.000140453 0.500025 0.000140453 
2 0 0 0 0 0.49999 0.000125638 0.375012 0.000138931 
3 0 0 0 0 0.499954 9.60601e-05 0.333303 9.92685e-05 
4 0.16318 0.000103283 0.16318 0.000103283 0.528412 9.45424e-05 0.344467 0.000122064 
5 0.223928 0.000134266 0.223928 0.000134266 0.531177 9.9754e-05 0.334285 0.000108155 
6 0.443725 0.000256821 0.613971 0.000454103 0.549285 8.90741e-05 0.346402 9.96285e-05 
7 0.534174 0.00024167 0.766042 0.000437615 0.550496 0.000114693 0.341146 0.000120247 
8 0.802795 0.000454495 1.48079 0.00121082 0.564219 9.23274e-05 0.352428 0.000104945 
9 0.920627 0.000428883 1.79432 0.00122303 0.56553 8.99155e-05 0.35014 0.00010354 
10 1.1949 0.000608891 2.7628 0.00222369 0.574907 9.23121e-05 0.358181 0.000106015 
11 1.35008 0.000645166 3.35076 0.00284975 0.576887 9.27564e-05 0.358046 0.000107169 
12 1.62429 0.000830443 4.57661 0.00385107 0.583755 9.8413e-05 0.364173 0.000119257 
13 1.79976 0.000843277 5.41348 0.004377 0.585606 0.00010028 0.364623 0.000113673 
14 2.08352 0.00105618 6.98105 0.0060918 0.59119 0.000101124 0.369903 0.000116174 
15 2.269 0.00110382 8.04364 0.00676018 0.592664 0.000102006 0.370337 0.000124205 
16 2.56265 0.00133429 9.98006 0.00877046 0.597386 0.000109515 0.374972 0.000130018 
17 2.75698 0.00133238 11.2935 0.00981767 0.598576 9.84733e-05 0.375361 0.0001222 
18 3.05429 0.0015283 13.5627 0.0121065 0.602497 0.000111415 0.379271 0.000137122 
19 3.26067 0.00153397 15.182 0.0131385 0.603655 9.83958e-05 0.379857 0.000120728 
20 3.56346 0.00172697 17.8286 0.0159388 0.607089 0.000101453 0.383383 0.000126715 
21 3.77531 0.00189789 19.7121 0.0180983 0.608029 0.000106046 0.38385 0.000129654 
22 4.08222 0.0021329 22.7398 0.0234264 0.611055 0.000126053 0.387006 0.000163012 
23 4.29744 0.00250415 24.882 0.0268933 0.61179 0.000114932 0.387339 0.0001473 
24 4.61064 0.00288521 28.3332 0.0361499 0.614521 0.000145842 0.390236 0.000183619 
25 4.83014 0.00318064 30.7324 0.0409356 0.615197 0.00010138 0.390571 0.000125011 
26 5.14532 0.00267405 34.5596 0.0385231 0.617615 0.000104763 0.393188 0.000135546 
27 5.3731 0.00313562 37.3315 0.0446308 0.618286 0.000102567 0.393598 0.000129554 
28 5.68759 0.00351593 41.5026 0.053829 0.620423 0.000130881 0.395912 0.000172113 
29 5.91883 0.00341376 44.564 0.0475154 0.621029 0.000121153 0.396306 0.000156441 
30 6.24161 0.00393252 49.2422 0.064776 0.623011 0.000128973 0.398485 0.000169191 
31 6.47642 0.00484164 52.6208 0.0795942 0.62351 0.000137336 0.398789 0.000182523 
32 6.79537 0.00385264 57.5843 0.0635571 0.62528 0.000126824 0.400746 0.000160867 
33 7.03822 0.00447825 61.366 0.0829072 0.625859 0.000105855 0.401188 0.000135432 
34 7.35717 0.00502036 66.6971 0.0927933 0.627418 0.000140148 0.402911 0.000178995 
35 7.60236 0.00444347 70.7919 0.0852866 0.627967 0.000112297 0.40334 0.000144279 
36 7.92594 0.00459817 76.601 0.0959825 0.629475 0.000130934 0.405034 0.000165871 
37 8.17629 0.00434298 81.1077 0.0886283 0.629962 0.000107177 0.405427 0.000138415 
38 8.49589 0.00473934 87.194 0.0998411 0.631243 0.000112715 0.406852 0.000145682 
39 8.74903 0.0054694 92.0311 0.116703 0.631676 0.000129389 0.407202 0.00016653 
40 9.06936 0.00483222 98.5274 0.106256 0.6329 0.000115791 0.408579 0.000147885 
41 9.32319 0.00504362 103.642 0.114089 0.633289 0.000111966 0.408877 0.000144812 
42 9.65233 0.00563956 110.722 0.135188 0.634512 0.000137013 0.410287 0.000176592 
43 9.91059 0.00531939 116.25 0.127293 0.6349 0.000111768 0.410606 0.000144999 
44 10.2402 0.00574934 123.741 0.142648 0.636039 0.000112651 0.41192 0.000145358 
45 10.4984 0.00571165 129.615 0.155331 0.636383 0.000114802 0.412205 0.000148084 
46 10.8203 0.00604651 137.272 0.159046 0.637382 0.000116199 0.413349 0.000150109 
47 11.0845 0.00632478 143.613 0.165098 0.637716 0.000118316 0.413633 0.000152409 
48 11.4085 0.0066954 151.707 0.185146 0.638648 0.00011574 0.414697 0.000150238 
49 11.6739 0.00670356 158.367 0.186404 0.639061 0.000112827 0.415097 0.000148344 
50 12.0056 0.0071819 167.106 0.209733 0.63996 0.000118314 0.416136 0.000154829 
51 12.2765 0.00920497 174.236 0.273806 0.640383 0.000145444 0.416569 0.000190668 
52 12.6049 0.00827597 183.279 0.249458 0.641194 0.000127492 0.417505 0.000166409 
53 12.8776 0.00846282 190.804 0.253911 0.641581 0.000130804 0.417892 0.000170783 
54 13.2011 0.00858292 200.055 0.261286 0.64232 0.000133093 0.418736 0.000172776 
55 13.4714 0.00788885 207.821 0.254326 0.642584 0.000122574 0.418963 0.000160172 
56 13.7998 0.00822158 217.683 0.271231 0.643347 0.000119128 0.419859 0.000156926 
57 14.069 0.00891969 225.741 0.298048 0.643577 0.000127169 0.420063 0.000168307 
58 14.3978 0.0088539 235.985 0.303043 0.644274 0.000123922 0.420868 0.00016305 
59 14.6608 0.00927046 244.119 0.328345 0.644385 0.000125271 0.42091 0.000162784 
60 14.9856 0.0101626 254.588 0.339341 0.645071 0.000122971 0.421719 0.000162136 
61 15.2603 0.00960688 263.463 0.343828 0.645283 0.000123885 0.421908 0.000162148 
62 15.5912 0.00996639 274.593 0.360272 0.645947 0.000122694 0.422695 0.000162202 
63 15.875 0.0105265 284.212 0.400425 0.646248 0.000130698 0.423011 0.000172362 
64 16.2034 0.010429 295.627 0.402264 0.646861 0.000126916 0.423739 0.000168437 
65 16.488 0.0106876 305.62 0.414503 0.647132 0.000125993 0.424018 0.000165883 
66 16.8053 0.0107905 316.946 0.426482 0.647637 0.000127429 0.424602 0.000169412 
67 17.0836 0.0107004 326.999 0.429408 0.647846 0.000130658 0.424798 0.000171657 
68 17.4215 0.0122987 339.58 0.530151 0.648454 0.000146907 0.425522 0.000197533 
69 17.699 0.0113033 350 0.475488 0.648572 0.000131604 0.425606 0.000175152 
70 18.0226 0.0121005 362.424 0.50121 0.649061 0.000133707 0.426184 0.000174413 
71 18.3013 0.0117281 373.142 0.49623 0.649218 0.000132558 0.426322 0.00017535 
72 18.6446 0.0141266 386.924 0.634159 0.64986 0.000138502 0.427113 0.000184004 
73 18.9205 0.0130043 397.736 0.559693 0.649948 0.000151891 0.427158 0.000199989 
74 19.2557 0.0152669 411.605 0.684059 0.650445 0.000148498 0.42776 0.000195938 
75 19.5303 0.0152834 422.838 0.689635 0.650571 0.000151662 0.427867 0.000199715 
76 19.8677 0.0146037 437.157 0.649954 0.651086 0.000153202 0.428485 0.000201739 
77 20.1612 0.0159576 449.701 0.739768 0.651281 0.00016103 0.428691 0.000214526 
78 20.4797 0.016082 463.423 0.752019 0.651694 0.000160803 0.429184 0.000214318 
79 20.7627 0.0162646 475.61 0.757102 0.651841 0.000151861 0.429312 0.000202772 
80 21.1066 0.0172125 491.164 0.844013 0.652406 0.000151738 0.430019 0.000203061 
81 21.3887 0.0169092 503.713 0.830952 0.652497 0.000155482 0.43008 0.000207322 
82 21.7216 0.0164089 519.052 0.803687 0.652917 0.000145839 0.430586 0.000195067 
83 21.9979 0.0165771 531.791 0.812906 0.652914 0.000149735 0.430529 0.00019835 
84 22.3398 0.0180795 548.024 0.925098 0.653437 0.000158474 0.431178 0.000211635 
85 22.6078 0.0164775 560.531 0.84643 0.653426 0.000144952 0.43111 0.000194325 
86 22.9602 0.018472 577.833 0.994109 0.653942 0.000154421 0.431755 0.000207938 
87 23.2503 0.0193325 591.851 1.03892 0.654098 0.0001576 0.431917 0.000211716 
88 23.5796 0.0197922 608.226 1.08579 0.65444 0.000152777 0.432324 0.00020532 
89 23.8729 0.0186262 622.858 1.02764 0.654647 0.000156073 0.432564 0.00021041 
90 24.199 0.0196299 639.446 1.07633 0.654974 0.000171546 0.432951 0.000233753 
91 24.5079 0.0231645 655.459 1.31492 0.655204 0.000194342 0.433219 0.000263729 
92 24.8488 0.0228499 673.303 1.34878 0.6556 0.000177895 0.4337 0.000242492 
93 25.1349 0.0199616 688.173 1.17116 0.655707 0.000151792 0.433792 0.000202642 
94 25.4973 0.0434472 708.182 2.96363 0.656175 0.000229285 0.434389 0.000312627 
95 25.7527 0.0193267 721.165 1.15111 0.656127 0.000169436 0.434268 0.000228114 
96 26.0736 0.0192398 738.741 1.11117 0.656382 0.000163261 0.43457 0.000217704 
97 26.3802 0.0229895 755.637 1.39973 0.65656 0.000165753 0.434768 0.000222334 
98 26.7101 0.0222304 774.19 1.3447 0.656875 0.000168895 0.435153 0.000225762 
99 27.0035 0.0223944 790.597 1.34549 0.656965 0.000169067 0.435232 0.000224803 
100 27.3269 0.0216108 809.197 1.31597 0.657231 0.000153083 0.435553 0.0002048 
101 27.6287 0.0218919 826.565 1.3472 0.657387 0.000149313 0.435725 0.000200169 
102 27.9532 0.0223839 845.661 1.43517 0.657598 0.000148383 0.435974 0.000200665 
103 28.2347 0.0221867 861.914 1.39948 0.657617 0.000153002 0.435958 0.000205686 
104 28.5448 0.0215727 880.22 1.36946 0.657791 0.000152634 0.436156 0.000207396 
105 28.8646 0.0230759 899.585 1.50007 0.658009 0.000157829 0.436416 0.000212133 
106 29.2092 0.0223384 920.805 1.46341 0.658354 0.000158537 0.436848 0.00021388 
107 29.5108 0.0229281 939.389 1.54881 0.658507 0.000154707 0.437024 0.000208761 
108 29.87 0.0300754 962.197 2.16997 0.658842 0.000200697 0.437445 0.000275676 
109 30.1338 0.0244349 978.104 1.62411 0.658794 0.000171813 0.437343 0.000231196 
110 30.4557 0.0247049 998.614 1.6952 0.659046 0.000167206 0.437658 0.000225552 
111 30.7481 0.0253625 1017.32 1.77741 0.659072 0.000163116 0.437663 0.000219499 
112 31.0836 0.0306321 1039.25 2.21406 0.659316 0.000201217 0.437961 0.000272122 
113 31.3888 0.0278054 1059.22 2.01608 0.659492 0.000180526 0.438171 0.000243787 
114 31.6997 0.0309615 1079.52 2.27031 0.659574 0.000183868 0.438249 0.000251083 
115 31.9975 0.0282811 1099.26 1.9782 0.659724 0.000190064 0.438427 0.000254784 
116 32.3388 0.0302926 1122.49 2.28942 0.659923 0.00018685 0.438665 0.000252041 
117 32.6134 0.0239605 1140.67 1.7523 0.659966 0.000149977 0.438687 0.00020179 
118 32.957 0.0267484 1164.45 2.00238 0.660226 0.00016107 0.439012 0.000216935 
119 33.238 0.0269148 1183.52 2.03274 0.66024 0.00018212 0.439003 0.000245544 
120 33.5713 0.0299818 1206.83 2.21663 0.660491 0.00019656 0.439312 0.000265521 
121 33.8738 0.0277737 1228 2.09348 0.66055 0.000178328 0.439365 0.000240686 
122 34.2165 0.0271645 1252.35 2.04249 0.66079 0.000164355 0.439658 0.000221556 
123 34.4939 0.0257213 1271.96 1.96248 0.660788 0.000153368 0.439633 0.000205999 
124 34.837 0.0271641 1296.83 2.09545 0.661057 0.000168775 0.439965 0.000225239 
125 35.1317 0.0277561 1318.27 2.16024 0.66113 0.000157021 0.440046 0.000211189 
126 35.4759 0.0278026 1343.8 2.16379 0.661381 0.000162349 0.440356 0.00021913 
127 35.7479 0.0278781 1363.57 2.18537 0.661372 0.000163289 0.440326 0.000219907 
128 36.1092 0.0306413 1390.93 2.56608 0.66173 0.000174311 0.440789 0.000241042 
129 36.3945 0.0302432 1412.21 2.45701 0.661726 0.000165687 0.440758 0.000223493 
130 36.7411 0.0276474 1438.68 2.27738 0.661966 0.000159245 0.441058 0.000214779 
131 37.0409 0.0299952 1461.69 2.47218 0.66203 0.000165574 0.441122 0.0002238 
132 37.3823 0.0318969 1488.15 2.65943 0.662252 0.000162803 0.441395 0.000219589 
133 37.669 0.0306009 1510.26 2.58779 0.662307 0.000170222 0.441444 0.000228563 
134 37.9967 0.0326553 1536.12 2.9688 0.662457 0.00016991 0.44162 0.000228941 
135 38.2925 0.0316788 1559.13 2.8115 0.662544 0.00016774 0.441716 0.000224338 
136 38.646 0.0357377 1587.8 3.23832 0.662732 0.000162096 0.441949 0.000218952 
137 38.9333 0.0373458 1610.63 3.38081 0.662796 0.000166168 0.442014 0.000224502 
138 39.2854 0.038858 1639.53 3.61253 0.662978 0.00016921 0.442239 0.000231359 
139 39.578 0.0334278 1663.21 2.94101 0.663101 0.000176215 0.442387 0.00023739 
140 39.9368 0.0320366 1693.23 2.84856 0.663307 0.00016561 0.442647 0.000224146 
141 40.2203 0.0311446 1716.35 2.82866 0.66338 0.000162425 0.442725 0.000219489 
142 40.5864 0.0328488 1747.34 2.95823 0.663623 0.000164476 0.443034 0.000221402 
143 40.8786 0.033597 1771.79 2.99944 0.663676 0.000170163 0.443084 0.000230534 
144 41.1916 0.0321812 1798.06 2.9241 0.663734 0.000165381 0.443135 0.000224269 
145 41.5024 0.0354997 1825.04 3.22967 0.663856 0.000176977 0.443294 0.000238794 
146 41.8259 0.0339429 1852.87 3.13036 0.663986 0.000165779 0.44345 0.000224444 
147 42.1403 0.0347997 1880.23 3.253 0.664143 0.00017398 0.443642 0.000236368 
148 42.4625 0.0346506 1908.31 3.24015 0.66424 0.000171821 0.443757 0.000232946 
149 42.7983 0.0363756 1938.1 3.49161 0.664405 0.000183834 0.443966 0.000250197 
150 43.1102 0.0347691 1966.09 3.35616 0.664457 0.000169699 0.444019 0.000230744 
151 43.4219 0.0382707 1993.88 3.71281 0.664542 0.000179683 0.444117 0.000244485 
152 43.7642 0.0356405 2024.84 3.49447 0.664703 0.000169012 0.444317 0.000228995 
153 44.039 0.037459 2049.05 3.62671 0.6646 0.000177883 0.444153 0.000238498 
154 44.3693 0.0375344 2079.28 3.6497 0.66474 0.000175778 0.444323 0.000237806 
155 44.6688 0.0378665 2106.75 3.85267 0.664772 0.000184145 0.444351 0.000247925 
156 45.0265 0.0390724 2140.37 3.85819 0.665036 0.000176364 0.444697 0.000238995 
157 45.3124 0.0389841 2166.79 3.87608 0.665054 0.000179926 0.444704 0.000243722 
158 45.6623 0.0415891 2200.1 4.22007 0.665258 0.000193387 0.444969 0.000262732 
159 45.9772 0.0397438 2229.91 4.07786 0.665299 0.000181867 0.445007 0.000246014 
160 46.2704 0.0401381 2257.55 4.06906 0.665279 0.000183918 0.44496 0.000248418 
161 46.5644 0.0410938 2285.52 4.20185 0.665325 0.00018475 0.445008 0.000249296 
162 46.905 0.0441264 2318.42 4.52285 0.665443 0.00019726 0.445153 0.000267282 
163 47.2232 0.0439838 2349.52 4.52877 0.665563 0.000206259 0.445309 0.000278011 
164 47.5627 0.0432237 2382.9 4.46012 0.665688 0.000205306 0.445461 0.000278136 
165 47.8852 0.0447018 2414.64 4.69982 0.665799 0.00019992 0.445596 0.000270396 
166 48.1976 0.0442857 2445.51 4.69063 0.665883 0.000197257 0.445693 0.000265582 
167 48.5262 0.0465178 2478.54 4.95348 0.665951 0.000196802 0.445774 0.000264962 
168 48.8428 0.0456419 2510.04 4.89416 0.666037 0.000199105 0.445875 0.000269815 
169 49.1334 0.0490174 2539.47 5.30984 0.666095 0.000204444 0.445942 0.000277689 
170 49.4855 0.0480003 2575.51 5.24328 0.666242 0.00020232 0.446127 0.000274881 
171 49.808 0.0543579 2608.65 6.25453 0.666354 0.000203975 0.446265 0.000277185 
172 50.1163 0.0463697 2640 5.16982 0.666416 0.000201078 0.446331 0.000272359 
173 50.4768 0.051181 2678.2 5.65746 0.666627 0.000221104 0.446613 0.000300347 
174 50.7397 0.0490455 2705.11 5.48883 0.666493 0.000197594 0.446416 0.000268368 
175 51.0503 0.0480455 2737.39 5.3814 0.66656 0.000218022 0.446493 0.000296379 
176 51.366 0.0498012 2770.83 5.59986 0.666613 0.000204312 0.446554 0.000277323 
177 51.7057 0.0566907 2807.08 6.32685 0.666727 0.000234457 0.446696 0.000318657 
178 52.0156 0.0493808 2840.11 5.61743 0.666847 0.000207556 0.446848 0.000279209 
179 52.3544 0.0530005 2876.79 5.8208 0.666932 0.000230315 0.446952 0.000311498 
180 52.6807 0.0527109 2912.39 6.09333 0.667092 0.000208724 0.447159 0.000285266 
181 53.0003 0.0570133 2947.21 6.68367 0.667152 0.000229865 0.447229 0.000315477 
182 53.2924 0.0527647 2978.89 6.18452 0.66711 0.000221488 0.447158 0.000301441 
183 53.6305 0.0613506 3016.17 7.31951 0.667284 0.000250825 0.447385 0.000344863 
184 53.9286 0.0542038 3048.99 6.41737 0.667237 0.000210805 0.447307 0.0002857 
185 54.2914 0.0662302 3089.93 7.8563 0.667473 0.000262635 0.447621 0.000360328 
186 54.5673 0.0554111 3119.9 6.66381 0.667432 0.000221614 0.447546 0.000302137 
187 54.9497 0.0653168 3164.01 8.2125 0.667672 0.000249958 0.447867 0.000344986 
188 55.2189 0.0564486 3193.44 6.8849 0.667622 0.000211532 0.44778 0.000288773 
189 55.5551 0.0651753 3232.43 8.27362 0.667678 0.000226361 0.447846 0.000310803 
190 55.8275 0.0538493 3262.37 6.57851 0.667625 0.000190395 0.447755 0.000258177 
191 56.1867 0.0575978 3304.06 7.06903 0.667835 0.000209246 0.448032 0.000285239 
192 56.4733 0.0568405 3337.12 7.0903 0.667837 0.000198427 0.448022 0.000269357 
193 56.811 0.0596661 3376.38 7.23997 0.667945 0.000225303 0.448163 0.000306941 
194 57.1123 0.0545389 3411.21 6.72386 0.66799 0.000196017 0.448211 0.000265975 
195 57.4547 0.0606401 3451.58 7.18841 0.668103 0.000224326 0.448347 0.000303616 
196 57.7651 0.055835 3488.34 7.04932 0.668141 0.000200186 0.448388 0.000271577 
197 58.0902 0.057738 3527.03 7.26845 0.668223 0.000204022 0.448488 0.000276697 
198 58.4432 0.0605701 3569.59 7.76475 0.668388 0.000205132 0.448705 0.000279001 
199 58.7503 0.0657629 3607.05 8.49186 0.668394 0.000230574 0.448706 0.00031421 
200 59.0618 0.0622088 3644.35 7.64773 0.668389 0.000204562 0.448686 0.000277754 
201 59.3947 0.0614578 3685.03 7.9315 0.668514 0.000218814 0.448845 0.000296824 
202 59.6906 0.0629784 3720.53 8.16138 0.668473 0.000226349 0.44878 0.000306536 
203 60.0092 0.0602532 3759.07 7.81527 0.668543 0.000208237 0.448856 0.000282269 
204 60.3699 0.0624627 3804.33 8.17589 0.668711 0.00021336 0.449077 0.000290554 
205 60.6432 0.0645457 3837.88 8.51299 0.668705 0.000223131 0.449057 0.000303566 
206 60.9954 0.063563 3881.86 8.35268 0.668861 0.00021181 0.449258 0.000287192 
207 61.2997 0.0670248 3920.45 8.97479 0.668822 0.000227455 0.4492 0.000309548 
208 61.6252 0.064473 3961.16 8.45475 0.668913 0.000237282 0.449317 0.000322153 
209 61.9949 0.0759024 4008.49 10.1254 0.669068 0.000262844 0.449519 0.000356669 
210 62.273 0.065872 4043.44 8.77818 0.669032 0.000222365 0.449455 0.000301319 
211 62.5915 0.0762603 4084.34 10.2705 0.669059 0.000230812 0.449484 0.000313982 
212 62.8967 0.0676187 4122.85 9.15313 0.669082 0.000223204 0.449502 0.000302204 
213 63.2063 0.0699285 4163.3 9.45485 0.669129 0.000217884 0.449559 0.000295227 
214 63.5467 0.0765155 4207.41 10.3747 0.669191 0.000227475 0.449635 0.000308261 
215 63.8588 0.0730426 4248.58 9.73505 0.669229 0.000233534 0.449684 0.000315353 
216 64.2121 0.0795899 4295.54 10.495 0.669368 0.000274522 0.449862 0.000371141 
217 64.5208 0.0779244 4336.31 10.781 0.66939 0.000254346 0.449883 0.000343088 
218 64.8537 0.0728482 4380.65 10.4571 0.669468 0.000236918 0.449978 0.000320765 
219 65.1446 0.0714767 4418.63 10.0071 0.6695 0.000230492 0.450019 0.000313543 
220 65.4598 0.07052 4460.2 9.86582 0.669554 0.000221209 0.45008 0.00029994 
221 65.7965 0.0752855 4506.4 10.6607 0.669616 0.000237785 0.450159 0.000321086 
222 66.1678 0.0777954 4556.44 11.0168 0.669831 0.000245189 0.450445 0.00033371 
223 66.5111 0.0908686 4604.45 13.0888 0.669872 0.00023516 0.450493 0.000320576 
224 66.8108 0.0758092 4643.93 10.8892 0.669936 0.000224779 0.450565 0.00030608 
225 67.1252 0.072875 4687.63 10.5642 0.669962 0.000235863 0.450594 0.000320367 
226 67.43 0.0765131 4728.58 11.0186 0.669967 0.000225272 0.45059 0.000304969 
227 67.7197 0.0756923 4768.56 11.0038 0.669971 0.000220796 0.450585 0.000299843 
228 68.0426 0.0843262 4813.52 12.0671 0.669995 0.000258714 0.450613 0.000349723 
229 68.364 0.0856713 4858.91 12.4658 0.670114 0.000259417 0.450775 0.0003515 
230 68.6721 0.0935275 4901.43 13.3146 0.670094 0.000284435 0.450735 0.000385692 
231 69.0547 0.0870767 4956.74 12.9393 0.670356 0.000261783 0.451092 0.000356356 
232 69.3282 0.0865353 4993.84 12.3734 0.670259 0.000273112 0.450942 0.000372865 
233 69.6854 0.0966676 5045.6 14.0533 0.670416 0.000260966 0.451152 0.000356225 
234 69.9714 0.0831415 5086.07 12.1918 0.670364 0.000246957 0.451079 0.00033642 
235 70.3194 0.0846051 5136.71 12.6121 0.670551 0.000247766 0.451324 0.000337446 
236 70.6776 0.0877161 5188.51 12.9458 0.670644 0.000250792 0.451442 0.000340626 
237 71.0014 0.103437 5235.92 15.7147 0.670704 0.000265055 0.451518 0.000359884 
238 71.3309 0.0970337 5284.56 14.6681 0.670752 0.000256957 0.451586 0.000348293 
239 71.6417 0.103278 5329.86 15.575 0.67077 0.000286964 0.451602 0.000387453 
240 71.9615 0.103489 5375.68 15.7133 0.670873 0.000272073 0.451732 0.000370128 
241 72.2336 0.103901 5415.59 16.0146 0.670759 0.000287682 0.451568 0.000392258 
242 72.5081 0.0949981 5455.52 14.5122 0.670729 0.000267691 0.451515 0.000361257 
243 72.8346 0.101124 5503.51 15.6685 0.670817 0.000264166 0.451627 0.000358602 
244 73.1787 0.0910539 5554.9 13.9379 0.670906 0.000245992 0.451741 0.000331825 
245 73.5332 0.0882575 5608.72 13.573 0.670999 0.000244809 0.451859 0.000330416 
246 73.8281 0.0988322 5652.86 15.3487 0.67095 0.000264887 0.451789 0.000358922 
247 74.1265 0.097427 5697.74 15.5237 0.670971 0.000258896 0.451811 0.00035157 
248 74.4724 0.117146 5750.66 18.9438 0.671058 0.000268902 0.451925 0.000368466 
249 74.7878 0.128846 5798.57 20.4949 0.671129 0.00029924 0.452011 0.000407471 
250 75.142 0.126646 5853.44 20.5411 0.671189 0.000311685 0.452087 0.00042663 
251 75.4515 0.123195 5900.72 20.244 0.671286 0.000331248 0.452212 0.000454668 
252 75.7544 0.131131 5947.46 21.372 0.671198 0.000339662 0.452085 0.000464828 
253 76.0704 0.145168 5995.94 23.583 0.671246 0.000309197 0.45215 0.000425418 
254 76.4038 0.149671 6047.98 24.2982 0.6713 0.000300086 0.452213 0.000411849 
255 76.6732 0.152025 6089.6 25.0806 0.671284 0.000322946 0.452187 0.000445493 
256 76.9888 0.134951 6138.62 22.5126 0.671297 0.000297982 0.452196 0.00041117 
257 77.341 0.124315 6194.95 20.9086 0.671448 0.00029449 0.452399 0.000402124 
258 77.6636 0.111194 6244.73 18.5595 0.671511 0.000271976 0.45247 0.000370158 
259 78.0312 0.123284 6304.53 20.761 0.671676 0.000289305 0.452693 0.000394299 
260 78.3819 0.122412 6360.58 20.8885 0.671748 0.0002742 0.452786 0.000372679 
261 78.6842 0.122297 6408.67 20.296 0.671689 0.000281116 0.452698 0.000380771 
262 78.9898 0.108173 6457.21 18.0062 0.671668 0.000271088 0.452662 0.000367906 
263 79.337 0.118694 6514.11 20.0082 0.671741 0.000308697 0.452756 0.000418499 
264 79.6322 0.108802 6562.18 18.4385 0.671751 0.000279313 0.452771 0.000380002 
265 80.028 0.12237 6628.13 21.1464 0.671895 0.000263544 0.452962 0.000359173 
266 80.304 0.117599 6672.38 19.7218 0.671889 0.000261741 0.452951 0.0003539 
267 80.6273 0.114356 6725.85 19.6281 0.671917 0.00026903 0.452981 0.000368375 
268 80.9687 0.119663 6781.82 20.605 0.672062 0.000266228 0.453176 0.000362757 
269 81.2929 0.122714 6835.74 21.5405 0.672058 0.000292357 0.453162 0.000399072 
270 81.6373 0.110015 6892.64 19.2097 0.672171 0.000301384 0.453312 0.000410497 
271 81.9985 0.114382 6954.94 20.3564 0.672281 0.00030476 0.453456 0.000413601 
272 82.2551 0.11552 6995.83 20.5683 0.67218 0.000288844 0.453312 0.000392256 
273 82.5694 0.110369 7050.58 19.7281 0.67218 0.000265117 0.453311 0.000361794 
274 82.9192 0.106574 7108.72 19.034 0.672271 0.000277289 0.453428 0.000376678 
275 83.2346 0.118176 7161.6 21.5305 0.672283 0.000299822 0.453433 0.000411451 
276 83.5051 0.109852 7207.55 19.7381 0.672272 0.000279979 0.453417 0.000382301 
277 83.8929 0.112578 7275.58 20.5791 0.672425 0.000265307 0.453623 0.00036266 
278 84.1993 0.127566 7327.32 23.0495 0.672424 0.000279555 0.453619 0.000380879 
279 84.5971 0.120077 7397.63 21.5969 0.672642 0.000277622 0.453911 0.000378246 
280 84.8154 0.105528 7432.07 19.1516 0.67245 0.000253083 0.453635 0.000345465 
281 85.1609 0.112152 7491.52 20.5627 0.672676 0.00027554 0.45394 0.000376586 
282 85.456 0.117282 7543.66 21.8607 0.672598 0.000270881 0.45383 0.000370748 
283 85.8175 0.137974 7604.82 25.8103 0.672764 0.000273318 0.454043 0.000376174 
284 86.0832 0.11025 7651.26 20.1362 0.672597 0.000258608 0.453807 0.000352142 
285 86.4155 0.11644 7709.86 21.7747 0.672674 0.000255197 0.453908 0.000347832 
286 86.7835 0.123118 7776.7 22.653 0.672757 0.000297763 0.454023 0.000403392 
287 87.1063 0.120477 7833.34 22.1805 0.672845 0.000305179 0.454135 0.000415645 
288 87.394 0.11426 7883.49 21.138 0.672745 0.000258284 0.45399 0.000351568 
289 87.71 0.119986 7940.92 22.1231 0.672766 0.000266596 0.454018 0.000363158 
290 87.9745 0.11609 7986.66 21.7362 0.672755 0.000270187 0.453994 0.000368109 
291 88.2992 0.12768 8044.29 24.1025 0.672744 0.000264164 0.453972 0.000360034 
292 88.6359 0.10984 8104.41 20.6381 0.672867 0.000253738 0.454134 0.00034587 
293 88.9091 0.120055 8153.81 22.7631 0.672782 0.000292088 0.45402 0.000397066 
294 89.2734 0.115507 8219.39 21.4941 0.672909 0.000266262 0.454182 0.000363088 
295 89.6366 0.124086 8287.7 23.5471 0.673039 0.000290771 0.454364 0.000393423 
296 89.9737 0.114827 8348.55 21.8792 0.673148 0.000261446 0.454506 0.000356579 
297 90.2502 0.112436 8398.46 21.5305 0.673063 0.000255501 0.454385 0.000348408 
298 90.5604 0.113798 8455.17 21.6911 0.673096 0.000263988 0.454426 0.000359634 
299 90.8678 0.117204 8511.27 22.5988 0.673139 0.000270081 0.454481 0.000368781 
300 91.1895 0.120016 8571.26 23.212 0.673157 0.000267738 0.4545 0.000364945 
301 91.5054 0.120694 8629.57 23.5043 0.673185 0.0002835 0.454535 0.000386938 
302 91.85 0.128892 8693.52 25.0506 0.673201 0.000294122 0.45455 0.000401016 
303 92.1335 0.121505 8745.96 23.7956 0.673129 0.00029041 0.454443 0.000394765 
304 92.4504 0.122691 8805.43 24.0914 0.673188 0.000273895 0.454517 0.000373842 
305 92.7599 0.131737 8863.39 26.0114 0.673216 0.000275189 0.454548 0.000375671 
306 93.1189 0.125294 8931.23 24.4426 0.673295 0.000277193 0.454647 0.00037837 
307 93.4228 0.125181 8989.37 24.5586 0.67327 0.000277847 0.454612 0.000378382 
308 93.8251 0.129459 9067.84 25.8567 0.673429 0.000275948 0.454828 0.000376028 
309 94.1133 0.131526 9122.56 26.2827 0.673423 0.000284216 0.454817 0.000387196 
310 94.3737 0.129969 9172.72 26.0903 0.673375 0.000284784 0.45475 0.000388308 
311 94.7411 0.132033 9243.78 26.7328 0.673473 0.00027729 0.454875 0.000378462 
312 95.0757 0.125086 9308.08 25.4123 0.673553 0.000267374 0.454981 0.000364535 
313 95.3917 0.137264 9369.92 28.0456 0.67353 0.000277249 0.454946 0.000377736 
314 95.7133 0.123474 9432.07 25.0093 0.673569 0.000270593 0.454997 0.000367418 
315 96.0263 0.137054 9493.42 28.2488 0.673582 0.000278936 0.455011 0.000379723 
316 96.343 0.129431 9555.19 26.3114 0.673576 0.000270278 0.455 0.000367647 
317 96.6869 0.142159 9623.82 30.162 0.673605 0.000286009 0.455036 0.000388871 
318 96.9681 0.126137 9676.35 25.9515 0.673506 0.000273463 0.454888 0.000371298 
319 97.2133 0.130335 9724.13 26.7888 0.673442 0.000271456 0.454798 0.000369233 
320 97.6994 0.129322 9821.71 26.7211 0.673684 0.000278502 0.455123 0.000379235 
321 97.9538 0.135919 9872.55 28.2271 0.673654 0.000288557 0.455086 0.000392746 
322 98.3115 0.135295 9943.44 28.2709 0.673725 0.000290253 0.455176 0.000394428 
323 98.5751 0.13715 9995.11 28.613 0.673656 0.00030447 0.455077 0.000414928 
324 98.9922 0.135496 10079.4 28.1714 0.673872 0.000289045 0.455365 0.000393336 
325 99.3031 0.134485 10141.6 28.2355 0.673908 0.000287927 0.455411 0.000391687 
326 99.5461 0.133661 10189.3 28.2857 0.67374 0.000282768 0.455176 0.000384442 
327 99.9445 0.138524 10272.8 29.2669 0.673963 0.000298399 0.455483 0.000406896 
328 100.236 0.131542 10330.7 27.708 0.673963 0.000274849 0.455475 0.000374186 
329 100.624 0.137594 10411.5 29.0826 0.674041 0.000288266 0.455578 0.000392207 
330 100.928 0.139557 10473.2 29.7414 0.674031 0.000284509 0.455559 0.000387444 
331 101.232 0.141618 10535.8 30.3135 0.674041 0.000288016 0.455572 0.000392365 
332 101.56 0.141349 10602.9 30.0976 0.674038 0.000289253 0.45556 0.000394047 
333 101.862 0.143631 10665.6 30.9929 0.674096 0.000299953 0.455641 0.000408456 
334 102.26 0.143517 10750.6 31.4252 0.674252 0.000297843 0.455853 0.000406651 
335 102.547 0.144426 10808.4 31.4437 0.674239 0.000296269 0.455828 0.000403704 
336 102.916 0.141767 10885.6 30.8589 0.674314 0.000288755 0.455925 0.000393415 
337 103.276 0.148285 10961.9 32.5202 0.674502 0.000298314 0.456178 0.000406981 
338 103.622 0.157055 11035.5 34.421 0.674427 0.000310571 0.456074 0.000423714 
339 103.922 0.153007 11098.2 34.3131 0.674529 0.000312342 0.45621 0.000426717 
340 104.262 0.156312 11171.1 34.526 0.674499 0.000302979 0.456167 0.000414017 
341 104.524 0.159529 11226.5 35.6997 0.674472 0.000314754 0.45613 0.000431288 
342 104.849 0.155888 11296.4 34.9082 0.674404 0.000299617 0.456033 0.000409381 
343 105.159 0.154957 11361.8 34.7896 0.674488 0.000302788 0.45614 0.000413452 
344 105.565 0.160911 11449 35.9747 0.674533 0.000316269 0.4562 0.00043095 
345 105.862 0.154647 11512.3 34.9513 0.674507 0.000309779 0.456158 0.000422182 
346 106.215 0.149503 11587.7 33.3016 0.674606 0.000289647 0.456289 0.000394316 
347 106.482 0.151297 11643.6 33.8468 0.674481 0.000305388 0.456108 0.000416468 
348 106.831 0.152811 11721.1 34.3996 0.67459 0.00030679 0.456265 0.00041796 
349 107.093 0.159316 11776 36.4116 0.674477 0.000321255 0.456104 0.00043391 
350 107.425 0.173505 11848.7 38.4964 0.67456 0.000361095 0.456214 0.000490609 
351 107.719 0.17163 11914 38.5994 0.674471 0.000329348 0.456094 0.000449617 
352 108.12 0.168937 12001.9 38.1457 0.674589 0.000311837 0.45625 0.000425865 
353 108.469 0.177137 12081 42.2895 0.674711 0.000306053 0.456417 0.000420166 
354 108.799 0.156455 12150.7 35.7616 0.674706 0.000311766 0.456408 0.000425289 
355 109.11 0.183791 12218.8 41.4645 0.674732 0.00032172 0.456436 0.000438983 
356 109.471 0.187448 12300.2 43.2555 0.674817 0.00036063 0.456549 0.000490972 
357 109.829 0.191306 12378.9 43.8883 0.674907 0.000361935 0.456668 0.00049388 
358 110.114 0.178876 12443.7 41.3132 0.674837 0.000326383 0.456572 0.000443681 
359 110.428 0.178696 12515.4 41.2934 0.674786 0.000325964 0.456508 0.00044114 
360 110.707 0.166586 12575.7 38.5955 0.674788 0.000350323 0.4565 0.000474234 
361 111.009 0.17033 12644.3 39.8598 0.67477 0.000325631 0.456471 0.000443897 
362 111.37 0.171972 12725.1 40.2999 0.674862 0.000335566 0.456594 0.000458163 
363 111.758 0.171117 12812.2 40.4947 0.674904 0.000318151 0.45664 0.000434128 
364 112.096 0.170897 12889.6 40.6004 0.67488 0.000330036 0.456609 0.000450518 
365 112.472 0.187509 12975.6 44.7221 0.675006 0.000331151 0.456775 0.000451535 
366 112.761 0.175809 13042.5 41.8132 0.674985 0.000319241 0.456748 0.000435815 
367 113.084 0.188869 13115.9 44.3068 0.675006 0.000346848 0.456772 0.000473854 
368 113.416 0.177512 13192.6 42.579 0.675085 0.000325411 0.456872 0.000444318 
369 113.692 0.182334 13256.7 44.6617 0.674987 0.000323296 0.456737 0.000440457 
370 114.103 0.20608 13354.5 49.7382 0.675155 0.000355129 0.456965 0.000485362 
371 114.348 0.198508 13408.7 48.5885 0.675054 0.000334522 0.456826 0.00045658 
372 114.64 0.178894 13475.9 43.1633 0.675044 0.00032813 0.456808 0.000447757 
373 114.965 0.188903 13551.2 45.9583 0.67512 0.000338162 0.456908 0.000461395 
374 115.233 0.185224 13611.9 44.7399 0.675059 0.000329005 0.45682 0.000448379 
375 115.624 0.184173 13703.8 44.7756 0.675168 0.000340756 0.456964 0.000465084 
376 116.042 0.191258 13803.4 46.6186 0.675319 0.000380289 0.457168 0.000515866 
377 116.343 0.184029 13874.6 44.7541 0.675343 0.000334559 0.457197 0.000457283 
378 116.638 0.197024 13944.2 47.967 0.675272 0.000325746 0.457096 0.00044475 
379 116.934 0.181892 14014.5 44.4823 0.675323 0.00032585 0.457169 0.000445231 
380 117.156 0.197388 14066.3 48.3471 0.675152 0.000357155 0.456926 0.000487515 
381 117.491 0.190819 14144.6 46.8414 0.675179 0.000364547 0.456959 0.000497628 
382 117.766 0.192382 14210.9 47.7734 0.675144 0.000349796 0.45691 0.000478768 
383 118.139 0.204588 14301.7 50.5773 0.675259 0.000386372 0.457068 0.000527583 
384 118.485 0.198574 14384 49.3993 0.675253 0.000352621 0.457053 0.000481781 
385 118.857 0.199531 14474.6 50.1546 0.675373 0.000367488 0.457216 0.000501921 
386 119.175 0.210533 14548.8 52.6269 0.675325 0.000385727 0.457139 0.000527445 
387 119.539 0.222787 14639.2 56.6589 0.675407 0.000382758 0.45725 0.000522309 
388 119.834 0.209857 14711.3 52.945 0.675462 0.000351624 0.457325 0.000480449 
389 120.136 0.20783 14785.8 52.5246 0.675367 0.000351829 0.457193 0.00047984 
390 120.403 0.213195 14847 53.6352 0.67535 0.00035655 0.457171 0.000487665 
391 120.71 0.2112 14923.6 53.5896 0.675341 0.000369484 0.457156 0.000504779 
392 121.06 0.213497 15007.8 53.7984 0.675383 0.000335676 0.457205 0.000458188 
393 121.39 0.211235 15089.7 53.6971 0.675332 0.000360215 0.457138 0.000492243 
394 121.757 0.268188 15181.8 67.3972 0.675465 0.000416754 0.457324 0.000566549 
395 122.142 0.247621 15276.4 62.5719 0.675507 0.000404048 0.457372 0.00054955 
396 122.473 0.226941 15357.5 57.2483 0.675582 0.000383216 0.457464 0.000519166 
397 122.776 0.242524 15433.5 62.7314 0.675523 0.000442446 0.457384 0.000600197 
398 123.131 0.240659 15523.2 63.284 0.675643 0.000419911 0.45755 0.000572544 
399 123.457 0.230949 15604 60.4786 0.675675 0.000408497 0.457583 0.000557661 
400 123.74 0.232383 15675.4 62.0827 0.675759 0.000369301 0.4577 0.000505401 
401 124.045 0.242898 15751 63.7122 0.675618 0.000384427 0.4575 0.000524924 
402 124.387 0.235591 15840 63.2104 0.675682 0.000370602 0.457593 0.000510136 
403 124.673 0.228759 15908 59.6248 0.675588 0.000358249 0.457448 0.000490006 
404 124.977 0.221511 15983.5 59.5175 0.675615 0.000354085 0.457481 0.000482708 
405 125.348 0.240358 16078 64.4263 0.675747 0.000357772 0.457656 0.000486341 
406 125.632 0.226054 16147.6 59.8151 0.675697 0.000345813 0.457579 0.000470624 
407 126.136 0.257308 16280.2 69.5983 0.675829 0.000367829 0.457756 0.000501845 
408 126.388 0.22961 16341.2 61.3249 0.675767 0.000375427 0.457671 0.000512401 
409 126.826 0.281236 16455.6 76.2428 0.675893 0.0004142 0.457839 0.000566773 
410 126.999 0.21732 16497.6 57.7436 0.675817 0.000358551 0.457738 0.000489178 
411 127.5 0.241325 16631.1 66.3096 0.676061 0.000403013 0.458073 0.00055376 
412 127.656 0.23621 16669.1 63.6344 0.675918 0.000365277 0.457875 0.000501921 
413 128.03 0.230218 16770 62.1484 0.676041 0.000384409 0.45805 0.000527305 
414 128.414 0.23328 16870.2 62.8431 0.676111 0.000364793 0.458143 0.000498483 
415 128.818 0.225157 16973.8 60.3616 0.676218 0.000375169 0.458284 0.00051263 
416 128.989 0.226375 17018 61.1688 0.675961 0.000375106 0.457935 0.000512333 
417 129.425 0.241439 17132 64.6611 0.676132 0.000374535 0.458161 0.000510772 
418 129.67 0.23403 17198.9 63.5665 0.676106 0.000371863 0.458126 0.000508644 
419 130.055 0.234076 17300.5 63.5464 0.67613 0.000384811 0.45816 0.000525043 
420 130.445 0.25805 17406.4 71.1958 0.676308 0.000395652 0.458405 0.000543966 
421 130.73 0.225155 17478 62.1065 0.676127 0.000356661 0.458149 0.000485769 
422 130.976 0.253521 17542.5 70.3679 0.67612 0.000394811 0.458132 0.00053921 
423 131.276 0.23852 17623.1 67.0032 0.676098 0.000364687 0.458097 0.000499244 
424 131.54 0.239961 17692.5 66.4223 0.676073 0.00035545 0.458061 0.000486392 
425 131.929 0.237234 17796.3 65.0631 0.676179 0.000360706 0.458201 0.000492188 
426 132.199 0.257269 17869.9 73.056 0.676197 0.000383727 0.458228 0.000524912 
427 132.52 0.237718 17954.3 65.7979 0.676198 0.000369699 0.458224 0.000504468 
428 132.832 0.226728 18036.7 62.6463 0.676253 0.000374951 0.458298 0.000513258 
429 133.277 0.23126 18159.4 64.506 0.676355 0.000403196 0.458437 0.000554271 
430 133.58 0.227227 18239.9 63.3985 0.67633 0.000354272 0.458403 0.000484434 
431 133.904 0.240198 18329.4 66.8613 0.676348 0.000371468 0.458423 0.000507989 
432 134.126 0.232995 18388.2 65.757 0.676218 0.000387501 0.458242 0.000528945 
433 134.403 0.257117 18461.3 71.7675 0.676212 0.000395735 0.45823 0.000538937 
434 134.603 0.238701 18513.4 66.8379 0.676063 0.000367672 0.458024 0.000500963 
435 135.039 0.264515 18633.3 74.9403 0.676173 0.000382848 0.458171 0.000524769 
436 135.327 0.243249 18709.6 68.2993 0.676106 0.000360551 0.458075 0.000494691 
437 135.819 0.248926 18848.2 70.1851 0.676267 0.000375551 0.458291 0.000512036 
438 136.024 0.256835 18903 72.9403 0.676159 0.00040347 0.458142 0.000556832 
439 136.576 0.25702 19056.4 72.6878 0.676425 0.00040229 0.458501 0.000549666 
440 136.657 0.266379 19076.5 75.7945 0.67617 0.000470026 0.45815 0.000643471 
441 137.076 0.252037 19192.6 72.4762 0.676435 0.000481898 0.458514 0.00066368 
442 137.34 0.258228 19263.4 72.9716 0.676375 0.000496758 0.458422 0.000680018 
443 137.681 0.318762 19361.8 93.3008 0.676393 0.000461626 0.458455 0.000631824 
444 137.986 0.296018 19444.8 86.9399 0.676348 0.000406512 0.458387 0.0005562 
445 138.438 0.265427 19576.2 78.0117 0.676578 0.000432767 0.458707 0.000591702 
446 138.784 0.258877 19670.5 75.3882 0.676563 0.00045663 0.45868 0.000623522 
447 139.076 0.255472 19752.7 75.9518 0.676475 0.000374272 0.458559 0.000509609 
448 139.45 0.285083 19858.8 83.442 0.676656 0.000400501 0.458806 0.000546245 
449 139.717 0.259814 19933.5 74.9248 0.676598 0.000391341 0.458725 0.000532867 
450 139.96 0.258464 20001.2 74.7564 0.676568 0.000404165 0.458683 0.000549057 
451 140.315 0.268799 20104.1 78.4948 0.67652 0.000412118 0.458616 0.000560113 
452 140.532 0.271438 20165.2 79.3508 0.676494 0.000400243 0.458577 0.000545254 
453 141.062 0.278338 20317.8 81.7925 0.676652 0.000405295 0.458796 0.000551597 
454 141.336 0.269409 20397.4 80.0817 0.676607 0.000414574 0.458728 0.000563028 
455 141.665 0.287486 20491.9 85.3573 0.676469 0.000385602 0.458539 0.000525131 
456 141.985 0.29615 20582.6 87.4224 0.676541 0.000436712 0.458631 0.000597193 
457 142.319 0.292275 20679.1 86.3234 0.676582 0.000437053 0.458685 0.000593709 
458 142.58 0.305634 20751.3 89.98 0.67656 0.000506937 0.45865 0.000694399 
459 142.983 0.287814 20866.1 84.7574 0.676678 0.000453003 0.458806 0.000623565 
460 143.156 0.288181 20914.8 85.376 0.67655 0.000458416 0.458633 0.000631173 
461 143.474 0.275632 21004.8 81.1522 0.67643 0.00044474 0.458463 0.000605058 
462 143.828 0.310769 21109.9 91.7246 0.676472 0.000469759 0.458521 0.000645418 
463 144.29 0.275512 21248 82.6101 0.676698 0.000403262 0.458831 0.000550609 
464 144.548 0.300092 21319 89.5764 0.67658 0.000454253 0.458661 0.000619373 
465 144.982 0.296083 21449.3 89.5645 0.676785 0.000428265 0.458938 0.000583299 
466 145.405 0.304462 21575.6 91.6335 0.677012 0.000412809 0.459249 0.000560702 
467 145.731 0.316209 21674 95.5762 0.676932 0.000460518 0.459138 0.000633594 
468 146.184 0.338932 21807.7 103.57 0.677137 0.000476069 0.459417 0.000655137 
469 146.357 0.317254 21857.5 96.468 0.677047 0.000485575 0.459287 0.00066932 
470 146.773 0.327483 21979.3 98.9875 0.677098 0.000464367 0.459353 0.000631123 
471 146.907 0.301628 22021.3 91.9385 0.676845 0.000439049 0.459016 0.000603344 
472 147.214 0.353763 22108.3 108.638 0.676794 0.000495453 0.458934 0.000674808 
473 147.597 0.332384 22226.4 103.749 0.676908 0.000511265 0.459098 0.000703729 
474 147.905 0.335492 22314.1 104.161 0.676903 0.000528311 0.459081 0.000723025 
475 148.207 0.340709 22406.8 106.058 0.676868 0.000490141 0.459034 0.000672718 
476 148.527 0.350299 22502 105.703 0.676941 0.000586016 0.459127 0.000799295 
477 148.783 0.307878 22578.5 93.3278 0.676934 0.000527632 0.45912 0.000718853 
478 149.158 0.36934 22690.4 110.579 0.676968 0.000604861 0.459163 0.000823168 
479 149.599 0.340299 22824.7 107.088 0.677202 0.000538567 0.459482 0.000735219 
480 149.915 0.304919 22918.5 95.4836 0.677104 0.000458455 0.459347 0.000623895 
481 150.307 0.353245 23041.2 111.753 0.677192 0.000439942 0.45947 0.000601005 
482 150.513 0.344943 23096.8 109.153 0.676987 0.000449437 0.459177 0.000613417 
483 150.961 0.317158 23237.4 100.628 0.677037 0.000479904 0.459249 0.00065229 
484 151.365 0.348047 23363.7 110.612 0.677243 0.00048751 0.459533 0.000665255 
485 151.696 0.334701 23465.4 105.158 0.677181 0.000493127 0.459444 0.000670269 
486 151.848 0.326604 23508.1 103.103 0.677006 0.000446328 0.459208 0.000608335 
487 152.108 0.322949 23589.8 102.628 0.67689 0.000435434 0.459051 0.000594101 
488 152.443 0.316374 23693.4 98.6689 0.677009 0.000428764 0.45921 0.000582872 
489 152.649 0.34167 23758.7 106.229 0.67685 0.000453854 0.459 0.000614157 
490 153.013 0.361917 23867.2 113.426 0.6769 0.000445586 0.459055 0.000604471 
491 153.317 0.33958 23959.8 106.681 0.676939 0.000481111 0.459112 0.000656958 
492 153.629 0.419275 24057.6 134.257 0.676961 0.00053111 0.45914 0.00072339 
493 153.858 0.34763 24125.2 110.194 0.6768 0.000470724 0.458914 0.000637159 
494 154.287 0.35981 24262.6 114.256 0.676943 0.0004712 0.459112 0.000640002 
495 154.604 0.331864 24359.1 105.855 0.676936 0.000449937 0.459099 0.00060926 
496 154.878 0.346387 24447.6 111.24 0.676861 0.000483622 0.458999 0.000652471 
497 155.418 0.371565 24624.3 119.568 0.677125 0.000485964 0.459358 0.000660548 
498 155.507 0.39465 24644.7 122.678 0.676883 0.000552485 0.459026 0.000749569 
499 155.863 0.38887 24755.5 121.858 0.676966 0.000567236 0.459133 0.000771886 
500 156.25 0.450781 24882.7 142.889 0.676974 0.000592568 0.459144 0.000804314 
501 156.654 0.445114 25004.7 141.184 0.67712 0.000663044 0.459338 0.000901975 
502 156.914 0.463878 25089.4 144.211 0.676996 0.000666013 0.459172 0.000900427 
503 157.285 0.453772 25207.2 141.583 0.677045 0.000646692 0.45924 0.000877251 
504 157.627 0.35353 25314.2 113.096 0.677082 0.000497052 0.459281 0.000674089 
505 157.972 0.398967 25425.4 127.249 0.67718 0.000573317 0.459415 0.000783007 
506 158.377 0.428641 25555.4 137.479 0.677235 0.000557552 0.459484 0.000761002 
507 158.618 0.426731 25630.2 136.048 0.677134 0.000566472 0.459345 0.00077176 
508 159.112 0.352168 25794.7 116.167 0.677393 0.000467113 0.4597 0.00063784 
509 159.456 0.453692 25902.5 146.009 0.677395 0.000547051 0.459699 0.00074364 
510 159.746 0.440759 25993.2 142.911 0.677401 0.000559693 0.459706 0.000764275 
511 159.902 0.43164 26043.4 140.82 0.677052 0.000536436 0.45923 0.000729068 
512 160.214 0.365363 26138.3 121.262 0.677197 0.000477484 0.459418 0.000651463 
513 160.338 0.366185 26172 120.827 0.676934 0.000529707 0.459052 0.00071951 
514 160.693 0.392859 26289.5 129.772 0.676935 0.000524181 0.459062 0.000709466 
515 161.075 0.389963 26413.6 129.277 0.676944 0.000526645 0.459066 0.000714657 
516 161.576 0.391831 26585.2 130.907 0.67727 0.000498381 0.459515 0.000677231 
517 161.933 0.390913 26697.6 130.442 0.677331 0.000516614 0.459593 0.000703599 
518 162.403 0.359547 26854.1 121.425 0.677421 0.000484649 0.459724 0.000656745 
519 162.496 0.439415 26883.8 148.663 0.677267 0.000601147 0.459509 0.000817731 
520 162.967 0.421459 27040.3 139.514 0.677372 0.000557513 0.459658 0.00075661 
521 163.222 0.416269 27122.6 139.724 0.677538 0.000638759 0.459885 0.000875703 
522 163.561 0.420455 27237.7 144.291 0.677325 0.000486747 0.459588 0.00066358 
523 163.943 0.379626 27362.7 130.477 0.677485 0.000517729 0.459805 0.00070557 
524 164.368 0.392966 27503.7 133.452 0.677448 0.000505274 0.45975 0.000688684 
525 164.744 0.521563 27624.7 177.082 0.677705 0.000630414 0.460096 0.000862894 
526 165.077 0.477359 27734.3 160.188 0.677512 0.000539886 0.459824 0.000730243 
527 165.311 0.502109 27810 168.743 0.677729 0.000651253 0.46013 0.000883832 
528 165.523 0.500957 27882.2 171.617 0.677398 0.000545439 0.459675 0.000750389 
529 165.846 0.489411 27987 166.319 0.677573 0.000618151 0.459904 0.000844123 
530 166.249 0.513118 28127.6 174.322 0.677576 0.000527555 0.45991 0.000711862 
531 166.636 0.423614 28253.9 148.316 0.677776 0.000485745 0.460173 0.000661949 
532 166.761 0.384549 28293.8 132.708 0.67759 0.000484463 0.459914 0.00065956 
533 167.236 0.409863 28458.9 143.097 0.677642 0.000499681 0.459987 0.000680808 
534 167.432 0.375415 28522.7 129.32 0.677528 0.000469363 0.459829 0.000639042 
535 167.818 0.381589 28654.8 131.771 0.677604 0.000485807 0.45993 0.000662258 
536 168.201 0.426509 28793.1 150.422 0.677714 0.00050375 0.46009 0.000687339 
537 168.614 0.395709 28927 138.077 0.677836 0.000494832 0.46024 0.000673893 
538 168.929 0.382547 29036.9 133.665 0.677863 0.000482102 0.460282 0.000656949 
539 169.046 0.384106 29072.8 136.021 0.677587 0.000491172 0.4599 0.000668885 
540 169.488 0.4333 29221.9 149.55 0.677767 0.000493091 0.460146 0.000671903 
541 169.712 0.383541 29298.3 133.75 0.677548 0.000505543 0.459842 0.000687884 
542 170.276 0.397114 29490.8 136.912 0.677742 0.000503462 0.460101 0.000686439 
543 170.365 0.387959 29522.3 135.944 0.677549 0.000510974 0.459842 0.000695017 
544 170.658 0.398333 29623.2 139.499 0.677467 0.00053084 0.459727 0.000721573 
545 170.949 0.390141 29723.3 138.499 0.677499 0.000507668 0.459772 0.000692752 
546 171.329 0.399383 29862.2 139.785 0.677557 0.000509041 0.459862 0.000693484 
547 171.922 0.425367 30073.3 150.729 0.677842 0.00055871 0.460255 0.000763255 
548 172.282 0.455984 30198.1 165.601 0.678012 0.000570954 0.460492 0.00078264 
549 172.565 0.426447 30293.8 151.8 0.677911 0.000530395 0.460341 0.000724961 
550 172.992 0.455005 30444.4 164.253 0.677919 0.000567275 0.460345 0.000775182 
551 173.324 0.44474 30559.3 159.054 0.67794 0.00055779 0.460372 0.000758559 
552 173.828 0.463439 30743.3 166.23 0.678137 0.000556318 0.46065 0.00076107 
553 173.932 0.448687 30775.5 160.86 0.677927 0.000524784 0.460359 0.000716981 
554 174.237 0.442769 30879.6 159.703 0.677845 0.000544405 0.460249 0.00074228 
555 174.761 0.456666 31073.4 165.81 0.678239 0.000535247 0.460792 0.000731363 
556 175.419 0.514138 31313.5 187.292 0.67861 0.000613926 0.46131 0.000843847 
557 175.61 0.472033 31382.6 172.603 0.678502 0.000566226 0.461153 0.000776461 
558 176.383 0.802101 31653.3 301.993 0.678913 0.00107869 0.461725 0.00151558 
559 175.85 0.472315 31451.1 170.585 0.677964 0.000546849 0.460404 0.000747582 
560 176.583 0.572785 31712.1 212.398 0.678253 0.000702883 0.460799 0.00097598 
561 176.786 0.475662 31781.7 174.994 0.678317 0.000533373 0.460874 0.000733946 
562 177.659 0.762857 32107.5 288.533 0.678893 0.000989492 0.461689 0.00138314 
563 177.447 0.47023 32016.2 173.243 0.678343 0.000557514 0.460904 0.000763179 
564 178.025 0.610535 32239 230.403 0.67855 0.000758774 0.461212 0.0010626 
565 178.019 0.488268 32224.4 186.416 0.678158 0.00055411 0.460656 0.000756589 
566 178.507 0.464954 32402.5 172.314 0.678197 0.000565605 0.460711 0.000770735 
567 178.698 0.542491 32466.8 206.875 0.678159 0.000572038 0.460643 0.000792802 
568 179.178 0.5773 32650.2 217.775 0.678348 0.000605991 0.460912 0.000828534 
569 179.653 0.59355 32822.5 223.205 0.678564 0.000602771 0.461206 0.000821309 
570 180.255 0.677491 33054.1 259.788 0.678927 0.000757918 0.461714 0.00105199 
571 180.428 0.557431 33108.3 209.778 0.678661 0.000651081 0.461339 0.000892695 
572 180.502 0.476766 33126.4 178.341 0.678455 0.000561919 0.461051 0.000767176 
573 181.01 0.499143 33320.9 188.635 0.678709 0.000596713 0.461405 0.000816875 
574 181.077 0.475637 33333.6 177.913 0.67842 0.000577505 0.461 0.000787272 
575 181.306 0.480816 33417.6 180.567 0.67823 0.000574212 0.460739 0.000783111 
576 181.516 0.50288 33495.4 189.842 0.678101 0.000601924 0.460568 0.000822174 
577 181.853 0.508966 33613.8 193.336 0.678198 0.000594793 0.460687 0.0008122 
578 182.388 0.493449 33823.9 186.382 0.678369 0.000630095 0.46095 0.000860351 
579 182.856 0.527994 34000.4 202.353 0.6786 0.000637763 0.461257 0.000871623 
580 183.021 0.508713 34054.5 194.893 0.678382 0.000616534 0.460956 0.000841927 
581 183.39 0.500805 34190.2 189.764 0.678554 0.000586159 0.461186 0.000800069 
582 183.596 0.492944 34268.7 188.899 0.678359 0.000600219 0.460935 0.000813313 
583 183.884 0.538254 34371.8 205.814 0.678559 0.000612743 0.461197 0.000836445 
584 184.46 0.519648 34589.7 198.602 0.67876 0.000643408 0.461482 0.000872498 
585 184.785 0.571398 34714.3 219.979 0.678924 0.00065081 0.461699 0.000891188 
586 185.085 0.520778 34829.9 198.478 0.678789 0.000588949 0.461516 0.00080363 
587 185.316 0.577029 34914.5 227.559 0.678897 0.000647037 0.461658 0.000889916 
588 185.762 0.559799 35080.8 215.405 0.678886 0.000632962 0.461647 0.000866203 
589 186.073 0.581307 35201.2 227.919 0.678981 0.000673675 0.461773 0.000923448 
590 186.286 0.549772 35274.7 211.929 0.678792 0.000654696 0.461512 0.000894064 
591 186.659 0.545939 35405 210.674 0.678865 0.0006414 0.461598 0.000876605 
592 187.068 0.536484 35550.6 206.142 0.678791 0.000647332 0.461492 0.00088131 
593 187.249 0.584108 35625.2 229.211 0.678638 0.000709506 0.46128 0.000966143 
594 187.77 0.588565 35817.5 227.946 0.678672 0.000685984 0.461323 0.000937841 
595 188.074 0.614791 35944.2 240.427 0.678842 0.000704032 0.461561 0.000962685 
596 188.425 0.6187 36073.4 243.067 0.679001 0.000721203 0.461775 0.000983187 
597 188.495 0.567022 36095.3 221.999 0.678607 0.000676599 0.461237 0.000920693 
598 188.892 0.588971 36240.6 230.021 0.678926 0.000705143 0.461664 0.000965423 
599 188.885 0.564844 36237.4 220.608 0.678498 0.000729727 0.461076 0.000991142 
600 189.302 0.645143 36396.8 254.912 0.678569 0.000731141 0.461172 0.000999546 
601 189.543 0.576603 36491.7 225.369 0.678507 0.000712266 0.461091 0.00097199 
602 190.016 0.618664 36665.2 244.605 0.678532 0.000707673 0.461112 0.000967791 
603 190.4 0.592334 36824.2 233.266 0.678624 0.000715349 0.461255 0.000981411 
604 190.987 0.640811 37058.1 257.641 0.678798 0.000725219 0.461495 0.000994111 
605 191.203 0.640276 37133.5 255.186 0.678715 0.000772466 0.46138 0.0010552 
606 191.75 0.586336 37345.5 233.785 0.679043 0.000696502 0.461816 0.000953388 
607 192.39 0.676296 37597.4 267.758 0.679212 0.000799961 0.462053 0.00109769 
608 192.639 0.645094 37697.1 259.521 0.679175 0.000720653 0.461996 0.000994124 
609 193.009 0.777637 37844.8 316.056 0.679236 0.000881231 0.462089 0.00121321 
610 193.131 0.625023 37878.4 250.035 0.678995 0.000711936 0.461741 0.000974835 
611 193.41 0.664086 37988.5 268.32 0.679088 0.000782868 0.461872 0.00107464 
612 193.704 0.64758 38108.7 261.822 0.678883 0.000768938 0.461587 0.00105481 
613 193.964 0.731001 38210 296.898 0.679018 0.00079644 0.461775 0.00109125 
614 194.142 0.597096 38262.3 240.064 0.678748 0.000701854 0.461389 0.000961466 
615 194.498 0.70244 38403.3 285.38 0.678981 0.0007644 0.46171 0.0010505 
616 194.604 0.692389 38449.1 281.945 0.678654 0.000758877 0.461258 0.00103975 
617 195.241 0.739209 38703.1 301.736 0.679144 0.000847551 0.461937 0.00116447 
618 195.433 0.711707 38778.7 289.569 0.678796 0.000805132 0.461452 0.00110749 
619 195.921 0.878548 38983.5 363.645 0.679191 0.000980478 0.462006 0.00135455 
620 196.248 0.641142 39110.2 258.921 0.678892 0.000781208 0.461586 0.00106743 
621 196.65 0.836034 39279.8 347.036 0.679194 0.000906115 0.46202 0.00125021 
622 196.771 0.664489 39306.5 272.582 0.679064 0.000705888 0.461817 0.000968341 
623 197.086 0.664612 39432.9 272.154 0.679082 0.00071764 0.46185 0.000983665 
624 197.354 0.657767 39534.2 268.244 0.67899 0.000737961 0.461716 0.00102459 
625 197.575 0.677155 39633 276.089 0.678976 0.000787415 0.461712 0.00107672 
626 197.932 0.665912 39765.6 274.418 0.678877 0.000756217 0.461558 0.00103523 
627 198.648 0.702727 40068.2 291.571 0.679313 0.000784721 0.462164 0.00107223 
628 198.334 0.673505 39927.7 277.075 0.678801 0.000710344 0.461459 0.000970859 
629 198.725 0.617331 40080 254.826 0.678867 0.000670178 0.461543 0.000913654 
630 199.022 0.630273 40194.6 258.83 0.678774 0.000719059 0.461408 0.000984588 
631 199.386 0.704117 40344 289.282 0.678807 0.00085371 0.461459 0.00117015 
632 199.777 0.65362 40499.3 269.013 0.67877 0.000704599 0.4614 0.000961349 
633 200.05 0.677498 40619.1 281.271 0.678784 0.00074081 0.46143 0.00101078 
634 200.241 0.651152 40688.6 270.252 0.678669 0.000750704 0.461269 0.00103025 
635 200.972 0.749663 40995.6 315.287 0.679037 0.000843682 0.461776 0.00115883 
636 201.603 0.740066 41246.3 309.426 0.679198 0.0010168 0.461991 0.00139423 
637 201.869 0.844416 41369.7 352.784 0.679338 0.000994376 0.462189 0.00136861 
638 202.374 0.790805 41577.5 333.028 0.67932 0.00095737 0.462159 0.00132177 
639 202.311 0.706184 41562.1 294.286 0.679166 0.000711547 0.461956 0.000971909 
640 202.448 0.718738 41611.4 304.177 0.679094 0.000745694 0.461854 0.00101891 
641 202.7 0.711209 41716.6 298.277 0.679114 0.000736584 0.461886 0.00100753 
642 203.524 0.772837 42063.7 328.163 0.679392 0.000801184 0.462268 0.00109582 
643 203.833 0.824158 42195.4 352.234 0.679446 0.00082643 0.462347 0.00113069 
644 204.296 0.822835 42387.8 351.35 0.679415 0.000778608 0.462296 0.0010641 
645 204.497 0.833231 42473.4 355.52 0.679361 0.000846693 0.462222 0.00115732 
646 204.728 0.776418 42566 329.667 0.679184 0.000768481 0.461982 0.00104818 
647 205.278 0.799714 42811.6 344.816 0.679486 0.000931683 0.462408 0.00128376 
648 205.832 0.848502 43054 373.864 0.679564 0.000891002 0.462513 0.00123069 
649 205.597 0.837664 42937.1 370.881 0.679034 0.000756051 0.461784 0.00104696 
650 205.677 0.757162 42953.8 323.008 0.678834 0.000700416 0.461494 0.000957654 
651 205.946 0.713501 43065.2 304.901 0.678753 0.000767133 0.461386 0.00105484 
652 206.427 0.715478 43265.5 304.798 0.678922 0.000794259 0.461605 0.00109746 
653 206.676 0.725521 43364.4 308.195 0.679013 0.000714959 0.461732 0.000986442 
654 206.628 0.735862 43334.9 312.475 0.678557 0.000705519 0.461098 0.00097175 
655 207.307 0.762812 43631.2 323.332 0.678776 0.000809322 0.461404 0.0011037 
656 207.615 0.913207 43762.1 389.24 0.678798 0.000904185 0.461437 0.00123558 
657 208.134 0.836764 43984.1 378.197 0.679039 0.000849601 0.461774 0.0011879 
658 208.122 0.91519 43973.3 409.715 0.678699 0.000877451 0.461291 0.00122233 
659 208.197 0.746491 44004.2 320.703 0.678497 0.000720913 0.461026 0.000983172 
660 208.376 0.876414 44080.2 390.223 0.678447 0.000869573 0.460955 0.001191 
661 208.915 0.797311 44312.3 354.02 0.67849 0.000738186 0.461014 0.00100846 
662 209.134 0.77339 44401.1 333.68 0.678489 0.000756636 0.461008 0.00103229 
663 209.648 0.821523 44625.5 355.085 0.678544 0.000730418 0.461087 0.00099209 
664 210.012 0.806007 44776.8 346.588 0.678751 0.000728338 0.461368 0.000994154 
665 210.348 0.769258 44919.6 334.26 0.678683 0.000726737 0.461273 0.000993418 
666 210.46 0.830411 44961.9 358.538 0.678555 0.000760879 0.461093 0.00103524 
667 210.877 0.83854 45127.8 367.487 0.678712 0.000814374 0.461294 0.00112524 
668 211.273 0.906668 45322.1 403.335 0.678906 0.000985699 0.461578 0.00135795 
669 211.766 0.846943 45531.1 375.936 0.679075 0.00082435 0.461803 0.00114254 
670 211.834 0.835947 45567.6 374.376 0.678866 0.000873176 0.461531 0.00120583 
671 212.242 0.82658 45726.6 367.166 0.678703 0.000771269 0.461287 0.00105384 
672 212.551 0.842809 45862.6 373.738 0.678738 0.000759089 0.461336 0.00103776 
673 212.796 0.872582 45974.9 395.351 0.678905 0.000864023 0.461569 0.00120025 
674 213.33 0.944046 46200.4 421.826 0.678917 0.000835469 0.461578 0.00114555 
675 213.418 0.893738 46233.4 404.981 0.678903 0.000802756 0.461554 0.0011039 
676 213.391 0.848828 46221.6 382.727 0.678401 0.000845808 0.460866 0.00116751 
677 213.473 0.886331 46246.1 409.365 0.678454 0.000846945 0.460932 0.0011649 
678 213.969 0.971812 46465.8 441.439 0.6786 0.000880929 0.461127 0.00120868 
679 214.378 0.960396 46638.8 441.436 0.678628 0.000899281 0.461174 0.00123323 
680 214.693 0.908241 46764.1 419.267 0.678465 0.000868239 0.460933 0.00119257 
681 214.814 0.907357 46814.3 414.284 0.678509 0.000806715 0.460992 0.00111333 
682 215.037 0.956131 46912.2 441.878 0.678331 0.000902192 0.460752 0.00123684 
683 215.124 0.900043 46951.3 407.645 0.678196 0.000886213 0.460572 0.00121907 
684 215.168 0.864739 46959.4 384.69 0.677828 0.000778048 0.460061 0.00105947 
685 215.619 0.845897 47152.2 382.66 0.678098 0.000778106 0.460421 0.00106469 
686 215.853 0.886527 47247 408.989 0.677793 0.000843618 0.460001 0.00116008 
687 216.504 0.951603 47540.2 441.52 0.678016 0.000890575 0.460312 0.00122383 
688 216.723 0.959315 47639.5 440.013 0.677814 0.000981773 0.460043 0.00134465 
689 216.784 0.924078 47674.1 427.67 0.677611 0.00082112 0.459774 0.0011203 
690 216.836 0.847606 47676.5 376.461 0.677528 0.000741328 0.459641 0.00100819 
691 217.252 0.869668 47856.8 393.61 0.677677 0.000778865 0.459848 0.00105978 
692 217.58 0.906912 48002.2 421.648 0.677634 0.00105473 0.459788 0.00144385 
693 218.15 0.988526 48269.9 445.404 0.677855 0.00107578 0.460103 0.00147524 
694 218.303 1.16631 48325.2 548.034 0.677786 0.00124484 0.460008 0.00170258 
695 218.615 1.22189 48455 564.434 0.677683 0.00124868 0.459859 0.00169851 
696 218.984 1.09936 48618.2 506.945 0.67752 0.0011038 0.459635 0.00149626 
697 219.392 1.05463 48803 490.152 0.677628 0.00105951 0.459782 0.00144342 
698 219.66 1.00623 48918.8 470.221 0.677595 0.00105846 0.459738 0.00143908 
