1.4 -1.90124 82600000000
81.7783 9.18163
1 0 0 0 0 0.499974 6.28999e-05 0.499974 6.28999e-05 
2 0 0 0 0 0.500011 4.88737e-05 0.375004 5.59171e-05 
3 0 0 0 0 0.499981 5.3242e-05 0.333307 5.50334e-05 
4 0.19261 8.4647e-05 0.19261 8.4647e-05 0.536252 5.30671e-05 0.353279 5.62485e-05 
5 0.260732 6.59385e-05 0.260732 6.59385e-05 0.539276 5.74282e-05 0.3432 6.45151e-05 
6 0.533765 0.000135507 0.764373 0.000253839 0.563398 5.17123e-05 0.362473 5.86654e-05 
7 0.636447 0.000204106 0.944187 0.000416482 0.564354 5.96703e-05 0.35674 7.57627e-05 
8 0.983512 0.000287489 1.932 0.000860619 0.583317 5.82491e-05 0.3745 7.05478e-05 
9 1.12458 0.000289054 2.34873 0.000997353 0.584787 6.4598e-05 0.372398 7.48808e-05 
10 1.484 0.000426583 3.74075 0.00185081 0.597793 6.8112e-05 0.385031 8.10318e-05 
11 1.68238 0.00046727 4.60354 0.00203397 0.600748 6.26377e-05 0.386199 7.74929e-05 
12 2.0452 0.000572125 6.42951 0.00307782 0.61032 6.30145e-05 0.395884 8.00621e-05 
13 2.27301 0.000630913 7.69688 0.00370676 0.612974 6.69505e-05 0.397386 8.30662e-05 
14 2.65969 0.000751996 10.1549 0.00519939 0.62127 6.35601e-05 0.406294 8.15227e-05 
15 2.89938 0.000810898 11.7863 0.00620459 0.62324 6.53363e-05 0.407423 8.48104e-05 
16 3.30839 0.000972651 14.9436 0.00802255 0.63049 6.03746e-05 0.41549 7.89557e-05 
17 3.56566 0.00104096 17.0477 0.00914275 0.632226 7.02396e-05 0.416654 9.18994e-05 
18 3.98557 0.00142805 20.872 0.0125985 0.638427 6.64403e-05 0.423716 8.75103e-05 
19 4.25823 0.00160289 23.492 0.0168299 0.640006 8.64136e-05 0.42491 0.000117574 
20 4.69113 0.00183575 28.0632 0.0210455 0.645511 8.7813e-05 0.431322 0.000115534 
21 4.97476 0.00179718 31.1948 0.0219735 0.646875 9.40682e-05 0.432403 0.000122953 
22 5.42141 0.00213985 36.5917 0.0291065 0.651833 9.02821e-05 0.438315 0.000118729 
23 5.71142 0.00266343 40.2074 0.0396742 0.652943 0.000112006 0.439173 0.000155028 
24 6.1701 0.002717 46.4577 0.0423792 0.657428 0.000104721 0.444605 0.000146479 
25 6.47284 0.0027779 50.7041 0.0450362 0.658518 9.93761e-05 0.445557 0.000137438 
26 6.93763 0.00305216 57.7542 0.0542055 0.662585 9.03269e-05 0.45054 0.000124265 
27 7.25005 0.00346159 62.6349 0.066902 0.663575 0.00014007 0.451442 0.000202706 
28 7.72949 0.00407704 70.6986 0.0739416 0.667339 0.00012722 0.456115 0.000178944 
29 8.0455 0.0037436 76.1228 0.0795098 0.668155 0.000129293 0.45682 0.000188219 
30 8.52217 0.0040914 84.8886 0.0853941 0.671482 0.000120331 0.46098 0.000170468 
31 8.85249 0.00517163 91.1047 0.125474 0.672334 0.000138239 0.461798 0.000194823 
32 9.34252 0.00494227 100.933 0.111124 0.675564 0.000152571 0.465901 0.000218672 
33 9.67944 0.00521346 107.856 0.11908 0.676333 0.000130574 0.466656 0.000184769 
34 10.1712 0.00815858 118.544 0.205717 0.679272 0.000147748 0.470405 0.000206897 
35 10.5056 0.00582936 125.944 0.150705 0.679767 0.000140705 0.470809 0.000198456 
36 11.0117 0.00606894 137.778 0.153512 0.682729 0.000125662 0.474645 0.000177257 
37 11.3559 0.00650332 146.026 0.173822 0.683184 0.00012586 0.475031 0.000178843 
38 11.8725 0.00781596 159.048 0.227059 0.686003 0.000135504 0.478709 0.000193103 
39 12.2144 0.00914085 167.765 0.25497 0.686455 0.000167776 0.479121 0.000233233 
40 12.7222 0.00819187 181.393 0.245928 0.688894 0.000142542 0.482309 0.000202957 
41 13.0862 0.0101518 191.358 0.321015 0.689465 0.000157647 0.482916 0.000224037 
42 13.5882 0.00878251 205.686 0.278695 0.691594 0.000144813 0.485698 0.000207971 
43 13.9747 0.0101776 217.05 0.340029 0.692419 0.00016502 0.486667 0.000238081 
44 14.4831 0.0106124 232.466 0.34689 0.694354 0.000152735 0.489205 0.000218315 
45 14.8674 0.013741 244.414 0.473974 0.695057 0.000183802 0.490034 0.00026215 
46 15.364 0.0136469 260.302 0.480313 0.696723 0.00017508 0.492198 0.000254445 
47 15.7577 0.0131149 273.282 0.487462 0.697471 0.000179766 0.493117 0.000260992 
48 16.2545 0.0145548 290.057 0.558853 0.699016 0.00017799 0.495129 0.000259347 
49 16.6662 0.0409771 304.642 1.78997 0.699991 0.000541378 0.49642 0.000819225 
50 17.167 0.0162476 322.228 0.632396 0.70149 0.00021578 0.498357 0.000312312 
51 17.5642 0.0184969 336.856 0.772484 0.702035 0.000214425 0.499021 0.000313061 
52 18.0931 0.0263762 356.74 1.13206 0.703757 0.000277477 0.501326 0.000401874 
53 18.456 0.0189486 370.391 0.798564 0.703892 0.00023851 0.501383 0.000344891 
54 19.0395 0.0293104 393.85 1.39506 0.7062 0.000378931 0.504613 0.000577128 
55 19.3939 0.0177127 407.697 0.784521 0.706286 0.000196741 0.504581 0.000285526 
56 19.9316 0.0192435 429.924 0.875572 0.707813 0.000226459 0.506663 0.00033406 
57 20.3768 0.0335431 448.957 1.60123 0.708425 0.00026772 0.507418 0.000381767 
58 20.8689 0.0202939 469.893 0.962731 0.709729 0.000216358 0.509182 0.00031703 
59 21.2767 0.0202795 487.896 0.995693 0.709986 0.000221168 0.509444 0.000325928 
60 21.7944 0.0241037 511.06 1.22715 0.711391 0.000269238 0.511355 0.000386145 
61 22.2092 0.0223365 530.084 1.07894 0.711894 0.000231784 0.512009 0.000335309 
62 22.8225 0.0546026 559.492 2.88968 0.713833 0.000463055 0.514742 0.000675763 
63 23.1682 0.0313709 575.422 1.66244 0.713787 0.000287307 0.514576 0.000421802 
64 23.7673 0.0312539 605.086 1.7235 0.715428 0.000301117 0.51685 0.000446134 
65 24.1581 0.0428491 624.447 2.43818 0.715683 0.000406866 0.51714 0.000608971 
66 24.6812 0.0234754 650.696 1.27318 0.716718 0.000227528 0.518522 0.000334232 
67 25.0975 0.0322178 672.325 1.89254 0.716906 0.000315279 0.518724 0.000474349 
68 25.6867 0.0357483 703.499 2.07462 0.718382 0.000355881 0.520764 0.000529838 
69 26.0299 0.0340853 721.592 1.91552 0.717992 0.000329927 0.520135 0.000490846 
70 26.6384 0.0463182 755.449 2.81835 0.719928 0.000500429 0.522943 0.000776942 
71 26.9847 0.0320031 773.892 1.9359 0.719438 0.00027316 0.52207 0.000406766 
72 27.7099 0.167332 816.463 10.9589 0.721767 0.000727465 0.525426 0.00105264 
73 28.0007 0.0442785 831.94 2.7864 0.721283 0.000349266 0.524649 0.000525703 
74 28.5727 0.0435932 865.719 2.80632 0.722778 0.000443993 0.526796 0.000679572 
75 28.974 0.0350776 889.104 2.26163 0.722815 0.00030704 0.526755 0.000456177 
76 29.5111 0.0469763 921.792 3.05547 0.723716 0.000342165 0.528001 0.000506896 
77 30.012 0.0552779 952.893 3.81637 0.724568 0.000436443 0.529206 0.000659489 
78 30.4961 0.0462176 982.761 3.14616 0.725211 0.000343134 0.530092 0.000511421 
79 30.9348 0.0695335 1010.49 4.77845 0.725357 0.000515259 0.53024 0.000765859 
80 31.4754 0.0486003 1045.68 3.5024 0.726331 0.000363492 0.531631 0.000547838 
81 31.9316 0.0551559 1075.12 3.87191 0.726865 0.000588711 0.532379 0.00091415 
82 32.4466 0.0495564 1109.22 3.51774 0.727241 0.000352511 0.532834 0.000531932 
83 32.8816 0.0531519 1137.66 3.77247 0.72733 0.000334328 0.532879 0.000490068 
84 33.4312 0.0599265 1175.66 4.4645 0.728357 0.00036725 0.534335 0.00055008 
85 33.9561 0.0800708 1212.99 6.2313 0.729032 0.000524812 0.535313 0.000788012 
86 34.4746 0.0583971 1248.63 4.39491 0.729808 0.000502548 0.536373 0.000758902 
87 34.968 0.102128 1284.55 8.03384 0.73028 0.00078463 0.53707 0.00120818 
88 35.497 0.0590729 1322.46 4.63558 0.730823 0.000477755 0.53778 0.000722415 
89 35.9093 0.071365 1352.67 5.70457 0.73066 0.000460782 0.537474 0.000697423 
90 36.49 0.0629424 1395.45 5.26981 0.731618 0.000413796 0.538829 0.000635899 
91 36.9916 0.102807 1433.37 8.37993 0.732202 0.000579191 0.539655 0.000870167 
92 37.4735 0.086373 1469.8 6.98351 0.732421 0.00047212 0.539923 0.000707444 
93 37.9699 0.113043 1508.72 9.55149 0.733303 0.000721862 0.541235 0.00109328 
94 38.6293 0.140009 1561.08 11.9368 0.734286 0.000677656 0.542616 0.00101966 
95 39.1865 0.221039 1606.86 19.8624 0.735282 0.00120988 0.544077 0.00183212 
96 39.985 0.493118 1675.81 45.9195 0.736828 0.00212685 0.546385 0.00320481 
97 40.5433 0.518108 1723.03 48.9063 0.737935 0.00241367 0.54807 0.00366476 
98 40.6301 0.0996287 1723.75 9.54247 0.736442 0.000627749 0.545696 0.000946131 
99 41.0107 0.0824488 1754.07 7.56022 0.736117 0.000430865 0.545182 0.000653626 
100 41.6266 0.104137 1806.31 9.60609 0.736866 0.000699618 0.546259 0.00105086 
101 42.0204 0.0707199 1839.72 6.3793 0.73687 0.000435102 0.546213 0.000657388 
102 42.6853 0.101563 1898.95 9.49022 0.738052 0.000466579 0.547936 0.000706087 
103 43.1474 0.0918981 1939.29 8.3353 0.738553 0.000517575 0.548683 0.000780588 
104 43.5999 0.123707 1979.4 12.0496 0.738403 0.000673862 0.548389 0.00103096 
105 44.0482 0.0949592 2018.77 8.72571 0.738442 0.000555463 0.548418 0.000834467 
106 44.7382 0.143842 2083.35 13.8018 0.739594 0.000765555 0.550128 0.00115623 
107 45.3053 0.222565 2133.05 20.7718 0.740116 0.00103466 0.550815 0.00153659 
108 45.6479 0.114029 2164.82 10.8987 0.739745 0.000486433 0.550253 0.000736037 
109 46.2433 0.150993 2219.77 14.9464 0.740229 0.000561549 0.550889 0.000832403 
110 46.8738 0.168899 2282.17 17.0675 0.741242 0.000601082 0.552412 0.000891322 
111 47.5053 0.270374 2341.84 27.2598 0.741651 0.000954125 0.552927 0.00143446 
112 47.9749 0.191656 2389.19 20.3914 0.742231 0.000665445 0.553813 0.00100238 
113 48.4192 0.174545 2433.58 18.8994 0.742396 0.000617854 0.55405 0.000941802 
114 48.7495 0.135978 2465.81 15.2077 0.742492 0.000654366 0.554198 0.000997907 
115 49.2875 0.13327 2517.94 14.0233 0.742712 0.000663713 0.554466 0.00100429 
116 49.9339 0.149755 2584.99 16.2801 0.743387 0.000700274 0.555457 0.00105016 
117 50.425 0.114861 2635.46 12.5432 0.744371 0.000816693 0.556947 0.00124416 
118 51.1108 0.169409 2707.72 19.1819 0.744993 0.000782923 0.557825 0.00118635 
119 51.4318 0.121301 2739.48 13.4419 0.745011 0.000588496 0.557845 0.000891052 
120 52.0225 0.147882 2800.64 16.3548 0.745302 0.000828999 0.558218 0.00125087 
121 52.6824 0.158791 2873.3 18.6031 0.746419 0.000679259 0.559883 0.00103758 
122 53.2152 0.203607 2931.59 23.7214 0.746575 0.000873305 0.560114 0.00132054 
123 53.9228 0.260276 3011.38 31.2544 0.747309 0.00099038 0.561185 0.00151096 
124 54.6735 0.393362 3093.25 46.7043 0.748376 0.00166827 0.562726 0.00253591 
125 54.9066 0.252609 3117.59 31.2078 0.747077 0.000929386 0.560718 0.00140976 
126 55.0848 0.138421 3133.17 16.7157 0.746405 0.000729308 0.559691 0.00111719 
127 55.6499 0.200195 3199.22 24.8259 0.747163 0.00121976 0.560868 0.00188137 
128 56.2369 0.149895 3265.33 18.4725 0.748007 0.000642361 0.562076 0.000973497 
129 56.7936 0.261382 3333.06 34.7786 0.74799 0.00107677 0.562048 0.00164827 
130 57.3116 0.147484 3389.53 18.1279 0.748742 0.00064768 0.563129 0.000983123 
131 57.7169 0.147065 3435.01 17.8144 0.748941 0.000645004 0.563391 0.000978592 
132 58.3281 0.127465 3507.62 15.6166 0.749252 0.000628858 0.563861 0.000960386 
133 58.7719 0.12273 3558.83 15.0754 0.749454 0.00056169 0.564102 0.000845133 
134 59.44 0.126211 3639.28 15.4673 0.750402 0.000614017 0.565547 0.000925893 
135 60.1296 0.207773 3724.64 26.9342 0.751362 0.00100439 0.566974 0.00153441 
136 60.6315 0.206045 3785.04 25.7998 0.751317 0.000981075 0.566869 0.00148802 
137 60.9912 0.158646 3830.75 20.1089 0.750946 0.000719931 0.566318 0.00108793 
138 61.7929 0.203748 3930.98 26.8232 0.751945 0.00095407 0.567774 0.00145967 
139 62.0532 0.181968 3964.03 23.5554 0.751333 0.000711588 0.566835 0.00107402 
140 62.616 0.165319 4035.55 21.4126 0.751776 0.000698835 0.567518 0.00105514 
141 63.2414 0.178677 4116.3 23.843 0.752341 0.000671719 0.568338 0.00101499 
142 63.9042 0.207175 4203.08 27.9262 0.753172 0.000794976 0.569595 0.00122101 
143 64.1662 0.162594 4235.06 22.4565 0.752719 0.000661168 0.568869 0.00100947 
144 64.8817 0.226766 4331.44 31.7318 0.753391 0.000909589 0.569879 0.00139584 
145 65.2293 0.19012 4373.73 26.9693 0.753193 0.000680853 0.569548 0.00104133 
146 66.2042 0.372864 4508.49 54.1258 0.754864 0.0013178 0.5721 0.00203083 
147 66.278 0.169077 4514.11 23.1833 0.753944 0.000828808 0.570684 0.00127199 
148 67.28 0.303096 4654.98 44.8904 0.755644 0.00125724 0.573274 0.00195991 
149 67.5527 0.202469 4687.66 29.5784 0.755013 0.000996268 0.572227 0.00155612 
150 67.8601 0.191827 4727.17 27.2053 0.754486 0.000941839 0.571391 0.0014544 
151 68.4501 0.197282 4809.63 28.1193 0.754852 0.000929039 0.571954 0.00143565 
152 68.8809 0.200662 4866.21 29.0694 0.755038 0.00100354 0.572201 0.00156233 
153 69.469 0.224061 4948.44 31.5849 0.755237 0.000967455 0.572471 0.00147942 
154 69.9704 0.235277 5020.26 33.6019 0.755473 0.00119707 0.572862 0.00184914 
155 70.9393 0.391413 5157.37 55.9228 0.756951 0.00145956 0.575035 0.00221913 
156 71.3966 0.308677 5226.46 44.9978 0.75724 0.0012862 0.575526 0.00198336 
157 72.701 0.734572 5417 109.771 0.759028 0.00170924 0.578132 0.00254922 
158 72.9623 0.615956 5456.31 93.4369 0.758895 0.00168309 0.577935 0.00255733 
159 75.5151 2.05682 5851.79 320.636 0.762812 0.00400288 0.583776 0.00597169 
160 74.6992 1.03834 5723.38 163.767 0.76061 0.00215914 0.580516 0.00324394 
161 78.5908 2.79922 6354.44 456.662 0.767169 0.00523055 0.590397 0.00788671 
162 74.5423 0.362267 5690.32 56.0563 0.758721 0.00188028 0.577728 0.00290869 
163 74.8133 0.278535 5733.34 43.5316 0.758014 0.00152855 0.576657 0.00238179 
164 75.3926 0.390771 5820.96 61.2169 0.758172 0.0020396 0.576891 0.00317912 
165 75.9623 0.337377 5905.92 53.0125 0.758014 0.00183055 0.576595 0.00285646 
166 76.5464 0.434543 5997.9 70.7848 0.758198 0.00208855 0.576853 0.0032178 
167 77.1159 0.378351 6085.66 60.7502 0.758022 0.00189205 0.57659 0.00294248 
168 77.7692 0.5668 6187.06 96.8087 0.758228 0.00258676 0.576841 0.00402989 
169 78.3129 0.467664 6274.3 73.6013 0.758614 0.00195466 0.577477 0.00305177 
170 78.8586 0.336695 6361.98 54.6233 0.759605 0.00185105 0.578999 0.00290732 
171 79.655 0.478893 6491.98 78.1675 0.760493 0.00247546 0.580388 0.0038588 
172 80.2778 0.388863 6590.54 64.8365 0.760459 0.0016532 0.580258 0.00258621 
173 80.9081 0.423798 6696.65 69.5812 0.760217 0.00169313 0.579873 0.00265434 
174 82.0524 0.590867 6896.13 106.017 0.763115 0.00198028 0.584374 0.00312379 
175 81.9929 0.692237 6870.95 113.367 0.760089 0.00185481 0.579591 0.00290417 
176 82.8813 0.59147 7021.08 99.1164 0.761576 0.00195478 0.581854 0.00308345 
177 84.0977 1.21652 7226.5 206.637 0.76107 0.00200164 0.580966 0.0032027 
178 84.0276 0.730673 7214.54 125.933 0.761476 0.00209295 0.581613 0.0032814 
179 84.9016 1.14898 7371.12 204.524 0.761243 0.00175968 0.581192 0.00274469 
180 84.545 0.439881 7300.17 77.568 0.762827 0.00149101 0.583712 0.00231399 
181 85.0027 0.449672 7382.2 78.1723 0.762966 0.00189438 0.583963 0.00294526 
182 85.4019 0.407851 7444.88 71.5841 0.763144 0.00162434 0.584228 0.00252131 
183 85.9284 0.396098 7538.92 68.6795 0.763109 0.00182749 0.584182 0.00284406 
184 86.5641 0.40029 7650.79 70.3232 0.763658 0.00190945 0.585038 0.0029741 
185 87.2946 0.50063 7774.15 90.4951 0.763964 0.00196112 0.585434 0.00305036 
186 87.8068 0.4306 7867.62 77.318 0.764156 0.00181491 0.585769 0.00281128 
187 88.183 0.467571 7933.73 85.8996 0.763674 0.00184891 0.584994 0.00287941 
188 89.0143 0.527005 8082.74 96.6359 0.764777 0.00253558 0.586675 0.00395897 
189 89.712 0.621344 8203.58 118.018 0.764103 0.00345631 0.585607 0.00537918 
190 90.4937 0.600605 8351.16 113.142 0.766289 0.0023778 0.58894 0.00371925 
191 90.8067 0.545393 8403.99 101.905 0.764961 0.00272195 0.586859 0.00424923 
192 91.106 0.637207 8456.41 120.063 0.765349 0.00285659 0.587449 0.00447086 
193 92.1992 0.557533 8653.57 103.442 0.764501 0.0028637 0.586068 0.0045043 
194 92.3505 0.736866 8684.54 142.841 0.765441 0.00308181 0.587561 0.00483777 
195 93.5636 0.655158 8903.58 118.588 0.763959 0.0021677 0.585169 0.00342906 
196 93.8957 0.661621 8974.35 123.611 0.765748 0.00273243 0.587962 0.00431377 
197 95.4642 1.02931 9267.04 186.704 0.764481 0.00262415 0.585896 0.0041468 
198 95.92 1.09252 9361.14 202.667 0.766428 0.00251783 0.588908 0.00396725 
199 99.1932 1.81877 9992.1 346.971 0.765718 0.0025214 0.58751 0.00405378 
200 96.4854 0.75918 9474.45 145.691 0.766336 0.00273382 0.588827 0.00432215 
201 99.9258 2.07313 10148.7 405.633 0.766319 0.00209427 0.588434 0.00335141 
202 98.1036 1.03696 9787.61 193.534 0.766988 0.00242793 0.589744 0.00387541 
203 101.788 2.14186 10521.5 422.124 0.76563 0.00212957 0.587296 0.00346846 
204 99.9716 1.10643 10153.4 209.422 0.766928 0.00192048 0.589521 0.00310872 
205 103.234 2.19737 10807.3 437.151 0.765801 0.00214284 0.58752 0.00340965 
206 102.675 1.81467 10710.8 364.26 0.768861 0.00196995 0.592453 0.00313239 
207 107.401 2.82706 11696.5 583.382 0.768347 0.00203555 0.591245 0.00318175 
208 100.787 0.710367 10343.2 145.644 0.769236 0.00200814 0.593324 0.00316739 
209 104.724 2.38275 11166.6 495.104 0.767248 0.00190506 0.589937 0.00305281 
210 101.314 0.668022 10453.6 134.461 0.769685 0.0023601 0.594093 0.00364128 
211 101.695 0.711239 10539.6 152.133 0.768651 0.00231645 0.592541 0.00365701 
212 102.604 0.639484 10725.2 139.136 0.770196 0.00196383 0.594913 0.00310332 
213 102.452 0.66431 10693.3 147 0.768369 0.00197978 0.592087 0.00312797 
214 104.33 1.434 11129.2 342.559 0.772337 0.00397349 0.598509 0.00643454 
215 103.366 0.584487 10870.2 122.915 0.768144 0.00212815 0.591626 0.00327953 
216 104.263 0.743001 11057.5 154.254 0.768737 0.0024182 0.592525 0.00372205 
217 105.055 0.963257 11230.8 205.474 0.769844 0.00279586 0.594245 0.0043087 
218 105.438 0.570751 11314.9 121.665 0.769844 0.00236933 0.594261 0.00363342 
219 105.928 0.572341 11412.2 119.076 0.77022 0.0021405 0.59479 0.00331892 
220 106.2 0.748644 11477.1 158.485 0.769617 0.002541 0.593922 0.00394383 
221 107.32 0.798078 11713.2 168.547 0.771587 0.00294445 0.596929 0.00451254 
222 107.976 0.805234 11856.1 172.627 0.771469 0.00273572 0.596745 0.00424653 
223 110.33 1.45703 12372.3 314.533 0.776888 0.00444058 0.605105 0.00686552 
224 109.846 1.06511 12273.4 232.567 0.773648 0.00331211 0.600125 0.00515171 
225 109.027 0.743654 12093.1 163.133 0.770718 0.0024233 0.595592 0.00378104 
226 109.79 0.820445 12264.1 180.398 0.770839 0.0027883 0.595776 0.00434177 
227 109.858 0.840643 12276.7 189.091 0.769721 0.00289025 0.594004 0.00451358 
228 110.792 1.00357 12491 224.543 0.770701 0.00319528 0.595554 0.00497026 
229 111.404 0.964162 12629.5 221.013 0.770825 0.00318156 0.595741 0.00498859 
230 111.573 0.957116 12666.5 218.011 0.770102 0.00321106 0.59463 0.00499639 
231 112.415 0.883255 12858.2 202.089 0.771369 0.00292355 0.596574 0.00455567 
232 112.735 0.95609 12927 221.641 0.770346 0.00319228 0.595006 0.00496384 
233 113.281 0.859316 13051.6 197.087 0.77086 0.00296166 0.595792 0.00461083 
234 114.136 0.913305 13251.4 212.648 0.771552 0.00299313 0.596854 0.00466465 
235 114.492 0.752068 13330 175.788 0.771254 0.00244636 0.596377 0.00380822 
236 115.355 0.919034 13538 215.163 0.772118 0.00305932 0.59775 0.00477285 
237 115.845 0.92567 13657 219.809 0.772076 0.00282461 0.597697 0.00439796 
238 116.339 0.929801 13761.7 219.64 0.772464 0.00298547 0.59829 0.00465692 
239 116.824 0.997916 13874.1 236.668 0.772232 0.0031021 0.597897 0.00482875 
240 117.903 1.03525 14128.7 248.921 0.773757 0.00324198 0.600245 0.00507273 
241 118.649 1.20511 14310.3 291.137 0.773289 0.00353234 0.599563 0.00552534 
242 119.217 1.02945 14441.2 249.957 0.774326 0.00298999 0.601091 0.00467594 
243 119.408 0.739802 14489.4 180.448 0.773083 0.00232276 0.599106 0.00362262 
244 120.001 0.793087 14626.1 196.187 0.77411 0.00231376 0.600684 0.00362743 
245 120.843 0.879801 14838 217.046 0.773979 0.00227019 0.600484 0.00353494 
246 121.302 0.841912 14942.8 207.283 0.774235 0.0023818 0.600884 0.00373197 
247 122.259 0.990623 15190.9 249.785 0.774644 0.00279034 0.601534 0.00438485 
248 123.818 1.73027 15594.8 465.352 0.77733 0.00432241 0.60586 0.00693625 
249 123.264 0.926995 15425.8 233.443 0.774551 0.00247557 0.601285 0.00388819 
250 123.857 0.883801 15556.8 219.447 0.77575 0.002594 0.603137 0.00406108 
251 124.628 0.871388 15765 223.583 0.776922 0.00267574 0.605006 0.00419757 
252 125.259 0.891077 15915.2 229.683 0.777839 0.00282711 0.606423 0.00444728 
253 125.788 1.06591 16049.8 273.157 0.775967 0.00331038 0.603462 0.00521145 
254 126.23 1.11805 16165.6 288.153 0.777849 0.00321894 0.606459 0.00505681 
255 126.385 1.02201 16207 267.476 0.776048 0.00262154 0.603602 0.00412735 
256 126.921 1.33038 16340.6 351.897 0.777202 0.00391241 0.605402 0.00616213 
257 127.83 1.159 16585.3 309.997 0.777235 0.00289443 0.605476 0.00455414 
258 128.265 1.47684 16685.3 398.705 0.7775 0.00445793 0.605884 0.00702757 
259 128.64 1.14356 16784.5 303.777 0.777361 0.00296436 0.605623 0.0046424 
260 129.918 1.6089 17107.6 433.442 0.779698 0.00452854 0.609268 0.00713011 
261 130.369 1.35585 17224.9 363.56 0.779537 0.00424575 0.608983 0.00665689 
262 132.079 1.31395 17672.7 355.686 0.782936 0.00370886 0.614283 0.00580538 
263 131.678 1.41929 17564.7 381.429 0.780543 0.00425597 0.610519 0.00667362 
264 133.537 1.56158 18051.7 415.307 0.783813 0.00492175 0.615605 0.00768817 
265 132.815 1.06127 17881.8 292.382 0.780066 0.00362712 0.609814 0.00568011 
266 134.323 1.58786 18274.2 432.625 0.782443 0.00459312 0.613519 0.00722009 
267 134.34 1.5174 18280.7 418.207 0.780927 0.00414526 0.611098 0.00654595 
268 135.917 1.89624 18715.7 516.169 0.783505 0.00533268 0.61518 0.00838371 
269 135.47 1.37162 18592.4 370.001 0.7815 0.00425793 0.612039 0.00666178 
270 136.058 1.50743 18760.6 426.151 0.781055 0.00395201 0.611354 0.00625963 
271 136.451 1.53261 18864.5 433.098 0.781079 0.00421477 0.611379 0.00666214 
272 136.668 1.4142 18933 407.859 0.778681 0.0037163 0.60758 0.00591744 
273 136.81 1.64454 18974.7 471.584 0.778375 0.00443245 0.607124 0.00702939 
274 137.794 1.56129 19243.7 454.92 0.778405 0.00393742 0.607122 0.0062708 
275 138.929 1.56854 19565.8 441.631 0.780459 0.00411012 0.610343 0.00648656 
276 139.261 1.50082 19662.7 443.432 0.779418 0.00379208 0.608713 0.0060457 
277 140.339 1.67244 19972.6 486.129 0.780392 0.00421674 0.610241 0.00667273 
278 140.455 1.83801 20000.9 550.725 0.779653 0.00420545 0.609048 0.00670632 
279 140.929 1.85992 20140.4 548.468 0.780109 0.0044003 0.609775 0.00700356 
280 141.991 1.80881 20435.3 545.278 0.781143 0.00405875 0.611384 0.0064726 
281 141.977 1.09204 20426.7 325.092 0.780017 0.00277221 0.609583 0.00439926 
282 143.179 1.09674 20763.3 324.348 0.781571 0.00261602 0.612009 0.00414761 
283 143.089 1.09394 20745.5 327.076 0.779954 0.0028391 0.609506 0.00451291 
284 143.83 1.51508 20962.5 454.607 0.781063 0.00332877 0.611248 0.00528809 
285 144.468 1.30021 21144 390.927 0.780443 0.00321432 0.610238 0.0051111 
286 145.212 1.7115 21348.7 516.347 0.781112 0.00342298 0.611223 0.0054172 
287 144.995 1.52653 21305.4 461.353 0.779721 0.00369793 0.609129 0.00586257 
288 145.92 1.23701 21565.6 379.897 0.780727 0.00281873 0.61068 0.00447665 
289 146.318 1.47915 21699.7 452.731 0.780049 0.00356659 0.609657 0.00566927 
290 147.167 1.47039 21949.7 450.668 0.780881 0.00318289 0.610942 0.0050437 
291 147.351 1.47466 22000.4 456.243 0.780326 0.00372914 0.610069 0.00591626 
292 148.332 1.19281 22273 373.902 0.781516 0.00269768 0.611833 0.00430245 
293 148.831 1.33888 22430.9 415.716 0.781498 0.00340658 0.611872 0.00542002 
294 150.297 1.36377 22875.6 429.388 0.782746 0.00298044 0.61382 0.0047506 
295 150.265 1.32632 22862.6 408.702 0.782132 0.00346306 0.612847 0.0054804 
296 151.01 1.64187 23089.4 520.076 0.781632 0.00372443 0.612044 0.00595448 
297 151.91 1.35219 23346.4 408.521 0.781959 0.00315675 0.612466 0.00497033 
298 151.747 1.25217 23302.1 391.056 0.781122 0.00305073 0.611196 0.00484535 
299 154.378 1.96539 24090.4 586.023 0.783078 0.0028465 0.614113 0.00442222 
300 152.86 1.37151 23649.4 431.231 0.781372 0.00322326 0.611617 0.00511297 
301 154.561 1.50297 24175.4 467.911 0.782347 0.00318854 0.613075 0.00503061 
302 153.802 1.88129 23933.8 583.286 0.781207 0.00362195 0.611326 0.00569605 
303 154.217 1.42546 24080.8 455.061 0.781377 0.00302963 0.611646 0.00482029 
304 154.163 1.34194 24054 425.483 0.780447 0.00300406 0.610178 0.00475355 
305 155.444 1.51326 24463.8 484.027 0.78197 0.0032262 0.6126 0.00511014 
306 154.76 1.31145 24234.7 415.005 0.779724 0.00290679 0.609036 0.00458077 
307 155.474 1.30689 24462.2 416.487 0.779606 0.002888 0.608846 0.00456515 
308 156.242 1.2087 24688.5 383.578 0.779606 0.00250042 0.608792 0.00394476 
309 157.324 1.42805 25038.8 455.976 0.781179 0.0031703 0.611275 0.00499953 
310 157.557 1.32154 25098.2 424.297 0.780497 0.00277824 0.610163 0.00439083 
311 158.831 1.34333 25504.9 433.045 0.781521 0.0029304 0.611776 0.00462607 
312 158.574 1.38506 25428.7 447.633 0.780822 0.0030369 0.610692 0.00479579 
313 159.572 1.39432 25755.5 455.047 0.781354 0.00290326 0.611534 0.00459084 
314 160.527 1.53755 26055.2 507.647 0.782253 0.00329574 0.612951 0.0052211 
315 161.335 1.6144 26328.1 528.71 0.782572 0.00315225 0.613464 0.00498431 
316 161.735 1.49175 26447 488.593 0.781996 0.00305684 0.612529 0.00483733 
317 162.367 1.74788 26649.6 579.076 0.781454 0.00322933 0.611644 0.00509813 
318 163.948 1.63538 27182.5 541.569 0.784073 0.00303668 0.615802 0.00483232 
319 163.985 1.96655 27233.9 663.864 0.783741 0.00373585 0.615371 0.0059393 
320 163.879 1.74555 27176.9 584.282 0.782622 0.00344804 0.613568 0.00548982 
321 163.99 1.78269 27220.2 592.881 0.781799 0.00324168 0.612266 0.00511667 
322 164.865 2.23938 27537.8 770.141 0.782121 0.00416051 0.612855 0.00660975 
323 163.376 1.65811 26985.5 554.445 0.77756 0.00340946 0.605578 0.00534447 
324 165.084 2.66483 27615.2 907.74 0.781221 0.00481332 0.611437 0.00756176 
325 164.25 1.98326 27274.9 659.825 0.777085 0.0043369 0.604863 0.00678631 
326 164.899 2.16913 27524.1 715.745 0.778691 0.0043233 0.607486 0.00666947 
327 165.43 2.30703 27703.4 755.402 0.777641 0.00426644 0.605816 0.00666297 
328 166.71 2.27157 28159 773.727 0.78104 0.00373228 0.611122 0.00584287 
329 167.087 2.76738 28316.5 919.736 0.779711 0.00437499 0.609126 0.00680423 
330 165.991 2.13049 27906.5 694.785 0.778317 0.00390307 0.606884 0.00602524 
331 166.721 2.93608 28211.4 974.448 0.777584 0.00473825 0.605869 0.00731218 
332 165.235 2.93157 27673.4 955.229 0.774212 0.00575234 0.600621 0.00882359 
333 167.552 2.90823 28464.2 925.715 0.778338 0.00502149 0.607024 0.00760175 
334 168.53 2.58887 28765.2 843.105 0.779961 0.00434005 0.609471 0.00666162 
335 168.472 3.10429 28787.7 1026.97 0.778117 0.00518966 0.606675 0.00799619 
336 169.49 2.57833 29083.2 864.83 0.78032 0.00441444 0.610025 0.0068392 
337 168.924 3.81801 28970.9 1242.62 0.776544 0.00619652 0.604312 0.00939948 
338 170.864 3.057 29593.1 1017.9 0.77982 0.00517551 0.609314 0.00795125 
339 168.334 4.47185 28784.3 1445.83 0.773861 0.00797429 0.600264 0.0120714 
340 170.127 3.488 29334.1 1137.71 0.776968 0.00613652 0.604912 0.00931032 
341 167.993 4.61603 28678.6 1499.97 0.770798 0.00855507 0.595613 0.0129321 
342 170.737 3.91762 29556.2 1285.58 0.775942 0.00709311 0.603343 0.010745 
343 169.05 4.77794 29059.4 1580.99 0.77066 0.00884945 0.595407 0.0134099 
344 171.577 4.05973 29841.4 1330.7 0.775724 0.00749283 0.602975 0.0113216 
345 171.011 4.49024 29718.2 1499.19 0.772755 0.00814558 0.598599 0.0123244 
346 173.01 3.62921 30335.1 1219.5 0.775736 0.00636379 0.602972 0.00964454 
347 171.541 4.01177 29869.2 1329.75 0.772291 0.00754739 0.597854 0.0113912 
348 173.118 4.49166 30382 1486.48 0.774347 0.00856944 0.600901 0.0129153 
349 172.2 4.69898 30134.9 1598.01 0.770217 0.00851219 0.594767 0.012882 
350 173.838 4.14734 30614.7 1384.2 0.774217 0.0081523 0.600678 0.0122979 
351 173.025 4.88858 30361.2 1646.48 0.770713 0.00940963 0.595402 0.0141986 
352 175.961 3.67589 31336.1 1245.72 0.775941 0.0068944 0.603258 0.0103947 
353 175.305 4.26351 31134.5 1447.59 0.773245 0.00845134 0.599186 0.0127395 
354 178.021 3.13922 32054.8 1081.71 0.777848 0.00526924 0.606115 0.00796496 
355 177.854 3.61865 32025.9 1238.71 0.776725 0.00655772 0.604473 0.00987802 
356 179.14 3.38529 32442.1 1173.76 0.777895 0.00551546 0.606165 0.00834343 
357 177.417 3.43599 31843.7 1185.51 0.774735 0.00625786 0.601358 0.00944622 
358 180.107 3.25442 32772.9 1142.82 0.778986 0.00523718 0.607818 0.00794984 
359 178.743 3.21293 32293.9 1142.09 0.775964 0.00512899 0.603159 0.00782217 
360 181.037 2.38663 33094.1 851.288 0.779204 0.00403995 0.608099 0.00610637 
361 180.669 2.91673 32961.9 1062.29 0.77744 0.00429965 0.605281 0.00660987 
362 183.565 1.99051 33985.9 745.708 0.781464 0.00231359 0.611402 0.0035951 
363 183.156 2.74021 33835.4 1024.16 0.780285 0.00284794 0.609535 0.00447858 
364 185.716 2.34671 34786.4 889.379 0.783218 0.0029846 0.614104 0.00473318 
365 185.048 2.74814 34538 1036.95 0.782052 0.00267948 0.612238 0.00425658 
366 187.507 2.24283 35447.5 853.389 0.784385 0.00281024 0.615919 0.00444085 
367 185.157 2.28154 34560.2 872.279 0.781112 0.00222994 0.610747 0.00355517 
368 188.512 2.0085 35833 778.424 0.783967 0.00246435 0.615278 0.00390253 
369 187.271 2.28978 35344.4 888.206 0.782119 0.00263326 0.612314 0.00418933 
370 189.593 1.77641 36235.3 698.522 0.783296 0.00225406 0.614191 0.00357424 
371 189.508 2.63606 36211.1 1034.29 0.782887 0.00276737 0.613566 0.00438884 
372 190.183 1.62765 36456.2 646.289 0.783181 0.00240639 0.614045 0.00382274 
373 191.066 1.95146 36802.4 779.812 0.784172 0.00249767 0.615636 0.00399794 
374 193.609 2.58254 37815.9 1049.92 0.786972 0.00409976 0.620138 0.00659592 
375 192.786 2.18201 37483.6 889.184 0.785428 0.00322209 0.617662 0.00520431 
376 199.303 4.05547 40145.2 1679.19 0.794937 0.00657786 0.63297 0.0106568 
377 196.814 2.7788 39085.9 1150.27 0.788953 0.00434731 0.623254 0.00702633 
378 205.61 5.52936 42728.7 2305.14 0.796657 0.00819235 0.635538 0.0132915 
379 196.154 2.27992 38802.7 947.029 0.786972 0.00343587 0.620085 0.00554817 
380 205.402 5.35969 42711.9 2276.42 0.80037 0.00781815 0.641784 0.0126991 
381 196.237 1.99273 38777.4 811.493 0.78535 0.00203313 0.617381 0.00324747 
382 197.095 1.84042 39114.1 763.504 0.786592 0.00234017 0.619353 0.00375775 
383 197.361 1.9047 39218.3 790.26 0.785652 0.00250575 0.617862 0.00401789 
384 198.312 1.90828 39599.5 785.981 0.786455 0.00274473 0.619151 0.00438683 
385 200.085 1.73922 40302.6 727.099 0.787856 0.00209452 0.621312 0.00336072 
386 201.823 2.56084 40996.5 1050.94 0.789817 0.00330241 0.624434 0.00525956 
387 201.801 2.44404 41025.3 1016.87 0.788862 0.00277848 0.622972 0.00443486 
388 200.884 1.96293 40634.9 818.293 0.78704 0.00243219 0.620074 0.00387814 
389 202.526 2.19011 41314.3 917.464 0.789058 0.00254914 0.623286 0.00408812 
390 202.026 1.69609 41085.9 711.416 0.786595 0.00178918 0.619336 0.00286313 
391 203.178 1.91943 41559.7 805.713 0.787981 0.00228371 0.621525 0.00364121 
392 203.741 1.81036 41793.8 757.157 0.787403 0.00232589 0.620652 0.00369945 
393 205.342 2.12207 42463.3 895.391 0.789556 0.00251316 0.624038 0.00400745 
394 205.939 2.08823 42716.3 873.585 0.788992 0.00309105 0.623172 0.00489954 
395 205.826 2.25305 42672.4 951.125 0.788053 0.00243795 0.621658 0.00387805 
396 206.968 2.64538 43143 1106.55 0.788674 0.00275039 0.62264 0.00434912 
397 206.662 2.326 43017.3 996.634 0.787652 0.0025114 0.621028 0.00400941 
398 207.136 2.24738 43229.3 969.215 0.787589 0.00240649 0.620957 0.00385115 
399 207.48 1.90044 43359.3 826.902 0.786963 0.00219366 0.619938 0.00352999 
400 208.359 2.14463 43729.7 934.736 0.787774 0.00222587 0.621228 0.00355769 
401 209.487 2.18265 44201 952.323 0.787941 0.00227338 0.621454 0.00364303 
402 210.833 2.30293 44772.5 1030.09 0.788462 0.00247963 0.622266 0.0040069 
403 212.639 2.29419 45500.8 984.657 0.788226 0.00218657 0.621799 0.00350832 
404 210.151 1.84551 44470.6 814.138 0.78677 0.00190857 0.619588 0.00306356 
405 211.61 2.29024 45099.1 1007.28 0.78816 0.00210588 0.621784 0.00338074 
406 210.779 1.89031 44728.8 835.817 0.786485 0.00180041 0.619135 0.00289473 
407 213.102 1.95706 45731.9 867.283 0.787967 0.00218239 0.621477 0.00348793 
408 213.812 1.51144 45961.7 668.826 0.786595 0.00137462 0.61919 0.00221515 
409 215.233 2.43682 46640 1068.41 0.788307 0.00216694 0.621969 0.00346665 
410 213.941 1.8612 46088.8 840.901 0.78825 0.00213267 0.621937 0.00340787 
411 214.787 2.10746 46429.2 939.359 0.7894 0.00223156 0.623716 0.00355158 
412 216.05 2.15078 47021.1 987.101 0.789326 0.00234594 0.62366 0.0037892 
413 216.261 1.94536 47075.3 878.499 0.789594 0.00262159 0.624057 0.00422131 
414 216.816 2.28312 47339.6 1034.98 0.78907 0.00248964 0.62326 0.0040071 
415 217.786 2.39405 47752.5 1086.6 0.789899 0.00256975 0.624584 0.0041637 
416 217.451 2.10962 47603.3 964.868 0.788432 0.00233793 0.622234 0.0037709 
417 218.905 2.65907 48253.5 1203.83 0.789097 0.00262333 0.623302 0.00422486 
418 218.891 2.20247 48245 1005.82 0.789367 0.00312134 0.623747 0.00501901 
419 220.24 2.86946 48842.2 1301.52 0.790176 0.002934 0.625003 0.00471543 
420 221.321 3.23762 49310.3 1469.46 0.791747 0.0038658 0.627491 0.00617115 
421 220.771 2.70265 49057 1228.45 0.789857 0.00329341 0.624489 0.00526973 
422 220.365 2.29038 48881.2 1053.35 0.788486 0.003416 0.622333 0.00549475 
423 221.625 2.57176 49452.6 1171.25 0.789775 0.00421994 0.624406 0.00676855 
424 221.564 1.99015 49398.4 924.467 0.788886 0.00302811 0.622973 0.00490747 
425 223.213 2.34864 50138.9 1100.1 0.790449 0.00349083 0.625444 0.00565923 
426 223.072 2.47034 50074 1147.54 0.79006 0.004357 0.624858 0.00704347 
427 224.133 2.93896 50544.8 1358.6 0.790905 0.00441867 0.626163 0.00712398 
428 224.003 2.12507 50495.3 1005.36 0.789688 0.00342856 0.624261 0.00553295 
429 225.788 2.18299 51293.6 1020.22 0.791503 0.00353298 0.627113 0.0057131 
430 226.158 2.6831 51458.6 1248.55 0.791527 0.00357089 0.627136 0.00575506 
431 227.428 2.9944 52060 1395.5 0.792771 0.00425903 0.629163 0.00685679 
432 227.48 2.65911 52053.3 1237.54 0.792115 0.00398426 0.628069 0.00640822 
433 228.193 2.90877 52393.8 1354.57 0.791864 0.00437151 0.627699 0.00702429 
434 228.285 2.4397 52402.2 1132.96 0.79234 0.00403068 0.628412 0.00647844 
435 229.524 2.95386 53002.1 1381.49 0.792591 0.00379161 0.628826 0.00609565 
436 229.343 2.57149 52897 1203.05 0.792193 0.00356739 0.628166 0.00573804 
437 230.595 2.72838 53476.9 1280.9 0.792727 0.00431099 0.629015 0.00693346 
438 231.093 2.70491 53705.3 1271.34 0.792806 0.00434226 0.629144 0.00698341 
439 232.609 2.92294 54414 1400.23 0.793634 0.00359034 0.630446 0.00578361 
440 231.726 2.67073 53997.4 1263.06 0.792996 0.00444687 0.62946 0.00715714 
441 234.098 3.57286 55106.4 1712.76 0.794372 0.00476685 0.631619 0.00765734 
442 233.026 2.55887 54570.1 1202.55 0.793936 0.00415829 0.630938 0.0066534 
443 234.637 3.17278 55339.3 1503.15 0.794932 0.00501146 0.632508 0.00803814 
444 235.455 2.84617 55724 1343.84 0.795056 0.00496541 0.632716 0.00796277 
445 236.823 3.36834 56393.5 1601.81 0.796595 0.00570871 0.635187 0.00915284 
446 239.572 3.53716 57673.4 1664.61 0.800698 0.00620651 0.641737 0.00990532 
447 239.545 3.44482 57663.3 1627.01 0.798799 0.00591035 0.638679 0.00942364 
448 241.04 3.75923 58386.8 1778.82 0.799998 0.00611226 0.640633 0.00974321 
449 243.534 4.03686 59581.3 1927.04 0.800972 0.0058186 0.642115 0.00927144 
450 243.13 4.01593 59403.6 1926.78 0.801791 0.00594403 0.643484 0.00948374 
451 241.87 3.68042 58834.3 1772.48 0.798019 0.00537993 0.637507 0.00861559 
452 243.523 3.68247 59650.5 1787.46 0.798913 0.00513827 0.638921 0.0082262 
453 239.994 3.00666 57940.6 1479.66 0.792352 0.003735 0.628441 0.00600737 
454 240.844 2.88582 58306.7 1406.73 0.792712 0.00422222 0.628934 0.00680096 
455 240.91 2.75518 58380.4 1360.59 0.792639 0.00339163 0.628897 0.00544906 
456 240.946 2.6018 58384.7 1273.38 0.792624 0.00367908 0.628879 0.00593587 
457 241.635 3.19494 58736.5 1587.04 0.791998 0.00428235 0.62788 0.00690521 
458 241.664 3.05905 58750 1497.2 0.791939 0.00494722 0.627808 0.00797218 
459 242.666 3.64594 59235.4 1817.76 0.792107 0.0046888 0.628025 0.00755383 
460 243.084 3.1206 59472 1558.63 0.792043 0.00458631 0.627996 0.00737756 
461 243.036 2.98407 59408 1486.36 0.79168 0.00360041 0.627351 0.0057939 
462 243.306 2.92957 59516.4 1455.58 0.79229 0.00410737 0.628337 0.00661141 
463 243.67 2.84284 59693.1 1424.93 0.791907 0.00392817 0.627706 0.00632696 
464 246.006 2.57566 60869.7 1301.69 0.79312 0.00382104 0.629674 0.00614931 
465 246.487 3.26516 61076 1642.44 0.793595 0.00479732 0.630385 0.00773709 
466 251.406 3.94941 63515.4 1977.5 0.799558 0.00574983 0.639873 0.00922994 
467 246.439 3.02761 61040 1524.86 0.79206 0.00513866 0.627921 0.00830797 
468 247.123 3.25099 61362.2 1629.46 0.792555 0.00580004 0.628719 0.00936646 
469 246.78 2.55657 61219 1298.09 0.791401 0.00396292 0.62692 0.00640387 
470 248.303 3.28416 61973.2 1663 0.793441 0.0050832 0.630191 0.00821336 
471 248.733 2.70749 62158.5 1367.86 0.792757 0.00434013 0.629046 0.00701496 
472 249.781 2.98302 62748.3 1517.71 0.793358 0.00461919 0.630099 0.00746963 
473 250.203 2.737 62926.9 1392.46 0.793132 0.00430321 0.629676 0.00694757 
474 251.714 3.62511 63697.4 1854.44 0.795178 0.00582569 0.632967 0.00939855 
475 251.857 3.14731 63759 1609.96 0.794076 0.00547377 0.631154 0.0088355 
476 253.524 3.55687 64623.7 1823.72 0.795893 0.00607105 0.63411 0.00979117 
477 253.032 3.22994 64354.8 1655.65 0.793906 0.00563132 0.630888 0.00909222 
478 254.24 3.63277 64971.5 1871.44 0.795934 0.005959 0.634173 0.00961163 
479 253.562 3.54047 64597.8 1825.65 0.793821 0.00546507 0.630753 0.00881749 
480 255.547 3.98342 65659.5 2072.71 0.796243 0.00609393 0.63469 0.00984384 
481 254.518 3.25418 65088.4 1693.16 0.794348 0.00494763 0.631611 0.00798221 
482 256.7 3.97061 66240.5 2074.3 0.796271 0.00615173 0.634736 0.00993366 
483 256.275 3.38469 65998.6 1773.52 0.794684 0.00509348 0.632161 0.00823483 
484 258.488 4.41517 67180.9 2312.87 0.797295 0.00692222 0.636401 0.0111708 
485 258.512 3.76986 67177.1 1979.68 0.795767 0.00580273 0.63392 0.00938286 
486 259.797 4.58667 67861.4 2416.72 0.797744 0.00721963 0.63714 0.0116619 
487 259.879 3.83093 67873.2 2025.05 0.796253 0.00576419 0.63468 0.00932067 
488 262.299 4.62682 69186.6 2456.95 0.798545 0.0072927 0.638418 0.0117921 
489 262.085 3.96245 69049.6 2107.58 0.796741 0.00559042 0.635449 0.00903625 
490 263.489 4.29658 69790.1 2290.43 0.798248 0.00680894 0.637906 0.0110033 
491 263.043 4.17683 69548 2235.61 0.797541 0.00629468 0.636749 0.0101826 
492 265.425 4.70491 70852.7 2526.39 0.79961 0.0072317 0.640144 0.0116914 
493 265.125 4.20236 70655.5 2256.25 0.797322 0.0066327 0.636366 0.0107184 
494 266.467 4.46267 71424.4 2402.68 0.799028 0.00709868 0.6392 0.0114691 
495 266.031 4.36351 71135.7 2358.37 0.797575 0.00641877 0.636781 0.0103798 
496 267.193 4.65533 71770.4 2512.44 0.799526 0.00738021 0.639988 0.011929 
497 267.053 4.59368 71692.7 2485.14 0.798355 0.00726408 0.638058 0.0117401 
498 268.804 4.60158 72637 2498.9 0.800292 0.00720667 0.641209 0.0116477 
499 267.733 5.12968 72056.5 2787.68 0.798037 0.00811659 0.637584 0.0131128 
500 270.162 5.10146 73403.4 2778.04 0.80162 0.00774864 0.643391 0.0125148 
501 268.793 5.10413 72619.6 2789.9 0.798501 0.00781669 0.638302 0.0126402 
502 271.322 5.25768 74023.5 2879.99 0.801509 0.00805047 0.643186 0.0130109 
503 270.632 4.58478 73602.6 2515.69 0.798774 0.00688307 0.638728 0.0111281 
504 272.841 5.20739 74852.4 2870.74 0.801869 0.00791844 0.64377 0.0128019 
505 272.123 4.547 74431 2505.32 0.79933 0.00684865 0.639637 0.0110698 
506 274.607 5.38781 75837.8 2986.2 0.802613 0.00810028 0.644974 0.0131004 
507 273.946 4.21074 75377.2 2321.74 0.799399 0.00637127 0.639661 0.0102949 
508 277.467 5.16275 77426.2 2884.16 0.803751 0.00750464 0.646799 0.0121357 
509 275.295 4.36153 76170.1 2422.36 0.800634 0.00667462 0.641697 0.0107787 
510 277.895 4.90372 77652.3 2739.58 0.803055 0.00751405 0.64563 0.0121463 
511 275.579 4.57792 76308.9 2549.62 0.799621 0.00703382 0.640054 0.0113547 
512 277.726 4.96985 77554.5 2785.58 0.801433 0.00765394 0.643047 0.0123629 
513 277.901 4.7965 77613.8 2696.35 0.801151 0.00736245 0.642539 0.0119054 
514 280.011 5.2918 78813.7 2969.56 0.804456 0.00814013 0.647905 0.0131559 
515 277.839 5.02391 77587.6 2828.89 0.800813 0.00741789 0.642027 0.0120001 
516 281.756 5.6333 79807.4 3180.87 0.805982 0.0086957 0.650418 0.0140702 
517 279.682 4.80587 78605.8 2709.91 0.801251 0.00734638 0.642721 0.0118601 
518 283.326 5.74664 80673.1 3262.57 0.805607 0.00871759 0.649766 0.0140941 
519 280.18 5.01141 78885.8 2839.46 0.799773 0.00771121 0.64039 0.0124216 
520 284.17 5.3227 81148.6 3033.42 0.805709 0.00807649 0.649892 0.0130717 
521 282.56 4.52088 80219.9 2581.85 0.80183 0.00693116 0.643615 0.0112174 
522 286.117 5.77886 82277.4 3312.14 0.807004 0.00877993 0.652025 0.0142167 
523 283.449 5.0573 80699.3 2884.6 0.801041 0.007583 0.642326 0.0122477 
524 286.256 5.61968 82341.7 3224.3 0.805258 0.00861734 0.649185 0.0139353 
525 284.826 6.10768 81524.5 3509.51 0.802874 0.00924834 0.645334 0.014956 
526 286.7 5.38854 82597.6 3105.94 0.803915 0.00833637 0.647032 0.0134717 
527 286.589 6.10486 82542.6 3516.55 0.803737 0.00906948 0.646714 0.0146667 
528 288.327 5.77732 83539.8 3354.9 0.805019 0.00877351 0.648832 0.0141892 
529 286.743 6.24863 82634.2 3612.87 0.802437 0.00888285 0.644593 0.014356 
530 289.249 5.8722 84084.5 3416.33 0.804918 0.00853375 0.648632 0.0137964 
531 288.016 6.37284 83367.3 3704.8 0.802374 0.00898976 0.644487 0.0145358 
532 292.258 5.48928 85889.8 3208.26 0.806319 0.00779481 0.650864 0.0126006 
533 288.701 5.28267 83763.4 3096.81 0.802005 0.00768749 0.643876 0.0124385 
534 292.489 5.67424 85988.5 3326.92 0.805379 0.0080941 0.649345 0.0130865 
535 290.613 6.30845 84881.8 3704.32 0.802526 0.00896153 0.644731 0.0144925 
536 292.608 5.73561 86033.6 3390.68 0.804686 0.00793598 0.648209 0.0128475 
537 292.084 6.23345 85730.1 3680.63 0.803072 0.00900203 0.645606 0.0145575 
538 294.578 5.79976 87192 3460.16 0.804796 0.00803911 0.648387 0.0130302 
539 295.711 5.85261 87881.6 3498.75 0.805854 0.00817896 0.650119 0.0132596 
540 303.281 8.40738 92467.6 5104.26 0.814266 0.0114203 0.663856 0.0185924 
541 296.7 5.93367 88457.4 3571.85 0.805278 0.00818278 0.649186 0.0132796 
542 299.88 5.50491 90369.8 3324.32 0.808499 0.00771072 0.654426 0.0125271 
543 296.771 5.80984 88487.8 3482.37 0.804345 0.00825261 0.647652 0.0133609 
544 301.891 6.10302 91627.7 3685.12 0.808704 0.00805798 0.654715 0.0130557 
545 298.44 5.97365 89515.1 3594.89 0.805151 0.00803367 0.648971 0.013009 
546 303.566 6.27995 92645.2 3816.74 0.810091 0.00807039 0.656998 0.0130799 
547 299.841 6.3156 90364.4 3815.55 0.806211 0.0081775 0.650679 0.0132387 
548 305.276 5.96942 93703.2 3634.94 0.81076 0.00755769 0.65807 0.0122485 
549 300.994 5.94435 91048.7 3614.18 0.806445 0.00777519 0.651034 0.0126106 
550 304.889 7.45877 93455.1 4564.01 0.810002 0.00934144 0.656822 0.0151684 
551 303.395 7.55741 92526.6 4633.96 0.809253 0.00927629 0.655582 0.0150798 
552 310.404 8.01636 96874.7 4957.16 0.815488 0.00944433 0.665746 0.0153603 
553 303.316 7.72597 92442 4755.11 0.808172 0.00957883 0.653786 0.015606 
554 309.889 7.22958 96568.4 4491.88 0.815529 0.00885985 0.665851 0.0144755 
555 301.774 5.98847 91429.5 3717.38 0.80531 0.00708475 0.649011 0.0115527 
556 305.842 6.814 93958.2 4262.2 0.80882 0.00801318 0.654746 0.0130726 
557 303.279 5.97945 92332.7 3737.69 0.805328 0.00691665 0.649012 0.0112751 
558 307.59 5.73999 95021.4 3627.3 0.808326 0.00656026 0.653907 0.0107143 
559 301.866 3.98238 91378.3 2491.54 0.80109 0.00446007 0.64207 0.00724634 
560 304.566 6.08291 93070.9 3780.88 0.802262 0.00754451 0.644055 0.0121999 
561 303.04 5.01216 92095 3117.41 0.800206 0.00627544 0.640672 0.0101549 
562 305.421 5.16251 93668.4 3211.27 0.801105 0.00612827 0.642278 0.00991086 
563 302.31 4.81593 91700.1 3006.05 0.798628 0.00539098 0.638189 0.00871558 
564 305.97 6.12607 93991.2 3836.03 0.8021 0.00711724 0.643826 0.0115193 
565 304.567 5.46781 93101.5 3442.2 0.800154 0.00585564 0.640637 0.00950503 
566 305.451 5.86515 93613.3 3683.85 0.80006 0.00658156 0.640483 0.0106645 
567 303.458 3.72227 92291.7 2331.68 0.797885 0.00429775 0.636858 0.00696085 
568 307.593 5.95284 94963.7 3752.91 0.801999 0.00691255 0.643635 0.0112185 
569 304.698 4.69202 93115.9 2956.5 0.798695 0.00480033 0.638223 0.00776483 
570 310.821 5.49599 96939.9 3503.57 0.802633 0.00662202 0.644655 0.0107414 
571 309.453 4.46315 96008 2828.09 0.799928 0.00534982 0.640203 0.00864207 
572 316.445 5.94141 100585 3778.09 0.805705 0.00765538 0.64978 0.0123857 
573 313.713 6.68314 98922 4216.7 0.802193 0.00827659 0.64418 0.0133452 
574 319.919 7.75257 102901 4941.15 0.808774 0.00952299 0.654871 0.0153866 
575 314.405 7.47691 99358.4 4713.55 0.801949 0.0091797 0.643789 0.0147762 
576 317.689 6.93551 101452 4408.32 0.805169 0.00850721 0.648995 0.0137271 
577 314.018 6.67481 99077.7 4203.11 0.800436 0.00840919 0.641306 0.013529 
578 317.061 7.36798 101006 4688.13 0.802871 0.00896674 0.645231 0.0144553 
579 315.999 6.85088 100331 4368.23 0.801007 0.00853268 0.642235 0.0137592 
580 319.342 7.15011 102507 4562.19 0.805114 0.00941306 0.64892 0.015197 
581 316.339 6.47992 100565 4121.64 0.800114 0.00801902 0.640796 0.0129244 
582 318.243 7.29127 101804 4668.42 0.80158 0.00874579 0.643171 0.0140924 
583 316.801 5.67964 100869 3611.94 0.79965 0.00679293 0.640077 0.0109267 
584 318.939 7.35831 102234 4712.5 0.801512 0.00902054 0.643079 0.0145306 
585 318.485 7.47059 101963 4767.99 0.800436 0.00894856 0.641372 0.0144036 
586 320.623 7.28655 103352 4678.67 0.802161 0.00889929 0.644154 0.0143433 
587 317.563 7.25109 101386 4639.5 0.797977 0.0083859 0.637407 0.0134795 
588 320.396 7.45145 103171 4800.9 0.800049 0.00864942 0.640699 0.0139139 
589 320.061 6.2277 102979 4013 0.799546 0.0069788 0.639913 0.0112194 
590 324.034 5.90146 105509 3837.86 0.802568 0.00698474 0.644724 0.0112448 
591 323.414 6.04737 105143 3931.21 0.801764 0.00719191 0.64348 0.0115793 
592 326.518 6.08776 107156 3991.13 0.80397 0.00691003 0.646991 0.0111306 
593 324.168 6.01714 105646 3937.99 0.801156 0.00705495 0.642496 0.0113603 
594 328.154 7.16248 108240 4717.27 0.80438 0.00847712 0.647639 0.0136587 
595 325.823 9.05583 106813 5943.73 0.801791 0.00963946 0.643538 0.0155153 
596 332.346 7.90529 111053 5245.51 0.806985 0.00878276 0.651867 0.0141593 
597 329.835 5.74441 109334 3796.51 0.804411 0.00640514 0.647678 0.0103124 
598 332.023 6.36629 110830 4242.15 0.80525 0.00672424 0.649056 0.0108299 
599 329.918 6.37638 109408 4236.43 0.803103 0.00699639 0.645591 0.011272 
600 335.069 7.03681 112923 4737.5 0.807071 0.00719773 0.652028 0.0116258 
601 329.461 6.14107 109065 4079.95 0.801696 0.00684252 0.643306 0.0110108 
602 333.691 5.83623 111909 3907.52 0.804241 0.00627544 0.647397 0.0100977 
603 331.266 6.12656 110236 4097.53 0.801806 0.00699576 0.643475 0.0112711 
604 334.918 6.31061 112721 4242.42 0.804616 0.00661811 0.647987 0.0106537 
605 332.355 5.80153 110962 3871.69 0.802142 0.00681375 0.643992 0.0109655 
606 335.034 6.26879 112783 4230.01 0.803749 0.0067863 0.646598 0.0109353 
607 332.016 5.43541 110686 3632.83 0.800525 0.00666919 0.641381 0.0107309 
608 333.588 5.73511 111749 3840.34 0.801703 0.00683119 0.643265 0.010996 
609 332.519 5.31179 111005 3546.37 0.800066 0.00686918 0.640634 0.0110433 
610 335.208 5.22045 112825 3499.47 0.802444 0.00652831 0.644444 0.0105069 
611 334.342 5.42934 112207 3641.75 0.801033 0.00662533 0.642171 0.0106618 
612 336.13 5.135 113402 3447.28 0.802674 0.00610383 0.644798 0.0098276 
613 336.741 5.3295 113823 3585.94 0.802026 0.00605326 0.643762 0.00973919 
614 338.854 4.57588 115203 3081.73 0.803768 0.0060627 0.646491 0.00973694 
615 338.865 4.66191 115220 3138.71 0.802089 0.00571599 0.643799 0.00919388 
616 340.139 4.87673 116085 3305.77 0.803342 0.0062597 0.645818 0.010075 
617 342.376 4.93973 117606 3326.07 0.804566 0.00569549 0.647775 0.0091353 
618 345.074 5.76266 119426 3911.81 0.806848 0.00692721 0.651412 0.0111465 
619 346.688 4.49162 120550 3054.73 0.806667 0.0054658 0.651112 0.0087971 
620 347.537 5.80759 121146 3977.68 0.807846 0.00683188 0.65304 0.011007 
621 348.644 4.30653 121899 2947.56 0.806366 0.00521086 0.65059 0.00839704 
622 350.227 4.50032 123010 3092.04 0.808123 0.00530845 0.653441 0.00855575 
623 352.37 5.20209 124508 3585.55 0.807899 0.00589521 0.653056 0.00952177 
624 351.927 5.9336 124269 4100 0.808011 0.00641758 0.653302 0.0103571 
625 356.717 4.20143 127575 2909.94 0.808536 0.00415292 0.654004 0.00669374 
626 346.744 6.03208 120707 4185.09 0.804954 0.0069792 0.648489 0.0112613 
627 346.865 5.87986 120837 4097.7 0.804553 0.00679862 0.647879 0.0109714 
628 348.769 6.43135 122157 4465.86 0.805685 0.0071004 0.649676 0.0114415 
629 347.984 6.60415 121668 4601.1 0.804319 0.00720676 0.647525 0.011627 
630 350.864 6.18727 123633 4333.57 0.806731 0.00701709 0.651373 0.0113178 
631 351.092 6.35733 123796 4476.71 0.806314 0.00721015 0.650719 0.0116469 
632 351.167 6.57038 123848 4616.24 0.805976 0.00685434 0.650125 0.0110586 
633 350.994 6.73916 123717 4747.09 0.805194 0.00752575 0.648909 0.0121403 
634 354.239 6.20444 126009 4379.56 0.807752 0.00664539 0.653008 0.0107215 
635 352.384 6.68977 124731 4739.19 0.805782 0.00739674 0.649893 0.0119387 
636 356.126 6.62254 127374 4695.58 0.808735 0.00729036 0.654621 0.0117522 
637 353.869 6.53495 125773 4646.93 0.805764 0.0073062 0.649855 0.0117966 
638 356.073 6.65481 127322 4742.13 0.807232 0.00716058 0.652166 0.0115469 
639 355.534 7.50316 126982 5352.51 0.806655 0.00854639 0.651323 0.013788 
640 357.375 6.61635 128258 4723 0.807382 0.00740104 0.652437 0.011941 
641 358.518 7.60888 129152 5465.76 0.808762 0.00875806 0.654753 0.0141429 
642 359.702 7.42251 129966 5304 0.809787 0.00852659 0.656352 0.0137422 
643 362.589 8.2122 132212 5990.31 0.811231 0.00868957 0.658817 0.0141008 
644 358.735 6.87329 129247 4911.97 0.806481 0.00719246 0.650969 0.0115831 
645 359.208 7.16877 129616 5175.57 0.806907 0.00814428 0.651702 0.0131484 
646 361.702 6.99234 131368 5011.04 0.808541 0.00746931 0.654265 0.0120235 
647 360.027 6.87802 130166 4944.83 0.8071 0.00783255 0.651988 0.0126179 
648 363.688 6.56066 132786 4708.02 0.809073 0.00712718 0.655108 0.0114586 
649 360.385 6.86722 130424 4951.31 0.806074 0.00765546 0.650327 0.012326 
650 363.742 7.0817 132828 5090.55 0.808183 0.00774129 0.653666 0.0124428 
651 363.021 6.75973 132320 4885.38 0.807202 0.00772673 0.652134 0.0124335 
652 365.912 6.75433 134405 4872.45 0.809016 0.00714597 0.655008 0.0114661 
653 365.152 7.30702 133897 5298.67 0.808825 0.00798971 0.654764 0.0128611 
654 368.076 7.37547 136016 5354.56 0.809958 0.00795314 0.656547 0.0127756 
655 364.762 6.79183 133552 4937.97 0.807105 0.0076877 0.651937 0.0123683 
656 367.138 7.2307 135319 5242.67 0.80879 0.00818844 0.654684 0.013151 
657 365.427 8.10674 134053 5879.31 0.806727 0.00932394 0.65135 0.0149729 
658 366.522 6.74117 134838 4912.49 0.806805 0.00760716 0.65145 0.0122299 
659 365.556 6.00823 134108 4395.61 0.805442 0.00702183 0.649246 0.0113044 
660 368.405 6.70038 136248 4919.42 0.806959 0.0071456 0.651716 0.0114948 
661 365.543 6.57624 134143 4792.66 0.80412 0.00735101 0.647139 0.0118062 
662 369.544 6.87939 137075 5048.41 0.806555 0.00732482 0.651038 0.0117655 
663 365.631 7.74817 134314 5634.87 0.803334 0.00789716 0.645923 0.0126754 
664 370.715 7.54806 137967 5547.79 0.806779 0.00781932 0.651396 0.0125531 
665 367.306 7.73468 135475 5645.84 0.803894 0.00844114 0.646779 0.0135203 
666 372.439 7.62036 139292 5615.15 0.807337 0.00762513 0.652325 0.0122392 
667 368.841 7.63735 136612 5604.67 0.803849 0.00849406 0.646735 0.0136084 
668 372.337 8.19133 139246 6058.78 0.805742 0.0080845 0.649765 0.0129771 
669 370.471 7.28709 137798 5374.22 0.804038 0.00791584 0.647017 0.0126823 
670 372.42 8.23863 139270 6088.39 0.805129 0.00875035 0.64877 0.0140224 
671 371.058 7.47414 138229 5542.25 0.803237 0.00793254 0.645734 0.0127162 
672 373.235 8.02515 139866 5963.07 0.804252 0.00895049 0.64735 0.0143526 
673 372.998 8.00616 139732 5982.37 0.804302 0.00794254 0.647435 0.0127417 
674 374.762 8.13168 141039 6064.89 0.804677 0.00815164 0.648043 0.0130586 
675 373.26 5.92348 139880 4419.27 0.803474 0.00633167 0.646109 0.0101646 
676 375.325 7.74978 141423 5815.54 0.803861 0.00876531 0.646749 0.0140826 
677 375.629 6.96451 141644 5207.53 0.805493 0.00734171 0.649338 0.0117876 
678 380.593 7.22576 145420 5437 0.8095 0.00779834 0.65582 0.012526 
679 376.584 5.86574 142364 4401.72 0.804925 0.006315 0.648424 0.0101473 
680 380.246 6.76996 145138 5098.28 0.80767 0.0071966 0.652848 0.0115523 
681 380.164 5.79844 145061 4365.69 0.807399 0.00639809 0.652405 0.0102748 
682 384.275 7.11723 148177 5382.66 0.810319 0.00778401 0.657089 0.0125007 
683 381.462 7.02939 146057 5334.63 0.807453 0.00746758 0.652491 0.0119959 
684 383.451 6.73225 147590 5098.66 0.809311 0.00719465 0.655479 0.0115553 
685 386.325 6.81984 149770 5205.21 0.81092 0.00742182 0.658084 0.0119332 
686 386.626 7.06173 150053 5378.99 0.810815 0.00757963 0.657907 0.0121682 
687 386.558 6.45759 149938 4910.91 0.810228 0.00727791 0.656954 0.0116763 
688 387.169 5.72315 150356 4375.07 0.811036 0.00631765 0.658213 0.0101457 
689 386.434 7.52982 149867 5752.3 0.809346 0.00826627 0.655532 0.0132775 
690 388.408 5.11416 151303 3896.47 0.811579 0.00606733 0.659083 0.00973328 
691 387.128 6.69822 150416 5120.29 0.808356 0.00695695 0.653916 0.0111683 
692 392.404 5.42288 154417 4156.88 0.813907 0.00585101 0.66284 0.00938929 
693 391.874 6.4003 154047 4909.72 0.812323 0.00688414 0.660295 0.0110479 
694 395.453 5.24641 156847 4065.48 0.815359 0.00534672 0.665185 0.00858964 
695 394.228 6.59713 155979 5114.12 0.812391 0.00637101 0.660418 0.0102354 
696 404.543 5.84714 164068 4596.3 0.82037 0.00504085 0.673297 0.00812792 
697 390.843 7.64659 153297 5917.81 0.808476 0.00788488 0.654087 0.0126504 
698 393.28 6.42782 155224 4961.28 0.810391 0.00646886 0.657155 0.0103666 
