1.2 -1.80983 84200000000
155.236 0.672571
1 0 0 0 0 0.499872 0.000129703 0.499872 0.000129703 
2 0 0 0 0 0.499847 0.00011876 0.374901 0.000110363 
3 0 0 0 0 0.499896 0.000131817 0.333269 0.000125173 
4 0.16326 0.000105515 0.16326 0.000105515 0.528443 9.85814e-05 0.344544 0.000101313 
5 0.22403 0.000124923 0.22403 0.000124923 0.531228 9.90692e-05 0.334362 0.000105027 
6 0.443906 0.000248431 0.61433 0.000433668 0.549323 9.98659e-05 0.34647 0.00010958 
7 0.53391 0.000303486 0.765743 0.000549561 0.550471 0.000101382 0.341147 0.000107852 
8 0.80257 0.000465605 1.48083 0.00120961 0.564198 0.000122603 0.352428 0.000138408 
9 0.921078 0.000465047 1.79617 0.001329 0.565579 9.26142e-05 0.350205 0.000105067 
10 1.19513 0.000622409 2.7646 0.00222022 0.57492 9.38566e-05 0.358206 0.000109398 
11 1.3502 0.000688078 3.35273 0.00277518 0.576929 9.01155e-05 0.358118 0.000104563 
12 1.62475 0.000821924 4.58121 0.00385726 0.583788 9.36578e-05 0.364227 0.000111221 
13 1.79938 0.000890539 5.41196 0.00466147 0.585597 9.44218e-05 0.364611 0.000113 
14 2.08432 0.00107404 6.98438 0.00616564 0.591219 9.68912e-05 0.369903 0.000118375 
15 2.26977 0.00145686 8.04661 0.00698534 0.592725 0.000101262 0.370383 0.000122269 
16 2.56318 0.00167861 9.97616 0.0116233 0.597462 0.00010569 0.375031 0.000129738 
17 2.75981 0.00136624 11.3104 0.0101615 0.598766 9.76751e-05 0.37557 0.000119968 
18 3.05653 0.00155428 13.5777 0.0124449 0.602693 0.000101947 0.379492 0.00012641 
19 3.26084 0.00174053 15.1795 0.0148871 0.603803 0.00012848 0.380012 0.000155212 
20 3.56099 0.00191568 17.7939 0.0176379 0.607137 0.000111612 0.383389 0.000139218 
21 3.77515 0.00202496 19.6997 0.0193174 0.608192 0.000117007 0.383989 0.000134123 
22 4.08202 0.00249564 22.7283 0.0265825 0.611233 0.000114534 0.38718 0.000144038 
23 4.29848 0.00232789 24.8694 0.0249609 0.612068 0.000110215 0.387627 0.000138542 
24 4.61377 0.00270901 28.3438 0.0331119 0.614854 0.000116894 0.390623 0.000145689 
25 4.83739 0.00311811 30.8219 0.0376026 0.615588 0.000131858 0.391046 0.000153686 
26 5.15154 0.00314543 34.6266 0.038902 0.618015 0.000123692 0.393656 0.000152941 
27 5.38008 0.00369596 37.4154 0.0491579 0.618615 0.000134139 0.393975 0.000155718 
28 5.69628 0.00375631 41.6114 0.0521991 0.620726 0.000124354 0.396256 0.00015376 
29 5.92779 0.00426923 44.6829 0.0602678 0.621303 0.000113954 0.396611 0.00014025 
30 6.24454 0.00386103 49.2515 0.0593039 0.623256 0.000124862 0.39877 0.000155249 
31 6.48555 0.0039714 52.7542 0.0593855 0.623884 0.000106627 0.39923 0.000136249 
32 6.80584 0.00421531 57.7547 0.0737057 0.625674 0.000120986 0.401227 0.000155523 
33 7.04587 0.00600671 61.5019 0.0993513 0.626188 0.000130606 0.40159 0.000164586 
34 7.3662 0.00593422 66.8669 0.117584 0.627781 0.000113203 0.403356 0.00014573 
35 7.60734 0.0052061 70.8927 0.0929845 0.628189 0.000109795 0.403615 0.000141073 
36 7.93051 0.0060945 76.6895 0.11444 0.629643 0.000118623 0.40524 0.000149897 
37 8.1809 0.00569172 81.1836 0.114756 0.630114 0.000113792 0.405614 0.000147696 
38 8.50259 0.00665048 87.3243 0.145639 0.631465 0.00011935 0.407137 0.000154731 
39 8.74507 0.00738218 91.9167 0.15174 0.631717 0.000115387 0.407234 0.000149783 
40 9.07592 0.00884279 98.6494 0.199088 0.633115 0.000130646 0.408843 0.000169379 
41 9.32774 0.00794304 103.741 0.187201 0.633481 0.000120091 0.409127 0.000161628 
42 9.65284 0.00731531 110.729 0.172842 0.634637 0.000121183 0.410435 0.000158094 
43 9.91286 0.00793616 116.342 0.206191 0.635073 0.000122377 0.41082 0.000159701 
44 10.2425 0.00814077 123.836 0.224794 0.63619 0.000120064 0.412099 0.000158139 
45 10.4928 0.0069383 129.485 0.198791 0.636447 0.000124205 0.412272 0.000162728 
46 10.8242 0.00945399 137.384 0.271216 0.637568 0.000124554 0.413577 0.000163337 
47 11.0784 0.00766294 143.415 0.21036 0.637788 0.000123189 0.413703 0.000161598 
48 11.4122 0.00791595 151.827 0.22497 0.638835 0.000130219 0.414928 0.000171082 
49 11.6758 0.00898919 158.381 0.260431 0.639114 0.000122784 0.415145 0.000161167 
50 11.9973 0.00791892 166.83 0.229565 0.63994 0.000130956 0.416095 0.000171802 
51 12.261 0.00726597 173.754 0.218963 0.640223 0.000123715 0.416331 0.000162593 
52 12.5889 0.00793178 182.791 0.289159 0.641091 0.000124914 0.417349 0.000164755 
53 12.856 0.00749663 190.077 0.247884 0.641365 0.000123383 0.417579 0.00016289 
54 13.1851 0.00845437 199.597 0.26988 0.642147 0.000128632 0.418504 0.000171046 
55 13.4573 0.00858103 207.392 0.275866 0.64243 0.000133976 0.418759 0.000176073 
56 13.7829 0.00928585 217.159 0.323028 0.643185 0.00013398 0.419645 0.000177729 
57 14.055 0.00899931 225.213 0.298885 0.643446 0.000132935 0.419878 0.00017558 
58 14.3805 0.00925609 235.381 0.315301 0.644143 0.000128641 0.420694 0.000169881 
59 14.6681 0.00965037 244.444 0.33966 0.644475 0.00013239 0.421033 0.000175074 
60 14.9905 0.00945981 254.855 0.336993 0.645141 0.000129645 0.421822 0.000171251 
61 15.262 0.00992718 263.555 0.364686 0.645309 0.000132116 0.421937 0.000174518 
62 15.5904 0.0102174 274.631 0.384147 0.645933 0.000136858 0.422677 0.000180882 
63 15.8579 0.00976304 283.506 0.38789 0.646077 0.00013785 0.422772 0.000182745 
64 16.1885 0.0104328 295.087 0.401184 0.646685 0.000135062 0.423498 0.000179941 
65 16.4677 0.0118101 304.798 0.471883 0.646895 0.000152051 0.423699 0.000200733 
66 16.7968 0.011686 316.66 0.488731 0.647461 0.000144774 0.424363 0.000194236 
67 17.0809 0.0125773 326.937 0.505711 0.647732 0.000142211 0.424649 0.000189141 
68 17.4034 0.0131289 338.896 0.548043 0.648239 0.000143539 0.425244 0.000190477 
69 17.6862 0.013523 349.512 0.586749 0.648432 0.000141029 0.425427 0.000188944 
70 18.0137 0.0129771 362.096 0.557259 0.648897 0.000137722 0.425973 0.000183971 
71 18.2975 0.0122718 372.977 0.566206 0.649079 0.000139638 0.426139 0.000186783 
72 18.6232 0.0128581 385.928 0.576529 0.649571 0.000139844 0.426721 0.000186535 
73 18.9116 0.0131651 397.432 0.614852 0.649829 0.000143437 0.426999 0.0001928 
74 19.2456 0.0153966 411.233 0.755043 0.650308 0.000159725 0.427573 0.00020699 
75 19.5194 0.0148439 422.314 0.711615 0.650419 0.000141933 0.427645 0.00019088 
76 19.8362 0.0138345 435.628 0.675935 0.650726 0.000144858 0.427984 0.000196145 
77 20.1187 0.0137792 447.495 0.648192 0.65093 0.000136836 0.428199 0.000183357 
78 20.462 0.0191486 462.667 1.08405 0.651413 0.000181005 0.428793 0.000243747 
79 20.7402 0.0180734 474.602 0.935035 0.651553 0.000159778 0.428916 0.000213897 
80 21.0695 0.0186471 489.337 0.985067 0.651986 0.000154869 0.429432 0.000208963 
81 21.3519 0.0174668 501.871 0.912797 0.652095 0.00015347 0.429521 0.000207595 
82 21.6988 0.0206849 517.944 1.11897 0.652641 0.00019868 0.430198 0.000262743 
83 21.9729 0.0218581 530.44 1.15849 0.652684 0.000167048 0.430198 0.000223423 
84 22.3045 0.019752 546.151 1.1015 0.653126 0.000164939 0.430741 0.000223436 
85 22.596 0.021526 559.884 1.20212 0.653288 0.000174757 0.430907 0.000238065 
86 22.9412 0.0217231 576.769 1.25094 0.653776 0.000178439 0.431519 0.000245724 
87 23.2325 0.0202302 590.958 1.15849 0.653858 0.000170403 0.43157 0.000231128 
88 23.5645 0.0213497 607.492 1.23408 0.654319 0.000175573 0.432154 0.000239966 
89 23.8429 0.0201377 621.137 1.20428 0.65438 0.000163106 0.432172 0.000220092 
90 24.1814 0.0187216 638.496 1.07486 0.654785 0.000153474 0.432677 0.000207168 
91 24.4604 0.0178158 652.584 1.00624 0.654813 0.00015879 0.432665 0.000209 
92 24.8013 0.0185671 670.552 1.11006 0.655243 0.0001605 0.433199 0.000215036 
93 25.0833 0.0186116 685.153 1.07076 0.655286 0.00015151 0.433209 0.000203338 
94 25.4075 0.0179449 702.442 1.07089 0.655616 0.000144492 0.43361 0.000194511 
95 25.7127 0.0239242 718.98 1.52776 0.655778 0.000158249 0.433792 0.000215677 
96 26.0314 0.0196896 736.203 1.19161 0.656061 0.000150156 0.434127 0.00020332 
97 26.3166 0.0190614 751.824 1.14925 0.656136 0.000146898 0.434181 0.000197417 
98 26.6406 0.0203225 769.888 1.24163 0.656405 0.00015198 0.434502 0.000204539 
99 26.9449 0.0228693 787.101 1.53252 0.656516 0.000153341 0.434606 0.000206812 
100 27.262 0.0197312 804.92 1.24106 0.656777 0.00014261 0.434918 0.000191579 
101 27.5735 0.0228407 822.82 1.43645 0.656936 0.000159752 0.435091 0.00021743 
102 27.8825 0.0214467 840.827 1.40595 0.65717 0.000150855 0.435375 0.000204764 
103 28.1943 0.021174 859.201 1.40128 0.6574 0.000144971 0.435652 0.000196335 
104 28.5236 0.0237621 878.926 1.49014 0.657666 0.000158157 0.435974 0.00021064 
105 28.8209 0.0229366 896.554 1.48143 0.657826 0.00014684 0.436153 0.000198346 
106 29.1535 0.0243722 917.012 1.62173 0.658062 0.000169454 0.43644 0.000229173 
107 29.45 0.0245522 935.082 1.67622 0.65819 0.000157333 0.436573 0.000213253 
108 29.7769 0.023198 955.457 1.57212 0.658468 0.0001571 0.436921 0.000213278 
109 30.0618 0.0238675 973.116 1.68001 0.658512 0.00015893 0.436948 0.000216077 
110 30.4192 0.0244728 996.014 1.75039 0.658914 0.000167822 0.437461 0.000228804 
111 30.7213 0.0274426 1015.55 1.99069 0.658984 0.000166664 0.437528 0.000225907 
112 31.0632 0.0245138 1037.57 1.72732 0.659324 0.000164689 0.437954 0.000221427 
113 31.3692 0.0329353 1057.44 2.46336 0.65944 0.000189122 0.438075 0.000254467 
114 31.6815 0.0263009 1078.07 1.95507 0.659607 0.00018945 0.438278 0.000256413 
115 31.9781 0.0286715 1097.64 2.19872 0.65968 0.000191335 0.438345 0.000260472 
116 32.2994 0.0280024 1119.28 2.10105 0.659827 0.000166219 0.438515 0.000224666 
117 32.6028 0.0250029 1139.86 1.86365 0.659915 0.000166254 0.438609 0.000226855 
118 32.9171 0.0254263 1161.02 1.88398 0.660102 0.000165338 0.438829 0.000224935 
119 33.2351 0.0315363 1183.29 2.56634 0.660213 0.000185211 0.438959 0.000253442 
120 33.5407 0.0259573 1204.25 1.96288 0.660306 0.000154214 0.439047 0.000208675 
121 33.8592 0.0278629 1226.89 2.23245 0.660453 0.000158473 0.439224 0.000214038 
122 34.188 0.0265391 1249.96 2.06627 0.660667 0.000153077 0.439476 0.000207751 
123 34.4798 0.0274981 1270.7 2.141 0.660723 0.00015814 0.439533 0.000214057 
124 34.8334 0.0277217 1296.58 2.19076 0.661039 0.000158481 0.439938 0.000214523 
125 35.1228 0.0278945 1317.36 2.20855 0.66107 0.000169424 0.439954 0.000227354 
126 35.4386 0.0295586 1340.57 2.4219 0.661226 0.000167002 0.440141 0.000226904 
127 35.7527 0.031309 1363.73 2.58059 0.661356 0.0001705 0.440291 0.000232377 
128 36.0946 0.0294861 1389.3 2.38431 0.661589 0.000173841 0.440574 0.000235352 
129 36.3897 0.0334094 1411.34 2.83356 0.6617 0.000205728 0.4407 0.000284033 
130 36.7132 0.0346793 1436.13 2.91455 0.661829 0.00020872 0.440856 0.000288606 
131 37.0279 0.0308849 1460.3 2.56408 0.66194 0.000180947 0.440981 0.0002474 
132 37.3428 0.0312773 1484.49 2.61988 0.662015 0.000212658 0.441063 0.000291552 
133 37.6719 0.0316574 1510.32 2.67188 0.66226 0.000208239 0.441368 0.000286985 
134 37.9924 0.0314778 1535.41 2.67866 0.662415 0.000194673 0.441557 0.000267157 
135 38.309 0.0321665 1560.68 2.77339 0.66257 0.000206278 0.441747 0.000280732 
136 38.6283 0.0314201 1585.79 2.72483 0.662651 0.000197274 0.44183 0.000266991 
137 38.9396 0.0338566 1611.03 2.96429 0.66278 0.000203467 0.441979 0.0002772 
138 39.2582 0.0375501 1636.74 3.355 0.66286 0.00020008 0.442069 0.000273456 
139 39.5834 0.0417134 1663.63 3.8795 0.663059 0.00018532 0.442322 0.000251433 
140 39.9004 0.0356465 1689.66 3.2841 0.663162 0.000242132 0.442443 0.000329938 
141 40.1678 0.0329867 1711.4 2.94049 0.663121 0.000181661 0.442361 0.000249739 
142 40.5259 0.0332526 1741.57 2.98586 0.663403 0.000195028 0.442722 0.000267411 
143 40.8073 0.0348365 1765.22 3.19507 0.663394 0.00018938 0.44269 0.000260896 
144 41.1564 0.0402283 1794.86 3.99264 0.663564 0.000221408 0.442901 0.000305871 
145 41.4589 0.0371328 1820.83 3.4966 0.663699 0.000197722 0.443071 0.000275568 
146 41.7746 0.0360204 1847.65 3.3483 0.663755 0.000190487 0.443123 0.000260179 
147 42.0949 0.0366274 1875.69 3.46668 0.663895 0.000172136 0.443294 0.000234929 
148 42.4134 0.0374236 1903.42 3.5456 0.663958 0.000186026 0.443364 0.000256064 
149 42.7303 0.037289 1931.42 3.5945 0.664102 0.000183761 0.443541 0.000251668 
150 43.0613 0.0369014 1961 3.59087 0.664252 0.000186575 0.443729 0.000256477 
151 43.3579 0.0367347 1987.37 3.59148 0.664294 0.00018988 0.443771 0.000257825 
152 43.7192 0.0518038 2020.85 5.53857 0.664512 0.00025797 0.444063 0.000353885 
153 43.9893 0.0415789 2044.18 4.11893 0.664489 0.000194879 0.444007 0.000266824 
154 44.3489 0.0393945 2077.82 4.01474 0.664744 0.000191036 0.444341 0.000262213 
155 44.652 0.0469624 2105.48 4.90938 0.664751 0.000242506 0.444336 0.000335645 
156 45.0113 0.044158 2139.27 4.5318 0.66499 0.000192562 0.444641 0.000267372 
157 45.3024 0.0501154 2166.23 5.1165 0.665036 0.000230982 0.444687 0.000321172 
158 45.655 0.0491974 2199.66 5.04394 0.665207 0.000202 0.444902 0.000282035 
159 45.9752 0.0578308 2230.19 6.09874 0.665328 0.000250929 0.445064 0.000349321 
160 46.3281 0.0525773 2264.42 5.63312 0.665558 0.00020677 0.445358 0.000284097 
161 46.6445 0.0622793 2294.74 6.9133 0.665644 0.000283558 0.445461 0.000396388 
162 46.9519 0.0511587 2324.05 5.46878 0.665667 0.000208992 0.445474 0.000286684 
163 47.2802 0.0699826 2356.78 7.9338 0.665813 0.000327091 0.445669 0.000458852 
164 47.5727 0.0447383 2384.43 4.75103 0.665794 0.000199683 0.445609 0.00027331 
165 47.8926 0.0735417 2416.36 8.35884 0.665928 0.000304444 0.445789 0.000424658 
166 48.2106 0.0466621 2446.91 5.02309 0.666006 0.000212163 0.445867 0.00029446 
167 48.5265 0.0481607 2478.59 5.1744 0.666054 0.000208067 0.445919 0.00028208 
168 48.8604 0.0490334 2512.02 5.26232 0.666152 0.000238148 0.446028 0.000324589 
169 49.1884 0.0478851 2545.54 5.24077 0.666253 0.000199987 0.446155 0.000270011 
170 49.505 0.0488218 2577.69 5.36665 0.666307 0.000211313 0.446213 0.000285816 
171 49.8497 0.0533388 2613.64 6.06077 0.666517 0.000217267 0.446486 0.000297913 
172 50.1503 0.0491646 2643.94 5.52625 0.666534 0.00022046 0.446493 0.000300066 
173 50.4571 0.0515013 2675.83 5.77067 0.666575 0.000207161 0.446536 0.000283331 
174 50.7724 0.0515454 2708.17 6.02514 0.666603 0.000206724 0.446559 0.000281663 
175 51.071 0.0527998 2739.9 6.12805 0.666711 0.000214187 0.4467 0.000293603 
176 51.431 0.0551132 2778.27 6.65946 0.666887 0.000245161 0.446928 0.000338021 
177 51.7156 0.0592931 2808.61 6.94876 0.666902 0.000213914 0.446939 0.000292172 
178 52.0355 0.0547229 2841.86 6.178 0.666986 0.000222931 0.447033 0.000303505 
179 52.3434 0.0536335 2875.08 6.2127 0.667054 0.000214236 0.447118 0.000293553 
180 52.7033 0.0684117 2914.05 7.80986 0.667251 0.000274943 0.447372 0.000376539 
181 52.9667 0.0658476 2943 7.50959 0.667108 0.000248076 0.447168 0.000337229 
182 53.343 0.0632329 2984.13 7.55333 0.667342 0.000248815 0.447471 0.000344826 
183 53.6188 0.0639407 3014.02 7.44778 0.667274 0.000237956 0.447358 0.000321329 
184 54.0127 0.0719037 3058.76 8.69228 0.667532 0.000267076 0.447699 0.000363903 
185 54.2575 0.0699114 3084.43 7.77329 0.667398 0.00025018 0.447497 0.000338054 
186 54.587 0.06156 3121.26 6.95409 0.667499 0.000243566 0.447617 0.000332164 
187 54.9151 0.0591954 3158.24 6.88787 0.667623 0.000220889 0.447771 0.000300622 
188 55.2328 0.0596549 3193.92 7.25493 0.667666 0.00022062 0.447818 0.000299499 
189 55.5581 0.0595369 3231.6 7.11986 0.667759 0.000203332 0.447942 0.000274536 
190 55.868 0.0673885 3267.1 8.19614 0.667795 0.000238169 0.447983 0.000324778 
191 56.2115 0.0584809 3306.76 7.13278 0.667991 0.000218374 0.448244 0.000295583 
192 56.5258 0.0731272 3343.08 8.85137 0.668015 0.000252719 0.448259 0.000340137 
193 56.8421 0.076661 3379.9 9.51413 0.668107 0.000267893 0.448377 0.000366273 
194 57.1652 0.0664314 3417.41 8.38164 0.668136 0.000247247 0.448398 0.0003361 
195 57.4666 0.0581473 3452.65 7.26226 0.668198 0.000210164 0.448475 0.000285644 
196 57.7964 0.059935 3491.25 7.58896 0.668237 0.000222307 0.448506 0.000301818 
197 58.113 0.0603659 3529.19 7.90432 0.66831 0.000215685 0.448602 0.000297038 
198 58.494 0.0608568 3575.71 7.84118 0.668514 0.000213772 0.448866 0.000292146 
199 58.7928 0.0655415 3611.6 8.69872 0.668559 0.000262196 0.448924 0.000358704 
200 59.0929 0.0630211 3647.11 8.19401 0.668505 0.000211413 0.448831 0.000288552 
201 59.3807 0.0640764 3682.19 8.27214 0.668537 0.000234643 0.448872 0.00031702 
202 59.7434 0.0652256 3727.14 8.52158 0.668695 0.000239609 0.449078 0.000324488 
203 60.0785 0.0637506 3767.8 8.35599 0.668785 0.000216477 0.449189 0.000295931 
204 60.4183 0.0673753 3811.29 8.98359 0.668866 0.000224522 0.449295 0.000307601 
205 60.696 0.0649998 3844.62 8.64646 0.668864 0.00023683 0.449283 0.000315343 
206 61.0595 0.0678663 3890.68 9.22369 0.669011 0.000267675 0.44947 0.000356813 
207 61.3101 0.0612749 3921.45 8.16956 0.66892 0.000222768 0.449336 0.000299139 
208 61.6652 0.0666953 3966.61 8.96888 0.669043 0.000245331 0.449492 0.000327777 
209 61.9785 0.0844126 4006.38 11.4683 0.66908 0.00030973 0.449539 0.000420411 
210 62.2938 0.0771613 4046.02 10.8877 0.669173 0.000255938 0.44965 0.000347323 
211 62.5482 0.0751382 4078.05 10.3332 0.669105 0.000287791 0.449557 0.000392168 
212 62.8982 0.0679542 4123.36 9.28434 0.669179 0.000242069 0.449642 0.000331094 
213 63.2173 0.0753205 4164.22 10.1801 0.669336 0.00030989 0.449853 0.000422175 
214 63.5848 0.0780189 4211.92 10.9892 0.669456 0.00029017 0.449998 0.000397398 
215 63.899 0.0743026 4253.09 10.3885 0.66956 0.000285052 0.450138 0.000388887 
216 64.2239 0.0738495 4295.23 10.4629 0.669552 0.000270927 0.450108 0.000369658 
217 64.5488 0.0843625 4338.38 12.3442 0.669624 0.000282926 0.450204 0.000387577 
218 64.8788 0.0841387 4381.9 12.4594 0.669694 0.000252172 0.450286 0.00034278 
219 65.2259 0.0908626 4429.28 13.4161 0.669789 0.000264338 0.450413 0.000362423 
220 65.5772 0.095777 4476.36 13.9953 0.669881 0.000262371 0.450527 0.000357826 
221 65.8934 0.0996225 4518.15 14.637 0.66996 0.000294893 0.450622 0.000404444 
222 66.2602 0.109413 4568.33 16.3506 0.670129 0.000306741 0.450841 0.000423211 
223 66.4869 0.0920053 4598.2 13.771 0.669927 0.000266495 0.450562 0.000367177 
224 66.8389 0.0902614 4646.11 13.1018 0.670055 0.000279952 0.450727 0.000382873 
225 67.1226 0.0946263 4684.14 13.7382 0.669963 0.000290714 0.450592 0.00039817 
226 67.4468 0.0872632 4728.8 12.8111 0.670058 0.000278498 0.450717 0.000381948 
227 67.8449 0.106161 4785.97 16.1953 0.670326 0.00029498 0.451083 0.000406674 
228 68.1046 0.087478 4820.7 12.8915 0.670178 0.000240154 0.450866 0.000328256 
229 68.4513 0.104698 4870.14 15.5396 0.670339 0.000297704 0.451087 0.000406091 
230 68.7438 0.0835161 4910 12.3382 0.67029 0.000248626 0.450996 0.000339141 
231 69.086 0.0890993 4959.47 13.3099 0.670346 0.000272666 0.451079 0.000371183 
232 69.3863 0.0829876 5001.34 12.5154 0.670339 0.000258487 0.451056 0.000349929 
233 69.6885 0.0854214 5044.49 12.8728 0.670288 0.000250409 0.45098 0.000341471 
234 70.0376 0.0912496 5094.63 13.9416 0.670399 0.000261668 0.451119 0.000356488 
235 70.3653 0.0880961 5141.7 13.8069 0.670543 0.00024662 0.45131 0.00033751 
236 70.6979 0.0917778 5189.51 14.3297 0.670542 0.000240343 0.451302 0.000328007 
237 70.996 0.09391 5232.5 14.3638 0.670557 0.000254797 0.451319 0.000343281 
238 71.3446 0.119566 5283.97 19.388 0.670626 0.000308108 0.451401 0.000421463 
239 71.6196 0.100568 5323.52 15.5666 0.670612 0.000256972 0.451374 0.000346071 
240 71.9524 0.108505 5371.71 16.6984 0.670659 0.000263103 0.451423 0.000354954 
241 72.2456 0.0872062 5414.94 13.4964 0.670637 0.000249396 0.451388 0.000337121 
242 72.5815 0.12445 5465.19 19.7646 0.670692 0.00033714 0.451461 0.000459811 
243 72.89 0.101736 5510.54 15.7712 0.670707 0.000320818 0.451474 0.000436766 
244 73.1881 0.0873618 5553.42 13.5208 0.67071 0.000245678 0.451469 0.000334257 
245 73.5377 0.112621 5606.71 17.8571 0.67087 0.000277179 0.451679 0.000380983 
246 73.818 0.0873726 5648.5 13.6288 0.670767 0.0002682 0.451535 0.000366177 
247 74.1651 0.0879791 5701.67 14.0048 0.670867 0.000241911 0.451662 0.000329374 
248 74.4984 0.0903885 5751.88 14.2459 0.670974 0.000269894 0.451798 0.000371452 
249 74.8479 0.104115 5806.16 16.5464 0.671099 0.000289103 0.451964 0.000398478 
250 75.1777 0.109888 5856.72 17.6731 0.671138 0.000299839 0.452012 0.000415586 
251 75.5324 0.0950182 5912.17 15.2924 0.671263 0.000260478 0.45218 0.000356131 
252 75.8841 0.121121 5968.74 20.5637 0.671371 0.000330788 0.452323 0.000454344 
253 76.2223 0.103549 6019.36 16.5297 0.671413 0.000289929 0.452369 0.000394473 
254 76.564 0.105517 6073.3 17.698 0.671518 0.000281242 0.452507 0.000385619 
255 76.8584 0.110652 6118.83 18.4574 0.671496 0.000296794 0.452469 0.000402791 
256 77.1581 0.145113 6166.69 23.7242 0.671513 0.000416246 0.452491 0.000564508 
257 77.4979 0.116949 6220.07 19.356 0.671519 0.000335067 0.452488 0.000454001 
258 77.8221 0.10757 6271.99 18.6831 0.67159 0.000295151 0.452579 0.000402112 
259 78.1297 0.113717 6320.21 18.9338 0.671531 0.00032827 0.452489 0.000443244 
260 78.4885 0.115938 6378.04 19.4861 0.671645 0.000369633 0.452639 0.000499051 
261 78.8105 0.135711 6429.25 23.2098 0.671699 0.000417785 0.452702 0.000565521 
262 79.1084 0.128123 6476.09 21.2578 0.671696 0.000412038 0.45269 0.000558618 
263 79.444 0.118124 6530.72 19.7859 0.671776 0.000331704 0.452794 0.000447681 
264 79.7906 0.122352 6587.43 20.503 0.671906 0.000354701 0.452963 0.000477245 
265 80.1227 0.115756 6642.65 19.5944 0.67195 0.000295436 0.453021 0.000396747 
266 80.3949 0.124666 6686.61 21.6168 0.671919 0.000305572 0.452974 0.000412175 
267 80.6698 0.112155 6730.33 19.1833 0.671854 0.000292122 0.452872 0.000395289 
268 81.0108 0.122547 6785.81 21.1337 0.671934 0.000286613 0.452972 0.000387877 
269 81.3103 0.114776 6835.68 19.4239 0.671892 0.000257642 0.452912 0.000347769 
270 81.6629 0.114461 6894.61 19.5411 0.671987 0.000274898 0.453033 0.000372441 
271 81.9513 0.124202 6942.57 21.4595 0.671948 0.000273823 0.452972 0.000371124 
272 82.3011 0.11238 7000.81 19.4996 0.672062 0.000256997 0.453121 0.000348955 
273 82.6769 0.134933 7064.93 23.6217 0.672159 0.000295549 0.453253 0.000397686 
274 83.0307 0.142587 7124.67 24.9988 0.672245 0.000357376 0.453362 0.000482109 
275 83.2855 0.129346 7167.5 23.2203 0.67217 0.00028797 0.453258 0.000385732 
276 83.5686 0.114646 7215.79 20.1127 0.672039 0.000281249 0.453078 0.00037743 
277 83.8429 0.123987 7262.76 22.0172 0.671994 0.000298832 0.45301 0.000400492 
278 84.147 0.13858 7314.53 24.7539 0.672036 0.000332468 0.453066 0.000450638 
279 84.4587 0.116877 7367.53 21.3228 0.672034 0.000279205 0.453056 0.000376631 
280 84.8491 0.138224 7435.8 25.11 0.672178 0.000319962 0.453244 0.000432964 
281 85.1586 0.142225 7490.88 27.3473 0.67221 0.000309947 0.453291 0.000422103 
282 85.4919 0.142936 7548.2 28.5268 0.672216 0.000283237 0.453284 0.000381744 
283 85.8193 0.136778 7603.85 26.5259 0.672236 0.000282496 0.453302 0.000383788 
284 86.1134 0.161521 7654.34 30.6581 0.672206 0.000311202 0.453251 0.000419971 
285 86.4274 0.150298 7709.94 29.6308 0.672285 0.000317267 0.453357 0.000430346 
286 86.7833 0.123507 7771.88 22.5225 0.672389 0.000265889 0.453491 0.000359677 
287 87.1204 0.135875 7832.19 25.5918 0.672488 0.000330308 0.453621 0.000443454 
288 87.3977 0.120085 7880.49 22.3026 0.67241 0.000275405 0.45351 0.000374319 
289 87.7453 0.118244 7942.6 22.1328 0.672445 0.000298187 0.453551 0.000399811 
290 87.9651 0.113648 7981.25 21.0221 0.67233 0.000299779 0.453398 0.000402602 
291 88.2842 0.133779 8039.24 25.0084 0.672322 0.000341805 0.453383 0.000455696 
292 88.64 0.124949 8102.06 23.688 0.672385 0.000329498 0.453461 0.000445969 
293 88.9805 0.144192 8164.14 27.2618 0.672542 0.000315469 0.453673 0.000427464 
294 89.2983 0.133525 8221.93 25.2284 0.672509 0.000299405 0.45362 0.000404787 
295 89.6418 0.124178 8284.21 23.3746 0.672605 0.000297685 0.453745 0.000401688 
296 90.0299 0.130639 8354.97 24.7263 0.672708 0.000292852 0.453876 0.000394624 
297 90.2947 0.128091 8405 24.8284 0.672721 0.000290586 0.4539 0.000396611 
298 90.6027 0.130392 8461.63 25.9509 0.672672 0.000290192 0.45383 0.000394966 
299 90.9541 0.127112 8526.89 25.2011 0.672818 0.000291793 0.454027 0.000398769 
300 91.2703 0.134701 8585.66 26.1949 0.672787 0.000316242 0.453981 0.000428577 
301 91.6258 0.134326 8651.85 26.5559 0.672915 0.000307025 0.454149 0.000418347 
302 91.9036 0.146781 8703.49 28.8494 0.672762 0.000313793 0.453933 0.000428373 
303 92.2811 0.138047 8774.68 26.4408 0.672995 0.000313743 0.454249 0.000424052 
304 92.5017 0.130308 8814.58 25.6373 0.672757 0.000303218 0.453916 0.000410877 
305 92.8958 0.14579 8889.78 28.8324 0.672989 0.000347474 0.454236 0.0004706 
306 93.202 0.12917 8946.92 25.7964 0.672928 0.00032178 0.45414 0.000432471 
307 93.5337 0.12452 9011.23 24.9493 0.672927 0.000329379 0.454135 0.000441419 
308 93.8927 0.143682 9079.77 28.6889 0.673075 0.000393399 0.45433 0.000529366 
309 94.1656 0.133209 9131.96 25.9854 0.672998 0.000353914 0.454226 0.000476779 
310 94.5315 0.137051 9203.37 28.0237 0.673124 0.00034935 0.454395 0.000472813 
311 94.827 0.155224 9257.55 31.3375 0.673072 0.000388392 0.454312 0.000527621 
312 95.1689 0.17325 9323.73 35.3866 0.673218 0.000403025 0.454507 0.000549267 
313 95.4894 0.152805 9386.19 31.1598 0.673176 0.00036433 0.45445 0.000494566 
314 95.8641 0.154429 9457.79 31.0996 0.673314 0.000331296 0.454629 0.00044884 
315 96.159 0.129078 9515.23 26.384 0.673225 0.000283408 0.4545 0.000385803 
316 96.5072 0.139549 9584.61 28.2223 0.67333 0.000303049 0.454639 0.000407433 
317 96.8119 0.141142 9645.63 28.6889 0.673334 0.000309564 0.454654 0.000420649 
318 97.226 0.151973 9728.86 31.2595 0.673528 0.000291401 0.454906 0.000397228 
319 97.4728 0.153564 9776.53 31.8635 0.673424 0.000309029 0.454761 0.00042062 
320 97.8162 0.182024 9845.54 38.5892 0.673494 0.000349759 0.45485 0.000478267 
321 98 0.159884 9879.04 33.2816 0.673296 0.000305868 0.454571 0.000416726 
322 98.4355 0.169372 9967.79 35.9841 0.673458 0.000312906 0.45479 0.000427951 
323 98.6699 0.164121 10011.1 34.2601 0.673364 0.000301147 0.454648 0.000409492 
324 99.0472 0.161796 10088.1 34.03 0.673482 0.0002963 0.454814 0.000403123 
325 99.3389 0.187834 10148.3 39.2735 0.673472 0.000335258 0.454802 0.000455086 
326 99.7086 0.178057 10222.2 37.1846 0.673568 0.000357395 0.454925 0.000484328 
327 100.007 0.177641 10284.1 37.2453 0.673501 0.00034848 0.454834 0.0004705 
328 100.324 0.166899 10346 35.2577 0.673462 0.000318377 0.45477 0.000431122 
329 100.662 0.163994 10416.1 34.6373 0.673539 0.000295268 0.454872 0.000401617 
330 101.041 0.157369 10493 33.2713 0.673661 0.000304575 0.45503 0.000412841 
331 101.311 0.181548 10548.5 39.7546 0.673659 0.000311344 0.455028 0.000423846 
332 101.669 0.153036 10621.6 33.9161 0.67374 0.000303912 0.455134 0.000413665 
333 101.981 0.164399 10685.6 35.5729 0.673713 0.000308364 0.455092 0.000418741 
334 102.316 0.157318 10755.3 35.1655 0.673823 0.000312451 0.45524 0.000425726 
335 102.625 0.173214 10819.1 38.6597 0.673748 0.000309923 0.455133 0.000420645 
336 103.019 0.160299 10901.9 35.3311 0.673833 0.000306826 0.455244 0.000416924 
337 103.337 0.164157 10970 35.7226 0.673857 0.000321911 0.455275 0.00043763 
338 103.573 0.172049 11016.6 37.3247 0.673686 0.000333749 0.455031 0.000450122 
339 103.943 0.191864 11096.3 42.7543 0.673937 0.000345233 0.455371 0.000470372 
340 104.185 0.169456 11145.9 36.9805 0.673775 0.000333399 0.455146 0.000453702 
341 104.605 0.161862 11235.8 36.0298 0.673894 0.000329563 0.455309 0.000449735 
342 104.9 0.16808 11297.4 37.425 0.673809 0.000316711 0.455185 0.000434125 
343 105.302 0.156845 11385.5 35.9957 0.674009 0.000311678 0.455457 0.000424102 
344 105.568 0.153667 11440.5 34.3651 0.673938 0.00030827 0.455354 0.000419065 
345 105.982 0.170383 11531.7 38.1294 0.674113 0.000320005 0.4556 0.000436551 
346 106.192 0.176712 11574.1 39.4121 0.673949 0.000308631 0.455363 0.000419472 
347 106.556 0.199499 11654.9 44.4164 0.673961 0.000400674 0.45538 0.000543347 
348 106.869 0.19222 11721.4 42.2797 0.673942 0.000386383 0.455343 0.000521811 
349 107.209 0.21692 11796 47.6276 0.673949 0.000409417 0.455353 0.000552386 
350 107.426 0.164067 11841.8 36.9211 0.673939 0.000308803 0.455335 0.000416494 
351 107.793 0.156381 11922.3 35.5115 0.674029 0.000302587 0.455457 0.000411301 
352 108.078 0.173972 11982.8 38.8683 0.674027 0.000360899 0.455453 0.000489137 
353 108.468 0.184591 12070.6 40.807 0.674093 0.000384572 0.45554 0.000523647 
354 108.784 0.16112 12138.2 36.9169 0.674103 0.00033405 0.455546 0.000449333 
355 109.211 0.163231 12235.5 37.8619 0.674309 0.000331289 0.455828 0.000448278 
356 109.54 0.181913 12307.7 42.0886 0.674282 0.000312288 0.455783 0.000425495 
357 109.929 0.177308 12395.3 41.3054 0.674469 0.000326446 0.456039 0.000443698 
358 110.228 0.182782 12462.3 45.3944 0.674416 0.000314958 0.455967 0.000430151 
359 110.485 0.167868 12519.4 39.8433 0.674423 0.000319358 0.455975 0.000435082 
360 110.807 0.172175 12592.5 40.5969 0.674324 0.00030689 0.455832 0.000417991 
361 111.185 0.174628 12679 41.6264 0.674504 0.000318556 0.456076 0.000434294 
362 111.609 0.179906 12776.1 43.062 0.67467 0.000327259 0.456306 0.000446783 
363 111.764 0.181182 12808.4 43.2 0.674462 0.000325031 0.456014 0.000443549 
364 112.146 0.174493 12895.5 41.7017 0.674629 0.00031239 0.456234 0.000425056 
365 112.498 0.185204 12978.5 44.0901 0.674697 0.000334198 0.456336 0.000455575 
366 112.926 0.191453 13075.7 45.9855 0.674873 0.000342425 0.456569 0.000466361 
367 113.13 0.1875 13123.5 45.4121 0.674696 0.000336524 0.456324 0.000459348 
368 113.542 0.192005 13216.5 46.4219 0.67488 0.000335424 0.456568 0.000457206 
369 113.74 0.177619 13261 42.5831 0.674677 0.000332068 0.456289 0.000452349 
370 114.151 0.184959 13356.9 45.0204 0.6749 0.000325321 0.456586 0.000443515 
371 114.383 0.179849 13409.8 43.4097 0.674782 0.000335149 0.456423 0.000456559 
372 114.719 0.174758 13485.6 42.1154 0.674841 0.000330349 0.456499 0.000449724 
373 114.997 0.184236 13551.8 45.0478 0.674855 0.000342353 0.456519 0.000466704 
374 115.354 0.186402 13634.1 45.3792 0.674863 0.000347918 0.456523 0.00047383 
375 115.462 0.180851 13656 43.9567 0.67458 0.000329772 0.456132 0.000449021 
376 115.856 0.198788 13750.2 48.4921 0.674623 0.000353402 0.456193 0.000481493 
377 116.251 0.181532 13845.4 44.3319 0.674792 0.000342834 0.456423 0.000467232 
378 116.595 0.213146 13926.1 53.67 0.67487 0.000341683 0.456526 0.000470781 
379 116.86 0.189353 13987.1 48.0579 0.674821 0.00034417 0.456454 0.000472663 
380 117.233 0.201448 14076.6 49.9502 0.674865 0.000365437 0.456513 0.000497471 
381 117.592 0.195888 14162.6 49.4534 0.674896 0.000338711 0.456552 0.00046114 
382 117.908 0.202629 14236.7 50.8508 0.674958 0.000354331 0.456632 0.000482823 
383 118.262 0.216045 14323.3 55.4837 0.67508 0.000363514 0.456798 0.000495944 
384 118.484 0.220387 14375.1 55.7801 0.674952 0.00036208 0.456619 0.000490516 
385 118.952 0.213864 14488.3 53.536 0.675095 0.000348623 0.456811 0.000475368 
386 119.305 0.22819 14574.5 57.1496 0.675137 0.000349778 0.456867 0.000477141 
387 119.684 0.24978 14665.4 62.7856 0.675093 0.000375409 0.456798 0.000512159 
388 119.867 0.219009 14707.6 55.2408 0.675186 0.000360219 0.456921 0.000491774 
389 120.255 0.21776 14806.1 55.9936 0.675256 0.000380112 0.457021 0.000520097 
390 120.706 0.224147 14915.9 57.6266 0.675494 0.000374614 0.457342 0.000510221 
391 120.924 0.222198 14969.5 56.6037 0.675378 0.000388838 0.457183 0.000528609 
392 121.158 0.214673 15025.3 53.219 0.675193 0.0003718 0.456924 0.000507751 
393 121.479 0.226352 15104.3 57.7549 0.675284 0.000398942 0.457049 0.000545388 
394 121.861 0.234583 15197.9 58.8765 0.67522 0.000416423 0.456952 0.000568321 
395 122.168 0.241483 15273.3 60.9133 0.675295 0.000364421 0.457055 0.00049539 
396 122.538 0.213629 15368.7 53.6354 0.675333 0.000346282 0.457108 0.000470096 
397 122.842 0.222619 15439.9 56.6508 0.675413 0.000389463 0.457216 0.000531284 
398 123.269 0.237753 15550.7 61.0741 0.675512 0.000381748 0.457351 0.000520791 
399 123.593 0.218598 15631.7 57.188 0.675522 0.000399784 0.457362 0.000543648 
400 124.043 0.236515 15747.8 63.1232 0.675636 0.000381303 0.457518 0.000522052 
401 124.194 0.216762 15781.8 57.0047 0.675421 0.000360153 0.457217 0.000491759 
402 124.654 0.246533 15899 65.8129 0.675569 0.000406674 0.457415 0.000558007 
403 124.766 0.24711 15926.4 65.9311 0.675421 0.000407114 0.457215 0.000554452 
404 125.29 0.260781 16063.3 71.4854 0.675639 0.00043083 0.457516 0.000596015 
405 125.476 0.274275 16109.1 75.0093 0.675438 0.000379682 0.457233 0.00051925 
406 125.799 0.234962 16188.2 63.1463 0.675395 0.000376896 0.457164 0.000514189 
407 126.113 0.264408 16266.2 70.1963 0.675466 0.000422996 0.457254 0.000576821 
408 126.524 0.241278 16370.4 66.7346 0.675564 0.000403107 0.45738 0.000548974 
409 126.794 0.226984 16438.2 60.5253 0.675587 0.000387128 0.457415 0.000522588 
410 127.097 0.230876 16517 61.6449 0.675504 0.000367955 0.457303 0.000501509 
411 127.469 0.231869 16615 61.6334 0.675542 0.000377994 0.457355 0.000513846 
412 127.832 0.238974 16710.7 64.8295 0.675597 0.000398318 0.457432 0.000547558 
413 128.08 0.232129 16773.1 62.3884 0.675544 0.000365481 0.457351 0.00049879 
414 128.49 0.242226 16879.7 65.1646 0.675661 0.000386529 0.457501 0.000526373 
415 128.738 0.235891 16941.4 64.2454 0.67556 0.000386775 0.457358 0.000526105 
416 129.138 0.263703 17047.3 71.1307 0.675646 0.000382612 0.457474 0.000519233 
417 129.249 0.235054 17074.2 64.1677 0.675419 0.0003812 0.457169 0.000519792 
418 129.707 0.25701 17197.8 70.2661 0.675574 0.000413557 0.457377 0.00056336 
419 129.968 0.245635 17264.8 66.7087 0.675516 0.000381171 0.457294 0.0005186 
420 130.397 0.270634 17381.6 74.1396 0.675514 0.000402011 0.457287 0.000547419 
421 130.786 0.238358 17484.8 64.8919 0.675796 0.000387138 0.457673 0.00052845 
422 131.232 0.273042 17605.5 75.8236 0.675866 0.000396469 0.457766 0.000540204 
423 131.468 0.244085 17665.8 67.3292 0.675816 0.000386961 0.457698 0.000528171 
424 131.965 0.269477 17801.9 75.8478 0.675894 0.000387398 0.457796 0.000528458 
425 132.215 0.268788 17867.2 75.0808 0.675983 0.000394414 0.457918 0.000538002 
426 132.329 0.262217 17894.3 72.6243 0.675755 0.000384802 0.457601 0.000524514 
427 132.647 0.259615 17980.6 72.5641 0.67578 0.000422621 0.457637 0.000574868 
428 132.974 0.273553 18072.7 78.1972 0.675782 0.00040888 0.457639 0.000560175 
429 133.374 0.281146 18179.3 79.3065 0.675937 0.000419353 0.457846 0.000572163 
430 133.657 0.265617 18251.4 74.5081 0.675876 0.000395926 0.45775 0.000539211 
431 134.128 0.274542 18378.6 77.7671 0.676081 0.000402693 0.458031 0.000548963 
432 134.288 0.267714 18420 76.0132 0.675883 0.000413157 0.457756 0.000565109 
433 134.516 0.270084 18478.4 75.9352 0.675888 0.000386541 0.457755 0.000526415 
434 134.827 0.291786 18566.8 83.4833 0.675825 0.000434066 0.457674 0.000596597 
435 135.29 0.299635 18696.2 85.4549 0.676074 0.000463179 0.458016 0.000632717 
436 135.582 0.303773 18778.6 86.7927 0.675974 0.000446332 0.457878 0.000608633 
437 135.871 0.298336 18856.3 86.0348 0.676028 0.000423468 0.45795 0.000578585 
438 136.326 0.296672 18981.4 85.1095 0.676213 0.000422077 0.458198 0.000576353 
439 136.597 0.327333 19057.1 96.5842 0.676139 0.000505677 0.458097 0.000690962 
440 136.904 0.292897 19140.1 84.7384 0.676084 0.000433566 0.458015 0.000591324 
441 137.045 0.314729 19180.5 91.9326 0.675836 0.000451336 0.457681 0.000614982 
442 137.475 0.348694 19302.1 102.295 0.676083 0.000461273 0.458007 0.000629211 
443 137.816 0.308252 19395.4 90.0725 0.676101 0.000442856 0.45803 0.000602217 
444 138.232 0.330423 19513.7 96.8298 0.676251 0.000461155 0.458237 0.00062814 
445 138.549 0.317167 19604.2 92.9653 0.676156 0.000467982 0.458111 0.000637322 
446 138.913 0.317504 19706.3 94.735 0.676287 0.000469937 0.458286 0.000637626 
447 139.17 0.315145 19778.7 92.9728 0.676221 0.000449582 0.4582 0.000611938 
448 139.528 0.31391 19876.8 92.9964 0.676285 0.000436377 0.45828 0.000591823 
449 139.898 0.350165 19982.9 101.283 0.676434 0.000472138 0.458483 0.000641925 
450 140.064 0.33541 20029.3 98.2563 0.676154 0.000468695 0.458101 0.000638467 
451 140.544 0.319845 20166.8 94.0933 0.67639 0.000481071 0.458421 0.000655486 
452 140.622 0.317383 20185.3 94.6494 0.675981 0.000471183 0.457863 0.000639701 
453 140.87 0.310099 20248.8 91.3615 0.675895 0.000481229 0.457739 0.000653823 
454 141.087 0.310957 20312.5 92.5493 0.675783 0.000494793 0.457584 0.000673849 
455 141.433 0.329288 20405.8 100.791 0.675535 0.000706248 0.457244 0.000970861 
456 141.763 0.302897 20498.2 91.4012 0.675676 0.000589035 0.457433 0.000805339 
457 142.218 0.326913 20617.2 97.8441 0.675316 0.000996386 0.456931 0.00136949 
458 142.722 0.313386 20778.6 93.7705 0.676031 0.000552306 0.457921 0.000752848 
459 143.081 0.33146 20865.5 94.244 0.675365 0.0010757 0.456997 0.00147967 
460 143.518 0.317936 21017.1 95.2866 0.676738 0.00046495 0.458881 0.000634305 
461 143.825 0.374674 21106.1 116.872 0.6767 0.000456078 0.458826 0.000621447 
462 143.952 0.316944 21139 95.2138 0.676517 0.000446779 0.458581 0.000608699 
463 144.314 0.355229 21244.9 107.005 0.676521 0.00049637 0.458584 0.000674732 
464 144.617 0.341556 21334 104.071 0.676422 0.000465855 0.458443 0.000633182 
465 144.923 0.349322 21425.7 106.94 0.676372 0.000464107 0.458377 0.000632518 
466 145.371 0.334742 21560.2 102.991 0.676583 0.000451156 0.458664 0.000615896 
467 145.792 0.352086 21685.6 107.848 0.676691 0.000452047 0.458808 0.000617304 
468 146.105 0.34653 21780.8 107.184 0.676738 0.000483828 0.458874 0.000661661 
469 146.382 0.404989 21856.1 124.181 0.676679 0.000480096 0.458782 0.000653484 
470 146.769 0.370524 21971.9 113.243 0.676758 0.000487248 0.458892 0.000663953 
471 147.066 0.396732 22062.4 123.009 0.676733 0.0004733 0.45885 0.000645178 
472 147.22 0.34925 22102.8 106.733 0.676443 0.00048112 0.458452 0.000654108 
473 147.559 0.378463 22208.3 116.872 0.676471 0.000466887 0.458496 0.000635188 
474 147.577 0.334957 22207.9 103.056 0.676187 0.000456941 0.458104 0.00062297 
475 147.798 0.360173 22273.3 111.017 0.676053 0.000477232 0.45792 0.000648881 
476 148.254 0.36829 22409.3 113.371 0.676258 0.000492448 0.458188 0.00067026 
477 148.545 0.386161 22496.7 121.051 0.676136 0.000492514 0.458024 0.000667812 
478 149.041 0.365128 22648.8 114.561 0.676356 0.000449714 0.458319 0.000608932 
479 149.378 0.387378 22748.4 120.516 0.676418 0.000459407 0.458404 0.000624229 
480 149.73 0.349125 22855.3 107.372 0.676555 0.000460935 0.458586 0.000627799 
481 150.085 0.375152 22964.1 120.827 0.676552 0.000489884 0.458581 0.000663917 
482 150.478 0.444553 23087.6 141.44 0.676692 0.000524805 0.45877 0.000712133 
483 150.872 0.46415 23202.3 145.305 0.676861 0.00056474 0.45899 0.000767576 
484 151.136 0.463447 23285.5 146.649 0.676693 0.000574821 0.458763 0.000781899 
485 151.334 0.39207 23345.2 123.936 0.6766 0.000507386 0.458636 0.000688277 
486 151.591 0.390867 23421.3 124.519 0.676566 0.000507049 0.458583 0.000690355 
487 152.029 0.349759 23558.5 111.222 0.67679 0.000507244 0.458885 0.000686931 
488 152.425 0.360247 23684.5 114.801 0.676842 0.000492221 0.45896 0.000670404 
489 152.667 0.354103 23755.1 111.656 0.676886 0.000508181 0.459007 0.0006867 
490 153.068 0.385429 23879.1 121.89 0.677002 0.000531185 0.459162 0.000718236 
491 153.397 0.354982 23982.4 111.677 0.676972 0.000481181 0.45912 0.00065666 
492 153.875 0.403694 24133.6 127.683 0.677157 0.000546619 0.459373 0.000738551 
493 153.926 0.385244 24148.5 127.476 0.676845 0.000580091 0.458951 0.000790629 
494 154.205 0.373692 24231.9 118.988 0.676755 0.000575146 0.458818 0.000778636 
495 154.597 0.385718 24357.7 126.167 0.676748 0.000592206 0.458808 0.000803857 
496 154.86 0.389972 24436.4 125.718 0.676816 0.000619893 0.458899 0.000836355 
497 155.208 0.45113 24543.1 146.754 0.676775 0.00068222 0.458837 0.000923644 
498 155.556 0.465053 24659.6 150.555 0.676802 0.000607604 0.458879 0.000820455 
499 155.867 0.476092 24754.3 153.279 0.676733 0.000598641 0.458783 0.000808728 
500 155.924 0.388516 24773.1 127.036 0.676513 0.000514556 0.458491 0.000698929 
501 156.474 0.389157 24947.9 128.502 0.676713 0.000533948 0.458756 0.000725441 
502 156.801 0.414329 25054.8 135.531 0.676926 0.000599594 0.459053 0.00081257 
503 157.015 0.413475 25117.5 135.868 0.676756 0.000624332 0.458816 0.000847544 
504 157.425 0.384702 25252.1 126.432 0.676819 0.00053863 0.458899 0.000732858 
505 157.701 0.391771 25331.5 128.476 0.67682 0.000527021 0.458891 0.000717888 
506 157.793 0.41767 25363.3 142.239 0.676596 0.000677199 0.458598 0.000920869 
507 158.133 0.440994 25469.5 146.344 0.676722 0.000641141 0.458762 0.000873938 
508 158.403 0.428675 25563.2 148.114 0.676749 0.000672942 0.458803 0.000912383 
509 158.75 0.402533 25667.3 135.07 0.676703 0.000585254 0.45873 0.000792173 
510 159.186 0.458641 25812.2 157.157 0.676876 0.000680542 0.458971 0.000922992 
511 159.459 0.423028 25897 141.187 0.676794 0.00064385 0.458852 0.000870794 
512 159.784 0.418963 26002.2 143.423 0.676742 0.000576037 0.458784 0.00078208 
513 160.157 0.450618 26120 149.303 0.676755 0.000611578 0.458792 0.000830129 
514 160.586 0.405626 26265.7 135.439 0.676812 0.000557499 0.458878 0.000755088 
515 160.383 0.403349 26192.3 133.065 0.676297 0.000524548 0.458173 0.000707581 
516 160.94 0.4029 26372.1 134.224 0.676524 0.000516664 0.458475 0.000702639 
517 161.259 0.392393 26476.9 129.678 0.676574 0.000539868 0.458541 0.000733192 
518 161.604 0.409531 26592.9 137.236 0.67682 0.000551337 0.458874 0.000744816 
519 162.061 0.420464 26738.6 140.698 0.676891 0.00060453 0.458963 0.000817823 
520 162.313 0.394742 26820.1 132.918 0.676889 0.00055598 0.458961 0.00075161 
521 162.791 0.428935 26978.9 143.714 0.677028 0.000567318 0.459149 0.000764885 
522 163.051 0.421074 27061.2 145.243 0.677056 0.000639677 0.459183 0.000870952 
523 163.154 0.437005 27090.7 147.197 0.67672 0.000559066 0.458731 0.000757834 
524 163.423 0.393363 27182 133.081 0.676782 0.000602625 0.458814 0.000819143 
525 163.67 0.417994 27261.9 140.789 0.676599 0.000633052 0.458558 0.000863506 
526 164.108 0.39237 27411.3 132.767 0.67676 0.000660058 0.45878 0.000906408 
527 164.608 0.44114 27579.1 150.9 0.677126 0.000706655 0.459274 0.000965946 
528 164.89 0.429742 27673.6 146.668 0.677183 0.000758221 0.459352 0.00103586 
529 165.253 0.475638 27794.4 163.097 0.677221 0.000760655 0.4594 0.00103628 
530 165.521 0.425063 27882.4 144.943 0.677114 0.000690074 0.459253 0.000942396 
531 165.967 0.443877 28033.4 151.899 0.677279 0.000695506 0.45948 0.000946357 
532 166.115 0.448275 28082.4 154.867 0.677079 0.000781995 0.45921 0.00106861 
533 166.423 0.456563 28184.2 157.362 0.677193 0.000724122 0.459363 0.000988816 
534 166.789 0.453866 28316.7 155.692 0.677049 0.000763562 0.459175 0.00104154 
535 167.091 0.482465 28417.7 166.826 0.67714 0.000759396 0.459297 0.00103408 
536 167.318 0.474826 28487.1 164.431 0.677057 0.000623007 0.459173 0.000849277 
537 167.989 0.477733 28724.8 166.937 0.677487 0.000649061 0.459762 0.000880731 
538 168.163 0.490958 28771.4 171.787 0.677443 0.000697846 0.45969 0.000953878 
539 168.516 0.478885 28896.2 167.976 0.677425 0.000679354 0.459668 0.000920545 
540 168.786 0.525535 28991.6 191.02 0.677366 0.000628149 0.459588 0.000855236 
541 169.292 0.556825 29172.6 199.701 0.677415 0.000792305 0.459658 0.00108109 
542 169.207 0.493339 29123.5 174.209 0.677257 0.000685128 0.459441 0.000938574 
543 169.531 0.480592 29235.9 169.619 0.677176 0.000703526 0.459326 0.000951699 
544 169.944 0.48775 29373.9 174.1 0.677431 0.000698025 0.459672 0.00094898 
545 170.24 0.454913 29474.4 162.059 0.677255 0.000651448 0.459422 0.000885854 
546 170.64 0.489444 29613.2 174.305 0.677449 0.000691416 0.459693 0.000943398 
547 170.818 0.476228 29671 170.835 0.677243 0.00072442 0.459402 0.000981058 
548 171.215 0.478884 29806.1 171.106 0.677517 0.000736909 0.459771 0.000998301 
549 171.661 0.535634 29962.2 189.085 0.677494 0.00075693 0.459741 0.00102432 
550 172.126 0.504029 30123.5 182.151 0.677769 0.000723282 0.460108 0.000986571 
551 172.772 0.782974 30353.3 286 0.67816 0.000935674 0.46065 0.00127707 
552 172.347 0.5396 30190.1 195.123 0.677466 0.000980749 0.459693 0.00133016 
553 172.933 0.547939 30395.9 195.227 0.677735 0.000919954 0.460058 0.00124648 
554 173.127 0.598359 30465.4 216.104 0.677616 0.000979463 0.459902 0.00132779 
555 173.516 0.462122 30609.4 166.357 0.677449 0.000854105 0.459673 0.00114758 
556 173.753 0.513549 30686.6 184.109 0.677451 0.000783827 0.459669 0.00106415 
557 174.23 0.517435 30863.4 188.649 0.677526 0.00074901 0.459777 0.00101351 
558 174.62 0.48329 30996.3 179.314 0.677706 0.000746941 0.460018 0.00100824 
559 174.875 0.490654 31080 177.259 0.677723 0.000692483 0.460032 0.000931444 
560 174.92 0.479862 31098.6 174.817 0.67733 0.00075408 0.459501 0.00101818 
561 175.428 0.505114 31282.3 183.09 0.677573 0.00064689 0.45983 0.000878384 
562 175.387 0.479179 31258.5 175.213 0.677208 0.000692667 0.459332 0.000939365 
563 175.758 0.504782 31396.2 184.666 0.67724 0.000720486 0.459383 0.000979153 
564 176.253 0.561936 31571.4 209.356 0.677548 0.000809169 0.459793 0.00110261 
565 176.52 0.542478 31660.9 203.704 0.67745 0.000741916 0.459658 0.00100654 
566 176.947 0.532816 31820.2 200.317 0.677404 0.000787217 0.459592 0.00106987 
567 177.513 0.579255 32024.2 218.256 0.677754 0.000678199 0.460064 0.000919924 
568 177.646 0.547282 32074.7 203.017 0.677464 0.000708568 0.45967 0.000963276 
569 178.257 0.520394 32304.2 193.555 0.677782 0.000660605 0.460108 0.000893066 
570 178.403 0.703401 32350.3 263.52 0.677692 0.000802706 0.459983 0.00109289 
571 178.779 0.732652 32484.8 274.172 0.677734 0.000743399 0.460037 0.00101192 
572 179.072 0.626419 32594.8 238.776 0.677627 0.000670116 0.459891 0.000912229 
573 179.395 0.737599 32709.5 276.759 0.677785 0.000743273 0.460108 0.00101052 
574 179.708 0.597104 32820.4 230.55 0.677694 0.000630857 0.459975 0.000855413 
575 180.095 0.703967 32963.4 266.904 0.677782 0.000696624 0.460096 0.000944209 
576 180.264 0.544167 33024.4 207.132 0.677682 0.000674976 0.459965 0.000917361 
577 180.496 0.554742 33103.9 209.382 0.677499 0.000645905 0.459706 0.00087599 
578 181.031 0.616877 33298.5 236.788 0.677655 0.000697192 0.459914 0.000951661 
579 181.313 0.59698 33392.4 227.028 0.677683 0.000760218 0.459945 0.00103302 
580 181.66 0.69994 33521.5 264.937 0.677719 0.000804984 0.459993 0.00109884 
581 181.725 0.742864 33543.3 283.248 0.67744 0.000867781 0.459612 0.00118024 
582 182.15 0.796035 33697 302.4 0.677669 0.000937627 0.459922 0.00127593 
583 182.539 0.829544 33840.7 314.303 0.677675 0.000917569 0.459931 0.00124622 
584 182.824 0.693329 33945.6 265.24 0.677702 0.000872303 0.459963 0.0011839 
585 183.45 0.713401 34177.2 271.891 0.678094 0.00089023 0.460496 0.00121146 
586 183.475 0.599058 34177.6 227.456 0.677727 0.000756749 0.459988 0.0010281 
587 183.689 0.598139 34260 226.65 0.677467 0.000705048 0.45964 0.00095728 
588 183.89 0.594986 34331.8 225.767 0.67746 0.000740644 0.459627 0.00100316 
589 184.441 0.583503 34542 223.785 0.677671 0.000714937 0.459914 0.000965259 
590 184.806 0.633497 34676.6 239.956 0.677747 0.000768037 0.460019 0.00104312 
591 185.243 0.685562 34845.5 261.094 0.677936 0.000752946 0.460277 0.00101919 
592 185.663 0.614166 35002.4 235.616 0.677982 0.00069288 0.460338 0.000938526 
593 185.989 0.681862 35121.1 259.378 0.678075 0.000756876 0.460457 0.00102498 
594 186.439 0.701681 35296.3 269.844 0.678015 0.000708498 0.460379 0.000962862 
595 186.661 0.650123 35381.6 248.92 0.67804 0.000669118 0.460407 0.00090889 
596 186.902 0.701511 35463.3 268.806 0.677842 0.000796248 0.460124 0.00107945 
597 187.105 0.704964 35539.9 275.809 0.677886 0.00072959 0.460192 0.00099352 
598 187.527 0.768202 35700.5 307.627 0.678107 0.000877314 0.460482 0.00119572 
599 188.107 0.780962 35921.6 308.488 0.678487 0.000860687 0.461002 0.00116996 
600 188.522 0.636446 36077.9 255.312 0.678427 0.000832416 0.460921 0.00112979 
601 188.866 0.724683 36206.3 285.522 0.678466 0.000776975 0.46097 0.00105686 
602 189.169 0.596052 36325.5 235.349 0.678277 0.000716411 0.46072 0.000980718 
603 189.496 0.552765 36446.7 217.757 0.678255 0.00065685 0.460685 0.000900176 
604 189.997 0.608414 36641.5 241.823 0.67839 0.00079185 0.46087 0.00108276 
605 190.032 0.616719 36657.7 242.344 0.678113 0.000640493 0.460491 0.000872505 
606 190.283 0.645783 36749.9 254.345 0.678119 0.00080174 0.460502 0.00109355 
607 190.668 0.645343 36903.9 258.289 0.678129 0.000651509 0.460514 0.000886327 
608 191.194 0.633695 37105.3 251.246 0.678375 0.000703401 0.460845 0.000961109 
609 191.259 0.625524 37115.5 246.15 0.678335 0.000689387 0.460778 0.000936186 
610 191.882 0.657575 37366.2 264.651 0.678493 0.000676511 0.461002 0.000923413 
611 192.361 0.631271 37549.6 251.581 0.678704 0.000643447 0.461281 0.000876987 
612 192.49 0.691167 37595 273.746 0.678442 0.000675393 0.460924 0.000919818 
613 192.771 0.742411 37702 294.116 0.67851 0.000631828 0.461008 0.00085863 
614 193.462 0.75557 37973.9 296.044 0.678767 0.000741703 0.461368 0.00101241 
615 193.512 0.709182 37990.5 280.681 0.678646 0.00062724 0.461191 0.000854651 
616 194.157 0.779137 38248.3 312.037 0.678877 0.000740869 0.461512 0.0010058 
617 194.466 0.795186 38368.6 314.371 0.678841 0.000682357 0.461458 0.0009287 
618 194.929 0.762817 38559.3 311.095 0.678843 0.000680578 0.461457 0.000928886 
619 195.062 0.98975 38603.5 402.609 0.678832 0.000714653 0.461436 0.000960607 
620 195.69 1.07671 38862.1 441.641 0.679007 0.000779526 0.461682 0.00106039 
621 195.398 0.868799 38723.7 352.54 0.678573 0.000667 0.461078 0.000908143 
622 195.656 0.703006 38830.1 287.153 0.678438 0.000691233 0.460898 0.000947293 
623 196.264 0.797876 39077.4 319.725 0.678756 0.000717999 0.461338 0.000984013 
624 196.431 0.926539 39137.1 379.701 0.678824 0.000801134 0.461418 0.0010996 
625 197.106 0.828948 39408 334.096 0.679077 0.000743734 0.461769 0.00101874 
626 197.122 0.83142 39416 341.924 0.678746 0.000783349 0.461319 0.0010729 
627 197.467 0.806777 39553 335.045 0.678832 0.000756134 0.461432 0.0010345 
628 197.595 0.883234 39605.1 363.497 0.678485 0.000824517 0.460962 0.0011283 
629 197.923 0.957145 39737.5 395.836 0.678777 0.000914835 0.46136 0.00124678 
630 198.568 1.06837 39998.2 443.478 0.678786 0.00100657 0.46137 0.00136781 
631 198.491 0.885556 39960.9 361.32 0.678558 0.000865385 0.461057 0.00116856 
632 198.955 0.987072 40146.8 405.609 0.678686 0.000877296 0.461232 0.00118833 
633 199.242 0.771454 40259.3 318.333 0.678722 0.000709871 0.461271 0.000962785 
634 199.827 0.867226 40505.6 358.941 0.678792 0.000801115 0.461381 0.00108429 
635 199.795 0.946791 40477.1 391.444 0.678714 0.000775059 0.461263 0.00105414 
636 200.217 1.05215 40655 435.073 0.678523 0.000866873 0.46101 0.00117455 
637 200.561 0.985452 40797.7 407.606 0.678661 0.000897619 0.461198 0.00122141 
638 200.76 1.0026 40876.7 422.563 0.678486 0.000864952 0.460963 0.00118138 
639 201.345 1.0395 41126.2 441.553 0.678669 0.000962545 0.461211 0.00131646 
640 201.6 1.09541 41225.2 459.859 0.678615 0.000962084 0.461143 0.00131319 
641 201.784 1.23971 41289.8 513.182 0.67873 0.00112916 0.461279 0.00153272 
642 202.1 1.23507 41424.3 511.373 0.678674 0.00108066 0.461201 0.00146777 
643 202.208 1.08804 41458.6 454.697 0.67867 0.000956277 0.461193 0.00130111 
644 202.782 0.954724 41697 400.076 0.678778 0.000858693 0.461343 0.00116307 
645 203.503 0.840552 41988.9 346.501 0.679109 0.00087715 0.461793 0.00119287 
646 203.447 0.967604 41970.6 408.416 0.678623 0.000769251 0.46113 0.00104512 
647 204.019 1.08797 42213.3 458.054 0.678975 0.000904794 0.461613 0.00122927 
648 204.308 1.13013 42328 477.868 0.678709 0.000870296 0.461239 0.00118338 
649 204.507 0.945245 42422.6 401.906 0.678794 0.0008313 0.461367 0.00112997 
650 204.956 1.16609 42599.4 494.317 0.678805 0.000998089 0.46137 0.00135219 
651 205.456 1.11255 42813 474.026 0.679188 0.00084012 0.461903 0.00113691 
652 206.025 1.238 43048.7 523.576 0.679149 0.00110391 0.46184 0.0014927 
653 205.81 1.39704 42961.5 593.01 0.678643 0.00114046 0.461155 0.00154028 
654 206.56 1.41752 43277.8 607.759 0.679057 0.000923089 0.461724 0.00125307 
655 206.988 1.38936 43454.6 596.121 0.679042 0.00100797 0.461693 0.0013704 
656 207.266 1.40471 43569.7 602.35 0.678896 0.000895419 0.461489 0.00121656 
657 207.372 1.63627 43622 698.247 0.678747 0.000985387 0.461297 0.00133091 
658 208.014 1.64557 43892 707.556 0.678958 0.00102767 0.461579 0.00138353 
659 207.977 1.63912 43868.7 712.098 0.678598 0.00102161 0.461094 0.00138617 
660 208.943 1.71451 44283.1 751.022 0.679104 0.00115989 0.461773 0.00157235 
661 209.177 1.84204 44376.5 811.966 0.678922 0.00127402 0.461526 0.00173197 
662 209.554 1.88188 44544.3 830.854 0.679033 0.001292 0.46168 0.00175695 
663 210.15 1.90658 44806.7 841.476 0.679277 0.00119598 0.462006 0.00162843 
664 210.269 1.84021 44843.8 804.05 0.679106 0.00128331 0.461775 0.00173995 
665 210.953 2.03422 45145 895.023 0.679289 0.0014179 0.462017 0.00192537 
666 210.981 2.13503 45148.1 944.788 0.679156 0.00151807 0.461847 0.00205883 
667 211.764 2.27798 45488.9 1014.99 0.679436 0.00166408 0.46222 0.00225826 
668 212.308 2.35427 45733.5 1056.26 0.679428 0.00169328 0.462216 0.00230219 
669 212.197 1.94313 45679.1 873.142 0.679349 0.00129009 0.462096 0.00174821 
670 212.834 1.74881 45957.7 785.769 0.679497 0.00114791 0.46231 0.00155938 
671 213.341 1.79166 46184 807.312 0.679704 0.00116693 0.462591 0.001584 
672 213.947 2.19422 46451.7 983.54 0.679976 0.00126441 0.462961 0.00171845 
673 213.854 2.02459 46401.8 906.632 0.679618 0.00116169 0.462476 0.00157837 
674 214.121 2.47476 46522.4 1125.78 0.679458 0.00138156 0.462258 0.00187128 
675 214.588 2.66522 46728.4 1210.19 0.679649 0.0013359 0.462525 0.0018149 
676 215.151 2.80926 46979.5 1285.25 0.679608 0.0015287 0.462454 0.00206937 
677 215.434 2.62576 47105.2 1201.69 0.679811 0.00145913 0.46274 0.00198045 
678 215.76 2.71427 47245.6 1249.33 0.679685 0.00146499 0.46256 0.00198577 
679 216.36 3.15672 47511.2 1451.49 0.679833 0.00179169 0.462764 0.00242607 
680 216.879 3.30588 47745.7 1518.58 0.679977 0.00197001 0.462957 0.00266627 
681 217.057 3.20979 47827.8 1474.46 0.679747 0.0018961 0.462642 0.00256599 
682 217.012 2.57734 47795.8 1185.86 0.679724 0.0015183 0.462605 0.00205567 
683 217.526 2.81929 48032.4 1301.8 0.679703 0.00160134 0.462582 0.00216565 
684 217.669 2.22335 48088.8 1029 0.679715 0.00129184 0.462595 0.00175281 
685 218.326 2.41562 48396.8 1120.2 0.67964 0.00140899 0.462496 0.00191125 
686 218.475 2.37828 48464.4 1102.93 0.679535 0.00144801 0.462357 0.00196386 
687 218.923 2.91083 48690.6 1353.79 0.679464 0.0016754 0.462264 0.002271 
688 218.942 3.06226 48668.8 1424.79 0.679502 0.00164201 0.462304 0.00222997 
689 219.512 2.94293 48944 1378.21 0.679393 0.00164427 0.462162 0.00223128 
690 219.496 3.1877 48917.6 1492.15 0.679508 0.00164551 0.462314 0.00223518 
691 220.485 3.34785 49389.1 1585.13 0.679759 0.00176317 0.462664 0.00239967 
692 219.907 2.96567 49094.2 1397.84 0.679301 0.00160504 0.462037 0.00218354 
693 220.565 2.80706 49409.1 1330 0.679414 0.00152132 0.462199 0.00206939 
694 221.153 3.08575 49649.5 1456.09 0.679638 0.00163713 0.462489 0.00222101 
695 221.324 3.26694 49766.7 1550.05 0.679389 0.00181953 0.462169 0.00247403 
696 221.17 2.9851 49652 1408.37 0.679325 0.00169941 0.462066 0.00230103 
697 221.474 3.10495 49802.2 1483.8 0.679008 0.00168531 0.461637 0.00228943 
698 221.525 2.87993 49793 1363.13 0.679298 0.00166024 0.462015 0.00224876 
