1.4 -1.90124 89400000000
70.3043 1.93336
1 0 0 0 0 0.499942 5.58116e-05 0.499942 5.58116e-05 
2 0 0 0 0 0.5 4.33808e-05 0.374994 4.55733e-05 
3 0 0 0 0 0.499958 4.89007e-05 0.333279 4.78325e-05 
4 0.192613 5.3422e-05 0.192613 5.3422e-05 0.536231 4.10347e-05 0.353255 4.44528e-05 
5 0.260621 8.98012e-05 0.260621 8.98012e-05 0.53922 5.15413e-05 0.343145 5.39699e-05 
6 0.533522 0.00017115 0.764024 0.00030072 0.56331 5.5986e-05 0.362371 6.56527e-05 
7 0.636221 0.000171516 0.94387 0.000290871 0.564275 6.58134e-05 0.356671 7.43365e-05 
8 0.983054 0.000241765 1.93102 0.000707204 0.583243 7.34583e-05 0.374429 8.91769e-05 
9 1.12499 0.000301573 2.35064 0.000968603 0.58482 5.22132e-05 0.372453 6.21082e-05 
10 1.48393 0.000396589 3.74114 0.00162954 0.597814 5.32284e-05 0.385071 6.60139e-05 
11 1.68151 0.000439715 4.5991 0.00194589 0.60068 4.96977e-05 0.386112 6.21615e-05 
12 2.04454 0.000572817 6.42655 0.00323476 0.610278 5.20191e-05 0.395818 6.53539e-05 
13 2.27233 0.000591065 7.69192 0.00354035 0.612878 6.65267e-05 0.397259 8.30983e-05 
14 2.65976 0.000753835 10.1575 0.00526189 0.621209 5.89333e-05 0.406201 7.45871e-05 
15 2.90091 0.000762517 11.798 0.00571016 0.623226 5.93951e-05 0.407389 7.38423e-05 
16 3.30814 0.001039 14.941 0.00859262 0.630387 5.92327e-05 0.415335 7.77583e-05 
17 3.56627 0.0010804 17.0551 0.00968295 0.632173 6.65113e-05 0.416576 8.5892e-05 
18 3.98344 0.00124864 20.8501 0.0125684 0.63827 6.61347e-05 0.423487 8.77116e-05 
19 4.25701 0.00133044 23.473 0.0143895 0.639874 7.09315e-05 0.424709 9.30268e-05 
20 4.68975 0.00152292 28.0438 0.0177921 0.64537 7.59906e-05 0.431131 9.98629e-05 
21 4.9758 0.00164395 31.2039 0.0197983 0.646783 8.4626e-05 0.432275 0.000112268 
22 5.4204 0.00233466 36.5762 0.0323323 0.651685 9.32734e-05 0.438092 0.000123666 
23 5.71234 0.00194037 40.2211 0.0273786 0.652876 7.48892e-05 0.439071 0.000100561 
24 6.16683 0.00215543 46.3978 0.0326538 0.657292 7.94497e-05 0.444397 0.000108138 
25 6.47175 0.00241455 50.678 0.0389225 0.658391 8.47308e-05 0.445356 0.00011054 
26 6.93683 0.00270059 57.7291 0.0459968 0.66246 9.03977e-05 0.45034 0.000122239 
27 7.25035 0.00316099 62.6235 0.0545794 0.663447 9.22916e-05 0.451233 0.000124438 
28 7.72397 0.00489003 70.5895 0.102972 0.667203 0.000159487 0.455902 0.000224893 
29 8.04711 0.00372533 76.1365 0.0738502 0.668019 0.000100912 0.456612 0.00013879 
30 8.52191 0.00380959 84.8737 0.078736 0.671381 9.56772e-05 0.46083 0.000131831 
31 8.8513 0.0041091 91.0575 0.0876942 0.672234 0.000103106 0.461649 0.000142109 
32 9.34138 0.00469687 100.908 0.106369 0.67546 0.000116405 0.465755 0.00016456 
33 9.67746 0.00486452 107.781 0.111624 0.676233 0.000106146 0.466505 0.000152417 
34 10.1692 0.00662104 118.495 0.170638 0.679113 0.000142066 0.470185 0.000202314 
35 10.5069 0.00619789 125.939 0.153769 0.679687 0.000108786 0.470691 0.000150139 
36 11.0144 0.00702751 137.853 0.190686 0.682599 0.000143346 0.474471 0.000204459 
37 11.3488 0.00681404 145.782 0.184376 0.683002 0.000127379 0.474774 0.000180871 
38 11.8623 0.00770837 158.739 0.218541 0.685712 0.000132275 0.478311 0.000188548 
39 12.2119 0.00879296 167.674 0.259074 0.686392 0.000147345 0.479039 0.000211003 
40 12.7219 0.00902934 181.377 0.269588 0.688841 0.000182546 0.48225 0.000267864 
41 13.0782 0.00780716 191.124 0.245164 0.689255 0.00013425 0.482618 0.000191972 
42 13.5972 0.0101656 206.014 0.3438 0.691647 0.00015857 0.485781 0.000234764 
43 13.9549 0.0113814 216.362 0.391044 0.692021 0.000200997 0.486108 0.000294879 
44 14.4815 0.0128887 232.44 0.46709 0.694394 0.000237243 0.489274 0.000351628 
45 14.8376 0.0111542 243.35 0.385302 0.694641 0.000157585 0.489437 0.000228962 
46 15.3738 0.0146449 260.661 0.562034 0.696936 0.000220137 0.492515 0.000328995 
47 15.7538 0.0134513 273.127 0.500076 0.697578 0.000191462 0.493288 0.000279009 
48 16.2721 0.0134788 290.765 0.526656 0.699273 0.000191091 0.495517 0.000278288 
49 16.6527 0.0139977 303.887 0.551381 0.69978 0.000203146 0.496097 0.000296643 
50 17.1738 0.0140697 322.44 0.612811 0.701543 0.00021882 0.498432 0.000328853 
51 17.5633 0.0141228 336.761 0.58815 0.70211 0.000207573 0.49914 0.000310806 
52 18.1201 0.0198812 357.864 0.799138 0.703916 0.000250289 0.501559 0.000367622 
53 18.4895 0.0239826 371.919 1.02834 0.704253 0.000315347 0.501944 0.000462086 
54 19.0073 0.0180477 392.274 0.803548 0.705689 0.00027196 0.50384 0.000400048 
55 19.3874 0.0218947 407.443 1.03228 0.706121 0.00026083 0.50437 0.000387464 
56 19.9314 0.020691 429.953 0.93967 0.707729 0.000253182 0.506536 0.000374876 
57 20.3262 0.019732 446.457 0.904097 0.708088 0.000253324 0.506951 0.0003794 
58 20.8805 0.0361646 470.502 1.69644 0.709847 0.000520039 0.509374 0.00078235 
59 21.2944 0.0388673 488.733 1.92289 0.710358 0.000508439 0.510019 0.000769363 
60 21.9365 0.139001 518.645 7.40947 0.712816 0.00158325 0.513556 0.00241508 
61 22.1987 0.0207717 529.353 1.05711 0.711732 0.000217907 0.511759 0.00032176 
62 22.8107 0.0344884 558.522 1.85162 0.713707 0.000390426 0.514528 0.000580534 
63 23.17 0.0349125 575.409 1.76576 0.713691 0.000386789 0.514418 0.000567384 
64 23.7604 0.059658 605.007 3.27522 0.715389 0.000598129 0.516837 0.000898561 
65 24.0998 0.0334757 621.231 1.85674 0.714993 0.000363402 0.516136 0.000548253 
66 24.6475 0.0347727 648.823 1.8699 0.716344 0.000332727 0.517986 0.000497125 
67 25.0828 0.0387711 671.571 2.23622 0.716861 0.000405581 0.518689 0.000615273 
68 25.7204 0.0944383 705.656 5.78352 0.718866 0.000835205 0.521569 0.00127266 
69 26.0723 0.0434157 723.965 2.57023 0.718483 0.000403042 0.520861 0.000602932 
70 26.5932 0.0471508 752.364 2.79305 0.719351 0.000374218 0.522044 0.000548895 
71 27.0795 0.0554378 779.733 3.44239 0.720352 0.000409387 0.523467 0.000611601 
72 27.6077 0.0592808 809.575 3.89504 0.721298 0.000436405 0.524765 0.000652026 
73 27.9681 0.0403233 829.844 2.42615 0.72104 0.000320941 0.524317 0.000471396 
74 28.5371 0.0356891 863.315 2.29468 0.722179 0.00030892 0.52588 0.00046039 
75 28.9432 0.0432938 887.302 2.89269 0.722376 0.000344398 0.526124 0.000517429 
76 29.5572 0.0521746 924.724 3.51546 0.723795 0.000420792 0.528122 0.000633386 
77 29.9148 0.0452445 945.856 2.97336 0.723918 0.000402697 0.528259 0.000602709 
78 30.4767 0.0449372 981.234 3.08602 0.724888 0.000327581 0.52961 0.000490542 
79 30.9504 0.0445978 1011.28 3.06597 0.725626 0.000383687 0.530654 0.000577935 
80 31.5196 0.0622314 1048.1 4.41004 0.72665 0.000519754 0.532091 0.00077941 
81 31.9341 0.0569902 1074.78 3.94298 0.726641 0.000489577 0.531996 0.000729711 
82 32.5394 0.0707696 1115.38 5.18785 0.727745 0.000587821 0.533583 0.000887719 
83 32.9999 0.0811067 1146.6 6.11135 0.728134 0.000499918 0.534094 0.000744526 
84 33.5844 0.0798221 1186.53 5.91496 0.729395 0.000666615 0.535916 0.00101269 
85 34.0159 0.0849777 1216.23 6.18593 0.729419 0.000538193 0.535871 0.000816294 
86 34.893 0.215461 1282.13 17.4421 0.732396 0.00155722 0.540345 0.00238906 
87 35.003 0.133147 1286.9 10.4539 0.730454 0.000879555 0.537337 0.00133506 
88 35.8005 0.194306 1346.6 15.665 0.732202 0.00117254 0.539882 0.00178271 
89 35.9888 0.146177 1358.56 11.5441 0.731474 0.000599622 0.538727 0.00088901 
90 36.745 0.293183 1417.75 24.4889 0.733331 0.00161867 0.541516 0.00246113 
91 37.4028 0.393302 1469.51 35.2208 0.734726 0.00233549 0.543545 0.00362033 
92 40.5244 1.93581 1755.15 182.995 0.749292 0.0106812 0.566165 0.0166737 
93 38.0243 0.174378 1511.9 14.3617 0.733615 0.000482301 0.541636 0.000686788 
94 38.5862 0.158423 1556.78 13.3044 0.734476 0.000468478 0.542909 0.000684772 
95 39.2028 0.154089 1605.99 13.214 0.73524 0.000492152 0.543945 0.000720672 
96 39.6259 0.120729 1640.06 10.4853 0.735535 0.000445791 0.54441 0.000665366 
97 40.2055 0.133811 1687.31 11.6677 0.736254 0.000615148 0.545428 0.000924411 
98 40.7479 0.130401 1732.55 11.5549 0.736795 0.000487371 0.546205 0.000726674 
99 41.2402 0.137924 1773.56 12.2179 0.737394 0.000714725 0.547071 0.00108406 
100 41.8854 0.145742 1829.91 13.3082 0.738568 0.000780484 0.548776 0.00120345 
101 42.3962 0.137882 1873.68 12.6277 0.739172 0.000677032 0.549643 0.0010306 
102 42.8476 0.145648 1912.79 13.5429 0.739456 0.000833633 0.55007 0.0012909 
103 43.2923 0.126644 1951.98 12.0939 0.739997 0.000906134 0.550886 0.00141241 
104 43.956 0.154403 2010.97 14.4053 0.740908 0.000985939 0.552189 0.00150598 
105 44.5159 0.175045 2062.49 17.2949 0.741332 0.00113669 0.552823 0.00179401 
106 44.9888 0.145331 2106.16 14.2372 0.741692 0.000849164 0.553316 0.00130771 
107 45.5012 0.186507 2153.48 18.6757 0.742128 0.00112862 0.55394 0.00174399 
108 46.0324 0.172417 2203.35 17.5584 0.742533 0.00111624 0.554499 0.00173161 
109 46.7849 0.322884 2277.02 33.5223 0.744588 0.00185929 0.557645 0.00287677 
110 47.3169 0.323878 2327.81 34.3662 0.744598 0.00189115 0.557598 0.00294271 
111 47.7859 0.427969 2375.47 46.7159 0.744637 0.00230824 0.55765 0.00359625 
112 48.3307 0.351106 2427.09 38.7597 0.744482 0.00183837 0.557296 0.00285941 
113 48.9382 0.615934 2492.96 70.1003 0.745828 0.00298048 0.559433 0.00464671 
114 49.2636 0.183112 2518.31 20.3707 0.745125 0.000957887 0.558188 0.00148872 
115 49.7363 0.239904 2568.92 27.3253 0.745436 0.00136162 0.558721 0.00214689 
116 50.1983 0.123695 2611.16 13.0411 0.744824 0.000570006 0.557598 0.00086503 
117 50.5988 0.129192 2653.9 14.1985 0.744976 0.000573913 0.557843 0.000876571 
118 51.1701 0.134589 2711.32 14.637 0.745728 0.000616934 0.558906 0.000937886 
119 51.6713 0.181219 2764.92 20.6074 0.745742 0.000735563 0.558906 0.00112421 
120 52.263 0.122731 2826.57 13.9863 0.74643 0.000657209 0.55991 0.00100672 
121 52.5623 0.118269 2856.24 12.4271 0.745887 0.0006304 0.559031 0.000934154 
122 53.237 0.115566 2930.47 12.9583 0.746475 0.000543692 0.559902 0.00082612 
123 53.6739 0.120099 2978.81 13.6879 0.746995 0.000610579 0.560703 0.000931787 
124 54.3595 0.146939 3054.6 17.6235 0.747716 0.000610371 0.561748 0.000931095 
125 54.8755 0.146911 3112.49 17.4149 0.748433 0.000762619 0.562846 0.00116525 
126 55.3452 0.142014 3163.4 17.0931 0.748373 0.000715322 0.562706 0.00109959 
127 55.9004 0.164343 3227.36 18.6862 0.748963 0.000816267 0.563578 0.00122977 
128 56.4726 0.146371 3291.98 17.359 0.749033 0.000832485 0.563663 0.00127779 
129 57.1844 0.232027 3375.89 25.9287 0.750458 0.00109113 0.565781 0.00161161 
130 57.76 0.236039 3443.05 26.882 0.750423 0.000868593 0.565681 0.00131764 
131 58.5601 0.38621 3540.39 45.5139 0.752307 0.00181748 0.56856 0.00271263 
132 58.9674 0.229616 3588.61 28.3331 0.752123 0.00100493 0.568235 0.00152525 
133 59.6611 0.377709 3674.32 46.7496 0.752733 0.00152466 0.569144 0.00228033 
134 60.0808 0.243098 3723.93 30.1297 0.752557 0.00105027 0.568847 0.00158991 
135 60.7024 0.412352 3802.1 51.2063 0.753419 0.00165154 0.57018 0.00248514 
136 61.5829 0.34565 3913.6 44.8574 0.754647 0.00119754 0.572009 0.00181649 
137 61.9547 0.430929 3958.67 56.6722 0.754185 0.00146563 0.571265 0.00222372 
138 62.7761 0.451176 4066.24 62.0295 0.755087 0.00135559 0.572614 0.00206038 
139 64.0309 1.44172 4241.22 204.199 0.757346 0.0041403 0.576085 0.00634883 
140 63.3895 0.469631 4142.63 65.4098 0.75397 0.000901646 0.570856 0.00136952 
141 64.3643 0.707417 4273.49 99.6735 0.755314 0.00123325 0.57288 0.00185796 
142 64.6843 0.458027 4311.14 64.2673 0.75489 0.000874784 0.572181 0.00131903 
143 65.4408 0.70008 4415.36 100.086 0.75554 0.00127153 0.573159 0.00190533 
144 65.457 0.316435 4407.41 44.2638 0.755109 0.000975028 0.572498 0.00150224 
145 66.3509 0.549658 4532.79 78.4435 0.756542 0.00119677 0.574671 0.00183072 
146 66.7929 0.368194 4590.94 52.7221 0.756489 0.000937661 0.574603 0.00143101 
147 67.466 0.419 4683.75 61.4729 0.756565 0.000896878 0.574636 0.00137914 
148 67.8002 0.431912 4727 63.6247 0.756332 0.000851392 0.574285 0.00129159 
149 68.4628 0.46998 4820.83 69.8008 0.757106 0.00101106 0.575443 0.00154001 
150 68.9942 0.388912 4892.22 57.6826 0.757458 0.00107709 0.575952 0.00166422 
151 69.4396 0.417306 4958.07 62.5184 0.757427 0.000951645 0.57593 0.00146483 
152 70.0131 0.356712 5039.8 53.2152 0.757992 0.000971652 0.576815 0.00149432 
153 70.5693 0.39792 5118.21 59.2119 0.758016 0.00110233 0.576778 0.00167971 
154 70.9307 0.329927 5170.65 49.7766 0.75814 0.00086466 0.57699 0.00132633 
155 71.8549 0.401852 5307.29 61.2918 0.759217 0.00109618 0.57863 0.00168188 
156 72.1035 0.403491 5338.49 59.8682 0.758454 0.00104345 0.577373 0.00156993 
157 72.407 0.411851 5381.79 62.6006 0.75825 0.000996465 0.577043 0.00151952 
158 73.3869 0.561832 5529.81 85.3531 0.759869 0.00157787 0.579511 0.00238926 
159 73.7057 0.604885 5572.66 92.596 0.75984 0.00147013 0.579457 0.00222569 
160 74.7902 0.841379 5736.43 127.731 0.761372 0.002629 0.581753 0.00400067 
161 75.0545 0.836154 5778.69 131.802 0.761129 0.0023489 0.581424 0.00359227 
162 76.107 1.14485 5944.4 184.114 0.762996 0.00316437 0.58433 0.00486785 
163 77.2624 1.19452 6129.65 193.866 0.765587 0.00405084 0.588339 0.00628494 
164 77.5635 1.39412 6177.72 230.478 0.764212 0.00351294 0.586119 0.00541108 
165 77.2557 0.724067 6120.52 121.219 0.762424 0.00225526 0.583385 0.00352782 
166 77.1596 0.414907 6098.03 67.7574 0.760354 0.00126208 0.580137 0.00194125 
167 78.1066 0.37576 6252.63 63.7385 0.761693 0.00121719 0.5822 0.00188016 
168 78.2587 0.376349 6270.81 61.6853 0.760769 0.0013599 0.580756 0.00210079 
169 78.8005 0.316014 6357.26 53.6601 0.761167 0.00131677 0.581372 0.00204617 
170 79.5579 0.440382 6481.03 74.2385 0.762 0.00155754 0.58267 0.00240741 
171 79.552 0.325441 6478.78 53.7047 0.760336 0.00130898 0.580095 0.00202328 
172 80.003 0.335561 6550.84 56.6112 0.760261 0.000985524 0.579943 0.00151995 
173 80.8131 0.315078 6687.58 53.6893 0.761417 0.00111208 0.581769 0.00173487 
174 81.6715 0.423378 6827.27 73.4666 0.761967 0.00145885 0.582573 0.00229939 
175 81.8841 0.347031 6862.82 60.0089 0.76137 0.0013795 0.581644 0.00217079 
176 82.4494 0.331428 6952.85 57.2883 0.760957 0.00130191 0.580935 0.00203286 
177 82.7877 0.312422 7011.19 53.4918 0.761046 0.000823066 0.581063 0.00126703 
178 83.6176 0.39695 7149.87 68.0388 0.761816 0.000982899 0.582227 0.00151383 
179 83.8854 0.352338 7200.06 62.5334 0.761565 0.00102667 0.581877 0.00160702 
180 84.8208 0.514722 7366.4 95.6544 0.762805 0.00155922 0.583826 0.00243585 
181 85.7496 0.723035 7531.07 134.545 0.764565 0.00269489 0.586649 0.00426223 
182 85.2679 0.303109 7431.87 54.6853 0.760505 0.00122841 0.580209 0.00188887 
183 85.7803 0.313439 7521.42 57.0139 0.761159 0.00104679 0.581208 0.00162752 
184 86.287 0.309842 7604.96 57.7882 0.760517 0.00112889 0.580167 0.0017445 
185 87.1325 0.321308 7760.65 58.4087 0.762282 0.000974134 0.582901 0.00150876 
186 87.747 0.332904 7867.84 61.5948 0.762698 0.00106702 0.583488 0.00165986 
187 88.1396 0.374482 7940.79 72.0859 0.76268 0.00119471 0.583517 0.0018543 
188 88.8703 0.446299 8069.76 84.3535 0.763423 0.00119908 0.584594 0.00186071 
189 89.5483 0.428726 8191.98 82.4525 0.764205 0.00153571 0.585794 0.00239954 
190 90.2182 0.524028 8309.73 99.197 0.764358 0.00119743 0.585949 0.00185261 
191 90.618 0.357704 8383.89 68.6272 0.764609 0.00110247 0.586376 0.00172408 
192 91.3426 0.491937 8518.88 95.4325 0.765159 0.00118026 0.587163 0.00183394 
193 92.2771 0.413895 8688.53 79.1471 0.766407 0.00124844 0.589094 0.00193742 
194 92.8561 0.565056 8791.15 107.089 0.766118 0.00144916 0.588552 0.00225958 
195 93.2648 0.497685 8881.13 98.7672 0.766398 0.00136427 0.589108 0.00215103 
196 93.9117 0.676364 9008.55 139.709 0.766723 0.00179976 0.589608 0.00284163 
197 94.8156 0.720489 9182.31 149.391 0.767862 0.00194573 0.591367 0.00307151 
198 94.7839 0.529928 9165.44 106.725 0.766598 0.00150601 0.589331 0.00235419 
199 95.732 0.825756 9354.49 168.796 0.767763 0.0023153 0.591172 0.00361666 
200 95.7572 0.538609 9355.15 110.915 0.766952 0.0015883 0.589921 0.00249128 
201 95.7145 0.416592 9340.44 84.3006 0.765009 0.00130248 0.586863 0.00203596 
202 95.9356 0.369555 9382.63 72.4446 0.76461 0.00111268 0.58624 0.00168292 
203 96.6489 0.391824 9519.38 76.2041 0.764953 0.00112701 0.586739 0.00173915 
204 97.2386 0.452836 9631.52 87.3773 0.765277 0.00195731 0.587253 0.00296963 
205 97.8154 0.386832 9748.03 74.7396 0.765427 0.0012607 0.587433 0.00194884 
206 98.7587 0.465027 9936.63 91.5048 0.767081 0.00131418 0.589972 0.00201994 
207 98.7524 0.43092 9935.66 86.6117 0.765756 0.00127098 0.587947 0.00197352 
208 99.654 0.397188 10121.5 81.559 0.766806 0.00100448 0.589576 0.0015473 
209 99.9787 0.419624 10183.3 84.8076 0.766392 0.00103532 0.588911 0.00159995 
210 100.62 0.386842 10311.6 79.476 0.766882 0.00101547 0.589651 0.00156812 
211 101.338 0.440909 10461 98.378 0.767426 0.00103728 0.590486 0.0016129 
212 101.545 0.370916 10500.2 77.8919 0.766047 0.001036 0.588337 0.00160699 
213 102.226 0.431639 10638.5 90.3173 0.766731 0.000994731 0.589366 0.00153867 
214 103.379 0.580348 10887.4 123.13 0.767759 0.00138375 0.590992 0.00214785 
215 103.358 0.520291 10874.5 110.61 0.76685 0.00122578 0.589517 0.00190419 
216 104.516 0.707074 11121.8 140.298 0.765911 0.00136789 0.588055 0.00211731 
217 104.917 0.618507 11207.8 136.836 0.767828 0.0012624 0.591018 0.00195614 
218 104.912 0.413606 11209.5 87.0776 0.766863 0.00103085 0.589605 0.00159117 
219 105.9 0.412783 11410.2 88.9284 0.768166 0.000930234 0.591518 0.00143783 
220 106.445 0.578486 11534.7 123.437 0.768499 0.0012076 0.59209 0.00185268 
221 107.386 0.50369 11725.1 108.178 0.76976 0.0010486 0.593892 0.00158832 
222 107.387 0.611512 11738.8 135.115 0.768366 0.0011729 0.591833 0.00179876 
223 108.941 0.693035 12070.8 152.972 0.770587 0.00146039 0.595167 0.00224514 
224 108.875 0.933004 12076.4 219.722 0.769642 0.00175838 0.593823 0.00274934 
225 109.805 0.663802 12273.2 154.221 0.770203 0.00130886 0.594611 0.00205775 
226 109.492 0.559258 12196.4 127.695 0.769101 0.00105581 0.592909 0.0016387 
227 110.891 1.08495 12517.7 256.789 0.770543 0.00201642 0.595177 0.0031713 
228 110.698 0.678919 12469.1 150.651 0.769468 0.00120391 0.593483 0.00186802 
229 111.891 1.24844 12748.7 299.31 0.770919 0.00195772 0.595742 0.00304669 
230 112.609 1.17706 12904 281.632 0.771887 0.00234831 0.597216 0.00367686 
231 114.059 1.52867 13258.5 377.756 0.772691 0.00240496 0.598504 0.00378103 
232 114.412 1.65538 13335.2 407.473 0.772688 0.0030806 0.598512 0.00486871 
233 115.167 2.06206 13523.5 522.531 0.77254 0.00316788 0.598275 0.0050054 
234 115.427 1.38941 13569.7 347.426 0.772356 0.00233445 0.597977 0.00369793 
235 114.732 0.610003 13373 145.059 0.769972 0.00105504 0.594157 0.00167035 
236 115.475 0.599402 13540.2 140.097 0.76996 0.00102991 0.594092 0.00162108 
237 115.521 0.577447 13547.6 132.062 0.770133 0.000962469 0.594409 0.00150197 
238 116.342 0.749615 13746.6 175.105 0.770506 0.0009679 0.594984 0.00151709 
239 116.897 0.809129 13870.3 191.266 0.770717 0.00104542 0.595273 0.00163618 
240 117.178 0.734113 13938.6 172.016 0.769947 0.00101563 0.594083 0.0015783 
241 118.465 1.38534 14252.9 338.611 0.770915 0.00147152 0.595582 0.00233641 
242 118.415 0.8476 14230.3 201.126 0.770214 0.00122539 0.594483 0.00190093 
243 119.559 1.05814 14507.2 255.329 0.771048 0.00120447 0.595755 0.00190783 
244 120.446 0.95834 14729.7 233.234 0.772179 0.00160151 0.597533 0.00254714 
245 121.82 1.42392 15077.1 353.453 0.773625 0.00210482 0.59979 0.00333253 
246 123.031 1.56244 15381.5 393.405 0.775111 0.00335497 0.602143 0.00526089 
247 124.253 1.65027 15686.4 417.97 0.776958 0.00332302 0.605037 0.00525758 
248 125.702 2.00336 16070.5 518.551 0.779347 0.00415973 0.608833 0.00653563 
249 126.234 1.96537 16213.9 517.028 0.778563 0.00374829 0.607582 0.00594852 
250 125.268 1.70116 15964.5 456.981 0.775212 0.00241178 0.602291 0.00383936 
251 126.015 1.72849 16152.1 467.727 0.77567 0.00237231 0.602982 0.00378272 
252 126.007 1.21448 16143.1 327.593 0.774824 0.00176924 0.601654 0.0027989 
253 126.783 1.66372 16340.2 449.083 0.774885 0.00195375 0.601711 0.00304276 
254 126.217 0.7881 16182.7 204.278 0.774322 0.00155057 0.600901 0.00245961 
255 127.047 1.02095 16371.2 257.023 0.774072 0.00120704 0.600339 0.00189538 
256 126.657 0.614104 16275.3 156.333 0.772859 0.000990675 0.598503 0.00154671 
257 127.53 0.749826 16493.3 190.73 0.773523 0.00106311 0.599505 0.00166084 
258 127.825 0.656646 16577.1 172.973 0.773723 0.00114376 0.599864 0.0017927 
259 128.324 0.689203 16696.3 177.017 0.773133 0.00110564 0.598878 0.00172624 
260 128.946 0.698529 16863 178.295 0.773934 0.00122256 0.600147 0.00192154 
261 129.612 0.715082 17022.7 177.918 0.773404 0.00116732 0.599264 0.00182788 
262 130.033 0.726161 17135.3 184.648 0.773803 0.00152317 0.599916 0.00237041 
263 130.386 0.564044 17229.8 145.524 0.77338 0.00113655 0.599234 0.00177366 
264 131.488 0.786128 17522.9 202.81 0.775576 0.00166668 0.60269 0.00258999 
265 131.576 0.774467 17562.9 202.808 0.773921 0.00136782 0.600148 0.00212105 
266 132.578 0.960171 17825.2 251.186 0.775946 0.00191953 0.603287 0.00298814 
267 132.634 1.03021 17845.1 282.117 0.774402 0.00180416 0.600862 0.00282081 
268 132.5 0.900495 17799 230.084 0.773722 0.00164454 0.59982 0.00254469 
269 132.995 1.05817 17926.7 271.591 0.774098 0.00186529 0.600369 0.00287767 
270 133.46 0.928361 18060.2 242.788 0.774435 0.00180798 0.600954 0.0028101 
271 133.811 1.27937 18143.5 334.293 0.774547 0.0024466 0.601085 0.00376498 
272 134.398 1.40382 18301 367.342 0.775018 0.00282014 0.601815 0.00435486 
273 135.902 1.31247 18712.5 341.125 0.777347 0.00279027 0.605449 0.00430833 
274 136.269 1.47355 18813.5 388.603 0.776771 0.00333823 0.604544 0.00517015 
275 136.987 1.41727 19008.1 376.79 0.776932 0.00301343 0.604753 0.00467879 
276 137.896 1.96651 19263 527.462 0.777876 0.00430341 0.606231 0.00665899 
277 137.612 1.71211 19185.3 462.94 0.776087 0.00370407 0.603456 0.00573442 
278 138.534 2.10362 19450.8 571.053 0.776929 0.00427531 0.60478 0.00660292 
279 138.228 1.82705 19370.9 499.757 0.775089 0.00373155 0.601946 0.00578797 
280 139.312 1.46632 19678.4 401.951 0.776026 0.00278389 0.603395 0.0043245 
281 138.882 1.95518 19564.7 535.017 0.774267 0.00380753 0.600732 0.00588836 
282 139.483 1.95169 19738.8 536.704 0.774351 0.00369998 0.60084 0.00571432 
283 139.88 1.97368 19846.8 545.204 0.774403 0.00361322 0.600947 0.00558533 
284 140.024 1.97508 19885.1 545.676 0.773895 0.00391513 0.600148 0.00604068 
285 140.858 2.11417 20102.2 586.56 0.775039 0.00434997 0.601869 0.00672318 
286 141.988 1.94972 20448.6 542.463 0.775585 0.00378877 0.60278 0.005852 
287 142.975 1.64705 20718.4 470.232 0.778204 0.00374725 0.606935 0.00591471 
288 144.083 1.74616 21059.8 513.915 0.778128 0.003587 0.606755 0.00561828 
289 144.783 1.76817 21232.9 493.994 0.779175 0.00399647 0.608334 0.0062008 
290 144.865 2.14051 21259.3 613.777 0.777611 0.00445274 0.60586 0.00692219 
291 145.67 2.09109 21500.2 598.625 0.777988 0.0044822 0.60648 0.00696986 
292 145.492 2.26203 21453.5 658.82 0.775936 0.00403501 0.603221 0.00626238 
293 146.013 1.77334 21618.4 518.407 0.774989 0.0034754 0.601783 0.00540744 
294 145.248 2.1539 21377.2 625.146 0.772812 0.00418274 0.598328 0.00646566 
295 146.281 2.41188 21689 707.181 0.773808 0.00450706 0.599883 0.00698095 
296 146.576 2.61682 21774.1 776.897 0.773434 0.00444748 0.599276 0.00688462 
297 148.908 2.23695 22472.5 668.908 0.775528 0.00339818 0.602487 0.00524791 
298 147.255 2.1025 21985.4 642.391 0.773276 0.00320719 0.599062 0.00499806 
299 147.809 1.74711 22144.8 519.411 0.773976 0.00370112 0.60024 0.00578433 
300 148.68 1.78216 22409.1 534.665 0.774153 0.00358568 0.600521 0.00561668 
301 151.523 3.04771 23297.4 932.435 0.781561 0.00772522 0.612473 0.0123084 
302 148.329 1.67084 22273 492.51 0.771024 0.00322683 0.595475 0.00497677 
303 149.106 1.77318 22516.5 525.002 0.771741 0.00338099 0.596668 0.00522112 
304 150.433 1.71919 22906 516.294 0.772354 0.00312421 0.597515 0.00483056 
305 150.353 1.95903 22894.7 586.2 0.772265 0.00374126 0.597488 0.00577341 
306 151.289 1.69164 23166.6 506.683 0.772039 0.0032049 0.597055 0.00495408 
307 151.687 1.65827 23301.7 505.379 0.772145 0.0030706 0.597293 0.00477368 
308 151.65 2.06024 23284.3 623.322 0.771339 0.00378056 0.596007 0.00583743 
309 152.282 2.27762 23479.2 699.587 0.771493 0.00430279 0.596246 0.006677 
310 153.014 2.16754 23703.6 668.732 0.771548 0.00402492 0.596296 0.00623556 
311 153.789 2.29707 23948.7 714.905 0.772256 0.00430031 0.597407 0.00666038 
312 153.845 1.89442 23963.9 585.835 0.771617 0.00344124 0.596456 0.0053155 
313 154.362 1.99464 24124 618.916 0.771486 0.00355641 0.59624 0.00549608 
314 155.544 2.21056 24486.9 692.798 0.771947 0.00387707 0.596908 0.00602022 
315 155.551 1.99157 24494.8 625.529 0.771749 0.00348466 0.59664 0.0054046 
316 157.156 2.3788 25004.7 752.801 0.772879 0.00393423 0.598371 0.00610901 
317 156.879 2.40144 24901.2 761.906 0.771848 0.00417884 0.596726 0.00649955 
318 157.903 2.53688 25219 812.698 0.772756 0.00440153 0.598125 0.00685661 
319 158.341 1.96945 25372.1 619.799 0.773132 0.00339422 0.598773 0.00525877 
320 159.56 2.06685 25760.8 655.927 0.774063 0.00329948 0.600194 0.00508675 
321 159.176 1.90378 25621.3 610.714 0.77243 0.00329597 0.597623 0.0051277 
322 160.477 2.23534 26042.1 718.279 0.773477 0.00354543 0.599247 0.00549146 
323 161.132 2.18682 26244.6 705.518 0.773837 0.00368692 0.599761 0.00570692 
324 161.25 2.13604 26298.2 693.385 0.7736 0.00353244 0.59943 0.00550212 
325 162.429 2.7616 26687.5 911.968 0.774365 0.00457869 0.600575 0.00713448 
326 161.746 1.55691 26443.7 506.248 0.77267 0.00271133 0.59795 0.0042083 
327 163.06 1.71371 26877 560.641 0.773897 0.00275178 0.599867 0.00428755 
328 163.655 1.64894 27062.6 539.257 0.774006 0.00270263 0.60002 0.00420094 
329 164.359 1.59817 27308.2 530.243 0.774201 0.00237611 0.60034 0.00369925 
330 164.671 1.36274 27403.2 444.862 0.773593 0.00220568 0.599378 0.00342308 
331 165.365 1.60559 27643.7 533.237 0.773883 0.00231205 0.59984 0.00359403 
332 166.468 1.62242 28020.9 536.538 0.77487 0.00250363 0.60138 0.00388948 
333 167.115 1.94502 28233.5 650.86 0.774714 0.00296154 0.601119 0.00458982 
334 167.318 2.09499 28297.3 697.395 0.775342 0.00345268 0.602145 0.00536262 
335 168.571 2.11956 28741.3 718.963 0.775143 0.00345408 0.601865 0.00536186 
336 168.043 1.74436 28544 585.535 0.774528 0.00267622 0.600872 0.00415222 
337 170.269 2.37238 29334 810.442 0.776214 0.00384527 0.603539 0.00596307 
338 169.405 1.85525 28993.8 624.596 0.775083 0.00288823 0.601677 0.0044892 
339 171.33 2.26302 29681.1 765.675 0.776928 0.00364911 0.604617 0.00567635 
340 170.737 1.85667 29445.1 628.37 0.775185 0.00271903 0.601807 0.00421572 
341 172.583 2.03187 30075.9 688.009 0.775473 0.0027087 0.602223 0.00421372 
342 172.396 2.02908 30011.5 688.602 0.775548 0.00263866 0.602341 0.00408152 
343 174.169 2.34983 30640.4 804.243 0.777349 0.00307134 0.605124 0.00479281 
344 173.027 1.70698 30252.7 594.693 0.777141 0.00275872 0.604903 0.00430769 
345 173.98 2.31311 30624.9 807.191 0.777883 0.00367705 0.60622 0.00577834 
346 173.914 2.60294 30587 905.51 0.776171 0.00398001 0.603443 0.00619239 
347 177.122 2.57591 31761.1 907.765 0.781343 0.00401692 0.611658 0.00630538 
348 174.918 1.89138 30919.6 664.765 0.777134 0.00297084 0.604909 0.00463568 
349 177.05 1.94028 31711.5 698.887 0.779524 0.00360576 0.608801 0.00573065 
350 176.356 1.64666 31446.7 589.846 0.777283 0.00275976 0.605218 0.00435898 
351 177.973 2.42874 32038.8 883.432 0.7795 0.00387154 0.608762 0.00615957 
352 177.047 1.69716 31678.4 606.844 0.776683 0.00269865 0.604169 0.00422297 
353 177.991 1.79321 32016.7 648.915 0.776549 0.0028101 0.60397 0.0044023 
354 177.833 1.7847 31944.7 642.613 0.775773 0.00275211 0.602697 0.00428487 
355 180.296 2.02203 32841.4 724.92 0.777737 0.00276592 0.605748 0.00431641 
356 179.736 1.47929 32616.1 530.632 0.775928 0.0024059 0.602899 0.00374079 
357 181.411 1.55031 33231.3 563.203 0.776574 0.00265941 0.603939 0.00415731 
358 180.338 1.52854 32833.5 554.511 0.775225 0.00251415 0.601813 0.00391777 
359 182.161 1.52155 33447.4 549.767 0.773497 0.00300926 0.599044 0.00472439 
360 181.502 1.91476 33266.5 686.88 0.775373 0.00290161 0.602038 0.0045185 
361 185.181 1.18516 34461.4 413.34 0.76785 0.00299853 0.590088 0.00475587 
362 183.088 2.02504 33860.3 745.63 0.777665 0.00302989 0.605649 0.00473391 
363 184.142 2.1466 34272.2 799.671 0.777952 0.00294639 0.606125 0.00461504 
364 184.6 1.98045 34430.3 742.827 0.778426 0.00293711 0.606837 0.00460712 
365 185.497 2.01455 34795.9 755.64 0.778471 0.00298993 0.60695 0.00467918 
366 185.437 1.84447 34741.8 698.022 0.777896 0.0025461 0.605975 0.00398039 
367 186.529 1.88872 35180.6 718.188 0.77829 0.00270749 0.606619 0.00424132 
368 186.482 1.96839 35146.1 739.248 0.778703 0.00303259 0.607285 0.00474236 
369 186.499 1.94047 35147.6 735.128 0.778027 0.00274746 0.606228 0.00429306 
370 186.606 1.75064 35183.6 672.869 0.776566 0.00276792 0.603929 0.00432553 
371 188.314 2.25554 35852.9 881.782 0.778235 0.00317105 0.606541 0.00495878 
372 187.859 1.98984 35650.9 759.064 0.77691 0.00329993 0.604503 0.00517411 
373 189.82 1.73881 36413.3 668.965 0.77934 0.00308401 0.608295 0.00485593 
374 190.496 1.93407 36682.7 752.362 0.779652 0.00340042 0.608821 0.00535866 
375 190.361 2.05167 36609.6 793.438 0.779256 0.00348183 0.608143 0.00546697 
376 190.911 1.68356 36826.3 658.379 0.778416 0.00260942 0.60686 0.0040983 
377 191.224 1.65249 36943.1 644.815 0.778234 0.00241701 0.606539 0.00379462 
378 192.059 1.69836 37242.3 662.266 0.777649 0.00261637 0.605619 0.00409714 
379 192.763 2.32208 37544.7 909.555 0.778817 0.00302068 0.607426 0.0047461 
380 192.907 1.74372 37597.8 686.79 0.778502 0.00262556 0.606979 0.00412839 
381 193.727 2.33601 37926.9 929.123 0.778752 0.00343308 0.607369 0.00542674 
382 193.933 1.64728 37983.7 652.96 0.777933 0.00260828 0.606055 0.00409495 
383 194.364 2.44045 38158 980.126 0.777685 0.00344747 0.605663 0.00542982 
384 195.571 2.04596 38620.9 832.185 0.778224 0.00334952 0.60648 0.0052892 
385 196.233 1.81038 38914.1 738.759 0.778919 0.00276287 0.607639 0.00436635 
386 196.482 1.73931 38985.9 698.878 0.778521 0.00285421 0.606955 0.00450096 
387 197.539 2.26027 39419.1 923.379 0.779567 0.00353703 0.608607 0.00559529 
388 197.427 1.90973 39362.7 780.585 0.778057 0.00283473 0.606225 0.00446764 
389 197.76 1.7123 39490.9 699.011 0.778336 0.0028056 0.60666 0.00443072 
390 198.218 2.20876 39634.4 900.546 0.777285 0.00356998 0.60496 0.0056217 
391 198.453 1.76935 39756.4 735.355 0.777449 0.00295656 0.605299 0.00465442 
392 199.737 1.85038 40249.7 752.416 0.778047 0.0025957 0.606172 0.00409452 
393 200.665 1.82352 40643.5 757.323 0.778765 0.00243624 0.607268 0.00384499 
394 200.943 2.01457 40726 817.947 0.778121 0.00287784 0.606239 0.00451256 
395 201.156 1.75516 40812.6 722.289 0.77864 0.00249397 0.607048 0.00392394 
396 202.234 2.04859 41256.1 845.685 0.77845 0.00247599 0.606765 0.00391765 
397 202.548 1.81752 41353.9 762.804 0.778898 0.0030402 0.607428 0.0047579 
398 202.842 1.88505 41480.3 773.341 0.777336 0.00256752 0.604987 0.00401331 
399 202.138 1.61813 41174.7 666.734 0.77576 0.00249519 0.602527 0.00390704 
400 203.498 1.7552 41731.3 723.441 0.775529 0.00251334 0.602158 0.00392913 
401 203.511 1.84737 41759.5 775.197 0.776666 0.00342897 0.60402 0.00539078 
402 203.701 1.91154 41801.5 806.72 0.772705 0.00418013 0.5978 0.00650438 
403 204.987 2.17349 42360.8 923.058 0.77743 0.00409493 0.605226 0.00647539 
404 205.007 2.56985 42333.7 1078.62 0.775104 0.00397332 0.601471 0.00620487 
405 205.871 1.56193 42691.8 642.283 0.776008 0.00370757 0.602893 0.00577824 
406 206.793 1.67524 43072.4 699.515 0.775527 0.00302923 0.602122 0.00471997 
407 207.601 2.43399 43407.8 1013.4 0.776829 0.00434851 0.604203 0.0067776 
408 207.941 2.00476 43545 839.542 0.775279 0.00349718 0.601748 0.0054604 
409 208.795 2.56959 43902.1 1076.92 0.776729 0.00433717 0.60403 0.00676425 
410 209.48 2.43639 44209.9 1043.96 0.776332 0.00393094 0.603453 0.00618712 
411 210.487 2.34486 44607.2 984.671 0.776874 0.00426491 0.604208 0.0066373 
412 210.909 2.02288 44740.9 856.952 0.774164 0.00463784 0.599989 0.00724034 
413 212.96 2.09415 45627.2 872.088 0.779053 0.00382621 0.607568 0.00597017 
414 211.681 1.5916 45094.3 682.994 0.774621 0.0028985 0.600701 0.00453014 
415 212.417 2.32534 45405.5 994.308 0.774844 0.00452132 0.601035 0.0070649 
416 212.917 2.0629 45617.9 888.82 0.7742 0.00440332 0.600041 0.00689015 
417 213.744 1.69514 45957.9 730.566 0.773488 0.00408395 0.598903 0.00636326 
418 214.618 1.68674 46288.6 697.966 0.771381 0.00407254 0.595582 0.00636517 
419 215.421 1.72233 46658.2 728.83 0.774177 0.00374555 0.599928 0.00585393 
420 216.117 1.42841 46964.4 623.666 0.77686 0.00273463 0.604071 0.00428622 
421 216.754 1.61756 47271.4 687.195 0.776035 0.0033489 0.60287 0.00525195 
422 217.73 1.59435 47675.4 675.877 0.777822 0.00256866 0.605585 0.00402486 
423 217.612 1.80843 47662.7 773.627 0.776426 0.00328256 0.603504 0.00514948 
424 219.705 1.82948 48570.2 810.109 0.776952 0.00408966 0.604293 0.00642059 
425 220.016 1.73759 48695.3 761.209 0.774703 0.00464846 0.6008 0.00729219 
426 221.317 1.98824 49268.4 868.315 0.777205 0.00460174 0.604672 0.00721915 
427 221.074 2.29462 49174.2 991.344 0.776557 0.00323251 0.603671 0.00508416 
428 222.224 2.72643 49719.8 1212.05 0.779927 0.00387395 0.608949 0.00609491 
429 221.286 2.62596 49330.2 1157.61 0.78022 0.00299822 0.609441 0.00472574 
430 222.289 2.46526 49783.8 1098.32 0.781675 0.00313617 0.611699 0.004936 
431 222.065 2.32183 49685.4 1046.77 0.78046 0.00294473 0.609812 0.00463445 
432 224.423 3.06941 50759.5 1391.9 0.78216 0.00320638 0.612452 0.00507554 
433 223.089 2.29953 50136.7 1044.23 0.780733 0.00312969 0.610215 0.00492235 
434 225.691 2.91438 51328 1342.22 0.782426 0.00323394 0.612822 0.00508631 
435 224.018 2.08205 50545.9 964.954 0.781086 0.00282939 0.610738 0.0044941 
436 225.725 2.39196 51333.2 1113.69 0.782527 0.00339839 0.612994 0.00536833 
437 224.836 1.9828 50911 914.384 0.782214 0.00325025 0.612545 0.00514953 
438 225.003 1.77792 50995.2 812.976 0.781479 0.00248028 0.611377 0.00389771 
439 226.209 2.29733 51542.9 1055.09 0.783312 0.00375705 0.614282 0.00591971 
440 226.527 2.07005 51673.7 951.465 0.783012 0.00309082 0.613823 0.00489793 
441 227.097 1.94368 51940.5 909.05 0.783833 0.0041334 0.615119 0.00652952 
442 227.123 1.99484 51933.8 911.632 0.781563 0.00346342 0.611516 0.00546197 
443 228.926 2.61994 52751.8 1212.19 0.784854 0.00452776 0.616702 0.00713495 
444 228.518 2.26407 52571.8 1045.42 0.782289 0.00451605 0.61265 0.00714675 
445 231.655 1.93678 53988.1 891.464 0.78799 0.0042734 0.621611 0.00674925 
446 230.065 2.97592 53249.2 1390.42 0.783482 0.00559725 0.614503 0.00887727 
447 231.395 2.62259 53881.2 1241.97 0.785173 0.00466666 0.617187 0.00743627 
448 233.416 2.84448 54835.2 1318.68 0.787861 0.00634311 0.621489 0.0100649 
449 235.212 3.75395 55701.2 1760.95 0.79015 0.007176 0.625164 0.0114101 
450 234.83 3.23421 55521.6 1515.46 0.788057 0.00543863 0.621784 0.00863141 
451 231.58 2.01379 53967.6 948.558 0.780423 0.00272008 0.609587 0.00428844 
452 232.768 2.81646 54569 1326.8 0.780959 0.00400217 0.610538 0.00631313 
453 234.154 2.03183 55143.4 963.632 0.78149 0.00251053 0.611223 0.00394645 
454 233.215 2.14639 54790.2 1053.41 0.780341 0.00304598 0.609554 0.004835 
455 232.606 2.34996 54485.8 1134.26 0.779515 0.00250235 0.608205 0.00395312 
456 232.767 2.44528 54538.3 1200.04 0.779434 0.00279918 0.608051 0.00443622 
457 234.319 2.191 55274.4 1063.53 0.779781 0.00248014 0.608601 0.00390454 
458 236.131 2.37227 56159.4 1175.27 0.78068 0.00312372 0.610089 0.0049382 
459 235.018 2.28362 55605 1115.48 0.779977 0.00268846 0.608904 0.00424381 
460 238.378 2.56978 57210.5 1278.94 0.781407 0.00357746 0.6112 0.00565117 
461 236.647 2.48236 56374.3 1221.71 0.779594 0.0028256 0.60832 0.00446136 
462 239.591 2.60081 57780.5 1287.34 0.782367 0.00332995 0.612669 0.00525919 
463 238.384 2.03911 57200.7 1009.66 0.779719 0.0029148 0.608527 0.00457345 
464 239.543 2.22402 57755.8 1099.65 0.780103 0.00335595 0.609151 0.00526894 
465 239.652 2.0136 57783.2 1000.7 0.779405 0.00306394 0.608041 0.00480113 
466 241.291 2.08058 58590.1 1040.29 0.78147 0.00307273 0.611273 0.00484804 
467 240.359 1.78803 58110.7 882.954 0.779246 0.00330659 0.607798 0.00516506 
468 241.451 1.82519 58647.3 915.02 0.78004 0.00274831 0.609037 0.00432336 
469 242.282 2.06305 59076.1 1039.36 0.780929 0.00320696 0.610439 0.00505097 
470 245.585 3.31061 60747.5 1698.57 0.784416 0.00405521 0.615963 0.00644114 
471 244.075 1.94669 59972.7 979.442 0.782059 0.00284009 0.612221 0.00443881 
472 244.812 1.96265 60305.7 983.052 0.781481 0.00321462 0.611276 0.00503566 
473 244.281 1.99163 60036.6 996.481 0.781432 0.00305629 0.611216 0.00477864 
474 246.798 2.05823 61283.5 1022.86 0.782919 0.00225908 0.613478 0.00353828 
475 245.393 1.87309 60576.5 938.648 0.782166 0.00295766 0.61234 0.00459985 
476 246.857 3.36562 61341.7 1697.76 0.782502 0.00337666 0.612828 0.00527512 
477 246.456 1.79693 61119.2 901.688 0.782423 0.00270988 0.612733 0.00422284 
478 247.103 2.05021 61442.6 1038.55 0.78268 0.00287312 0.613117 0.0045171 
479 247.971 2.32973 61877.4 1171.23 0.782302 0.00316395 0.612544 0.00493375 
480 249.068 2.30568 62393.1 1171.59 0.782908 0.0028772 0.613453 0.00450528 
481 249.397 2.42566 62558.6 1230.54 0.783047 0.00285402 0.613661 0.00444532 
482 252.015 3.79083 63896.1 1925.42 0.783891 0.00330221 0.614947 0.00515125 
483 250.459 1.95687 63077.5 1002.93 0.782562 0.00272696 0.612859 0.00425762 
484 250.227 2.68423 62975.2 1372.96 0.782404 0.00275721 0.612608 0.00433472 
485 252.041 2.2836 63856.2 1167.71 0.783579 0.00281883 0.614454 0.00443047 
486 253.195 2.45606 64463.2 1262.79 0.784217 0.00278053 0.615466 0.00436678 
487 253.741 2.10164 64745.3 1095.51 0.784508 0.00247645 0.615922 0.00388161 
488 254.857 2.37403 65337.7 1246.99 0.785181 0.00264395 0.617018 0.00414248 
489 256.996 3.69665 66477.7 1961.03 0.786656 0.00350911 0.619346 0.00551238 
490 255.899 2.07672 65844.1 1060.61 0.786322 0.0028704 0.618825 0.00450227 
491 253.616 3.52425 64722.4 1814.1 0.782501 0.003955 0.612852 0.00618666 
492 256.48 2.46338 66152 1275.2 0.785617 0.00294954 0.617696 0.00463715 
493 255.612 2.29651 65693.1 1182.56 0.783405 0.00282158 0.614226 0.00440057 
494 258.746 2.73004 67330.3 1398.88 0.786552 0.00291584 0.619212 0.00455556 
495 259.157 2.40454 67528 1247.21 0.786604 0.00304059 0.619247 0.00476222 
496 261.629 2.40724 68805.9 1249.81 0.788513 0.00278049 0.62224 0.00436103 
497 262.449 3.37236 69236.8 1767.52 0.788593 0.00366421 0.622369 0.00576092 
498 263.902 2.72918 70017.1 1408.04 0.789221 0.00298219 0.623356 0.00466001 
499 266.483 3.02932 71320.5 1585.55 0.790322 0.00322839 0.624996 0.00506622 
500 267.65 3.48497 71978.3 1823.36 0.791806 0.00359974 0.627384 0.00563077 
501 272.87 3.06229 74708.9 1612.96 0.79652 0.00292608 0.634758 0.00458281 
502 265.947 4.04386 71131.1 2148.06 0.788172 0.00412589 0.621711 0.00646548 
503 266.208 2.3302 71230 1241.64 0.787205 0.00214721 0.62012 0.0033737 
504 267.486 3.05155 71939.8 1631.94 0.788422 0.0030245 0.622097 0.00475926 
505 265.713 2.24344 70950 1197.7 0.785549 0.00282551 0.617568 0.00444078 
506 267.662 3.33352 72038.5 1763.21 0.788746 0.00336333 0.622627 0.00527037 
507 267.74 3.55923 72090.4 1905.22 0.789019 0.00394949 0.62305 0.00623109 
508 271.033 3.38046 73862.1 1819.97 0.791242 0.00412449 0.626571 0.00650195 
509 267.309 2.58828 71844.6 1393.49 0.788218 0.00280741 0.621778 0.00442128 
510 267.362 2.43584 71864.9 1308.36 0.787238 0.0023583 0.620213 0.00371527 
511 268.393 2.47978 72424.3 1348.99 0.787672 0.00330341 0.620932 0.00519295 
512 268.965 2.75781 72730.4 1498.21 0.786907 0.00262407 0.619705 0.00415825 
513 269.71 3.02729 73193.7 1641.25 0.787823 0.00316337 0.621167 0.00496386 
514 270.058 2.48321 73337.3 1343.96 0.787744 0.00278044 0.621025 0.0043791 
515 271.42 2.25829 74029.6 1226.17 0.787948 0.00288353 0.621349 0.00452653 
516 270.604 3.06247 73644.2 1662.21 0.787283 0.00258429 0.620301 0.00408551 
517 271.56 3.00376 74123.5 1636.51 0.78801 0.00292654 0.621458 0.00464215 
518 272.703 2.36856 74774 1294.32 0.78807 0.00268517 0.621547 0.00423304 
519 272.999 2.58403 74935.2 1404.57 0.78717 0.00283264 0.620148 0.00444794 
520 274.38 2.4879 75700 1374.76 0.787785 0.00290728 0.621106 0.00458044 
521 274.836 2.41456 75940.5 1331.29 0.788562 0.00300814 0.622334 0.00473106 
522 275.865 2.15456 76505.3 1205.89 0.789133 0.0023548 0.623182 0.00371108 
523 275.971 1.93602 76571.6 1082.36 0.78879 0.00259436 0.622673 0.00412215 
524 279.348 1.86719 78368.8 1031.09 0.790267 0.00174471 0.62489 0.00273793 
525 278.794 2.35394 78217 1324.74 0.790527 0.00280848 0.625514 0.00442839 
526 281.939 3.68366 80037.7 2132.77 0.791303 0.00290569 0.626658 0.00458867 
527 277.684 2.81561 77529.8 1565.16 0.788233 0.00293765 0.621794 0.00462532 
528 276.156 2.32031 76651.1 1278.75 0.786606 0.00219446 0.619188 0.00340565 
529 279.065 2.30016 78273.1 1287.6 0.788142 0.00236047 0.621609 0.00371414 
530 280.899 3.90599 79266 2164.76 0.787874 0.00263705 0.621132 0.00409522 
531 277.035 3.0427 77133.7 1699.24 0.786511 0.00354981 0.619045 0.00556769 
532 279.055 2.31088 78230.5 1301.03 0.78705 0.00253431 0.619877 0.00398137 
533 280.063 2.77639 78792.7 1555.38 0.787361 0.00272849 0.620341 0.00426447 
534 279.858 2.48294 78659.9 1389.2 0.787527 0.00315161 0.620615 0.00494377 
535 279.03 3.32969 78240.1 1872.94 0.785806 0.00343679 0.617986 0.00537987 
536 279.794 2.39099 78634.6 1351.38 0.785588 0.00212215 0.617574 0.00333474 
537 279.9 2.92958 78717.9 1664.18 0.785403 0.0029152 0.617324 0.00457895 
538 280.69 3.02335 79152.2 1719.86 0.786239 0.00322038 0.618606 0.00504215 
539 282.684 2.95935 80297 1689.66 0.787392 0.00280916 0.620451 0.0044265 
540 282.258 3.06613 80063.2 1751.12 0.786434 0.00302894 0.618924 0.0047674 
541 284.82 3.75345 81524.7 2180.39 0.788068 0.00298111 0.621486 0.00469612 
542 285.161 4.06406 81744 2357.52 0.787384 0.00320906 0.620415 0.00506054 
543 283.985 3.22589 81057 1883.02 0.786593 0.00264476 0.619149 0.00416848 
544 282.508 2.2553 80154.8 1302.61 0.784683 0.00215639 0.616131 0.00339948 
545 281.785 2.28205 79665.9 1306.28 0.78283 0.00299585 0.613139 0.00473563 
546 284.217 2.58515 81152.1 1489.83 0.78599 0.00252986 0.61821 0.00397206 
547 284.263 2.35036 81137.1 1372.62 0.785745 0.0025347 0.617782 0.00400695 
548 284.28 3.06902 81155.2 1787.95 0.785461 0.00253025 0.617339 0.00398481 
549 284.644 2.5557 81357.1 1488.35 0.7846 0.00245541 0.61599 0.00387611 
550 286.027 2.78171 82190 1625.56 0.785884 0.00283086 0.618036 0.00446577 
551 286.017 3.04711 82120.3 1796.02 0.784199 0.00340571 0.615341 0.00539217 
552 286.649 2.28532 82502.5 1339.76 0.784592 0.00235788 0.615957 0.00372039 
553 286.333 2.83435 82218.7 1685.13 0.782833 0.00376829 0.61312 0.00598145 
554 288.242 3.33475 83483.4 1957.13 0.785468 0.00236188 0.617391 0.00371238 
555 288.721 2.93451 83758.8 1723.18 0.78661 0.00248229 0.619174 0.00392253 
556 289.73 2.89855 84310.1 1697.46 0.785972 0.00227267 0.618148 0.00357235 
557 289.915 3.0728 84443.4 1819.74 0.786339 0.00296925 0.618761 0.00469839 
558 290.507 2.7631 84778.8 1633.95 0.787123 0.00232642 0.619982 0.00368052 
559 289.855 2.87142 84389 1691.07 0.785571 0.0029513 0.617526 0.00468216 
560 290.923 2.84543 84976.2 1681.65 0.786452 0.00217694 0.618858 0.00345485 
561 291.181 3.51638 85169.3 2096.52 0.78678 0.00358014 0.61943 0.0056826 
562 291.067 2.37091 85013.6 1419.98 0.787178 0.00198069 0.619971 0.00313692 
563 293.674 2.71042 86590.4 1619.67 0.787685 0.00297053 0.620832 0.00469345 
564 293.001 2.79019 86179.2 1664.8 0.78588 0.00255793 0.617966 0.00405962 
565 294.648 3.09538 87178.6 1852.03 0.787283 0.00311713 0.620207 0.00495288 
566 295.228 2.79729 87507 1682.61 0.787284 0.00233399 0.620188 0.00370503 
567 296.089 2.70932 88005.4 1622.26 0.787472 0.00334867 0.62048 0.00530016 
568 297.311 3.45262 88748.2 2084.82 0.787952 0.00288236 0.621229 0.00458366 
569 297.821 3.8192 89053.7 2317.53 0.787112 0.00232518 0.619887 0.00369135 
570 299.037 3.74546 89760.2 2279.48 0.787869 0.00252423 0.621048 0.00398617 
571 299.386 3.67018 89968.8 2232.52 0.787172 0.00234984 0.619954 0.00370568 
572 300.683 3.7005 90707.8 2270.01 0.788714 0.00265387 0.622328 0.00420386 
573 304.21 4.19322 92908.1 2570.93 0.789582 0.0022391 0.623713 0.00352964 
574 304.441 5.08527 93012.5 3132.16 0.789968 0.00282244 0.624311 0.0044676 
575 308.098 5.75722 95294.1 3559.31 0.791125 0.00273484 0.626125 0.00432091 
576 311.709 5.03438 97482 3128.4 0.793336 0.00239793 0.629597 0.00379841 
577 309.39 5.86371 96082.6 3641.99 0.789873 0.0027703 0.624135 0.00436685 
578 309.501 4.96111 96107.8 3103.55 0.791595 0.00317284 0.626874 0.00502402 
579 310.743 5.71284 96930.1 3558.57 0.790322 0.00313213 0.624864 0.00494215 
580 313.58 5.84721 98701.9 3658.27 0.790534 0.00308756 0.625164 0.00485973 
581 315.237 5.56875 99726.1 3475.04 0.790532 0.00294928 0.625146 0.00464359 
582 317.386 5.59605 101083 3504.04 0.791165 0.00306711 0.626142 0.00481332 
583 325.161 4.33075 105998 2725.74 0.794651 0.00194324 0.631604 0.00304475 
584 327.604 4.61571 107574 2933.16 0.794852 0.0019754 0.631915 0.00310001 
585 329.39 3.9015 108762 2474.37 0.79506 0.00181343 0.632226 0.00284978 
586 321.551 6.63305 103799 4219.08 0.792102 0.003417 0.627648 0.00536354 
587 326.535 5.94148 107007 3794.29 0.793674 0.00267342 0.630088 0.0041967 
588 318.766 5.04135 102035 3218.86 0.790793 0.00307523 0.625624 0.00485664 
589 318.224 5.96704 101675 3815.98 0.79002 0.00376907 0.624377 0.00595198 
590 320.504 5.69203 103165 3607.63 0.790984 0.00332413 0.625916 0.00521456 
591 321.253 5.4554 103650 3462.88 0.791301 0.00298392 0.626409 0.00467981 
592 321.053 7.563 103507 4838.26 0.790966 0.00437062 0.625872 0.00688511 
593 323.541 5.8555 105148 3738.93 0.7917 0.00321152 0.627043 0.00504174 
594 321.831 5.48172 104017 3519.45 0.790167 0.00321364 0.62463 0.00506629 
595 323.237 5.39683 104933 3455.64 0.790875 0.0028354 0.625749 0.0044504 
596 322.467 5.70402 104439 3659.48 0.790456 0.00306764 0.625085 0.00482831 
597 324.509 7.30432 105764 4707.58 0.791948 0.00413875 0.627464 0.00653 
598 324.106 5.60543 105511 3589.8 0.790605 0.00323217 0.62534 0.00508907 
599 324.947 7.41117 106043 4768.34 0.790568 0.0041915 0.625258 0.00658542 
600 324.565 5.65773 105851 3647.06 0.789866 0.00323469 0.624186 0.00510586 
601 325.983 5.7408 106736 3700.44 0.790039 0.00302232 0.624409 0.00474238 
602 323.667 8.18131 105249 5274.16 0.788071 0.00459797 0.621311 0.00721409 
603 326.355 6.07573 106937 3955.71 0.788559 0.00356526 0.622065 0.00560654 
604 324.037 7.79724 105458 5070.2 0.786927 0.00445186 0.6195 0.00702056 
605 327.192 7.79311 107501 5064.66 0.789062 0.00413345 0.622844 0.00649552 
606 324.562 8.14442 105815 5306.57 0.787256 0.00469144 0.620005 0.00739219 
607 327.094 7.27651 107438 4756.89 0.788149 0.00359079 0.621415 0.00564165 
608 326.642 7.48649 107156 4885.07 0.787901 0.00406376 0.621015 0.00637866 
609 330.055 6.03595 109431 3952.47 0.790003 0.00338245 0.624344 0.0053298 
610 329.293 5.81644 108932 3815.14 0.789227 0.00327565 0.623121 0.00515301 
611 330.259 6.37598 109575 4188.08 0.789634 0.00385362 0.623768 0.00607356 
612 328.956 6.22793 108711 4102.8 0.788367 0.00355752 0.621782 0.0056067 
613 332.282 6.12566 110903 4035.62 0.790088 0.0036162 0.624492 0.00569478 
614 333.72 6.25349 111864 4138.11 0.790687 0.00341731 0.625442 0.00537771 
615 333.547 5.7879 111741 3841.22 0.790313 0.00324228 0.624846 0.00510672 
616 332.878 5.56114 111266 3714.44 0.789947 0.00290087 0.624247 0.00457046 
617 333.782 6.27747 111874 4172.55 0.790273 0.00367241 0.624765 0.00578539 
618 334.872 5.6714 112570 3795.79 0.79074 0.00329573 0.625504 0.00519488 
619 335.861 5.54041 113257 3707.22 0.791322 0.00286272 0.626455 0.00450972 
620 336.341 5.01151 113551 3346.77 0.791733 0.00314916 0.627096 0.00497255 
621 339.107 4.41229 115401 2963.44 0.79323 0.00284613 0.629461 0.00449061 
622 343.02 4.6029 118001 3071.76 0.797407 0.00324668 0.636079 0.00512995 
623 339.335 5.18387 115581 3498.48 0.792706 0.00240923 0.628639 0.00379636 
624 339.295 5.50131 115563 3700.86 0.792482 0.0033497 0.628302 0.00531421 
625 341.93 5.69106 117327 3856.18 0.793262 0.00205426 0.629486 0.00322964 
626 341.449 5.91011 117043 3988.36 0.792235 0.00284819 0.627879 0.00449233 
627 343.952 6.1918 118723 4180.44 0.793608 0.00305795 0.630048 0.00480524 
628 347.498 5.80596 121175 3954.37 0.796694 0.00324859 0.634979 0.00513633 
629 341.443 5.91253 117034 3997.6 0.790969 0.00271809 0.625885 0.00425871 
630 341.52 4.80016 117089 3257.89 0.791743 0.00314748 0.62712 0.00499425 
631 342.361 4.75952 117670 3242.67 0.791072 0.00212948 0.626026 0.00335286 
632 342.047 5.4903 117470 3720.9 0.790912 0.00281533 0.625797 0.00443939 
633 343.896 5.58379 118730 3788.64 0.79154 0.00300384 0.626786 0.00472917 
634 345.805 5.538 120078 3806.23 0.792481 0.00284515 0.628286 0.00449984 
635 345.622 5.51593 119922 3762.47 0.791814 0.00277431 0.627222 0.00437207 
636 343.765 5.37101 118644 3673.49 0.790375 0.00264813 0.62497 0.00416244 
637 347.711 6.06385 121354 4177.68 0.792152 0.00246085 0.627746 0.00387147 
638 347.914 6.80475 121527 4647.05 0.791962 0.00352261 0.627448 0.00553067 
639 354.141 5.46264 125807 3760.6 0.794632 0.00230818 0.631632 0.00360308 
640 355.38 5.89784 126658 4084.42 0.795151 0.00204777 0.632434 0.00320047 
641 363.544 3.84311 132411 2683.66 0.798321 0.00133488 0.637409 0.00208802 
642 350.744 5.03178 123472 3487.56 0.792358 0.00228155 0.628069 0.0035931 
643 358.801 6.03068 129114 4217.97 0.796662 0.00189776 0.634839 0.00297395 
644 349.906 5.18085 122887 3604.69 0.791197 0.00273443 0.626254 0.0043268 
645 348.677 5.2454 122009 3643.38 0.79137 0.00297729 0.626521 0.00469512 
646 348.951 4.97301 122176 3460.81 0.791315 0.00268046 0.62642 0.00423671 
647 349.253 4.9105 122402 3418.07 0.790948 0.00305317 0.625848 0.00481893 
648 348.731 5.20817 122065 3637.31 0.790032 0.00309459 0.624405 0.0048775 
649 349.785 4.95649 122750 3463.61 0.790577 0.00288901 0.625261 0.00457145 
650 349.896 5.42646 122826 3784.66 0.790852 0.00308946 0.625692 0.00488681 
651 349.827 5.42413 122761 3804.62 0.790695 0.00283651 0.625427 0.00448424 
652 348.608 4.08911 121868 2873.15 0.788851 0.00229205 0.622493 0.00363169 
653 350.441 4.91321 123168 3460.43 0.789745 0.0023877 0.623925 0.00378259 
654 349.212 4.73491 122311 3341.98 0.789215 0.0024523 0.623086 0.00387632 
655 351.765 4.8055 124058 3388.08 0.789489 0.00252447 0.623487 0.00400235 
656 350.405 4.58862 123111 3245.39 0.789842 0.00201564 0.624048 0.00318407 
657 351.834 4.03669 124108 2877.64 0.790549 0.00178909 0.625144 0.00282546 
658 351.317 4.01278 123743 2866.83 0.789645 0.00172274 0.623735 0.00272155 
659 352.299 4.84585 124382 3478.68 0.792012 0.00159594 0.627431 0.00252265 
660 352.944 3.43883 124848 2469.68 0.791083 0.00189654 0.625997 0.00300563 
661 354.924 3.43668 126184 2497.72 0.792621 0.00142096 0.62838 0.00226674 
662 356.426 4.89926 127427 3502.53 0.790903 0.00230699 0.625777 0.00366907 
663 359.117 5.1429 129428 3683.58 0.792066 0.00261758 0.627652 0.00417012 
664 359.105 5.58002 129370 3979.14 0.792634 0.00355415 0.62856 0.00566062 
665 358.453 5.70266 128929 4082.96 0.790063 0.00330025 0.624474 0.00523763 
666 356.828 6.02429 127777 4297.92 0.790013 0.00402949 0.624427 0.00641104 
667 357.685 6.39154 128402 4568.03 0.791234 0.00412576 0.626376 0.00657062 
668 358.58 6.45954 129059 4625.32 0.791107 0.0044835 0.626194 0.00714395 
669 356.608 4.97419 127619 3569.57 0.788507 0.00353312 0.622021 0.00559176 
670 355.94 5.708 127106 4103.28 0.787618 0.00336189 0.620615 0.00528461 
671 358.423 5.36678 128945 3874.19 0.788748 0.00283866 0.622416 0.0044862 
672 358.765 5.70507 129119 4115.32 0.789263 0.00324089 0.623182 0.00513508 
673 359.587 5.99643 129736 4343.38 0.789221 0.00332436 0.623123 0.00526702 
674 359.247 5.70023 129449 4126.75 0.790077 0.0033932 0.624468 0.00539277 
675 359.204 4.78657 129423 3466.28 0.789288 0.00257965 0.623244 0.00409326 
676 359.172 4.98814 129481 3582.88 0.788923 0.00326796 0.622692 0.00517244 
677 360.126 5.71938 130168 4138.6 0.788592 0.00333466 0.622197 0.00530606 
678 358.482 5.17041 128985 3758.35 0.787335 0.00283656 0.620183 0.00449615 
679 360.275 5.63384 130271 4078.83 0.788125 0.00293696 0.621422 0.00462322 
680 360.629 5.44422 130520 3960.69 0.787409 0.00297466 0.620299 0.00468704 
681 360.374 5.39741 130331 3914.72 0.78737 0.00331272 0.620224 0.00522477 
682 361.79 5.52718 131372 4029.39 0.787796 0.00291768 0.62092 0.00460665 
683 360.633 5.09806 130520 3712.21 0.786555 0.00283007 0.61895 0.00445188 
684 362.09 5.43687 131574 3967.38 0.786917 0.00339131 0.619523 0.00534478 
685 362.25 5.73287 131706 4200.4 0.786437 0.00409789 0.618775 0.00643885 
686 363.725 6.94815 132751 5120.53 0.787524 0.0037614 0.620443 0.00592737 
687 363.454 5.75777 132613 4244.08 0.786223 0.00421427 0.618424 0.00661994 
688 362.25 5.79025 131714 4242.78 0.784151 0.00380246 0.615181 0.00596979 
689 361.188 5.14731 130938 3774.59 0.783677 0.00368911 0.614434 0.00581826 
690 362.231 6.06114 131675 4451.62 0.783112 0.00515245 0.613547 0.00809663 
691 360.593 6.86223 130489 5027.28 0.782924 0.00465553 0.613246 0.00730102 
692 359.82 7.30333 129945 5367.47 0.781139 0.005428 0.610486 0.00852336 
693 359.683 5.96288 129791 4395.34 0.781867 0.00499153 0.611604 0.00784229 
694 363.49 6.67992 132583 4946.22 0.784045 0.00554059 0.615045 0.00874154 
695 360.557 5.75552 130403 4254.91 0.780132 0.00507514 0.608904 0.00797653 
696 360.503 6.69894 130390 4930.96 0.780125 0.00516758 0.60889 0.00809156 
697 362.736 6.65781 132005 4953.99 0.781868 0.00526366 0.611625 0.00826816 
698 361.829 6.97985 131356 5169.28 0.780509 0.00533643 0.609498 0.00835599 
