1.3 -1.8465 110600000000
187.574 11.0254
1 0 0 0 0 0.499982 0.000109326 0.499982 0.000109326 
2 0 0 0 0 0.499908 8.3401e-05 0.374896 8.70942e-05 
3 0 0 0 0 0.49993 7.36021e-05 0.333244 7.58697e-05 
4 0.177441 0.000105381 0.177441 0.000105381 0.532245 7.45767e-05 0.348769 7.71014e-05 
5 0.241915 0.000103947 0.241915 0.000103947 0.535171 7.36255e-05 0.33869 7.79765e-05 
6 0.487148 0.000219138 0.685823 0.000394952 0.556133 7.17437e-05 0.354182 8.14933e-05 
7 0.583892 0.000222571 0.851754 0.000406399 0.557314 7.14935e-05 0.348803 8.00146e-05 
8 0.890327 0.000364792 1.69566 0.00100074 0.573601 7.0336e-05 0.363229 8.23483e-05 
9 1.01914 0.000380623 2.05637 0.00116222 0.574945 7.20207e-05 0.360984 8.47373e-05 
10 1.33429 0.000496267 3.22361 0.00186044 0.586072 7.38624e-05 0.371222 8.81269e-05 
11 1.51042 0.000565028 3.93842 0.0025316 0.58857 7.39085e-05 0.371762 8.96257e-05 
12 1.82767 0.00070108 5.44613 0.00402776 0.596739 7.5497e-05 0.379584 9.25419e-05 
13 2.02813 0.00090896 6.48108 0.00532428 0.598921 7.57456e-05 0.380452 9.36697e-05 
14 2.36219 0.00092088 8.46782 0.00629571 0.605869 8.05706e-05 0.387508 0.00010066 
15 2.57308 0.00101342 9.78419 0.00685388 0.607524 8.31224e-05 0.388181 0.000103634 
16 2.92059 0.00120796 12.2706 0.00934836 0.613404 8.53255e-05 0.394351 0.000107995 
17 3.14526 0.0014321 13.9457 0.0126107 0.614871 8.88766e-05 0.395124 0.000112024 
18 3.50128 0.00158522 16.9264 0.0141898 0.619944 9.20028e-05 0.400596 0.000117626 
19 3.73933 0.00173065 18.9947 0.0159829 0.621286 9.23385e-05 0.401436 0.00011657 
20 4.10391 0.00194795 22.5086 0.0204984 0.625684 0.000100674 0.406281 0.000129617 
21 4.35017 0.001912 24.9537 0.0217849 0.626814 9.19703e-05 0.407014 0.000118387 
22 4.72275 0.00217099 29.0337 0.0269445 0.63076 9.68597e-05 0.411451 0.000124946 
23 4.97764 0.00235496 31.8963 0.0295086 0.631816 9.78506e-05 0.412225 0.000125888 
24 5.3578 0.0027223 36.5669 0.035118 0.635297 0.000102541 0.416192 0.000133031 
25 5.61507 0.0028366 39.7719 0.0397236 0.63608 9.87282e-05 0.416681 0.000129002 
26 6.00078 0.00413051 45.0305 0.0602805 0.639299 0.000111693 0.420418 0.000148689 
27 6.27012 0.00339642 48.7615 0.052486 0.640233 0.00010724 0.421209 0.00014185 
28 6.65523 0.00388132 54.5182 0.0624887 0.64298 0.000100296 0.424395 0.000132132 
29 6.93658 0.00386223 58.8054 0.0677519 0.643835 0.000109957 0.425137 0.000146499 
30 7.3297 0.00392957 65.2322 0.0708851 0.646446 0.000108576 0.428223 0.00014491 
31 7.6145 0.004058 69.9759 0.0752803 0.647239 0.000108119 0.428941 0.00014469 
32 8.01 0.00438945 76.9915 0.0844763 0.649628 0.000111821 0.431773 0.000149916 
33 8.30124 0.00506456 82.2516 0.114658 0.650352 0.0001248 0.432431 0.000172943 
34 8.70072 0.00566716 89.9199 0.118636 0.652537 0.000121512 0.435041 0.000162446 
35 8.98204 0.00521221 95.3069 0.113129 0.652932 0.000121293 0.435278 0.000163551 
36 9.3879 0.00625319 103.7 0.139158 0.655046 0.000130092 0.437856 0.000175377 
37 9.68795 0.00652301 109.971 0.15273 0.655699 0.000131674 0.4385 0.000177928 
38 10.0871 0.00599676 118.715 0.146047 0.657495 0.000130738 0.440669 0.00017648 
39 10.394 0.00641214 125.556 0.15965 0.658107 0.000126561 0.441269 0.000173045 
40 10.8072 0.00763761 135.288 0.203527 0.659978 0.000145421 0.443576 0.000198372 
41 11.1033 0.00740947 142.246 0.200402 0.660289 0.000140884 0.443794 0.000193148 
42 11.5248 0.00918391 152.832 0.265567 0.662077 0.000160919 0.446023 0.000221696 
43 11.8312 0.00719645 160.513 0.20482 0.662593 0.000133797 0.446544 0.000185033 
44 12.2438 0.00801137 171.403 0.237472 0.66407 0.000130067 0.448345 0.000177738 
45 12.5625 0.00798177 179.936 0.24477 0.664578 0.00013977 0.448871 0.000191243 
46 12.9792 0.00819889 191.566 0.254751 0.666085 0.000130731 0.450753 0.000179679 
47 13.2836 0.0091674 200.054 0.288474 0.666357 0.00014585 0.450959 0.00020054 
48 13.7129 0.00968471 212.742 0.32991 0.667901 0.000152203 0.452924 0.000213675 
49 14.0287 0.00862666 222.012 0.283908 0.668262 0.000131354 0.453262 0.000181195 
50 14.4495 0.0116311 235.081 0.378912 0.66963 0.000139684 0.454997 0.00019339 
51 14.7734 0.00971256 245.119 0.340747 0.670043 0.000144182 0.455417 0.000198781 
52 15.2046 0.0108842 259.199 0.394879 0.671349 0.000148892 0.457067 0.000207443 
53 15.5281 0.0142421 269.704 0.552163 0.671694 0.000178338 0.45741 0.000251924 
54 15.9481 0.0111001 283.977 0.421658 0.672845 0.000151116 0.458875 0.000210938 
55 16.2724 0.0121026 295.008 0.474317 0.673148 0.000153679 0.459171 0.000214894 
56 16.7219 0.0131478 311.168 0.52466 0.674442 0.000156123 0.460831 0.000217297 
57 17.0434 0.0148384 322.595 0.633352 0.674767 0.000165406 0.461169 0.000231608 
58 17.4795 0.0247943 338.815 1.13727 0.675922 0.000258601 0.462661 0.000370072 
59 17.7963 0.015331 350.428 0.654042 0.676085 0.000201365 0.46277 0.000277292 
60 18.2253 0.0161943 367.063 0.730619 0.677131 0.000188194 0.464119 0.000268652 
61 18.5764 0.0249645 380.822 1.20215 0.677583 0.000229988 0.464659 0.000319436 
62 18.9994 0.0180811 397.632 0.834013 0.678522 0.000181397 0.465844 0.000254774 
63 19.3426 0.0165311 411.547 0.766991 0.678875 0.000224642 0.466262 0.000314183 
64 19.7788 0.0187793 429.809 0.943156 0.679803 0.000190058 0.46745 0.000272877 
65 20.1264 0.0191835 444.46 0.936729 0.680125 0.000175607 0.467813 0.000247524 
66 20.5525 0.0208117 463.027 1.09012 0.681052 0.000232861 0.469026 0.000328253 
67 20.8836 0.0201449 477.241 0.983621 0.681188 0.000181812 0.469116 0.000252084 
68 21.3297 0.020811 497.425 1.08292 0.682093 0.000193153 0.470284 0.000267121 
69 21.6345 0.0163269 510.727 0.788542 0.682094 0.000167747 0.470199 0.000232867 
70 22.0761 0.0219455 531.376 1.1486 0.683052 0.000193084 0.471467 0.000270729 
71 22.4157 0.0168116 546.96 0.861268 0.683251 0.000164225 0.471661 0.000230462 
72 22.8636 0.0207109 568.626 1.1121 0.684167 0.000189152 0.472861 0.000266554 
73 23.2119 0.0226294 585.241 1.21724 0.684468 0.000241916 0.473207 0.000341614 
74 23.6614 0.0300501 607.88 1.79432 0.685454 0.000275997 0.474534 0.000390296 
75 23.9862 0.0245024 623.523 1.34455 0.685435 0.000212008 0.474426 0.000301387 
76 24.445 0.030766 647.182 1.70698 0.686341 0.000245893 0.47562 0.000347181 
77 24.8001 0.0228494 665.421 1.33021 0.686528 0.000196219 0.475822 0.00027388 
78 25.2412 0.0284182 688.694 1.64468 0.6873 0.000215411 0.476838 0.000301919 
79 25.6059 0.0249274 708.098 1.51065 0.687587 0.000204739 0.47718 0.000290258 
80 26.0194 0.0276733 730.486 1.58532 0.688105 0.0002609 0.477844 0.000358956 
81 26.3765 0.0230556 749.771 1.36986 0.688323 0.000201495 0.478083 0.000266385 
82 26.8047 0.0250455 773.832 1.56937 0.688952 0.000205274 0.478914 0.000281126 
83 27.1596 0.0253853 793.533 1.55589 0.689114 0.000191971 0.479076 0.000272914 
84 27.5953 0.0253706 818.586 1.59437 0.689745 0.00019205 0.47991 0.00027267 
85 27.9516 0.0265663 839.023 1.66138 0.690041 0.000226078 0.480287 0.000325967 
86 28.3909 0.0233216 865.126 1.49658 0.690641 0.000197435 0.481075 0.000282097 
87 28.7876 0.0354709 888.822 2.36475 0.691031 0.000278989 0.481584 0.000407841 
88 29.2035 0.0273237 914.02 1.80598 0.691417 0.000201131 0.482065 0.000282619 
89 29.6176 0.0305063 939.524 2.02563 0.691986 0.000234917 0.482823 0.000335336 
90 30.0735 0.0360712 968.216 2.47285 0.692539 0.000279429 0.483558 0.000400365 
91 30.4467 0.0502564 991.385 3.61599 0.692847 0.000278108 0.483937 0.000397366 
92 30.8509 0.0317646 1017.25 2.22644 0.693217 0.000229364 0.484408 0.000327028 
93 31.2165 0.0392155 1040.85 2.80494 0.693406 0.000274432 0.484632 0.000396817 
94 31.6798 0.0387302 1071.63 2.96305 0.694115 0.0002803 0.485599 0.000414186 
95 32.0464 0.0354205 1095.6 2.59244 0.694244 0.000256826 0.48574 0.000367915 
96 32.4643 0.0351017 1123.38 2.60645 0.694598 0.000220018 0.486184 0.000313363 
97 32.8783 0.0376397 1151.78 2.80428 0.694978 0.000252356 0.486697 0.000361865 
98 33.2962 0.0468529 1180.4 3.70216 0.695388 0.000298377 0.487225 0.000428823 
99 33.6691 0.0383058 1206.1 2.94611 0.695556 0.00025886 0.487421 0.000371962 
100 34.1682 0.0633681 1241.99 5.16281 0.696366 0.000359824 0.488535 0.000518183 
101 34.5072 0.0440438 1265.57 3.46821 0.696262 0.000263921 0.488341 0.000377122 
102 34.9298 0.0417635 1295.88 3.18209 0.696863 0.000339739 0.489162 0.000488905 
103 35.3 0.0398541 1322.98 3.14738 0.696924 0.000284188 0.489224 0.000408558 
104 35.7873 0.0743005 1359.12 5.82018 0.697713 0.000502026 0.490306 0.000722467 
105 36.1435 0.0598518 1385.39 4.80937 0.697732 0.000381295 0.490295 0.000542849 
106 36.6611 0.0827663 1425.51 6.70052 0.698626 0.000525621 0.491548 0.000754605 
107 36.9346 0.0477185 1445.39 3.97249 0.698095 0.00029672 0.490749 0.000427503 
108 37.4338 0.0463782 1484.23 3.86604 0.698841 0.000286223 0.491762 0.000413199 
109 37.7883 0.0527274 1511.86 4.58643 0.69886 0.000306735 0.49176 0.000440774 
110 38.2494 0.0459009 1548.3 4.03318 0.699379 0.000272396 0.492462 0.000394722 
111 38.7159 0.0823087 1586.87 7.74973 0.699986 0.0004079 0.493313 0.000597081 
112 39.1046 0.0564372 1617.13 5.23957 0.700127 0.000300836 0.493469 0.000438624 
113 39.5567 0.080338 1655 7.91108 0.700526 0.000370609 0.49402 0.000542963 
114 39.9168 0.0437082 1682.68 3.92723 0.700598 0.000255028 0.494061 0.000367879 
115 40.2888 0.0440135 1713.96 4.03189 0.700686 0.000251822 0.494172 0.000363953 
116 40.7254 0.0518881 1750.15 4.87844 0.701004 0.000288323 0.494582 0.000420738 
117 41.1303 0.0909181 1785.3 9.30149 0.701401 0.000441788 0.495144 0.000660922 
118 41.5426 0.0529666 1819.73 5.22952 0.701602 0.000270566 0.495383 0.000393087 
119 41.9164 0.0516248 1851.52 4.94642 0.701613 0.00029319 0.495359 0.000430023 
120 42.4073 0.0600263 1894.67 5.79141 0.7022 0.000340856 0.496187 0.000502793 
121 42.9058 0.0983437 1941.1 10.576 0.702844 0.000557772 0.497137 0.000853665 
122 43.3297 0.0967708 1978.34 10.3389 0.703084 0.000500945 0.497432 0.0007624 
123 43.918 0.267563 2036.93 31.4336 0.704304 0.00137313 0.499294 0.00215239 
124 44.0522 0.064087 2041.41 6.40335 0.70312 0.000305105 0.497373 0.000443715 
125 44.4312 0.054296 2075.33 5.36136 0.703172 0.000272647 0.497411 0.000392823 
126 44.9061 0.0678271 2120.14 6.8235 0.703637 0.000304604 0.498059 0.000437604 
127 45.2815 0.0716785 2154.25 7.34457 0.703757 0.000309637 0.498201 0.000444394 
128 45.754 0.0743192 2198.66 7.58633 0.704155 0.000318715 0.498739 0.000457473 
129 46.1844 0.0750407 2240.45 7.85954 0.704546 0.000330677 0.4993 0.000480003 
130 46.6032 0.0835256 2280.08 8.81122 0.704698 0.000343135 0.499477 0.000493754 
131 47.0155 0.0791067 2319.76 8.47681 0.704979 0.000337855 0.499864 0.000487982 
132 47.4968 0.0924899 2366.89 10.0147 0.705348 0.000363098 0.500361 0.000523811 
133 47.9612 0.0866857 2412.96 9.39752 0.705722 0.000355939 0.500875 0.000514012 
134 48.3846 0.0895974 2454.61 9.81445 0.705867 0.000358699 0.501049 0.0005155 
135 48.7844 0.0850124 2494.38 9.23838 0.705963 0.000346805 0.501174 0.000500007 
136 49.2568 0.10844 2541.96 11.9383 0.70634 0.000378387 0.501661 0.000541989 
137 49.6579 0.113802 2582.7 12.6196 0.70634 0.000346105 0.501641 0.000497122 
138 50.2069 0.189362 2640.25 21.582 0.706735 0.000388899 0.502167 0.000549902 
139 50.5687 0.159082 2677.28 18.2397 0.706759 0.000369387 0.502189 0.000522958 
140 50.8807 0.0912391 2708.65 10.6414 0.706901 0.000333336 0.502382 0.000482407 
141 51.2468 0.0876258 2746.31 10.2519 0.706925 0.000331854 0.502394 0.000479147 
142 51.7279 0.0942823 2797.67 10.955 0.707445 0.000371678 0.503121 0.000534442 
143 52.1038 0.0842439 2837.01 9.96207 0.707561 0.000342324 0.503273 0.00049677 
144 52.5606 0.0842252 2886.53 9.90675 0.707856 0.000348206 0.503675 0.000502952 
145 53.0863 0.102524 2945.28 12.3286 0.708423 0.000392271 0.504479 0.000568585 
146 53.5014 0.0923117 2990.69 11.1882 0.708555 0.000372259 0.504651 0.000543347 
147 53.9486 0.107537 3040.9 13.9553 0.70878 0.000389318 0.50496 0.000576319 
148 54.3157 0.0992195 3080.3 12.1563 0.708787 0.000346529 0.504949 0.00050161 
149 54.7638 0.103393 3129.93 12.6613 0.709023 0.000354981 0.505255 0.000524497 
150 55.2208 0.116137 3181.52 14.44 0.709405 0.000399996 0.5058 0.000578521 
151 55.6584 0.108526 3231.1 13.2034 0.709605 0.000430706 0.506067 0.000624879 
152 56.211 0.15344 3295.9 19.0501 0.710205 0.000589454 0.506925 0.000858347 
153 56.6462 0.159586 3347.14 20.4835 0.710316 0.000564517 0.507061 0.000825218 
154 57.0603 0.11961 3396.34 15.6635 0.710412 0.000445189 0.507204 0.0006533 
155 57.4221 0.127403 3436.56 16.6509 0.710367 0.00042202 0.507089 0.00061251 
156 57.8122 0.127525 3483.11 16.5819 0.710611 0.000415997 0.507444 0.000608341 
157 58.3014 0.153648 3543.16 20.8459 0.710852 0.000485786 0.507773 0.000708284 
158 58.6682 0.106742 3585.78 14.1841 0.711062 0.000387394 0.508064 0.000565722 
159 59.0924 0.136416 3637.74 19.0304 0.711052 0.000425195 0.508034 0.000620362 
160 59.5368 0.124248 3691.99 17.5514 0.711271 0.000417932 0.508341 0.000613483 
161 59.9703 0.121261 3744.54 16.9174 0.711495 0.000413399 0.508641 0.000606016 
162 60.4974 0.127612 3811.53 18.1516 0.712079 0.00045597 0.50949 0.000674782 
163 60.7809 0.150001 3844.14 20.5207 0.7118 0.00058112 0.50907 0.000859856 
164 61.2422 0.157605 3902.47 22.2456 0.712057 0.000621462 0.509422 0.000927603 
165 61.6126 0.148226 3949.07 20.7018 0.712028 0.000550685 0.509365 0.000811906 
166 62.1662 0.129903 4020.8 18.6235 0.712586 0.000497029 0.510168 0.000742154 
167 62.426 0.151952 4052.06 21.8057 0.712109 0.00051245 0.509441 0.000756159 
168 62.9495 0.171764 4119.71 24.9129 0.712592 0.000611395 0.510139 0.000907094 
169 63.37 0.179695 4174.82 29.0711 0.712646 0.000589813 0.510186 0.000894388 
170 63.8634 0.17078 4237.89 25.3605 0.713029 0.000597458 0.510727 0.00089427 
171 64.1324 0.149532 4271.08 23.6295 0.712754 0.000489809 0.510296 0.000740955 
172 64.723 0.147841 4351 22.5584 0.71338 0.000473694 0.511194 0.000702302 
173 65.0123 0.130872 4387.01 19.2159 0.71309 0.000428621 0.510749 0.00062675 
174 65.6118 0.137827 4468.52 20.1843 0.713718 0.000443328 0.511642 0.000650409 
175 65.8403 0.120353 4496.71 17.896 0.713357 0.000410797 0.511109 0.000596318 
176 66.4573 0.119849 4580.29 17.7348 0.713957 0.000414461 0.511947 0.000604808 
177 66.7627 0.114445 4622.42 17.2103 0.713813 0.000394362 0.511737 0.000578289 
178 67.2867 0.122812 4694.73 18.4307 0.714302 0.000433842 0.51244 0.00063844 
179 67.5427 0.124992 4727.87 19.1132 0.713871 0.00038697 0.51179 0.000571524 
180 68.3214 0.142511 4840.36 21.6463 0.714867 0.000443193 0.513238 0.000654848 
181 68.5908 0.207985 4874.69 30.8339 0.71445 0.00041611 0.512583 0.000595653 
182 68.9447 0.129197 4924.4 19.7543 0.714586 0.000407254 0.512797 0.000598939 
183 69.3795 0.128206 4987.41 20.2365 0.714798 0.000396623 0.513106 0.000585087 
184 69.9356 0.140395 5067.58 21.5453 0.715316 0.000494396 0.513853 0.000728023 
185 70.3697 0.152201 5129.52 24.2758 0.715355 0.000524654 0.513896 0.000778236 
186 70.9033 0.138701 5207.48 21.7342 0.715652 0.00052145 0.514317 0.000766799 
187 71.2213 0.147047 5252.84 24.162 0.715671 0.000463724 0.514328 0.000690981 
188 71.7765 0.161119 5336.61 26.2092 0.71608 0.000549378 0.514903 0.000814834 
189 72.0987 0.1835 5383.63 30.6657 0.715999 0.000634486 0.514796 0.000950465 
190 72.6677 0.16654 5468.16 27.3325 0.71631 0.000494568 0.515217 0.000734304 
191 72.9689 0.154941 5511.03 25.4692 0.716002 0.000471125 0.514748 0.000698511 
192 73.5668 0.18772 5602.76 31.3216 0.716688 0.000576035 0.515756 0.000858005 
193 73.8953 0.166474 5650.33 27.6075 0.716486 0.000496533 0.515437 0.000737108 
194 74.5971 0.247188 5761.43 42.2349 0.717402 0.000693863 0.516786 0.0010323 
195 74.9005 0.233194 5805.63 40.102 0.717108 0.000604737 0.516333 0.000897601 
196 75.4931 0.271666 5900.62 47.7679 0.717617 0.000733715 0.517089 0.00108931 
197 75.6608 0.179744 5921.2 31.1934 0.717088 0.000544564 0.516285 0.000813107 
198 76.3723 0.209205 6035.77 36.175 0.717933 0.000606362 0.517511 0.000901981 
199 76.4624 0.166262 6044.19 28.8297 0.717176 0.000509209 0.516377 0.000759509 
200 77.0414 0.179033 6137.1 31.0658 0.7177 0.000535624 0.517147 0.000797676 
201 77.4004 0.199416 6191.06 33.4638 0.717683 0.000691539 0.517094 0.00103322 
202 77.8653 0.172213 6264.91 29.7643 0.717719 0.000527217 0.517134 0.000783292 
203 78.2499 0.19053 6326.24 33.8303 0.717686 0.000578788 0.517069 0.000863262 
204 78.595 0.164443 6380.62 29.2221 0.717665 0.000504686 0.517036 0.000752829 
205 78.9707 0.186276 6439.92 32.9093 0.717493 0.00054214 0.516764 0.000803544 
206 79.4484 0.194754 6518.31 34.726 0.717787 0.000570296 0.517199 0.000849801 
207 79.9027 0.208342 6593.04 37.3324 0.71799 0.000611996 0.517482 0.000908891 
208 80.3889 0.190871 6672.9 34.3286 0.718294 0.000570133 0.517929 0.00084997 
209 81.0215 0.295932 6780.58 54.7526 0.718954 0.000799234 0.518885 0.00119328 
210 81.3927 0.218303 6839.67 39.5012 0.718774 0.000689642 0.51862 0.00102142 
211 81.5928 0.23242 6869.11 42.077 0.718304 0.000689078 0.517895 0.00103491 
212 82.2582 0.296097 6983.44 56.0683 0.719009 0.000872651 0.518926 0.0013123 
213 82.5318 0.231691 7026.16 42.8834 0.718669 0.000724234 0.518396 0.00109044 
214 83.1835 0.245981 7140.51 45.2507 0.719194 0.000681407 0.519163 0.00101091 
215 83.4018 0.208779 7171.6 38.9047 0.718821 0.000580597 0.518581 0.000862607 
216 83.9196 0.210638 7262.38 39.7646 0.719138 0.000597545 0.519041 0.000894718 
217 84.3325 0.233857 7331.65 44.07 0.719142 0.000653934 0.519035 0.000974562 
218 84.786 0.231632 7409.76 43.9987 0.719303 0.000613393 0.51926 0.000910646 
219 85.2359 0.239088 7488.08 45.2304 0.719478 0.000646708 0.519508 0.000960344 
220 85.9557 0.28517 7620.68 56.6894 0.720353 0.000727907 0.520806 0.00109381 
221 86.2335 0.25229 7663.01 47.7165 0.720018 0.000666597 0.52028 0.000989228 
222 86.8055 0.264874 7767.44 51.1976 0.720452 0.00072307 0.520929 0.00108311 
223 87.1554 0.288295 7829.75 55.7421 0.720303 0.00074507 0.520711 0.00110139 
224 87.6484 0.275769 7917.85 54.3359 0.72071 0.000796881 0.521297 0.00120003 
225 88.0914 0.250523 7996.84 49.2365 0.72079 0.000678326 0.521406 0.00101182 
226 88.5725 0.267385 8081.49 51.8377 0.720934 0.00075877 0.521588 0.00112473 
227 88.8117 0.241072 8122.79 46.3433 0.720593 0.000643435 0.521081 0.000945949 
228 89.3439 0.254383 8219.02 49.9027 0.721012 0.000740342 0.521693 0.00110378 
229 89.6901 0.251881 8281.29 50.3304 0.720743 0.000658354 0.521286 0.00098133 
230 90.2271 0.271166 8383.7 54.4607 0.721148 0.000723019 0.521888 0.00107836 
231 90.6686 0.264574 8464.71 53.006 0.72109 0.000684536 0.521789 0.00101855 
232 91.2176 0.297896 8568.37 59.7581 0.721596 0.000788271 0.522533 0.00117121 
233 91.5452 0.260872 8627.47 52.9675 0.721408 0.000668415 0.522233 0.00099485 
234 92.0869 0.277245 8729.7 56.1825 0.721656 0.000679339 0.52259 0.0010092 
235 92.3402 0.245404 8774.55 49.8444 0.721319 0.000655454 0.52208 0.000973712 
236 93.073 0.271208 8914.44 55.9467 0.722033 0.000722858 0.523108 0.00107705 
237 93.3786 0.268479 8973.36 55.0524 0.721731 0.000676151 0.522676 0.0010044 
238 93.8985 0.261045 9072.45 53.9513 0.722018 0.000653713 0.523072 0.000969387 
239 94.238 0.278717 9136.64 57.5979 0.721923 0.00067699 0.522934 0.00100262 
240 94.7218 0.28021 9226.28 58.0534 0.722282 0.00068244 0.523422 0.00101054 
241 95.036 0.246624 9286.36 51.7872 0.721941 0.000626906 0.522923 0.000932587 
242 95.5174 0.267315 9377.51 55.525 0.722246 0.000649215 0.523353 0.000958591 
243 96.0003 0.274896 9475.47 56.8674 0.722417 0.000685669 0.523612 0.00101078 
244 96.5929 0.302791 9590.9 63.017 0.722962 0.000721746 0.524395 0.00106708 
245 96.9194 0.283281 9654.45 59.5139 0.722673 0.000682536 0.523964 0.00100961 
246 97.4517 0.282591 9760.9 58.9485 0.722978 0.000697057 0.524395 0.00102477 
247 97.8222 0.283141 9832.36 60.5907 0.722893 0.000662865 0.524266 0.000984233 
248 98.2994 0.272394 9927.36 58.7013 0.723155 0.000655417 0.524643 0.000973053 
249 98.6381 0.280319 9994.43 59.8262 0.722858 0.000670077 0.52419 0.000991824 
250 99.2474 0.284055 10116.6 61.0826 0.723329 0.000670474 0.524864 0.000990419 
251 99.6139 0.31139 10190.8 65.6616 0.722863 0.000649068 0.524178 0.000960979 
252 100.225 0.323857 10317.9 70.7345 0.723594 0.000686902 0.525251 0.00102021 
253 100.464 0.302792 10364.8 66.4214 0.723194 0.000702684 0.524663 0.00104187 
254 101.131 0.331731 10503.9 73.0201 0.723661 0.000700936 0.52533 0.00103863 
255 101.627 0.287649 10606.4 63.8897 0.723922 0.000659309 0.525713 0.000979427 
256 102.245 0.334695 10738.5 76.0816 0.724295 0.000698876 0.526258 0.00103555 
257 102.791 0.432286 10852.6 96.9192 0.724602 0.000925053 0.526705 0.00137284 
258 102.894 0.359847 10868.6 81.5437 0.724077 0.000736462 0.525917 0.00109428 
259 103.276 0.311537 10948.1 70.0746 0.723892 0.000673602 0.525644 0.000997694 
260 103.911 0.340457 11084.4 77.5888 0.724463 0.000733906 0.526471 0.00109261 
261 104.242 0.304875 11148.8 69.6116 0.724205 0.000672394 0.526072 0.000994149 
262 104.603 0.401702 11225.6 91.5623 0.724372 0.000739009 0.526307 0.00109514 
263 105.166 0.32328 11341.4 74.2874 0.724291 0.000655627 0.52617 0.000978935 
264 105.618 0.371006 11442.7 85.5292 0.724659 0.00070911 0.526716 0.00105811 
265 105.981 0.372723 11515.4 85.4148 0.724283 0.000713392 0.526152 0.0010626 
266 106.542 0.389484 11641.3 89.8701 0.725012 0.000726998 0.527226 0.00108109 
267 107.073 0.509138 11754.1 117.101 0.724962 0.000936115 0.527128 0.00138456 
268 107.678 0.63514 11888.9 146.934 0.725181 0.0010185 0.527437 0.00150015 
269 107.65 0.500202 11879.4 116.507 0.724704 0.000805183 0.526756 0.00119148 
270 108.765 0.718142 12130.9 168.174 0.725677 0.00104883 0.528155 0.00154246 
271 108.574 0.452166 12081.9 106.587 0.725249 0.000738409 0.527549 0.00109749 
272 109.221 0.587789 12226.3 138.623 0.725705 0.000793717 0.528206 0.0011692 
273 109.428 0.539083 12269 127.899 0.725235 0.000783209 0.527491 0.00114927 
274 110.149 0.550213 12434.3 132.222 0.725845 0.000779721 0.5284 0.00115075 
275 110.363 0.471837 12478.6 113.153 0.725337 0.000756908 0.527634 0.00111521 
276 111.049 0.369941 12637 88.7942 0.725908 0.000797693 0.528482 0.00119551 
277 111.563 0.381277 12755.1 93.2406 0.726106 0.000678012 0.52876 0.0010075 
278 111.831 0.340691 12813.1 83.1267 0.725922 0.000687123 0.528482 0.00103066 
279 112.232 0.354739 12906.5 89.4699 0.725767 0.000680294 0.528261 0.00101728 
280 112.857 0.3992 13053.3 101.363 0.72631 0.000757533 0.529057 0.00113409 
281 113.157 0.573326 13123.5 152.595 0.726075 0.00102488 0.528708 0.0015488 
282 113.452 0.310025 13174.8 75.6946 0.726114 0.000670951 0.528728 0.000996599 
283 113.852 0.326185 13268.9 80.5115 0.725962 0.000725762 0.528505 0.00108789 
284 114.38 0.339401 13386.1 82.7511 0.726324 0.000732339 0.529013 0.00108661 
285 114.93 0.438646 13520 107.291 0.726377 0.00104211 0.529105 0.00155072 
286 115.464 0.415477 13639.5 98.6326 0.726659 0.000927966 0.529488 0.00136294 
287 115.743 0.491454 13706.5 119.26 0.726235 0.00102955 0.528864 0.00151658 
288 116.451 0.729883 13874.7 177.382 0.726856 0.00148381 0.529771 0.00218114 
289 116.211 0.346772 13814.5 87.8898 0.725733 0.000691118 0.528119 0.0010227 
290 116.601 0.319519 13905.3 79.8836 0.725833 0.000650418 0.528279 0.000966518 
291 117.14 0.340316 14035.6 85.4523 0.72587 0.000693426 0.528324 0.00102788 
292 117.438 0.340015 14103.3 86.4332 0.725861 0.000754878 0.528305 0.00111949 
293 117.997 0.313685 14239.3 80.9325 0.72598 0.000651801 0.528477 0.000969692 
294 118.419 0.304519 14338.7 76.4628 0.7262 0.00063211 0.528792 0.000937855 
295 118.82 0.322579 14438 82.1697 0.726155 0.000643017 0.528724 0.000953256 
296 119.387 0.290516 14571.5 74.0822 0.726379 0.000596663 0.529039 0.000887521 
297 119.894 0.355176 14700.8 90.4899 0.726513 0.000675682 0.529232 0.000995545 
298 120.229 0.358785 14779.6 91.1933 0.726413 0.000720735 0.529081 0.00106013 
299 120.562 0.377191 14858.8 94.2531 0.726306 0.000725722 0.528903 0.00107396 
300 121.146 0.364964 15003.7 94.1964 0.726511 0.00075261 0.529209 0.00111586 
301 121.616 0.4597 15122.2 117.214 0.726616 0.000791172 0.529351 0.00117177 
302 122.207 0.428882 15269.7 111.031 0.726809 0.000794401 0.529638 0.00117246 
303 122.61 0.399026 15370.7 105.226 0.726837 0.000692545 0.529683 0.00102584 
304 123.04 0.365244 15475.8 96.6336 0.7269 0.000658029 0.529762 0.00097816 
305 123.693 0.519568 15643 137.308 0.727221 0.000792803 0.530224 0.00116313 
306 123.975 0.392145 15708.6 106.813 0.727109 0.00075575 0.530057 0.00112962 
307 124.604 0.444621 15864.2 119.094 0.727627 0.000774464 0.530795 0.00114484 
308 125.152 0.427158 16010.6 115.431 0.727672 0.000809602 0.530884 0.00120656 
309 125.513 0.42717 16096.6 114.657 0.727735 0.000831704 0.530955 0.00123839 
310 125.948 0.428829 16211.8 116.446 0.727693 0.000781405 0.530904 0.00116542 
311 126.188 0.388653 16266.4 105.697 0.727675 0.000756733 0.530867 0.00112702 
312 126.884 0.452177 16452.1 127.351 0.727829 0.000841572 0.531099 0.00126466 
313 127.405 0.553152 16589.8 155.676 0.728084 0.0010012 0.531489 0.00150355 
314 127.641 0.410799 16641.2 112.803 0.727641 0.000746473 0.530786 0.00110788 
315 127.879 0.413039 16693.1 110.327 0.727307 0.000739494 0.530275 0.00109292 
316 128.65 0.39772 16901.4 107.266 0.728019 0.000758547 0.531326 0.00113069 
317 129.103 0.430005 17019.8 116.772 0.728009 0.000737056 0.531303 0.00109796 
318 129.389 0.448328 17094.8 121.461 0.727642 0.000695095 0.530746 0.00102961 
319 129.933 0.426592 17242.6 120.167 0.727791 0.000700431 0.530969 0.00104103 
320 130.277 0.499151 17328.7 136.996 0.727811 0.000750901 0.530998 0.00111135 
321 130.856 0.603897 17483.4 166.207 0.727897 0.000726309 0.531107 0.00106995 
322 131.36 0.517503 17617.4 141.632 0.728262 0.000742435 0.531646 0.00109661 
323 131.95 0.796324 17780.1 222.307 0.728046 0.000748458 0.531307 0.00110194 
324 131.904 0.493104 17755.9 136.111 0.72823 0.000890524 0.531611 0.00132023 
325 132.384 0.466264 17887.1 129.326 0.728282 0.000874892 0.531685 0.00129209 
326 132.92 0.495567 18032.9 137.737 0.728752 0.000902958 0.532384 0.00133668 
327 133.386 0.483652 18158.5 135.26 0.728821 0.000837603 0.532475 0.00124142 
328 134.004 0.522145 18325.2 146.694 0.729118 0.000840378 0.532911 0.00123912 
329 134.258 0.538548 18392.1 151.888 0.728874 0.000903059 0.532533 0.00133455 
330 135.033 0.526785 18607.3 150.283 0.729371 0.000888675 0.533269 0.00131584 
331 135.365 0.548898 18697.9 157.12 0.729221 0.000939247 0.533045 0.00139293 
332 136.197 0.623717 18933.8 178.412 0.729905 0.000926842 0.534066 0.00136689 
333 136.506 0.739406 19018.4 212.08 0.729813 0.00119659 0.533925 0.00177843 
334 136.915 0.61411 19122.4 175.444 0.72966 0.00100966 0.533671 0.00149607 
335 137.458 0.632943 19274.8 180.634 0.72987 0.000983354 0.533971 0.00144607 
336 138.207 0.655115 19488.1 190.147 0.730443 0.00107489 0.534828 0.00159788 
337 138.387 0.648689 19536.3 188.948 0.7301 0.00115053 0.534321 0.00170578 
338 139.46 0.77005 19849.3 222.532 0.73097 0.00139663 0.53563 0.00205402 
339 139.407 0.811439 19833.8 239.528 0.73013 0.00151897 0.534384 0.00226969 
340 141.557 1.40189 20479.6 429.735 0.73318 0.00273406 0.538986 0.00413237 
341 139.972 0.662989 19981.2 195.505 0.729823 0.00121659 0.533884 0.00180162 
342 140.807 0.836329 20221.4 247.867 0.730206 0.00124061 0.534424 0.00184284 
343 141.38 0.805438 20386 238.45 0.730626 0.00141498 0.535052 0.0021005 
344 142.689 0.934692 20770.4 279.056 0.731708 0.00147812 0.536642 0.00216303 
345 142.414 0.786201 20685.1 234.856 0.731006 0.00137849 0.535612 0.00204787 
346 143.544 1.22783 21016.3 372.627 0.731993 0.00172606 0.537045 0.00252251 
347 143.38 0.863062 20964.9 260.335 0.731336 0.00127269 0.536093 0.0018829 
348 144.823 1.17182 21394.8 357.092 0.732823 0.00161155 0.53828 0.00237512 
349 144.509 1.11194 21297.9 339.292 0.731714 0.00151376 0.536638 0.00223057 
350 146.117 1.12885 21789.5 347.756 0.733397 0.00172978 0.539143 0.00255642 
351 145.475 1.10283 21587 341.399 0.731949 0.00149345 0.536989 0.00220394 
352 147.167 1.34541 22109 416.928 0.733858 0.001941 0.539831 0.00287438 
353 146.288 1.19563 21828.2 372.039 0.732112 0.00167068 0.537232 0.00247576 
354 147.633 1.4165 22235.5 442.564 0.733434 0.00203115 0.539184 0.00300318 
355 147.72 1.42939 22262.6 446.268 0.732925 0.00209347 0.538427 0.00309149 
356 148.671 1.6471 22552.6 518.957 0.733679 0.00242278 0.539539 0.00358249 
357 148.879 1.73575 22616.6 547.947 0.733337 0.00242271 0.539038 0.00358151 
358 149.797 1.88995 22899.4 601.876 0.734144 0.00258473 0.540231 0.00382499 
359 149.966 1.80068 22947.5 571.336 0.733856 0.00252514 0.539821 0.00373114 
360 150.993 1.91778 23268.8 615.043 0.73462 0.00276028 0.540941 0.00409347 
361 151.156 1.70036 23317.5 544.625 0.734416 0.00249526 0.540652 0.00369981 
362 151.852 1.90576 23530.5 612.847 0.734655 0.00289644 0.540987 0.0042985 
363 151.947 1.80439 23552.2 578.038 0.734274 0.00280156 0.540421 0.00415752 
364 152.71 1.86177 23790.1 599.115 0.73467 0.00293503 0.540998 0.00435023 
365 152.524 1.38309 23716.1 439.32 0.733868 0.00227143 0.539802 0.0033669 
366 152.889 1.32475 23819.7 416.684 0.733908 0.00227019 0.539854 0.00336536 
367 153.137 1.33871 23896.4 426.992 0.733687 0.00226277 0.53952 0.00336331 
368 154.065 1.50051 24180.5 473.35 0.734499 0.00278097 0.540707 0.00412703 
369 154.278 1.36341 24248.9 435.215 0.734031 0.00230234 0.540011 0.00341619 
370 155.231 1.39865 24540.7 442.332 0.734813 0.00249653 0.541142 0.0037067 
371 155.233 1.57019 24551.6 508.698 0.734146 0.00249614 0.540178 0.00371044 
372 155.959 1.46148 24782.7 478.877 0.734281 0.00231687 0.540372 0.00344914 
373 155.731 1.40213 24707.8 454.968 0.733652 0.00240303 0.539446 0.00357442 
374 156.514 1.41856 24958.3 461.731 0.734041 0.00247059 0.540019 0.00368301 
375 156.85 1.29835 25061.1 422.795 0.734009 0.00225696 0.53996 0.0033602 
376 157.662 1.59462 25323.9 524.642 0.734312 0.00258589 0.540399 0.00384735 
377 157.957 1.4704 25413.7 486.562 0.734294 0.00239447 0.540366 0.00356551 
378 158.584 1.29385 25620.5 428.867 0.734564 0.0021354 0.540762 0.00317751 
379 159.44 1.76363 25898 591.105 0.735104 0.00256411 0.541552 0.00381282 
380 159.718 1.41073 25990.7 471.353 0.734901 0.00230686 0.541255 0.00343512 
381 161.233 1.40049 26489.8 472.455 0.736689 0.00208793 0.543909 0.00311113 
382 160.482 1.36536 26234.4 458.431 0.734974 0.00218749 0.541359 0.00325995 
383 161.886 1.54018 26706.7 518.667 0.736197 0.00242362 0.543168 0.00361411 
384 161.829 1.5291 26680.5 519.047 0.735556 0.0022597 0.542217 0.00336618 
385 161.463 1.30173 26553.4 436.898 0.734743 0.00239311 0.541022 0.003575 
386 162.075 1.49422 26750.5 502.781 0.734935 0.00257377 0.541301 0.00384328 
387 162.244 1.43763 26809.7 484.217 0.734545 0.00252346 0.540733 0.00376931 
388 162.928 1.49317 27038.9 508.677 0.734852 0.00263241 0.541186 0.00394213 
389 163.302 1.50707 27152.7 510.246 0.734716 0.00264449 0.540967 0.00394779 
390 163.586 1.297 27246.2 442.015 0.734609 0.00228787 0.540808 0.00342275 
391 164.019 1.50651 27383.8 514.505 0.734735 0.00254251 0.54099 0.0038002 
392 164.279 1.25106 27469.9 428.525 0.734496 0.00200086 0.540633 0.0029899 
393 164.87 1.38905 27669.1 476.942 0.735025 0.00234841 0.541423 0.00350953 
394 165.369 1.30411 27843.1 450.395 0.73496 0.00206049 0.541328 0.0030797 
395 166.02 1.46054 28055.3 504.275 0.735264 0.00229566 0.54177 0.0034248 
396 166.419 1.28847 28184.5 448.876 0.735188 0.00212165 0.541641 0.00316827 
397 166.967 1.45972 28376.8 508.012 0.735667 0.0023332 0.54237 0.00348127 
398 167.491 1.55822 28548.7 542.869 0.735542 0.00240396 0.542169 0.00358619 
399 167.922 1.62004 28701.6 566.344 0.735785 0.0024953 0.542541 0.00372397 
400 168.64 1.53638 28941.6 539.044 0.73592 0.00235874 0.54272 0.00352172 
401 168.917 1.66524 29036 584.149 0.736087 0.002547 0.542976 0.00379779 
402 169.357 1.69002 29182.4 593.063 0.735894 0.00256529 0.542668 0.00382353 
403 169.981 1.99224 29401.3 702.111 0.736328 0.00300792 0.543323 0.00447743 
404 170.574 2.02192 29601.6 713.717 0.736345 0.00297817 0.543329 0.00443075 
405 171.282 2.16805 29855.1 769.246 0.736852 0.00328584 0.544099 0.00489194 
406 171.987 1.94189 30098.5 688.743 0.736781 0.00292788 0.54397 0.00435597 
407 172.069 2.3499 30126.5 839.312 0.736787 0.00351069 0.543993 0.00522835 
408 172.607 2.23996 30314.4 797.526 0.736807 0.00334511 0.544028 0.00497745 
409 173.164 2.33416 30512.5 834.597 0.737178 0.00357017 0.54458 0.00531922 
410 173.658 2.26415 30686.9 809.944 0.737032 0.00346915 0.544366 0.00516661 
411 174.221 2.48974 30883.9 896.406 0.737354 0.00376771 0.544844 0.00561507 
412 174.818 2.93033 31087.6 1052.62 0.737689 0.00443231 0.545329 0.00659533 
413 175.173 2.6477 31212 957.225 0.737618 0.00393948 0.545221 0.0058705 
414 175.449 2.68182 31308.2 972.236 0.737479 0.00407984 0.545011 0.00607873 
415 175.997 2.92716 31506.7 1062.14 0.737736 0.00430307 0.545392 0.00640378 
416 176.358 2.70405 31628.3 984.487 0.73745 0.00408418 0.544954 0.00608081 
417 177.207 3.17016 31941.9 1159.46 0.738269 0.00465364 0.546177 0.00693385 
418 177.693 2.9219 32109.3 1072.32 0.738347 0.00447294 0.546288 0.00667356 
419 177.977 3.17931 32216 1169.64 0.73806 0.00472763 0.545861 0.00705196 
420 178.631 2.89922 32451 1068.42 0.73847 0.00444306 0.546479 0.00662977 
421 179.234 3.2774 32670.9 1209.95 0.738873 0.00481048 0.547065 0.0071723 
422 180.346 3.21806 33071.1 1195.45 0.740053 0.00466606 0.548823 0.00695891 
423 180.685 3.31589 33196.4 1229.93 0.740202 0.00490631 0.549059 0.00732305 
424 181.823 2.80785 33584.6 1037.23 0.742019 0.00494072 0.55177 0.0073965 
425 181.668 3.53487 33565.9 1319.96 0.739387 0.00510821 0.54783 0.00762269 
426 181.804 3.22576 33605.3 1208.51 0.739041 0.00478114 0.547305 0.00713622 
427 182.669 3.61995 33937.3 1358.07 0.739462 0.00525685 0.547932 0.00784682 
428 183.034 3.33852 34069.4 1257.33 0.739428 0.00487042 0.547888 0.00727185 
429 183.54 3.60954 34255.4 1360.46 0.739419 0.00514624 0.547856 0.00767942 
430 183.817 3.22539 34354.1 1219.9 0.739246 0.00468478 0.547597 0.00699389 
431 184.505 3.42369 34617.1 1298.93 0.739744 0.00476882 0.548343 0.00711706 
432 185.051 3.22031 34820 1223.75 0.739732 0.00459068 0.548325 0.00685042 
433 185.639 3.52099 35044.2 1346.12 0.739992 0.00487304 0.548706 0.00727636 
434 185.845 3.1266 35111 1196.75 0.739615 0.00440033 0.548122 0.0065708 
435 186.62 3.03918 35410 1166.04 0.7401 0.00418253 0.548847 0.00624018 
436 186.947 2.76912 35532.7 1063.95 0.739626 0.00386051 0.548135 0.00576175 
437 187.151 2.63163 35602.7 1013.35 0.739782 0.00344091 0.548371 0.00513029 
438 187.387 2.87474 35692.1 1107.67 0.739323 0.00376492 0.547682 0.00561348 
439 188.129 2.72697 35975.1 1056.65 0.739939 0.00356694 0.548602 0.00532203 
440 188.444 2.59938 36091.8 1006.41 0.739629 0.00342114 0.548129 0.00510314 
441 189.415 2.81148 36468.1 1095.52 0.740411 0.00367662 0.549302 0.00549051 
442 189.546 2.59807 36508.5 1012.83 0.739962 0.00340488 0.548627 0.00507899 
443 190.587 2.91987 36920 1143.83 0.740713 0.00379034 0.549753 0.00565611 
444 190.381 2.94184 36812.9 1148.22 0.739736 0.00375575 0.548257 0.00559308 
445 191.582 3.11755 37291.5 1225.85 0.740905 0.00390114 0.550007 0.00582102 
446 191.516 2.81378 37249.6 1103.92 0.740196 0.00356175 0.548932 0.00530442 
447 192.391 2.98363 37593.8 1175.25 0.740898 0.00369196 0.549978 0.00550108 
448 192.572 2.81588 37658.7 1107.6 0.740399 0.0037287 0.549235 0.00555865 
449 193.221 3.12631 37924.8 1236.47 0.74079 0.0039734 0.549821 0.00592391 
450 193.404 2.86974 37984.5 1135.99 0.740383 0.00376948 0.549203 0.00561763 
451 194.4 3.18471 38387.5 1267.26 0.741095 0.00398528 0.550282 0.00593655 
452 194.938 3.01194 38589.3 1201.64 0.741189 0.00386116 0.550404 0.00575617 
453 195.717 3.23271 38897.3 1292.46 0.741638 0.00407629 0.551067 0.00607875 
454 196.337 3.20975 39139 1285.53 0.741768 0.00402547 0.551245 0.0059942 
455 196.979 3.2572 39404.6 1312.79 0.741929 0.00411197 0.551504 0.00613058 
456 197.448 3.10691 39582.6 1251.65 0.74192 0.00383325 0.551472 0.00571728 
457 198.325 3.46894 39941.7 1404.36 0.742677 0.00430355 0.552615 0.00641495 
458 198.627 3.07217 40055.4 1241.53 0.74244 0.00390119 0.552249 0.00581836 
459 199.002 3.28512 40207.1 1329.94 0.742468 0.0041267 0.552281 0.00614555 
460 199.546 3.08628 40424.7 1250.26 0.742469 0.0038623 0.552285 0.005746 
461 200.057 3.15986 40636.3 1283.86 0.74252 0.00406504 0.552359 0.00605577 
462 200.139 2.8639 40667 1159.66 0.742111 0.00378044 0.551747 0.00563058 
463 200.753 2.98114 40915.9 1211.54 0.742204 0.00391744 0.551884 0.00583451 
464 200.894 2.90308 40968.9 1175.86 0.741985 0.00382267 0.551562 0.00568524 
465 201.634 3.15848 41272.9 1286.96 0.742225 0.00413127 0.551915 0.00615123 
466 202.269 3.08273 41529.1 1254.3 0.742809 0.00399345 0.552787 0.00594711 
467 202.789 3.25034 41739.6 1327.5 0.742919 0.00416311 0.552944 0.00620122 
468 203.54 3.38505 42039.8 1385.79 0.743527 0.00450497 0.553859 0.00671607 
469 203.848 3.31528 42177.4 1362.57 0.742843 0.00421715 0.552815 0.00627998 
470 204.13 3.27033 42283 1346.26 0.742679 0.00409399 0.552561 0.00609172 
471 204.901 3.37503 42622.8 1392.39 0.742889 0.00421782 0.552885 0.00627586 
472 205.148 3.48646 42715.3 1446.2 0.742614 0.00435083 0.552462 0.00647866 
473 204.987 4.31507 42641.7 1794.71 0.742028 0.00536701 0.551585 0.00798988 
474 205.091 4.82175 42690 2010.66 0.741367 0.00606536 0.550601 0.00903557 
475 205.672 4.96333 42922 2076.18 0.741909 0.00610068 0.551403 0.00908772 
476 206.045 4.51445 43074 1889.46 0.741743 0.00553076 0.551146 0.00823472 
477 206.648 4.62346 43327.2 1941.45 0.742174 0.00551797 0.551801 0.00821495 
478 206.931 4.4324 43448.6 1865.29 0.741897 0.00533008 0.55138 0.00793773 
479 207.554 4.55613 43705.8 1921.53 0.742379 0.00536264 0.552101 0.00798108 
480 208.019 4.3387 43897.7 1834.43 0.742162 0.00516145 0.551768 0.00768309 
481 208.676 4.71976 44175.8 1994.59 0.742559 0.00557668 0.552369 0.00829763 
482 208.792 4.61178 44226.5 1963.43 0.741881 0.00547871 0.551355 0.00816342 
483 209.293 4.17541 44441 1773.71 0.741991 0.00485791 0.551525 0.00722152 
484 209.397 3.9343 44478.3 1676.39 0.741691 0.00452094 0.551065 0.00672525 
485 210.084 4.30485 44769.5 1836.35 0.742131 0.00492972 0.551724 0.00733117 
486 210.274 3.80088 44852 1624.18 0.741647 0.00424894 0.551005 0.00631893 
487 211.298 3.83885 45292 1645.54 0.742442 0.00432325 0.552189 0.00642565 
488 211.419 3.71773 45341.7 1594.65 0.74211 0.00416832 0.551695 0.00619623 
489 211.962 4.22472 45564.2 1818.78 0.742214 0.00477083 0.551835 0.00709208 
490 212.075 3.7021 45615.2 1595.4 0.741592 0.00408982 0.550911 0.00608081 
491 212.834 3.89855 45941.4 1686.37 0.742037 0.0042863 0.551568 0.00637091 
492 213.526 3.98168 46250.6 1731.09 0.742345 0.00439444 0.552045 0.00653829 
493 213.914 3.66861 46413.2 1593.48 0.742124 0.00397946 0.551705 0.00591339 
494 214.322 3.44342 46588.2 1493.82 0.742098 0.00366517 0.551662 0.00544368 
495 214.997 3.53798 46884.4 1540.01 0.742389 0.00384572 0.552098 0.00571769 
496 214.978 3.33012 46866 1449.4 0.741816 0.00377119 0.551227 0.00560297 
497 215.828 3.58181 47238.2 1566.28 0.742235 0.0037985 0.55185 0.00564727 
498 216.127 3.36307 47371.6 1471.9 0.742169 0.0037719 0.551754 0.00560636 
499 216.572 3.39832 47563.6 1489.53 0.742073 0.00373174 0.551613 0.00553934 
500 216.47 3.40307 47512.3 1494.48 0.741346 0.00376081 0.550518 0.00558587 
501 217.855 3.42227 48122.2 1508.54 0.742343 0.00364712 0.552 0.00541655 
502 218.262 3.35702 48299.5 1484.95 0.742195 0.00368167 0.551779 0.00547387 
503 219.153 3.3906 48698.7 1504.43 0.742868 0.00374375 0.552787 0.00556652 
504 219.138 3.12788 48688.3 1387.12 0.742362 0.00369675 0.552029 0.00550776 
505 220.181 3.43108 49150.1 1531.19 0.743142 0.00386638 0.553194 0.00576266 
506 220.159 3.21303 49146.5 1435.51 0.742532 0.00383999 0.552284 0.00572493 
507 221.079 3.28728 49559.2 1474.5 0.742978 0.00380953 0.552959 0.00567961 
508 221.157 3.17249 49589.3 1425.09 0.742624 0.00380556 0.552422 0.00567541 
509 222.109 3.17092 50014.2 1429.04 0.74305 0.00370436 0.553051 0.00552377 
510 221.779 3.16724 49857.2 1427 0.742414 0.00375221 0.552087 0.00559358 
511 222.581 3.17672 50220.7 1428.62 0.742774 0.00369872 0.552628 0.00550483 
512 223.015 3.61832 50410.1 1627.27 0.742744 0.00421846 0.552564 0.00627831 
513 223.468 3.70194 50625 1675.56 0.742872 0.00420588 0.552775 0.00626439 
514 223.791 3.64607 50759 1648.18 0.742772 0.00412138 0.552604 0.00613363 
515 224.298 3.8078 50989.9 1726.65 0.74321 0.00429546 0.553274 0.00639519 
516 224.516 3.50868 51084.5 1588.62 0.742923 0.00390281 0.552837 0.00580389 
517 225.348 3.66178 51464.1 1668.29 0.743235 0.00413359 0.5533 0.00615832 
518 225.748 3.57567 51658.1 1627.44 0.743029 0.00409895 0.552998 0.00610661 
519 226.301 3.81632 51905.8 1750.56 0.743102 0.00428032 0.5531 0.00638073 
520 225.877 3.46101 51693.5 1576.01 0.741885 0.00381355 0.55126 0.00566368 
521 226.613 3.55291 52027.5 1628.66 0.742333 0.00400472 0.551936 0.0059609 
522 227.125 3.54342 52257.2 1625.22 0.742387 0.00386381 0.552001 0.00574186 
523 228.325 3.56396 52820.2 1645.54 0.742991 0.0039617 0.552901 0.00590415 
524 227.664 3.4385 52507.3 1587.21 0.742022 0.00366948 0.55146 0.00545458 
525 229.235 3.48103 53251.9 1610.87 0.742512 0.00382123 0.552181 0.00568624 
526 228.769 3.44752 53020.6 1597.79 0.742382 0.00362081 0.552002 0.00538309 
527 229.571 3.62113 53391.7 1691.84 0.742666 0.00367739 0.552422 0.00547218 
528 229.99 3.48477 53592.3 1626.25 0.742733 0.00358828 0.552514 0.00533895 
529 230.83 3.55295 53971.2 1667.25 0.742937 0.00374924 0.552802 0.00558743 
530 230.555 3.67239 53854.2 1732.83 0.742476 0.00371292 0.55213 0.00553312 
531 231.627 3.57465 54347.7 1694.77 0.742948 0.00356962 0.552829 0.005318 
532 231.999 4.51255 54538.4 2145.48 0.743021 0.00459429 0.552947 0.00685496 
533 232.764 3.61548 54888.4 1722.95 0.743309 0.00358082 0.553356 0.00533844 
534 232.847 4.60165 54941 2206.09 0.743094 0.00457867 0.55305 0.00683492 
535 233.594 3.96559 55283 1909.28 0.743217 0.00389715 0.553226 0.00581541 
536 234.007 4.42883 55496.1 2136.57 0.743131 0.0044257 0.55311 0.00660881 
537 234.256 4.22392 55607.5 2037.74 0.743018 0.0043571 0.552949 0.0065045 
538 234.131 3.74565 55528 1800.67 0.74237 0.00408421 0.551965 0.0060866 
539 234.73 3.85938 55802.3 1855.61 0.742593 0.00415163 0.552297 0.0061842 
540 235.051 3.50755 55959.9 1686.74 0.742574 0.00376039 0.552272 0.00560722 
541 235.794 3.49877 56311.4 1682.79 0.742948 0.00396468 0.552841 0.00591626 
542 235.412 3.03036 56125.3 1452.49 0.741999 0.00326428 0.551418 0.0048618 
543 236.15 2.97951 56468.9 1430.04 0.742339 0.00324418 0.551925 0.00483345 
544 236.245 3.15457 56515 1515.92 0.742023 0.0034315 0.551447 0.00511095 
545 236.904 3.19693 56826.4 1541.1 0.742056 0.00337235 0.551481 0.005021 
546 236.631 3.36463 56692.8 1624.18 0.741457 0.00351702 0.550588 0.00523836 
547 237.892 3.30913 57299.9 1607.3 0.742244 0.00347491 0.55176 0.00518028 
548 237.812 2.97932 57249.2 1444.61 0.741658 0.0031698 0.550874 0.00472531 
549 239.011 3.04891 57835.2 1479.4 0.742344 0.00328716 0.551898 0.00489358 
550 239.274 2.97144 57959.1 1446.4 0.742204 0.00315713 0.551685 0.00470485 
551 239.525 3.28607 58065.8 1602.61 0.74213 0.00339166 0.551571 0.00505087 
552 239.979 3.9489 58287.6 1929.28 0.742166 0.00407149 0.551621 0.00606489 
553 240.144 4.03473 58366 1968.01 0.742004 0.0040507 0.551387 0.00602506 
554 241.26 4.13839 58915.3 2027.95 0.742517 0.00417007 0.552145 0.00621074 
555 240.674 4.21363 58628.7 2066.77 0.741781 0.0042477 0.551056 0.00632636 
556 241.297 4.28753 58932.7 2106.97 0.741793 0.00435256 0.551067 0.00648464 
557 241.461 4.30814 59020 2119.47 0.741628 0.00440579 0.550841 0.00656315 
558 242.131 4.04392 59350.5 1990.73 0.741839 0.00421778 0.551154 0.00628092 
559 242.402 4.34395 59475.7 2149.09 0.741543 0.00448798 0.550712 0.00668904 
560 243.031 3.74661 59785.9 1848.98 0.741943 0.00395279 0.551302 0.00588824 
561 243.806 4.47388 60172 2219.37 0.741978 0.00456656 0.551362 0.00680575 
562 243.913 3.61575 60213.9 1792.13 0.741987 0.00388704 0.551366 0.00579306 
563 244.666 3.79431 60593.3 1889.58 0.74207 0.00398608 0.551499 0.00593896 
564 244.74 3.52218 60619.2 1752.62 0.741716 0.00365946 0.550962 0.0054465 
565 245.696 3.75257 61102.2 1878.82 0.742303 0.00391373 0.551843 0.0058368 
566 245.785 3.52151 61134.8 1759.23 0.742061 0.00361387 0.551467 0.00538004 
567 247.391 4.19087 61954.3 2114.16 0.743233 0.00436695 0.553234 0.00653206 
568 247.251 3.82788 61875.8 1918.9 0.742847 0.00387456 0.55264 0.00576779 
569 247.603 4.05802 62038.3 2052.01 0.742583 0.00416799 0.552245 0.00622131 
570 248.124 3.8223 62307.1 1923.74 0.742925 0.00388405 0.552767 0.00578627 
571 249.038 4.50497 62776.4 2293.72 0.743348 0.00464582 0.553404 0.00694596 
572 248.956 3.88643 62709.9 1963.45 0.743021 0.00395737 0.552897 0.00589822 
573 250.524 4.05655 63522.6 2074.14 0.743976 0.00423802 0.554348 0.00634523 
574 250.295 3.85508 63382.5 1957.87 0.743325 0.00388048 0.553348 0.00578743 
575 250.858 4.27915 63675.3 2191.31 0.743266 0.00442904 0.553272 0.00661909 
576 251.405 3.81903 63941.4 1949.77 0.743497 0.0039387 0.553615 0.00587798 
577 252.057 4.44585 64291.5 2284.04 0.743568 0.00473273 0.553756 0.00707496 
578 251.987 3.57657 64252.8 1827.47 0.74315 0.00358362 0.553108 0.00534029 
579 252.616 4.111 64582.7 2109.89 0.743557 0.00411593 0.553725 0.00613953 
580 253.023 4.17232 64790 2137.25 0.743709 0.0042262 0.55396 0.00630196 
581 253.854 4.20103 65218.4 2167.82 0.743845 0.00417861 0.554155 0.00623643 
582 253.675 4.26079 65109.8 2186.89 0.743358 0.00419785 0.553416 0.00625352 
583 255.168 4.23609 65875.4 2188.55 0.744412 0.00428339 0.554994 0.00639736 
584 255.484 4.17143 66036.7 2166.12 0.744273 0.00406709 0.554782 0.00607033 
585 257.029 4.29792 66839.1 2241.51 0.745429 0.00435985 0.556511 0.00652446 
586 257.773 4.49774 67219.6 2342.57 0.745983 0.0046663 0.557348 0.00698384 
587 258.027 4.30217 67365.2 2244.35 0.745558 0.00434649 0.556719 0.006498 
588 258.218 5.06727 67482.2 2640.73 0.745434 0.00504897 0.556562 0.00754713 
589 259.169 4.82229 67977.2 2515.35 0.745844 0.00479236 0.557162 0.00716756 
590 258.307 4.7181 67502.6 2459.01 0.74431 0.00448845 0.554848 0.00669344 
591 259.851 4.74889 68319.4 2484.63 0.745619 0.00466108 0.556815 0.00697025 
592 259.907 4.79885 68344.8 2515.37 0.74504 0.00445499 0.555942 0.00664436 
593 260.919 5.1519 68876.3 2715.03 0.745539 0.004951 0.556684 0.00740473 
594 261.13 4.78666 68992.3 2515.26 0.74514 0.0046798 0.556088 0.00699234 
595 262.263 5.0772 69603.1 2692.81 0.746091 0.00486844 0.557521 0.00728871 
596 261.692 4.89947 69278.4 2586.97 0.745132 0.00494131 0.556065 0.00739318 
597 262.565 5.02491 69747.4 2666.75 0.745534 0.00510934 0.556672 0.00765603 
598 262.66 5.35662 69785.6 2855.54 0.745164 0.00558229 0.556118 0.00837048 
599 264.032 5.11789 70529 2733.4 0.746012 0.00524923 0.557398 0.00787245 
600 263.924 5.43533 70454.1 2911.94 0.745437 0.00551467 0.556512 0.00827298 
601 264.642 5.5178 70846.3 2963.86 0.745577 0.00561059 0.556736 0.00842195 
602 264.882 5.40802 70963 2904.79 0.745477 0.00550037 0.556577 0.00825015 
603 265.501 5.53327 71308.8 2984.84 0.745502 0.00558857 0.556625 0.0083913 
604 265.864 5.24391 71497 2828.37 0.745477 0.00528984 0.556582 0.00793517 
605 266.531 5.28369 71861.3 2863.66 0.745617 0.00533003 0.556791 0.00800349 
606 267.455 5.16634 72354.3 2796.64 0.746141 0.00516577 0.557578 0.00774918 
607 267.602 5.26482 72424.4 2859.09 0.745831 0.005342 0.557103 0.00801688 
608 268.374 5.26755 72840.1 2868.52 0.746307 0.00528411 0.557816 0.00793416 
609 269.021 5.0734 73192.1 2764 0.74609 0.00507369 0.557485 0.00761642 
610 268.92 5.62201 73143.9 3068.69 0.745981 0.00557355 0.557345 0.00837064 
611 270.416 5.08966 73959 2782.7 0.746613 0.00503511 0.558265 0.00755862 
612 270.327 5.63667 73912.8 3089.22 0.746759 0.00570867 0.558502 0.00857343 
613 271.414 5.18029 74520.2 2842.32 0.746828 0.00518567 0.55859 0.00778752 
614 271.222 5.58545 74394.1 3075.93 0.746799 0.00550576 0.55856 0.0082688 
615 272.612 5.59265 75167 3087.58 0.747259 0.00549504 0.559233 0.0082542 
616 272.796 5.44453 75261.6 3006.65 0.747405 0.00518605 0.559462 0.00778007 
617 273.65 6.62597 75745.4 3679.71 0.747664 0.00641345 0.559855 0.00964187 
618 273.997 4.976 75939.5 2757.44 0.747498 0.00483063 0.559619 0.00725178 
619 274.579 5.25772 76271.1 2923.94 0.747484 0.0051647 0.559598 0.00775606 
620 275.487 4.9694 76762.1 2767.69 0.747985 0.00480648 0.560355 0.00721987 
621 276.194 5.51863 77184.9 3090.65 0.748141 0.00539941 0.560603 0.00812382 
622 275.921 5.12602 77010.5 2864.19 0.747495 0.00497222 0.559614 0.00746738 
623 276.441 5.57181 77314.4 3125.53 0.747308 0.00542053 0.559335 0.00814525 
624 276.62 5.28375 77395.5 2962.15 0.746863 0.00519121 0.558673 0.00779113 
625 277.262 5.2682 77764.1 2953.9 0.747014 0.00511723 0.558886 0.00768258 
626 277.352 5.20008 77784.2 2922.46 0.746694 0.00509427 0.558392 0.00764413 
627 277.491 5.3427 77891.4 3000.5 0.746845 0.00513145 0.558622 0.00770431 
628 278.144 4.8514 78246.4 2725.09 0.747265 0.00473815 0.559242 0.00710844 
629 278.532 5.14844 78464.5 2893.71 0.747097 0.00496646 0.558983 0.0074513 
630 278.905 4.55688 78680.7 2567.5 0.747121 0.00448453 0.559024 0.00672842 
631 279.864 5.39792 79233.5 3035.15 0.747711 0.00516257 0.559918 0.00774509 
632 279.586 4.43891 79049.6 2502 0.746949 0.00441102 0.558751 0.00661959 
633 280.392 4.88057 79529.6 2762.9 0.747081 0.00472022 0.558963 0.00709205 
634 280.543 4.73144 79601.3 2680.54 0.7468 0.00459736 0.558533 0.00690519 
635 281.629 4.73806 80204.1 2690.39 0.74724 0.00463053 0.559185 0.00695253 
636 281.295 4.67745 79999.6 2662.33 0.746702 0.00454698 0.55837 0.00683104 
637 282.752 4.73147 80849.2 2702.81 0.747353 0.00455292 0.559361 0.00684127 
638 282.572 4.53968 80736.2 2581.72 0.746719 0.00442234 0.558401 0.00662722 
639 283.558 4.69592 81326.5 2681.03 0.747114 0.0044954 0.559004 0.00673732 
640 283.507 4.45843 81285.6 2551.8 0.74673 0.0043122 0.558423 0.00646732 
641 284.372 4.63287 81797.5 2660.19 0.747298 0.00445598 0.559278 0.00670048 
642 284.55 4.51478 81891.7 2593.36 0.747157 0.00437192 0.55907 0.00656724 
643 285.631 4.7118 82523.5 2714.4 0.747352 0.00439797 0.559352 0.00660324 
644 285.676 4.46821 82532.6 2576.46 0.747404 0.00434747 0.55944 0.00653386 
645 287.087 4.78603 83379 2775.49 0.748234 0.00456454 0.560694 0.00686435 
646 286.439 4.94118 82989.6 2868.08 0.747299 0.00478485 0.559305 0.00719556 
647 286.696 5.06342 83138 2946.88 0.747154 0.00498396 0.559097 0.00749682 
648 287.649 4.93156 83671.7 2877.24 0.74778 0.00481584 0.560019 0.00725059 
649 287.488 5.18705 83597.5 3038.15 0.747169 0.0051488 0.55914 0.00775563 
650 289.015 4.79468 84461 2808.21 0.74829 0.00465636 0.560784 0.00700725 
651 289.79 5.45193 84950.6 3205.25 0.748553 0.00527628 0.561202 0.00795034 
652 289.324 4.6758 84634.6 2723.85 0.747863 0.00440424 0.560132 0.00661234 
653 290.366 5.01628 85271.5 2938.34 0.748193 0.00483023 0.560654 0.00726252 
654 290.468 4.80032 85307.8 2800.83 0.747921 0.00448087 0.560218 0.00672326 
655 291.151 4.82805 85723 2831.22 0.748226 0.0045582 0.560676 0.00684976 
656 291.417 4.77409 85857.8 2794.43 0.747911 0.00447057 0.560192 0.00670884 
657 292.097 4.73676 86282 2783.17 0.747913 0.00438727 0.560204 0.0065866 
658 291.788 4.88069 86086.3 2867.44 0.747226 0.00450996 0.559166 0.0067643 
659 293.538 5.11664 87155.2 3025.93 0.748574 0.00477399 0.561205 0.00717106 
660 293.096 4.84417 86872 2849.13 0.74765 0.004491 0.559809 0.0067335 
661 294.377 5.09938 87642.3 3042.12 0.748659 0.00476454 0.561316 0.00717558 
662 294.634 4.84598 87767 2864.5 0.747781 0.00448517 0.559991 0.00672216 
663 295.821 5.86638 88486 3521.31 0.748746 0.00546058 0.561437 0.00823414 
664 294.904 5.61446 87894.4 3346 0.747223 0.00514465 0.559122 0.00773018 
665 295.656 5.64961 88348.3 3378.19 0.747771 0.00517383 0.559942 0.00778466 
666 296.327 5.73117 88749 3433.74 0.747787 0.00510895 0.559958 0.00768283 
667 296.9 5.71303 89093.2 3433.67 0.747981 0.00511592 0.560254 0.00769819 
668 297.119 5.66486 89202.6 3406.8 0.747743 0.00508268 0.559881 0.0076474 
669 297.743 5.14993 89577 3101.75 0.748016 0.00483882 0.560297 0.00727989 
670 297.746 5.12592 89585.2 3085.39 0.747622 0.00479596 0.559713 0.00721003 
671 298.228 4.89225 89858.7 2966.17 0.747549 0.00455922 0.559594 0.00686657 
672 298.44 4.65547 89991.8 2824.95 0.747197 0.0042412 0.559061 0.0063825 
673 298.599 4.44351 90053.6 2685.67 0.747027 0.00417411 0.558797 0.00628116 
674 299.173 4.39857 90384.1 2664.56 0.747089 0.00400536 0.558868 0.00602636 
675 299.857 5.05829 90816.3 3067.1 0.747286 0.0048881 0.559188 0.00735033 
676 299.956 4.33194 90846.4 2631.01 0.746936 0.00395939 0.558635 0.00595777 
677 300.241 4.63476 91012.1 2824.26 0.746444 0.00440152 0.557902 0.00662261 
678 300.389 4.44497 91110.7 2703.62 0.746303 0.00400827 0.557686 0.00601692 
679 301.551 4.4979 91819.7 2751.84 0.746696 0.00432031 0.55829 0.00649936 
680 302.329 5.24341 92303.8 3207.62 0.747452 0.0048285 0.559427 0.00725464 
681 302.878 5.07094 92623.1 3115.17 0.746554 0.00523379 0.558106 0.00786109 
682 303.887 4.8073 93251 2952.68 0.748273 0.00432638 0.560659 0.00650429 
683 304.574 4.78498 93666.7 2930.88 0.748291 0.00430411 0.560686 0.00645489 
684 304.561 5.11501 93658 3147.19 0.7478 0.00462941 0.559942 0.00695728 
685 305.186 5.21702 94012.6 3230.4 0.747871 0.0047389 0.560026 0.00713891 
686 306.534 5.03313 94871 3107.12 0.74865 0.00448888 0.561203 0.0067476 
687 306.074 5.23829 94572 3249.05 0.748223 0.00473084 0.560556 0.00712718 
688 307.062 5.28517 95192.7 3277.47 0.748466 0.00462988 0.560925 0.00696723 
689 306.755 4.78602 94975.4 2975.99 0.747782 0.0042546 0.559879 0.00640296 
690 307.69 4.96994 95543.9 3094.1 0.748387 0.00439638 0.560775 0.00661442 
691 308.449 4.87132 96017.8 3042.12 0.748678 0.00434006 0.561214 0.0065332 
692 309.208 5.13406 96495.6 3214.78 0.748877 0.0045777 0.561509 0.0068963 
693 309.445 5.10099 96646.3 3180.62 0.748616 0.0045405 0.561116 0.00682809 
694 310.521 4.88607 97322 3067.42 0.749017 0.00433517 0.561707 0.0065288 
695 310.315 4.85009 97194.5 3027.49 0.748253 0.00431007 0.560564 0.00647823 
696 311.067 5.1917 97701.5 3246.77 0.748484 0.00452466 0.560931 0.00679962 
697 310.979 5.58668 97622 3475.68 0.74843 0.00499174 0.560841 0.00749239 
698 311.366 4.75034 97853.4 2984.57 0.747976 0.0043441 0.560158 0.00652844 
