1.3 -1.8465 111400000000
183.646 6.01651
1 0 0 0 0 0.499932 0.000121181 0.499932 0.000121181 
2 0 0 0 0 0.499999 0.000102791 0.374993 0.000118311 
3 0 0 0 0 0.49997 0.000103596 0.33332 0.000114457 
4 0.177413 9.98449e-05 0.177413 9.98449e-05 0.532284 9.56587e-05 0.348816 0.000107245 
5 0.24192 0.000103233 0.24192 0.000103233 0.535143 9.70301e-05 0.338665 0.000105754 
6 0.486873 0.000225588 0.685198 0.000445114 0.55605 0.000106904 0.35409 0.000123364 
7 0.583473 0.0002389 0.850826 0.00045661 0.557182 0.000109643 0.348661 0.00011927 
8 0.889647 0.00037664 1.69343 0.00104133 0.573426 8.77042e-05 0.363022 9.89491e-05 
9 1.0193 0.000520349 2.05708 0.00165143 0.574929 0.00010864 0.360968 0.000123865 
10 1.33446 0.000566989 3.22399 0.00202963 0.585998 9.86493e-05 0.371115 0.000116513 
11 1.50856 0.000609314 3.93043 0.002658 0.58838 8.94429e-05 0.371514 0.000106891 
12 1.8257 0.000897171 5.43755 0.00484887 0.596569 0.00010182 0.379372 0.000121895 
13 2.02437 0.000789786 6.4605 0.00456961 0.598657 7.95364e-05 0.380123 9.89741e-05 
14 2.35862 0.000933969 8.44576 0.00602566 0.605618 8.67816e-05 0.387191 0.000107123 
15 2.57135 0.00124111 9.77574 0.00947626 0.607396 0.000110619 0.388024 0.000138411 
16 2.91989 0.00130064 12.2652 0.0102053 0.613303 9.90446e-05 0.394235 0.000115763 
17 3.1444 0.00136549 13.9376 0.0115665 0.614786 0.000107009 0.395033 0.000130358 
18 3.49916 0.00159907 16.9049 0.0143075 0.619757 9.69195e-05 0.400383 0.000121302 
19 3.73637 0.00166425 18.9638 0.0150786 0.621085 0.000113231 0.401193 0.000138899 
20 4.10054 0.00175633 22.4711 0.0179758 0.625519 0.000110983 0.406091 0.000140262 
21 4.34847 0.00293557 24.9428 0.0311971 0.626723 0.000155128 0.40693 0.00019401 
22 4.71919 0.00220062 28.996 0.0257877 0.630561 0.000118196 0.411227 0.000145399 
23 4.97503 0.00212931 31.8652 0.0268671 0.63164 0.000121332 0.412014 0.000146351 
24 5.35497 0.00355346 36.5363 0.045729 0.635187 0.00016842 0.416073 0.000215822 
25 5.61615 0.00234991 39.8013 0.0334472 0.6361 0.000126592 0.416742 0.000160935 
26 5.99973 0.00268123 45.0235 0.040794 0.639245 0.000123495 0.420366 0.00015985 
27 6.26823 0.00287085 48.7337 0.0453636 0.640072 0.000101242 0.421001 0.000130245 
28 6.65839 0.00328262 54.5801 0.0536637 0.642945 0.00014918 0.424359 0.000192559 
29 6.93312 0.00331857 58.7631 0.0567826 0.643703 0.000153642 0.42497 0.000202262 
30 7.32861 0.00378891 65.2452 0.0701586 0.646371 0.000115704 0.428132 0.000147961 
31 7.60294 0.00478945 69.764 0.0831896 0.646981 0.000152455 0.428582 0.000198223 
32 8.00921 0.0043192 77.0056 0.0864177 0.649507 0.000132125 0.431619 0.000174306 
33 8.28675 0.0040802 81.9666 0.0828569 0.650045 0.000134167 0.432033 0.000177136 
34 8.69452 0.0048692 89.8072 0.106769 0.652325 0.000117549 0.434772 0.000159458 
35 8.98007 0.00460865 95.2882 0.0966917 0.652827 0.000119149 0.43516 0.00015677 
36 9.38913 0.00557042 103.754 0.129405 0.654914 0.000117403 0.437692 0.000157136 
37 9.68378 0.00593154 109.896 0.142321 0.655459 0.000115909 0.43819 0.000157001 
38 10.0922 0.00631771 118.924 0.164236 0.65742 0.000132773 0.440593 0.000179221 
39 10.387 0.00826186 125.407 0.218336 0.657909 0.00015601 0.44102 0.00021258 
40 10.8023 0.00594031 135.172 0.155057 0.659754 0.00011552 0.443284 0.00015719 
41 11.1068 0.00639036 142.38 0.169493 0.660287 0.000119733 0.443807 0.000164315 
42 11.5193 0.00701734 152.684 0.200348 0.661963 0.00013107 0.445877 0.000181507 
43 11.8236 0.00673215 160.297 0.190601 0.662439 0.000125828 0.44634 0.000173641 
44 12.2523 0.00814813 171.689 0.219584 0.66418 0.000125314 0.448519 0.000172619 
45 12.5698 0.0103791 180.204 0.32034 0.664702 0.000172293 0.449075 0.000246513 
46 12.97 0.00759359 191.25 0.224335 0.665863 0.000120769 0.450443 0.000165612 
47 13.2894 0.00945579 200.298 0.305977 0.666358 0.000129667 0.450971 0.000177575 
48 13.7036 0.00960275 212.427 0.314169 0.6678 0.000141288 0.45278 0.000195402 
49 14.0284 0.0109067 222.062 0.364384 0.668208 0.000154177 0.453193 0.000213535 
50 14.4607 0.010368 235.489 0.363502 0.669717 0.000153147 0.455121 0.000215057 
51 14.767 0.0124501 244.889 0.433341 0.669939 0.00017257 0.455276 0.000240185 
52 15.1972 0.0114245 258.894 0.405755 0.671208 0.000134726 0.456878 0.00018498 
53 15.5184 0.0171697 269.344 0.621611 0.671657 0.000175446 0.457379 0.000243584 
54 15.9526 0.0142304 284.147 0.535536 0.672963 0.000170078 0.459052 0.000241078 
55 16.2793 0.0173154 295.3 0.747848 0.673345 0.000210355 0.459468 0.000305529 
56 16.7039 0.0153667 310.31 0.585082 0.674375 0.000165717 0.460747 0.000231865 
57 17.0303 0.0180607 321.979 0.726245 0.674686 0.000179852 0.461075 0.000255669 
58 17.4585 0.0149407 337.842 0.638788 0.675669 0.000143763 0.462318 0.000201088 
59 17.7884 0.0147231 350.099 0.641712 0.675884 0.000142208 0.462502 0.000197736 
60 18.1991 0.0139926 365.873 0.57776 0.676901 0.000163593 0.463814 0.000227676 
61 18.549 0.0161815 379.559 0.759358 0.677229 0.000167656 0.464169 0.000237919 
62 18.9914 0.0163692 397.385 0.763608 0.678336 0.000170483 0.465604 0.000241093 
63 19.3029 0.0149994 409.679 0.687372 0.678433 0.000153254 0.46564 0.000215317 
64 19.7478 0.014645 428.25 0.659102 0.679517 0.000153273 0.467043 0.000213752 
65 20.0957 0.0156788 442.882 0.737163 0.679823 0.000172167 0.467393 0.000244061 
66 20.537 0.0178023 462.119 0.883925 0.680803 0.000172741 0.468664 0.0002435 
67 20.8739 0.0175987 476.608 0.871762 0.681085 0.000186662 0.468978 0.00026738 
68 21.2947 0.0174578 495.472 0.865539 0.681805 0.000217547 0.469893 0.000308667 
69 21.6499 0.019864 511.458 1.02123 0.682203 0.000205336 0.470383 0.000293689 
70 22.0633 0.022924 530.507 1.21407 0.682852 0.000200582 0.471191 0.000282695 
71 22.4048 0.0167149 546.21 0.852932 0.683143 0.000171912 0.471519 0.000246003 
72 22.8798 0.0194695 569.408 1.05346 0.6841 0.000195273 0.472789 0.000275913 
73 23.2364 0.0298438 586.479 1.68317 0.684409 0.000225547 0.473138 0.000317591 
74 23.6618 0.0228056 607.552 1.20671 0.68515 0.00021555 0.474111 0.000302676 
75 24.0068 0.0296965 624.731 1.67862 0.685251 0.000247947 0.474176 0.000348598 
76 24.4491 0.020324 647.195 1.1228 0.686065 0.000179791 0.475247 0.000254803 
77 24.8073 0.0231923 665.635 1.33244 0.686321 0.000189796 0.475547 0.00026869 
78 25.2417 0.0205625 688.605 1.21567 0.686891 0.000172207 0.476275 0.00024346 
79 25.6057 0.0396032 707.983 2.38639 0.687253 0.000242637 0.476733 0.000335648 
80 26.0446 0.0221814 731.899 1.32895 0.687969 0.000183621 0.477675 0.000261676 
81 26.3965 0.034102 751.141 2.18394 0.688233 0.000221563 0.477988 0.000310574 
82 26.8584 0.0353763 777.074 2.19855 0.688941 0.000218532 0.478911 0.000310713 
83 27.2194 0.0319855 797.35 2.00643 0.689099 0.000215006 0.479075 0.000305124 
84 27.6649 0.0454504 823.112 3.01179 0.689881 0.000321229 0.480128 0.000461786 
85 27.9627 0.025907 839.899 1.57174 0.68978 0.000188248 0.479933 0.000268685 
86 28.4285 0.0429303 867.479 2.58579 0.690502 0.000272636 0.48088 0.000380394 
87 28.7604 0.0389672 886.934 2.34535 0.690528 0.000240282 0.480865 0.000336129 
88 29.2527 0.0500631 917.012 3.12706 0.691471 0.000316232 0.482138 0.000445866 
89 29.5741 0.0383976 936.482 2.34205 0.691375 0.000229833 0.481959 0.000323456 
90 30.0484 0.0520928 966.248 3.47093 0.692234 0.000335629 0.483127 0.000483661 
91 30.4063 0.0539852 988.396 3.59895 0.692256 0.000283359 0.483087 0.000404367 
92 30.8885 0.0390714 1019.93 2.59145 0.693135 0.000242153 0.484298 0.000346361 
93 31.2065 0.0304236 1039.97 2.00894 0.693035 0.000199233 0.484111 0.000284335 
94 31.7095 0.0427628 1073.64 3.13759 0.693908 0.000264405 0.485316 0.000378495 
95 32.0653 0.0391746 1097.06 2.90838 0.694102 0.000235999 0.485552 0.000337799 
96 32.6062 0.070688 1135.15 5.93667 0.695093 0.000371088 0.486934 0.000537059 
97 32.8646 0.0416729 1150.78 3.12353 0.694705 0.000244076 0.486311 0.000350238 
98 33.3316 0.0460291 1183.73 3.68582 0.695318 0.00026857 0.487148 0.000388927 
99 33.6853 0.0467043 1208 3.79859 0.695362 0.000252396 0.487155 0.00036566 
100 34.1053 0.0489668 1237.52 4.08392 0.695781 0.000285969 0.487709 0.000412291 
101 34.4802 0.0433878 1264.06 3.52331 0.695967 0.000264768 0.487943 0.000384094 
102 34.9265 0.0592018 1296.51 5.13216 0.696477 0.00033456 0.48863 0.000490126 
103 35.3602 0.0930587 1328.82 8.23224 0.696935 0.000575841 0.489269 0.000855781 
104 35.829 0.142183 1364.59 13.5627 0.697366 0.000633411 0.489828 0.000938984 
105 36.1781 0.110591 1390.2 10.8617 0.6974 0.000491927 0.48984 0.000730888 
106 36.6861 0.168056 1430.12 16.9016 0.698179 0.000709772 0.490922 0.00105954 
107 36.9984 0.0611934 1451 5.48211 0.69817 0.00035203 0.49085 0.000517655 
108 37.3495 0.0497013 1477.27 4.59789 0.698143 0.000268012 0.490756 0.000390194 
109 37.7213 0.0423651 1505.91 3.81117 0.698417 0.000244963 0.491115 0.000354203 
110 38.1922 0.0482761 1543.26 4.59445 0.698942 0.000252276 0.491823 0.000366596 
111 38.5766 0.0406695 1573.15 3.47932 0.69919 0.000246878 0.492136 0.000352318 
112 39.0286 0.0440819 1609.81 3.81798 0.699616 0.000248789 0.492719 0.000359125 
113 39.4308 0.0506205 1642.75 4.48147 0.699834 0.000296562 0.493007 0.000424888 
114 39.804 0.0465238 1672.76 4.14899 0.699892 0.000301972 0.493049 0.000440204 
115 40.2056 0.0586545 1706.08 5.172 0.700115 0.000353535 0.493342 0.000515762 
116 40.684 0.0519323 1745.71 4.76122 0.700599 0.000266929 0.493985 0.000384566 
117 41.0622 0.0539271 1778.09 4.94751 0.70067 0.000306983 0.49407 0.000448562 
118 41.5823 0.0623863 1822.83 5.83851 0.701436 0.000326086 0.495127 0.000471446 
119 41.9456 0.0585622 1854.34 5.65284 0.701419 0.00027192 0.495074 0.00039289 
120 42.457 0.0697362 1899.82 7.24588 0.702173 0.000313282 0.496128 0.00045565 
121 42.8212 0.0674272 1931.82 6.90846 0.702176 0.000315839 0.496106 0.000461059 
122 43.2928 0.0884515 1974.64 9.19516 0.702649 0.00038624 0.496762 0.000560242 
123 43.6076 0.0670221 2001.24 6.86181 0.702481 0.000323926 0.496479 0.000469353 
124 43.9896 0.0632125 2034.62 6.2716 0.702607 0.000299023 0.49662 0.000429863 
125 44.3825 0.0700531 2070.51 7.04221 0.702757 0.000320974 0.496824 0.00046193 
126 44.8578 0.0643637 2114.94 6.50576 0.703096 0.000296031 0.497278 0.00042424 
127 45.2161 0.062709 2147.51 6.2881 0.703309 0.000328389 0.497573 0.000477708 
128 45.7051 0.0668863 2194.07 6.8745 0.703849 0.000322922 0.498319 0.000468545 
129 46.0987 0.0787654 2230.96 8.0095 0.704027 0.000369941 0.498545 0.000531919 
130 46.561 0.0797404 2274.74 8.07767 0.704314 0.000341655 0.498918 0.000495485 
131 46.9615 0.111696 2313.43 11.6148 0.704607 0.00047258 0.499327 0.00068014 
132 47.3367 0.0856447 2349.35 9.22002 0.704717 0.000411722 0.499453 0.000607449 
133 47.7835 0.105494 2393.29 11.266 0.704984 0.000424747 0.499811 0.000618526 
134 48.2436 0.0807979 2439.16 8.8219 0.705431 0.000369293 0.500445 0.000542091 
135 48.7504 0.111953 2489.86 12.2259 0.705931 0.000451566 0.501123 0.000667665 
136 49.1083 0.0836438 2525.19 9.22682 0.706024 0.000413636 0.501233 0.000609112 
137 49.526 0.106241 2567.6 11.8449 0.706123 0.000486152 0.50135 0.000713132 
138 49.9516 0.117174 2610.97 13.2517 0.706359 0.000506401 0.501661 0.000747639 
139 50.4129 0.131578 2658.96 14.8712 0.706718 0.000654369 0.502165 0.000962308 
140 50.8445 0.136634 2704.52 16.2523 0.706856 0.000609173 0.502338 0.000902269 
141 51.22 0.114118 2743.66 13.6321 0.706915 0.000497824 0.502401 0.000735646 
142 51.6768 0.128812 2791.74 15.3189 0.707346 0.000502814 0.503001 0.000736756 
143 52.0918 0.137282 2835.47 16.5371 0.707521 0.000551864 0.503214 0.000812848 
144 52.5305 0.123506 2883.19 15.1525 0.707808 0.000513779 0.503625 0.000758665 
145 53.0344 0.150519 2938.49 18.4929 0.708243 0.000613588 0.504226 0.00090696 
146 53.5376 0.125116 2994.6 15.4289 0.708633 0.000527133 0.504773 0.00078067 
147 53.9464 0.151897 3039.6 18.8535 0.708848 0.000610773 0.505065 0.000905161 
148 54.6108 0.269676 3118.51 34.7962 0.709971 0.00109137 0.506722 0.00163333 
149 54.7559 0.172436 3129.95 22.0481 0.70913 0.000677805 0.505441 0.00100687 
150 55.185 0.160821 3177.81 20.6941 0.709296 0.000612721 0.505644 0.000914744 
151 55.5808 0.158244 3222.54 20.671 0.70933 0.000616629 0.505672 0.000915406 
152 56.0491 0.18456 3276.84 23.8894 0.709687 0.000654292 0.506183 0.000969662 
153 56.4093 0.17993 3317.4 23.8538 0.709683 0.000737694 0.506149 0.00109614 
154 56.89 0.143211 3373.62 18.6455 0.710044 0.000585634 0.50665 0.000865316 
155 57.2839 0.168368 3418.75 22.0031 0.710122 0.000634773 0.506735 0.000938772 
156 57.7617 0.156818 3476.51 20.6594 0.710452 0.00060411 0.5072 0.000884689 
157 58.1855 0.128015 3526.81 16.9268 0.710643 0.000478903 0.507454 0.000706123 
158 58.5801 0.159929 3574.68 21.8511 0.710762 0.000583173 0.507629 0.000867543 
159 59.0341 0.16232 3628.59 21.9984 0.71092 0.000602713 0.507835 0.000891972 
160 59.4399 0.161231 3677.98 22.0433 0.711038 0.000584174 0.507983 0.000865526 
161 59.925 0.160907 3737.41 21.9431 0.711412 0.000581667 0.508502 0.000859858 
162 60.3168 0.156257 3785.67 21.537 0.71152 0.000551143 0.508639 0.000816105 
163 60.8475 0.175933 3853.1 24.2848 0.711896 0.000627615 0.509174 0.000930583 
164 61.2342 0.177575 3899.86 25.1854 0.711995 0.000581536 0.509288 0.000860888 
165 61.6639 0.158965 3953.35 22.2499 0.712108 0.000572362 0.509432 0.000850912 
166 62.0057 0.155278 3996.24 21.9822 0.712012 0.000524919 0.509278 0.000784887 
167 62.4735 0.159758 4056.58 22.7653 0.712499 0.000583292 0.509979 0.000866003 
168 62.8098 0.159114 4098.37 22.743 0.71232 0.000547011 0.509697 0.000809853 
169 63.2891 0.165419 4160.79 23.8077 0.712592 0.000617401 0.510078 0.000911104 
170 63.6883 0.179373 4212.91 25.7773 0.712774 0.00064468 0.51033 0.000948844 
171 64.1643 0.163518 4275.09 23.7102 0.713011 0.000622356 0.510653 0.000917584 
172 64.5425 0.171185 4323.71 25.1493 0.713096 0.000648608 0.510749 0.000955877 
173 65.0304 0.16794 4388.56 24.9444 0.713436 0.000588432 0.511246 0.000873093 
174 65.3973 0.133785 4437.75 19.4783 0.713262 0.00045652 0.510975 0.000673414 
175 65.7846 0.153782 4489.64 22.8587 0.713318 0.00052911 0.511048 0.00078318 
176 66.3272 0.158532 4564.03 23.7473 0.713713 0.000521345 0.511608 0.000773566 
177 66.7137 0.164474 4616.03 24.6071 0.713719 0.000549612 0.511604 0.00081319 
178 67.2039 0.192465 4684.25 29.1782 0.71412 0.000644933 0.512178 0.000948204 
179 67.6724 0.191519 4749.23 29.2543 0.714439 0.000633136 0.512639 0.000944048 
180 68.146 0.253398 4816.07 39.7773 0.714686 0.000755159 0.512984 0.00112636 
181 68.409 0.212595 4849.79 33.5792 0.714357 0.00067309 0.512483 0.0010025 
182 68.8562 0.184749 4911.45 28.8971 0.714433 0.000605911 0.512553 0.000892879 
183 69.3463 0.190724 4982.19 29.2755 0.714766 0.000619219 0.513048 0.000916134 
184 69.8236 0.20343 5047.96 32.087 0.714984 0.000647652 0.513319 0.000953798 
185 70.4534 0.248928 5139.82 37.8034 0.71584 0.000795262 0.514559 0.00116603 
186 70.6778 0.191071 5171.48 30.4053 0.714994 0.000683647 0.513319 0.0010019 
187 71.034 0.184357 5223.42 28.2068 0.715046 0.000625105 0.513391 0.000918501 
188 71.4681 0.194849 5285.65 30.6977 0.715251 0.000546881 0.51366 0.000801912 
189 71.9357 0.169959 5355.5 26.794 0.715453 0.000542437 0.513955 0.000794102 
190 72.3311 0.18952 5413 30.3411 0.715481 0.000553347 0.513978 0.00081782 
191 72.9894 0.213552 5516.22 35.2098 0.71629 0.00060625 0.515171 0.000888971 
192 73.2517 0.183767 5550.91 30.0641 0.715807 0.000604017 0.514428 0.000889951 
193 73.9904 0.368839 5669.5 62.7041 0.716702 0.000961629 0.515753 0.00141464 
194 74.0318 0.142712 5666.47 23.6709 0.715929 0.000477902 0.51458 0.000705656 
195 74.544 0.166311 5746.33 27.4968 0.716176 0.000507128 0.514938 0.0007505 
196 74.8784 0.159561 5793.98 26.4985 0.71608 0.000490519 0.514772 0.000723898 
197 75.475 0.157827 5888.68 26.0865 0.716679 0.000479025 0.515646 0.000706175 
198 75.8211 0.155311 5939.31 25.8848 0.716493 0.000505887 0.515342 0.000745357 
199 76.303 0.187693 6016.46 31.4658 0.71667 0.000562778 0.515611 0.000829233 
200 76.8367 0.183972 6097.8 30.8889 0.716984 0.000595584 0.516029 0.000879083 
201 77.2433 0.198616 6162.77 33.4907 0.717051 0.000575635 0.516126 0.000849952 
202 77.6101 0.182412 6220.75 30.8736 0.717178 0.000559481 0.5163 0.000825923 
203 78.0285 0.165107 6286.94 28.1533 0.717179 0.000483113 0.516281 0.00071066 
204 78.3462 0.16354 6336.11 28.0027 0.717182 0.000478654 0.516283 0.000704988 
205 78.9805 0.175515 6440.06 30.2465 0.717707 0.000539615 0.51704 0.000794028 
206 79.2451 0.174787 6480.34 30.7211 0.717348 0.000526176 0.516498 0.000778699 
207 79.7717 0.176895 6566.19 30.8294 0.717645 0.000527904 0.516924 0.000773391 
208 80.1012 0.197972 6618.72 34.7219 0.717547 0.000540877 0.51676 0.000791907 
209 80.6259 0.221584 6704.8 38.5692 0.717653 0.000449941 0.516899 0.000658135 
210 80.9792 0.166763 6762.43 29.6322 0.717753 0.000479867 0.517039 0.000705339 
211 81.4687 0.176507 6844.6 30.8037 0.718096 0.000471572 0.517533 0.00068544 
212 81.9236 0.180619 6918.74 31.7602 0.718232 0.000523536 0.517713 0.000764988 
213 82.4069 0.184578 7000.93 32.747 0.71855 0.000558379 0.518175 0.000811592 
214 82.9153 0.200804 7086.19 36.2081 0.718743 0.00053075 0.518441 0.00077733 
215 83.3294 0.244563 7156.4 43.9227 0.71878 0.000691629 0.518489 0.00100797 
216 83.7687 0.201805 7229.64 36.9715 0.718884 0.000589957 0.518625 0.000863769 
217 84.251 0.257415 7313.86 47.5491 0.719211 0.000722555 0.519105 0.00106356 
218 84.6734 0.284752 7384.9 52.8316 0.71921 0.000715224 0.519098 0.00105612 
219 85.1978 0.280328 7478.21 52.2843 0.719571 0.000709956 0.519611 0.00104448 
220 85.512 0.355516 7531.5 67.9297 0.719349 0.000912787 0.51929 0.00134995 
221 85.7027 0.204758 7561.67 38.663 0.718967 0.000542844 0.518707 0.000796358 
222 86.2611 0.25631 7658.57 48.2721 0.719143 0.000629761 0.518949 0.000928008 
223 86.8013 0.237338 7754.69 45.4956 0.719681 0.000548791 0.519717 0.000806536 
224 87.2199 0.228692 7829.63 43.0097 0.719541 0.000519313 0.51951 0.000770643 
225 87.6565 0.207334 7907.34 39.1006 0.71984 0.000507104 0.519935 0.000750691 
226 88.1286 0.253733 7993.15 48.6301 0.719853 0.000606832 0.519949 0.000895654 
227 88.6063 0.215184 8078.03 40.1671 0.720321 0.000582047 0.520626 0.000852302 
228 89.0077 0.23301 8148.96 43.8373 0.720235 0.000623232 0.520477 0.000914917 
229 89.3414 0.227397 8209.58 43.909 0.720344 0.000645752 0.520647 0.00095597 
230 89.8811 0.248331 8308.94 47.8874 0.720538 0.000776503 0.520928 0.00115383 
231 90.3661 0.266749 8398.46 51.4972 0.720755 0.000772064 0.521238 0.0011413 
232 90.7822 0.301657 8471.49 60.2942 0.720721 0.000874175 0.521153 0.00130707 
233 91.1136 0.249027 8534.72 48.4742 0.720578 0.000628989 0.520943 0.000923185 
234 91.6157 0.254572 8625.93 49.7278 0.720907 0.000696421 0.521398 0.00102813 
235 91.9399 0.21482 8686.69 40.8644 0.720864 0.000528765 0.521334 0.000772439 
236 92.4421 0.258519 8779.8 49.8531 0.720979 0.00066536 0.52148 0.000970674 
237 92.9855 0.245147 8886.78 48.0632 0.721299 0.000609024 0.521966 0.00089218 
238 93.3323 0.276442 8950.38 54.5166 0.721092 0.000658833 0.521642 0.000964681 
239 93.8188 0.262878 9044.71 51.96 0.721235 0.000630865 0.521842 0.000921573 
240 94.1936 0.282167 9117.24 56.7805 0.72119 0.000690546 0.521775 0.00101789 
241 94.6289 0.226227 9200.11 45.8159 0.721278 0.00057363 0.521892 0.000841414 
242 95.1236 0.249829 9296.17 50.3901 0.721457 0.000621191 0.522147 0.000917974 
243 95.5665 0.261498 9383.4 52.4116 0.721576 0.000646105 0.52231 0.000947259 
244 95.9823 0.282832 9461.16 57.0514 0.721664 0.000680148 0.522421 0.00100001 
245 96.3068 0.26252 9523.28 53.8046 0.72145 0.000662533 0.522105 0.000973808 
246 96.8526 0.268197 9630.31 55.5848 0.72191 0.000637435 0.522768 0.000938352 
247 97.2434 0.262998 9704.18 55.0996 0.721821 0.000651329 0.522619 0.000962145 
248 97.7078 0.265429 9795.63 56.3397 0.72214 0.000644747 0.523083 0.000957025 
249 98.1093 0.24172 9874.82 50.442 0.722156 0.00066441 0.523109 0.000979147 
250 98.5928 0.26063 9970.25 55.4366 0.722375 0.000630778 0.523398 0.000935246 
251 99.0638 0.320931 10065.8 67.7851 0.722525 0.000827382 0.523618 0.00121627 
252 99.4582 0.268622 10145.7 57.0745 0.722366 0.000693728 0.52338 0.00102936 
253 99.8151 0.258476 10216.9 55.6182 0.722339 0.000709435 0.523328 0.00104933 
254 100.271 0.286511 10310.2 61.9849 0.72249 0.000746846 0.523555 0.00110641 
255 100.688 0.284761 10394 61.6145 0.72265 0.000762814 0.523785 0.00112777 
256 101.189 0.3154 10498.8 68.7217 0.722771 0.000754532 0.523954 0.00111519 
257 101.665 0.300397 10595.2 65.359 0.723142 0.000759225 0.524482 0.00112336 
258 102.409 0.454106 10757.4 101.456 0.723489 0.000984759 0.52499 0.0014528 
259 102.551 0.323295 10779.6 71.2062 0.723259 0.000715733 0.52465 0.00105532 
260 103.065 0.39964 10889.7 89.4356 0.723309 0.00087498 0.52471 0.00130011 
261 103.692 0.499776 11021.8 111.327 0.723882 0.0012074 0.525561 0.00179111 
262 103.899 0.372237 11061.4 83.8601 0.723356 0.000792738 0.524753 0.00117639 
263 104.535 0.376601 11199.3 85.4843 0.723639 0.000757609 0.525175 0.0011164 
264 104.769 0.293031 11241.2 65.6441 0.723486 0.000608896 0.524908 0.000893261 
265 105.145 0.265344 11321.5 59.8101 0.723471 0.000585977 0.524891 0.000865061 
266 105.648 0.264468 11429.2 59.6143 0.723402 0.000575618 0.524781 0.000850467 
267 106.12 0.268286 11532.9 61.0519 0.723604 0.000536344 0.525069 0.000794852 
268 106.598 0.281769 11634.2 63.9099 0.723627 0.000640667 0.525102 0.000941191 
269 107.123 0.278265 11749 63.2341 0.724076 0.000612313 0.525756 0.000896295 
270 107.562 0.297587 11844.1 67.1712 0.723844 0.000693594 0.525408 0.00101176 
271 108.045 0.265854 11951.8 61.5302 0.724213 0.000562988 0.525946 0.000826923 
272 108.564 0.293719 12065.7 67.0353 0.723969 0.000681665 0.525573 0.00100324 
273 108.909 0.299187 12145.2 69.5337 0.724423 0.000601562 0.526252 0.000883188 
274 109.477 0.322992 12271.9 76.3669 0.724475 0.000590388 0.526308 0.000867848 
275 110.077 0.39372 12407.8 97.1207 0.724909 0.000648834 0.526935 0.000952292 
276 110.373 0.312304 12467.6 72.9717 0.724581 0.000548266 0.526449 0.000804198 
277 110.677 0.314922 12538.6 77.1291 0.724572 0.000603022 0.526439 0.00089236 
278 111.148 0.278233 12642.6 65.3586 0.724741 0.000565705 0.526687 0.000831006 
279 111.524 0.347214 12733.2 84.9843 0.724765 0.000620664 0.526729 0.000917124 
280 111.957 0.288507 12827.2 68.6315 0.724783 0.000604697 0.526759 0.000888078 
281 112.599 0.36194 12981 89.8952 0.725189 0.000640256 0.527353 0.000945844 
282 112.99 0.326007 13061.5 77.3557 0.725297 0.000637452 0.527482 0.000934006 
283 113.343 0.303837 13145.3 72.21 0.725096 0.000595014 0.527201 0.000876116 
284 113.915 0.352634 13273 81.426 0.725473 0.000721328 0.52773 0.00104967 
285 114.253 0.253689 13352.1 60.7366 0.725202 0.000522142 0.527329 0.000766389 
286 114.828 0.341716 13483.2 79.6917 0.725407 0.000644846 0.527611 0.000927912 
287 115.1 0.286845 13545.4 65.9228 0.725186 0.000569047 0.527288 0.000834697 
288 115.811 0.366491 13716.2 86.4789 0.725683 0.000727021 0.528016 0.00104972 
289 115.988 0.280308 13754.3 67.9496 0.72543 0.000579814 0.527635 0.000846176 
290 116.599 0.379641 13902 92.3262 0.725898 0.000767294 0.528335 0.00111758 
291 116.967 0.32362 13986.5 78.4761 0.725942 0.000678607 0.528381 0.000992533 
292 117.596 0.377364 14140.7 94.9992 0.726382 0.000778882 0.529042 0.00115152 
293 117.682 0.321057 14156.4 80.5595 0.725641 0.00069552 0.527939 0.00102729 
294 118.322 0.478649 14313.6 123.85 0.726067 0.000951648 0.528574 0.0014181 
295 118.707 0.36868 14403.8 95.1626 0.726128 0.000731409 0.528648 0.00108562 
296 119.558 0.621909 14622 164.197 0.72689 0.00117847 0.529794 0.00176384 
297 119.702 0.420257 14649.3 110.67 0.726428 0.000781748 0.529091 0.00116603 
298 120.722 0.964792 14913.9 259.971 0.727471 0.00178534 0.530666 0.00268293 
299 120.59 0.410073 14864.3 109.318 0.726638 0.00073195 0.529391 0.0010914 
300 121.775 1.06017 15176.3 288.804 0.728002 0.00195672 0.531428 0.00294181 
301 121.429 0.372274 15066.2 98.7894 0.72657 0.000607345 0.529248 0.000901164 
302 122.307 0.57276 15294.3 153.519 0.727514 0.00098742 0.530664 0.00148359 
303 122.413 0.388742 15309.4 100.557 0.727056 0.000626659 0.52996 0.000926702 
304 122.811 0.477097 15411 122.836 0.726852 0.000781629 0.529668 0.0011606 
305 123.083 0.314017 15470.6 81.0725 0.72662 0.000522338 0.529284 0.000769221 
306 123.799 0.398007 15652.8 101.885 0.727027 0.000703347 0.529892 0.00103414 
307 124.026 0.361137 15707.7 92.4113 0.726577 0.000566049 0.529212 0.000819396 
308 124.574 0.456401 15847.5 116.307 0.726914 0.000679551 0.529716 0.000987161 
309 125.171 0.420201 15999.2 109.625 0.727039 0.000651074 0.529881 0.00095334 
310 125.389 0.460556 16051.4 118.571 0.726764 0.000605965 0.529471 0.000884881 
311 125.946 0.521158 16193.4 137.243 0.727085 0.000755115 0.52993 0.00110526 
312 126.549 0.611 16351.6 162.639 0.727397 0.000815111 0.530384 0.00118783 
313 127.283 0.686857 16544.3 182.938 0.727901 0.000918957 0.531134 0.00134565 
314 127.732 0.695703 16660 187.642 0.727833 0.000894714 0.531012 0.00130434 
315 128.011 0.610813 16729.1 165.266 0.72778 0.000845562 0.530938 0.00123843 
316 128.705 0.652827 16913.8 178.471 0.728021 0.00091399 0.531291 0.00133868 
317 128.979 0.581313 16981.1 158.667 0.727966 0.00078777 0.531206 0.00115344 
318 129.361 0.556035 17082.3 150.931 0.727635 0.000766225 0.530726 0.00112225 
319 129.388 0.473275 17082.1 123.738 0.727384 0.000597584 0.530338 0.000863302 
320 130.012 0.44738 17247.9 118.449 0.727609 0.000606123 0.530663 0.00089315 
321 130.309 0.49337 17326.8 132.73 0.727535 0.000685207 0.530557 0.0010087 
322 130.923 0.64357 17490.7 174.742 0.7278 0.000965916 0.530949 0.00141523 
323 131.025 0.573295 17509.9 154.926 0.727304 0.000794583 0.530202 0.00116681 
324 131.456 0.599812 17627.2 163.452 0.727374 0.00081566 0.530314 0.00119718 
325 132.049 0.614925 17788 169.491 0.727516 0.000933386 0.530517 0.00138242 
326 132.661 0.678071 17954.4 190.245 0.727794 0.00100402 0.530937 0.00148509 
327 133.009 0.679531 18046.8 190.27 0.727791 0.00100933 0.530912 0.00149125 
328 133.516 0.537503 18178.9 146.852 0.727949 0.000733065 0.531137 0.00106438 
329 133.895 0.598595 18284 166.584 0.727953 0.000836673 0.531135 0.00122568 
330 134.515 0.503955 18452.9 139.388 0.728353 0.000751478 0.531733 0.00110899 
331 134.775 0.556946 18522.3 153.171 0.728133 0.000775277 0.531393 0.00113203 
332 135.319 0.520009 18669.8 143.961 0.728379 0.000684639 0.531749 0.001007 
333 135.558 0.537149 18732.1 149.906 0.728119 0.0007471 0.531345 0.00109374 
334 136.098 0.554816 18880.7 155.367 0.728264 0.000701236 0.531556 0.00102645 
335 136.636 0.546373 19028.1 154.646 0.728532 0.000772261 0.53194 0.00113715 
336 137.015 0.537268 19133.4 149.85 0.728367 0.000716693 0.531695 0.00104322 
337 137.61 0.494335 19299.4 138.807 0.728507 0.000671087 0.531891 0.000986121 
338 138.014 0.466467 19411 128.022 0.728469 0.000612794 0.53184 0.000892807 
339 138.65 0.492007 19595.9 138.255 0.728913 0.00066671 0.532506 0.000983853 
340 138.988 0.507447 19684.9 142.316 0.728626 0.000665872 0.532068 0.000981613 
341 139.377 0.464666 19798.3 132.647 0.72876 0.000617787 0.532267 0.000909437 
342 140.059 0.523336 19988.6 147.151 0.729155 0.000724725 0.532835 0.00106748 
343 140.54 0.529944 20129.4 150.34 0.729293 0.000690455 0.533051 0.00102173 
344 141.141 0.467285 20301.9 133.288 0.729531 0.00065315 0.5334 0.000964133 
345 141.277 0.437214 20338.9 123.544 0.72927 0.000653501 0.533012 0.000966016 
346 141.872 0.46914 20509.8 134.647 0.729467 0.000632887 0.533293 0.000935359 
347 142.254 0.42194 20621.6 123.011 0.729479 0.000647639 0.533321 0.000956411 
348 142.871 0.477553 20798.6 141.94 0.729625 0.000687109 0.533524 0.00101568 
349 143.23 0.491658 20904.1 142.033 0.729583 0.000693403 0.533462 0.00102565 
350 143.729 0.511462 21048.7 151.772 0.729687 0.000750322 0.533605 0.00110578 
351 143.781 0.491967 21061 145.849 0.729196 0.000800725 0.532879 0.00118104 
352 144.702 0.493698 21333.8 149.488 0.729914 0.00073488 0.533927 0.00108404 
353 144.75 0.484259 21340.3 141.534 0.72965 0.00077752 0.533528 0.00114751 
354 145.632 0.490339 21606.2 149.576 0.730145 0.00076111 0.53426 0.00112208 
355 145.512 0.459783 21565.4 140.159 0.729435 0.000733159 0.533223 0.00108508 
356 146.358 0.474723 21817.8 145.916 0.730213 0.000742016 0.534356 0.00110071 
357 146.417 0.407112 21832.1 123.773 0.729655 0.00071855 0.533535 0.00105874 
358 147.036 0.449165 22019.6 139.498 0.729851 0.00074139 0.533823 0.00109639 
359 147.244 0.43175 22077.3 132.99 0.729685 0.000698089 0.533567 0.00102914 
360 147.932 0.426578 22282 130.809 0.730009 0.000684159 0.53403 0.00101003 
361 148.4 0.436632 22427.8 135.58 0.7302 0.000714035 0.534322 0.00105512 
362 148.74 0.465901 22523.1 144.778 0.729995 0.000758966 0.534011 0.00111967 
363 149.025 0.460831 22609.4 143.496 0.729931 0.00076335 0.533915 0.00112743 
364 149.676 0.428252 22805.6 133.621 0.729992 0.000721424 0.533997 0.00106563 
365 150.001 0.478369 22906.1 150.668 0.73018 0.000759911 0.534276 0.00112346 
366 150.456 0.491285 23046.6 153.114 0.730152 0.000762706 0.534232 0.00112322 
367 150.926 0.477264 23189.9 151.191 0.730321 0.00070231 0.53448 0.00103785 
368 151.344 0.463576 23321.6 146.773 0.730255 0.000711172 0.53439 0.00105039 
369 151.903 0.484959 23492.2 155.023 0.730562 0.000769882 0.534838 0.00114114 
370 152.369 0.500305 23636.7 161.221 0.730482 0.000744883 0.534717 0.00110159 
371 152.797 0.480166 23758.3 153.98 0.730528 0.000756028 0.534764 0.0011203 
372 153.549 0.557996 24007.6 185.682 0.730898 0.000879713 0.535336 0.00130991 
373 153.663 0.453484 24029.7 145.903 0.730463 0.000714415 0.534674 0.00105721 
374 154.431 0.517026 24269.5 167.26 0.730891 0.000858049 0.535295 0.00127002 
375 154.793 0.510336 24381.4 163.274 0.730955 0.000855784 0.535379 0.00126227 
376 155.25 0.532345 24522.8 173.829 0.730842 0.000789679 0.535202 0.00116717 
377 155.763 0.49824 24686.2 160.578 0.731209 0.000794494 0.535749 0.0011738 
378 156.261 0.555991 24846.3 179.155 0.73139 0.000818909 0.536012 0.00121003 
379 156.883 0.580237 25040.3 192.579 0.731719 0.000852879 0.536489 0.00126082 
380 157.274 0.59392 25168.2 196.098 0.731403 0.000885237 0.536027 0.00131185 
381 157.811 0.578163 25339.9 190.147 0.731837 0.000853542 0.536662 0.00126548 
382 158.014 0.570486 25409.5 189.976 0.731383 0.000879515 0.536001 0.0013077 
383 158.678 0.669733 25610.1 227.021 0.731978 0.00102537 0.536846 0.00152155 
384 158.997 0.707506 25732.9 239.562 0.731694 0.000998307 0.536469 0.00148188 
385 159.511 0.708507 25888.7 247.38 0.732011 0.000972466 0.536907 0.00146407 
386 159.744 0.687245 25974.2 236.021 0.731494 0.00101418 0.536165 0.00150894 
387 160.555 0.65021 26229.6 224.053 0.732061 0.000926183 0.536982 0.00138059 
388 160.838 0.801091 26337.1 282.554 0.731814 0.00105785 0.536645 0.00157732 
389 161.607 0.809901 26582 284.232 0.732305 0.00106036 0.537356 0.00158394 
390 161.568 0.834154 26574.7 290.017 0.731638 0.00125016 0.536383 0.0018493 
391 162.203 0.585988 26759.7 198.742 0.732047 0.000923552 0.536944 0.00137152 
392 162.388 0.512528 26812.6 172.429 0.731746 0.000810311 0.536492 0.00119601 
393 162.921 0.541078 26988.9 183.783 0.731887 0.000824861 0.5367 0.00122036 
394 163.451 0.527514 27163 179.002 0.73221 0.00078489 0.537168 0.00115998 
395 164.067 0.534578 27371.9 184.042 0.732347 0.00082872 0.537373 0.00122622 
396 164.18 0.556969 27404.1 189.359 0.732002 0.000863878 0.536861 0.00127719 
397 165.036 0.611996 27693.3 210.388 0.732501 0.000902155 0.537589 0.00133283 
398 165.063 0.576526 27697.6 195.293 0.732192 0.000875441 0.537133 0.00129006 
399 165.722 0.610178 27922.3 209.433 0.732433 0.000919552 0.537491 0.0013586 
400 166.103 0.617182 28045.5 212.565 0.732427 0.000903344 0.537473 0.00133354 
401 166.893 0.650471 28321.5 228.581 0.732796 0.000930811 0.538029 0.00137439 
402 167.375 0.626587 28476.9 216.932 0.73299 0.000907309 0.538299 0.00133952 
403 167.902 0.696231 28664.5 242.376 0.732954 0.00101703 0.538259 0.00150137 
404 168.397 0.765814 28834.2 268.077 0.733071 0.00106539 0.538426 0.00157483 
405 168.776 0.752505 28969.9 266.587 0.732822 0.00102641 0.538071 0.0015132 
406 169.353 0.696316 29170.1 247.482 0.733117 0.00100051 0.538507 0.00147662 
407 169.997 0.693792 29388.1 246.894 0.733008 0.000948816 0.538328 0.00139894 
408 170.035 0.664683 29404.1 235.982 0.732981 0.000952912 0.538295 0.00140591 
409 170.538 0.695386 29575.2 247.76 0.732929 0.000959915 0.53822 0.00141426 
410 170.863 0.765856 29688.7 275.678 0.732835 0.00100425 0.538076 0.00148161 
411 171.51 0.698189 29907.4 248.737 0.733213 0.00103271 0.53863 0.00153034 
412 171.62 0.83285 29949.4 296.954 0.732822 0.0011721 0.538061 0.00172741 
413 172.072 0.753649 30105.9 271.576 0.732909 0.00103914 0.538195 0.00153435 
414 172.609 0.947458 30297 331.076 0.732941 0.00116464 0.538232 0.00171497 
415 173.022 0.757311 30436.2 272.783 0.733033 0.00107682 0.538374 0.00159399 
416 173.421 0.835546 30574.1 292.798 0.732914 0.00113731 0.538194 0.00167785 
417 174.068 0.745768 30799.6 268.624 0.733374 0.0010798 0.538878 0.00159579 
418 174.537 0.709658 30961.7 255.57 0.73349 0.000990475 0.539029 0.00146416 
419 174.901 0.696314 31087.7 249.887 0.733519 0.00101747 0.539086 0.00150453 
420 175.46 0.709689 31289.5 254.435 0.733616 0.00094621 0.539218 0.00139673 
421 176.311 0.782813 31589.7 283.228 0.73408 0.00108692 0.539906 0.00161222 
422 176.296 0.704883 31582.3 253.946 0.733781 0.000980914 0.539454 0.00145026 
423 176.824 0.726596 31768.2 263.059 0.733851 0.00113013 0.539554 0.00167939 
424 177.175 0.638639 31897.6 235.775 0.733811 0.00097452 0.539495 0.00144329 
425 177.858 0.73788 32141.8 267.803 0.734079 0.00114526 0.539893 0.00169847 
426 178.252 0.644387 32275.9 238.764 0.734162 0.000946367 0.54 0.0014078 
427 179.501 0.897658 32746.3 334.222 0.735168 0.00144347 0.541527 0.00215673 
428 179.768 0.778108 32833.9 297.008 0.735025 0.00111536 0.541275 0.00166953 
429 180.097 0.737183 32950.9 274.755 0.734664 0.00111773 0.540757 0.00166319 
430 180.087 0.702692 32940.3 264.853 0.734251 0.00105444 0.540131 0.00156868 
431 180.766 0.732895 33188.3 276.208 0.734398 0.0012 0.540359 0.00178806 
432 180.876 0.946148 33226.4 347.115 0.734174 0.0014701 0.54002 0.00217058 
433 182.316 0.818609 33760.7 310.687 0.735475 0.00139329 0.541952 0.00207993 
434 182.09 0.749126 33669.4 281.303 0.734449 0.00122519 0.540404 0.00182034 
435 182.87 0.852311 33957.5 321.075 0.735286 0.00143771 0.54166 0.00214641 
436 183.102 0.78918 34052.6 303.197 0.734684 0.00125358 0.540772 0.00186917 
437 184.011 0.916259 34387.3 351.692 0.73555 0.00146386 0.542061 0.00219364 
438 184.095 0.814248 34415.6 312.337 0.734546 0.00117523 0.540556 0.00174608 
439 184.601 0.929911 34602.4 355.692 0.734984 0.00137558 0.541199 0.00204116 
440 184.59 0.96174 34599.3 370.066 0.734265 0.00133376 0.540127 0.00197343 
441 185.013 0.753941 34747.6 289.008 0.734342 0.00114233 0.540242 0.0017014 
442 185.156 0.741324 34808.4 282.311 0.73392 0.00109264 0.539618 0.00161928 
443 186.222 0.813964 35200.7 311.755 0.734879 0.00125234 0.541027 0.0018624 
444 186.414 0.75323 35276 289.639 0.734452 0.00114662 0.540393 0.00170493 
445 187.338 0.756286 35619.1 289.305 0.735211 0.00119808 0.541511 0.00178184 
446 187.487 0.748596 35684.5 287.233 0.734666 0.00111212 0.540719 0.00165012 
447 188.21 0.751626 35951.8 291.625 0.735172 0.00112764 0.541467 0.00168148 
448 188.07 0.823583 35909.9 314.649 0.734272 0.00128691 0.540154 0.00189518 
449 189.134 0.766955 36304.7 300.799 0.735487 0.00124178 0.541915 0.00185097 
450 189.247 0.784647 36350.9 304.738 0.73496 0.00116809 0.541133 0.001737 
451 190.099 0.780845 36677.6 303.578 0.735638 0.00122615 0.542139 0.00182459 
452 190.75 0.851788 36935.8 334.724 0.735592 0.00116937 0.542071 0.00173914 
453 191.512 0.886314 37233.8 350.319 0.736082 0.00127679 0.542801 0.00190584 
454 191.225 0.801598 37103.5 313.851 0.73534 0.00129508 0.541675 0.00193002 
455 191.853 0.823225 37349.6 322.524 0.735288 0.00128017 0.541594 0.00190584 
456 191.834 0.765346 37334.5 300.726 0.734864 0.00124052 0.540957 0.00184254 
457 192.593 0.901256 37638.8 360.027 0.734942 0.00131372 0.54107 0.00195358 
458 192.789 0.800793 37702.5 322.314 0.735101 0.0012294 0.5413 0.00183683 
459 193.562 0.763845 38012.4 304.628 0.735283 0.00112346 0.541573 0.00167119 
460 193.86 0.794169 38129.1 317.185 0.735236 0.00113927 0.541512 0.00169564 
461 194.291 0.742529 38296.4 296.624 0.73535 0.00107834 0.54168 0.00160888 
462 194.713 0.862798 38463.8 345.534 0.735282 0.00130607 0.541581 0.00194867 
463 195.2 0.911151 38654.7 364.425 0.735381 0.00131035 0.541718 0.00195249 
464 195.306 0.881074 38691.4 355.78 0.735163 0.0013291 0.541392 0.00198846 
465 196.022 0.946356 38979.7 381.275 0.735271 0.00134591 0.541551 0.0020132 
466 196.316 0.882616 39092.1 358.936 0.735229 0.00135754 0.541489 0.00203036 
467 196.87 0.847926 39314.2 345.537 0.735391 0.0013556 0.541729 0.00202513 
468 197.148 0.887168 39428.1 362.76 0.73518 0.00137568 0.541419 0.00205412 
469 197.833 0.875623 39696.2 357 0.735581 0.00133819 0.542003 0.00200146 
470 198.284 0.863447 39880 354.81 0.735692 0.00133288 0.542166 0.00199627 
471 199.195 0.917917 40240.3 379.212 0.736351 0.00143725 0.543135 0.0021505 
472 199.31 0.882629 40284.4 363.166 0.735963 0.00140799 0.542552 0.00211052 
473 199.871 0.922725 40511.8 380.795 0.736289 0.00141064 0.543034 0.00211355 
474 200.26 0.878921 40665.1 361.383 0.735948 0.0013311 0.542524 0.00199483 
475 200.846 0.859796 40899.8 353.848 0.736382 0.00143958 0.543166 0.00215068 
476 201.379 0.927404 41125.8 375.239 0.736196 0.00143449 0.542892 0.00214437 
477 202.096 0.961251 41411.6 399.01 0.736877 0.00150119 0.543898 0.00224386 
478 203.002 1.02287 41790.3 423.34 0.736889 0.00145644 0.543908 0.00217356 
479 203.407 1.10135 41957.3 459.746 0.737447 0.00163594 0.544748 0.00244538 
480 203.167 0.917468 41863.7 377.109 0.736219 0.00166859 0.542931 0.00248896 
481 203.42 0.976191 41963 409.33 0.736262 0.00165721 0.543006 0.00247744 
482 204.153 0.917659 42277.3 385.493 0.73659 0.00148659 0.543487 0.00222445 
483 204.463 0.97684 42389.1 413.809 0.736545 0.00151262 0.543414 0.00226919 
484 205.179 1.0349 42690.9 438.188 0.736723 0.00161292 0.543674 0.00241826 
485 205.287 1.01056 42729.2 426.275 0.736614 0.00170507 0.543515 0.00255813 
486 205.761 1.0644 42932.7 445.092 0.736338 0.00162992 0.543103 0.00244443 
487 206.352 1.01218 43167.4 426.965 0.736596 0.00157442 0.543483 0.00236315 
488 206.536 1.08065 43247.2 452.054 0.73604 0.00167409 0.542655 0.00251179 
489 207.087 1.00605 43477.2 429.449 0.736336 0.0016206 0.543099 0.00243258 
490 207.656 1.05178 43710.6 450.815 0.736534 0.00166895 0.543374 0.00250118 
491 208.114 1.08558 43910.8 467.609 0.736628 0.00158285 0.543531 0.00237389 
492 208.315 1.0961 43990 467.661 0.736415 0.00166241 0.543205 0.00248416 
493 208.894 1.04823 44241.6 452.784 0.736579 0.00166127 0.543457 0.00249053 
494 209.34 1.20261 44431.6 521.164 0.73681 0.00179116 0.543796 0.00268218 
495 209.532 1.03195 44502 448.085 0.736531 0.00152935 0.543366 0.00229189 
496 210.266 1.07154 44818.5 465.747 0.736703 0.0016707 0.543638 0.00250077 
497 210.944 1.06834 45100.8 465.301 0.737044 0.00164073 0.544135 0.00245253 
498 211.237 1.22694 45231.2 536.224 0.736972 0.00186679 0.544028 0.00279447 
499 211.798 1.11096 45469.8 484.397 0.736906 0.00185132 0.543933 0.002772 
500 212.272 1.12454 45664.9 487.295 0.736836 0.00201169 0.543826 0.00301225 
501 212.498 1.1007 45768.6 479.39 0.736802 0.00187153 0.543786 0.00279816 
502 212.994 1.19932 45985.1 522.463 0.736913 0.00200325 0.543934 0.00299155 
503 213.224 1.21145 46085.4 528.743 0.73656 0.00187473 0.543422 0.00280516 
504 214.405 1.16416 46601.1 508.586 0.737545 0.00196774 0.544873 0.00294734 
505 214.098 1.14916 46459.2 505.766 0.73649 0.00191947 0.543312 0.00286933 
506 215.143 1.24176 46922.9 545.671 0.737515 0.00201664 0.544828 0.00301393 
507 215.393 1.2062 47022.6 530.348 0.737211 0.00212758 0.544387 0.00317728 
508 216.469 1.1966 47499.1 529.864 0.737981 0.00198354 0.545512 0.00296475 
509 216.775 1.20722 47631.1 542.202 0.737728 0.00194009 0.545144 0.00290656 
510 217.558 1.30534 47975.6 580.81 0.738154 0.00196423 0.545768 0.00293666 
511 217.831 1.18105 48091.3 527.952 0.737777 0.0019592 0.5452 0.00293396 
512 218.339 1.3133 48320.7 587.511 0.738081 0.00197637 0.545654 0.00295224 
513 218.704 1.25345 48470.2 567.554 0.737904 0.00193399 0.545378 0.00290127 
514 219.387 1.25244 48787.6 572.514 0.738297 0.00193009 0.545974 0.00289074 
515 219.122 1.33993 48649.5 605.132 0.737498 0.00232865 0.544783 0.00349782 
516 219.875 1.33835 48991.2 606.183 0.738058 0.00206864 0.545611 0.00310763 
517 220.471 1.62652 49245.1 744.414 0.737888 0.0025473 0.545327 0.00382404 
518 221.066 1.33036 49521.3 609.552 0.738376 0.00219552 0.546066 0.00329871 
519 222.753 2.2077 50311.8 1030.01 0.738905 0.00281327 0.546844 0.00421697 
520 221.93 1.43435 49908.3 653.205 0.738118 0.00213065 0.545678 0.00319592 
521 222.712 1.31769 50244.3 610.83 0.738328 0.00218102 0.54597 0.00328082 
522 222.772 1.43292 50272.6 655.516 0.738103 0.00217161 0.545649 0.00325842 
523 223.773 1.54198 50731.8 718.607 0.738333 0.00223535 0.545999 0.00336591 
524 223.958 1.29209 50812.8 595.719 0.738548 0.00172053 0.546319 0.00257583 
525 224.593 1.66188 51126.4 797.331 0.738766 0.00228492 0.546667 0.00344478 
526 225.152 1.35439 51370.9 632.576 0.738758 0.00178521 0.546642 0.00267513 
527 225.489 1.45791 51505.1 689.448 0.738779 0.00210893 0.546674 0.00317299 
528 225.8 1.31278 51647.7 614.425 0.738612 0.00181582 0.546414 0.00272675 
529 227.481 2.47134 52466.6 1200.16 0.739277 0.00298956 0.547426 0.00448909 
530 226.694 1.36026 52045.9 646.135 0.738679 0.00191289 0.546512 0.0028672 
531 229.206 3.05253 53297 1518.93 0.739937 0.00300914 0.54841 0.0045232 
532 227.314 1.29142 52307.8 607.436 0.738396 0.0018185 0.54606 0.0027235 
533 228.602 1.55655 52925.3 752.804 0.739116 0.00238684 0.54716 0.0035882 
534 228.314 1.29715 52769.6 617.374 0.738617 0.00187946 0.546395 0.00281454 
535 229.294 1.74066 53248.3 840.317 0.738836 0.00257944 0.546748 0.0038707 
536 229.264 1.28422 53204.3 608.949 0.739093 0.00180415 0.547082 0.00270688 
537 230.242 1.43961 53670.4 693.83 0.739087 0.00189642 0.547077 0.00284168 
538 230.662 1.25664 53867.8 597.288 0.739051 0.00186015 0.547041 0.00279246 
539 230.979 1.47288 54025.5 718.328 0.739278 0.00192355 0.547373 0.0028874 
540 232.352 1.60182 54697.6 781.837 0.740023 0.00218425 0.548516 0.00328168 
541 232.372 1.45123 54697.8 702.623 0.739622 0.00198289 0.547911 0.00298304 
542 233.171 1.48145 55066 720.099 0.73992 0.00212929 0.548344 0.00320347 
543 233.435 1.5093 55201 732.421 0.740149 0.00219326 0.548688 0.00330259 
544 233.971 1.44436 55444.6 696.972 0.740132 0.00219096 0.54865 0.00329598 
545 234.273 1.44077 55574.3 698.435 0.739939 0.00207783 0.54835 0.00312603 
546 234.79 1.43462 55808.7 696.757 0.739901 0.00194471 0.548279 0.00291975 
547 234.827 1.49602 55819 725.968 0.739462 0.00207063 0.547623 0.00310942 
548 235.025 1.37902 55902.4 668.741 0.739329 0.00197386 0.547406 0.00297118 
549 235.465 1.43213 56120.5 698.63 0.739389 0.0021766 0.547512 0.00327186 
550 235.793 1.40051 56269.6 677.479 0.739103 0.00205449 0.547088 0.00309151 
551 236.336 1.38041 56530.9 671.057 0.7391 0.0020849 0.547078 0.00313289 
552 236.848 1.38784 56766.3 677.329 0.739195 0.00219903 0.547223 0.00330696 
553 237.109 1.36463 56888.7 666.845 0.738976 0.00212812 0.546882 0.0031995 
554 237.742 1.38726 57186.5 674.967 0.73921 0.00206641 0.547227 0.00310413 
555 238.543 1.38582 57549.3 671.863 0.739638 0.00197141 0.547823 0.00295461 
556 238.992 1.40454 57786.4 683.997 0.739761 0.00207717 0.548046 0.00311081 
557 239.608 1.49179 58107.9 732.979 0.739619 0.00203475 0.547831 0.00305222 
558 240.018 1.50366 58293.6 739.048 0.73978 0.00212626 0.548073 0.00318842 
559 240.38 1.4503 58476.5 717.212 0.739652 0.00216578 0.547877 0.00325429 
560 240.866 1.63379 58706.6 802.069 0.739804 0.00217356 0.548103 0.00325636 
561 242.635 2.48884 59644.5 1301.22 0.740963 0.00286061 0.54987 0.00431443 
562 241.846 1.58776 59164.2 782.875 0.739714 0.00224932 0.547951 0.00336888 
563 242.136 1.76694 59314.3 872.896 0.739446 0.00216741 0.547554 0.00323675 
564 242.65 1.5458 59566.6 762.468 0.739884 0.00218374 0.548209 0.00327001 
565 243.49 1.58258 59971.9 785.728 0.740267 0.00233377 0.548767 0.00349704 
566 244.088 1.65153 60272.3 819.173 0.74049 0.00236648 0.549102 0.00354428 
567 244.15 1.74507 60286.7 866.607 0.740147 0.00234952 0.54858 0.00352151 
568 245.598 1.62749 61037.2 811.904 0.740807 0.00233738 0.549569 0.00350388 
569 245.643 1.67872 61026.3 844.942 0.740597 0.00252286 0.549248 0.0037813 
570 245.96 1.67623 61184.8 833.954 0.740285 0.00258784 0.548798 0.00387297 
571 246.859 1.67353 61638.3 841.765 0.740756 0.00252995 0.549485 0.00378993 
572 247.081 1.63379 61732.3 811.345 0.740726 0.00262281 0.549438 0.00392258 
573 248.343 1.69716 62355.5 846.336 0.741273 0.0024957 0.550236 0.00373312 
574 248.348 1.89271 62366.9 939.419 0.741463 0.00262949 0.550539 0.00391501 
575 248.494 1.98865 62453 994.48 0.741015 0.00268443 0.549889 0.004015 
576 249.488 2.11611 62973.1 1062.39 0.741727 0.00282289 0.55097 0.00420736 
577 249.128 2.08163 62781.8 1048.52 0.740652 0.00285072 0.549365 0.00426344 
578 249.747 2.0355 63099.9 1024.65 0.740911 0.0029138 0.549745 0.0043534 
579 249.654 2.12042 63034.3 1075.61 0.740441 0.00264648 0.549023 0.00395876 
580 250.109 1.9791 63260.4 997.514 0.740469 0.0027261 0.54906 0.00407816 
581 250.58 2.06155 63494 1043.69 0.740316 0.00255106 0.548831 0.00382194 
582 251.209 2.08851 63820.3 1064.71 0.740451 0.00291211 0.54904 0.00435188 
583 251.87 2.09463 64150 1069.39 0.740924 0.00268881 0.549746 0.00402651 
584 252.152 2.02962 64299.8 1029.69 0.740556 0.00281716 0.549202 0.00421291 
585 253.232 2.07741 64857.1 1072.74 0.741008 0.00248275 0.549865 0.00372897 
586 253.558 1.93123 65038.3 991.2 0.74115 0.00270538 0.5501 0.00404831 
587 253.53 1.9158 65011.3 976.998 0.740636 0.00261035 0.54931 0.0039053 
588 254.296 1.85451 65395.3 955.908 0.740728 0.00239699 0.549457 0.00358533 
589 254.57 1.90781 65552.6 984.702 0.740713 0.00242319 0.549431 0.00362053 
590 255.071 1.84967 65804.3 952.022 0.740706 0.00237862 0.549435 0.00355406 
591 255.366 1.94574 65951.3 1006.93 0.740565 0.00248721 0.549202 0.00371671 
592 256.249 1.83546 66425.8 950.658 0.74097 0.00239348 0.549828 0.00357924 
593 256.763 2.12851 66693.3 1110.91 0.740905 0.00262648 0.549712 0.00392837 
594 257.775 2.10892 67228 1100.48 0.741683 0.00258887 0.550891 0.00387473 
595 257.596 1.95634 67143 1024.19 0.741127 0.00245421 0.550061 0.00367507 
596 258.269 2.06565 67472.2 1078.06 0.741421 0.00259847 0.550492 0.0038896 
597 258.224 2.00344 67444 1051.06 0.740841 0.00245789 0.549626 0.00367489 
598 259.431 2.20046 68074.5 1151.44 0.741937 0.00257917 0.551265 0.00386293 
599 259.378 1.91444 68032 1008.94 0.74143 0.00247795 0.550499 0.00369666 
600 259.533 2.08091 68126.5 1091.67 0.741096 0.0025035 0.550015 0.00374239 
601 259.764 1.93408 68233.4 1014.35 0.740724 0.00242104 0.549442 0.00361475 
602 260.354 2.28273 68560.7 1201.07 0.74122 0.00244249 0.550198 0.00367049 
603 260.389 2.2498 68559.2 1182.97 0.740882 0.00255905 0.549692 0.00381991 
604 260.798 2.06088 68774.6 1091.58 0.740688 0.0024952 0.549394 0.00373112 
605 261.609 2.3793 69211.5 1257.52 0.740962 0.00250902 0.5498 0.0037555 
606 262.057 2.04985 69439.3 1090.06 0.741211 0.00243212 0.550164 0.00363449 
607 262.485 2.13103 69677 1125.1 0.741287 0.00243947 0.550284 0.00364578 
608 263.292 2.30803 70098.1 1240.78 0.741495 0.00251122 0.550575 0.00375153 
609 263.465 2.38154 70191.5 1278.26 0.741337 0.00264061 0.550345 0.00394765 
610 264.619 2.11718 70816 1134.32 0.741993 0.00224158 0.551321 0.00334148 
611 264.537 2.31793 70766.4 1248.58 0.741642 0.0025735 0.550797 0.00384795 
612 264.765 2.10027 70889.6 1131.95 0.741189 0.00232865 0.55012 0.00348237 
613 264.983 2.13029 71007.4 1144.29 0.741449 0.00298607 0.550512 0.00447438 
614 265.691 2.144 71381.5 1153.8 0.741543 0.00274023 0.550647 0.00411091 
615 266.088 2.18796 71611.2 1190.33 0.741659 0.00318961 0.550821 0.00477567 
616 266.447 2.22231 71791.7 1205.05 0.741408 0.00273139 0.55044 0.00409539 
617 267.169 2.53974 72189.8 1394.55 0.741626 0.00356645 0.550769 0.00534264 
618 267.251 2.57983 72227 1395.44 0.741648 0.00384345 0.5508 0.00574648 
619 268.285 3.22427 72785.2 1746.77 0.742391 0.00435225 0.551918 0.00650292 
620 268.725 2.32723 73013.7 1276.86 0.742132 0.00347727 0.55151 0.00520038 
621 268.332 2.50137 72775.9 1351.45 0.741875 0.00372242 0.551113 0.00555167 
622 269.859 2.44581 73623.1 1331.42 0.742265 0.00387851 0.551696 0.00579055 
623 269.63 2.55891 73456.1 1387.75 0.742144 0.00398116 0.551482 0.00593825 
624 271.137 2.59754 74324.4 1426.12 0.742702 0.00391583 0.552342 0.00585688 
625 270.771 2.62628 74096.1 1424.5 0.74267 0.00406734 0.552277 0.00606508 
626 272.128 2.92813 74864.1 1605 0.743055 0.00433843 0.55287 0.00648031 
627 272.306 2.78629 74958.4 1508.7 0.743013 0.00440579 0.552798 0.0065622 
628 273.926 2.75817 75898.8 1563.32 0.743079 0.00395341 0.552902 0.00589328 
629 273.627 2.75414 75666.5 1496.13 0.743417 0.00438484 0.553392 0.00653026 
630 274.296 2.77735 76072 1544.96 0.742462 0.00381333 0.551985 0.00570081 
631 274.878 3.05361 76366.8 1670.63 0.743442 0.0044609 0.55343 0.00664928 
632 275.623 2.89328 76824.3 1637.19 0.742804 0.00381277 0.552505 0.00571267 
633 275.665 3.10166 76802.4 1747.39 0.742953 0.00391285 0.552699 0.00586168 
634 276.534 3.61365 77336.3 2056.54 0.742819 0.00415469 0.552531 0.00623051 
635 276.527 2.91045 77295 1640.71 0.742773 0.00379554 0.552437 0.00568349 
636 276.954 3.13808 77550.3 1777.16 0.742478 0.00375463 0.552011 0.00562432 
637 276.68 2.94598 77377.6 1664.48 0.742177 0.00366333 0.551558 0.00548951 
638 277.387 3.08165 77781.5 1749.17 0.742007 0.00377594 0.551305 0.00566453 
639 277.449 2.77606 77815.4 1555.36 0.742214 0.00350629 0.551626 0.00524771 
640 278.139 3.05406 78195.7 1725.43 0.741882 0.00362905 0.551132 0.00544038 
641 278.681 2.70176 78490.3 1517.65 0.742435 0.00331477 0.551944 0.0049565 
642 279.493 3.21273 78975.3 1828.38 0.742565 0.00382593 0.552162 0.00573728 
643 280.51 3.28286 79547.3 1868.38 0.743394 0.00382508 0.553396 0.00573155 
644 280.55 2.88145 79567 1636.2 0.742885 0.00359371 0.55263 0.00538315 
645 280.698 2.68437 79622.9 1521.22 0.742707 0.00338894 0.552356 0.00506541 
646 281.44 2.55703 80052.1 1442.29 0.743135 0.00317954 0.552975 0.00475509 
647 281.377 2.78582 80032 1579.72 0.742543 0.00339294 0.552114 0.00506886 
648 282.185 2.89727 80492.8 1645.23 0.742942 0.00350607 0.552703 0.00524597 
649 282.547 2.79522 80696.1 1593.32 0.742691 0.00334293 0.552334 0.00499524 
650 283.129 2.85532 81016.3 1626.78 0.742925 0.00337407 0.552677 0.0050429 
651 283.692 2.80833 81349.9 1600.07 0.742701 0.00329014 0.552342 0.00491617 
652 284.064 2.8961 81541.3 1649.26 0.74288 0.00342869 0.552612 0.00512359 
653 285.005 2.61697 82098.3 1497.68 0.742924 0.00297011 0.552677 0.00444291 
654 285.403 3.0445 82321 1754 0.743388 0.00355023 0.553391 0.00531679 
655 285.892 2.58569 82618.4 1488.48 0.743023 0.00291671 0.552823 0.00435733 
656 286.515 2.92778 82971.8 1681.75 0.743418 0.00322252 0.553426 0.00482535 
657 286.106 2.88745 82746.5 1655.16 0.742402 0.00315537 0.551907 0.00470961 
658 286.765 3.04008 83114.2 1753.27 0.74271 0.00331307 0.552371 0.00495479 
659 287.535 2.84914 83563.2 1659.25 0.742896 0.00319186 0.552633 0.00477346 
660 287.655 2.92732 83622.6 1704.06 0.742633 0.00315995 0.552243 0.00472812 
661 288.278 2.93292 83980.7 1713.23 0.742717 0.00313368 0.552359 0.00470076 
662 288.265 3.03238 83995.4 1758.8 0.742415 0.00329641 0.551925 0.00492619 
663 288.888 3.01527 84312.2 1758.49 0.742322 0.00323846 0.551747 0.00485313 
664 289.707 2.90506 84793.6 1685.5 0.742588 0.00318375 0.552142 0.00475436 
665 289.856 2.90777 84869.9 1702.21 0.742386 0.00321467 0.551836 0.00481624 
666 289.983 2.78473 84986.3 1619.03 0.742023 0.00311516 0.551332 0.00465588 
667 290.855 2.80674 85481.7 1632.38 0.742344 0.00313335 0.551798 0.00468373 
668 291.328 3.00357 85768.2 1761.27 0.742501 0.00333468 0.552049 0.00499265 
669 292.48 3.08638 86473.6 1854.88 0.742852 0.00327218 0.552579 0.0049241 
670 291.771 3.03427 86025 1806.98 0.741956 0.00342053 0.551231 0.00514269 
671 291.934 3.20794 86117.4 1907.74 0.741533 0.00352145 0.550608 0.00529007 
672 293.241 3.19585 86893.4 1914.47 0.742276 0.0035243 0.551714 0.00528013 
673 294.108 3.41011 87397.3 2046.45 0.742502 0.00363032 0.552042 0.00545965 
674 295.03 3.15106 87954 1875.48 0.743327 0.00355355 0.553285 0.00533129 
675 295.68 3.13501 88335.1 1874.01 0.74307 0.00362514 0.552894 0.00543795 
676 295.882 3.23069 88477.6 1933.47 0.743244 0.00362405 0.553168 0.0054418 
677 296.407 3.44106 88807.5 2083.3 0.743035 0.00374091 0.552874 0.00561378 
678 297.582 3.51929 89519.9 2129.82 0.7436 0.00373649 0.553716 0.00560304 
679 298.236 3.57068 89907.6 2166.46 0.743505 0.00379704 0.553567 0.00569576 
680 298.486 3.89323 90062.9 2360.26 0.743347 0.0040465 0.553332 0.00606739 
681 298.628 3.88142 90137.3 2357.02 0.743082 0.00427766 0.552936 0.0064146 
682 299.55 3.75895 90674.3 2279.06 0.74354 0.00405963 0.553617 0.0060837 
683 298.387 4.18306 89989.8 2556.72 0.741893 0.00444329 0.551173 0.00665527 
684 300.366 3.91175 91183.9 2390.79 0.743496 0.00414766 0.553558 0.00621777 
685 299.374 4.24681 90572.8 2605.71 0.741569 0.00455081 0.550688 0.00680433 
686 301.042 4.0839 91622.8 2523.44 0.74339 0.00407997 0.553402 0.00612149 
687 300.175 3.71742 91082.4 2282.37 0.742373 0.00387538 0.551885 0.00580888 
688 301.293 3.83926 91780.1 2382.58 0.743027 0.00382999 0.55287 0.00574937 
689 301.727 4.02014 92020.5 2477.86 0.742966 0.00425499 0.552772 0.00640113 
690 302.654 4.7259 92615.4 2938.24 0.743417 0.00493989 0.553442 0.00743221 
691 303.598 4.11183 93159.2 2546.85 0.743737 0.00447033 0.553905 0.00672347 
692 304.449 4.30601 93664.4 2687.61 0.743985 0.00442645 0.554261 0.0066643 
693 305.138 4.34193 94105.5 2716.55 0.743815 0.00476312 0.554029 0.00716268 
694 304.867 5.0541 93972.5 3142.02 0.744113 0.00540173 0.554482 0.00811837 
695 306.134 4.66237 94741.7 2891.01 0.744702 0.00474329 0.555339 0.00710038 
696 306.168 4.15491 94746.1 2573.29 0.744671 0.00417497 0.555291 0.00624717 
697 306.08 4.30152 94677.7 2698.83 0.743769 0.00461351 0.553946 0.00690599 
698 306.517 3.68372 94954.6 2284.84 0.744344 0.00374608 0.554789 0.00560667 
