1.5 -1.959 120200000000
81.8241 23.2897
1 0 0 0 0 0.500001 3.63086e-05 0.500001 3.63086e-05 
2 0 0 0 0 0.500018 2.92734e-05 0.375004 3.21889e-05 
3 0 0 0 0 0.50003 3.44941e-05 0.333361 3.48416e-05 
4 0.208715 3.99863e-05 0.208715 3.99863e-05 0.540562 2.99867e-05 0.358124 3.26869e-05 
5 0.280472 4.52427e-05 0.280472 4.52427e-05 0.543606 3.08276e-05 0.347964 3.35367e-05 
6 0.583188 9.93578e-05 0.849482 0.00019386 0.571075 3.32399e-05 0.371271 3.83978e-05 
7 0.691829 0.000106222 1.04373 0.000201969 0.571762 3.22158e-05 0.365127 3.76938e-05 
8 1.08294 0.000177929 2.19312 0.000541152 0.593659 3.47848e-05 0.386592 4.16975e-05 
9 1.23661 0.000195836 2.67162 0.000680558 0.595259 3.61771e-05 0.384677 4.38616e-05 
10 1.64141 0.000276756 4.30784 0.00114699 0.61013 3.71715e-05 0.399731 4.64896e-05 
11 1.86425 0.000416751 5.34075 0.00191458 0.613591 4.38468e-05 0.401617 5.25234e-05 
12 2.27552 0.000447566 7.52718 0.0024797 0.624694 4.25772e-05 0.413388 5.49037e-05 
13 2.53197 0.000604886 9.05746 0.00391785 0.627747 5.57869e-05 0.415458 7.06699e-05 
14 2.97576 0.000615658 12.0698 0.00472709 0.637447 4.62599e-05 0.42635 6.07945e-05 
15 3.24667 0.000754308 14.0641 0.00614944 0.639716 5.02854e-05 0.427916 6.6829e-05 
16 3.71738 0.000849157 17.9663 0.008451 0.648187 5.19349e-05 0.437743 6.97907e-05 
17 4.01026 0.00102986 20.5798 0.0106532 0.650315 5.51636e-05 0.439496 7.53505e-05 
18 4.49592 0.00136607 25.3645 0.0148076 0.657564 6.16797e-05 0.448109 8.46674e-05 
19 4.80514 0.00132329 28.6169 0.0155848 0.659401 6.18541e-05 0.449713 8.53411e-05 
20 5.30586 0.00156122 34.3626 0.0200664 0.665809 6.35591e-05 0.457495 9.07811e-05 
21 5.63097 0.00164231 38.3143 0.0221849 0.667471 7.01692e-05 0.459046 9.80039e-05 
22 6.15181 0.00217592 45.1887 0.0324358 0.673343 7.57583e-05 0.466341 0.000107008 
23 6.48568 0.00225718 49.8059 0.0360741 0.674715 7.66654e-05 0.467621 0.000108016 
24 7.01919 0.00335616 57.788 0.0571982 0.680055 0.000105307 0.474389 0.000151524 
25 7.36736 0.00290274 63.2152 0.0519444 0.681348 0.000103675 0.475652 0.000150708 
26 7.90749 0.00293178 72.2305 0.054392 0.686076 0.000108954 0.481694 0.000158725 
27 8.27219 0.00342063 78.5981 0.0666987 0.687393 0.000103048 0.483099 0.000146725 
28 8.82497 0.00514622 88.8363 0.109225 0.691789 0.000134549 0.4888 0.000191372 
29 9.1993 0.00522682 96.0841 0.116912 0.692893 0.000124674 0.489979 0.00017851 
30 9.75459 0.00588721 107.388 0.127351 0.696797 0.000154006 0.495087 0.000219192 
31 10.1292 0.00706372 115.301 0.158843 0.697602 0.000169535 0.495874 0.000245922 
32 10.709 0.00838316 128.243 0.20866 0.701572 0.000161113 0.50116 0.000237055 
33 11.0805 0.00571122 136.751 0.140828 0.702316 0.000120703 0.501927 0.000175496 
34 11.6646 0.0114658 150.912 0.314553 0.705757 0.000239339 0.506514 0.000358288 
35 12.067 0.0112833 160.968 0.325833 0.706739 0.000229437 0.50767 0.000340275 
36 12.6499 0.00801295 176.205 0.229833 0.709864 0.000147595 0.51184 0.000216712 
37 13.0441 0.0117683 186.798 0.357635 0.710529 0.000195199 0.512565 0.000288365 
38 13.658 0.0142896 204.117 0.432413 0.713838 0.000189895 0.517073 0.000278308 
39 14.0388 0.0138787 215.105 0.445462 0.714215 0.000199285 0.517415 0.000291751 
40 14.6318 0.00897661 232.875 0.294076 0.717096 0.000167408 0.521362 0.000250908 
41 15.0707 0.0120962 246.665 0.419408 0.718125 0.00019529 0.522681 0.000293077 
42 15.658 0.0149441 265.451 0.516807 0.720597 0.000210131 0.526062 0.000311645 
43 16.0909 0.0147092 279.78 0.561782 0.721188 0.000186578 0.526736 0.000277325 
44 16.6893 0.0133513 300.201 0.484428 0.723626 0.000197648 0.530112 0.00029086 
45 17.1273 0.0184449 315.665 0.708942 0.724305 0.000204741 0.530946 0.00030149 
46 17.7662 0.0208264 339 0.853717 0.726991 0.000267978 0.534718 0.000402016 
47 18.188 0.0218682 354.564 0.906961 0.727537 0.000431486 0.535389 0.000664926 
48 18.8129 0.0197309 378.476 0.827331 0.729763 0.000260216 0.538454 0.000391389 
49 19.238 0.0175035 395.187 0.742059 0.730404 0.000262101 0.539304 0.000396887 
50 19.8617 0.0231872 420.24 1.00562 0.732264 0.000327121 0.541848 0.000498732 
51 20.3354 0.0383574 440.213 1.80039 0.733295 0.000374568 0.543273 0.000560572 
52 20.9319 0.0242218 465.316 1.08977 0.73501 0.000314689 0.545657 0.000474705 
53 21.4067 0.0274163 486.267 1.28521 0.735573 0.000417214 0.546395 0.00064424 
54 22.0275 0.0304955 514.128 1.5263 0.737373 0.00032275 0.548947 0.000477492 
55 22.5678 0.0592251 539.384 3.12753 0.738789 0.000507456 0.550976 0.000762734 
56 23.1602 0.0525872 566.608 2.60578 0.740156 0.000405156 0.552817 0.000603273 
57 23.8504 0.270045 601.842 15.081 0.741628 0.0014152 0.554912 0.00206574 
58 24.1826 0.0420654 616.239 2.21785 0.741755 0.000451572 0.555035 0.000692651 
59 24.7051 0.0572707 642.852 3.2983 0.742789 0.000494405 0.556538 0.000762217 
60 25.2953 0.0333788 672.697 1.7655 0.744068 0.000499239 0.558301 0.000767283 
61 25.9253 0.101553 706.421 5.68472 0.745525 0.00100756 0.560423 0.00153226 
62 26.5132 0.0858038 737.914 4.81342 0.747375 0.00112185 0.563163 0.001721 
63 26.977 0.0500832 763.11 2.86065 0.747214 0.000634453 0.562807 0.000967067 
64 27.6029 0.0613795 798.357 3.68022 0.748411 0.000593133 0.564518 0.000908429 
65 28.051 0.053263 823.812 3.24499 0.749051 0.000545226 0.56543 0.000837009 
66 28.636 0.0416497 857.251 2.60959 0.749831 0.000499559 0.566485 0.000778004 
67 29.1184 0.0582106 885.821 3.87032 0.750256 0.000563175 0.567075 0.000880589 
68 29.8174 0.0446158 927.565 2.76825 0.752067 0.000700598 0.569715 0.00107171 
69 30.2683 0.0505409 955.589 3.26639 0.75241 0.000504252 0.570189 0.000774191 
70 30.9662 0.0597956 999.474 4.07713 0.754064 0.000578005 0.572609 0.00090329 
71 31.3756 0.0540196 1025.11 3.61296 0.753455 0.000420429 0.571565 0.000642709 
72 32.0606 0.0697871 1069.84 4.7404 0.75526 0.000802507 0.574276 0.00124757 
73 32.4626 0.0473762 1096.05 3.28352 0.75526 0.000408641 0.574204 0.00062889 
74 33.1914 0.0703476 1145.09 4.99876 0.757003 0.000637857 0.576835 0.000989007 
75 33.5817 0.0420284 1171.08 2.89163 0.756408 0.000417396 0.575818 0.000632887 
76 34.2926 0.0550973 1220.63 4.08001 0.758139 0.00047948 0.578429 0.000761554 
77 34.7869 0.0726092 1255.51 5.36272 0.758872 0.000597392 0.579478 0.000909571 
78 35.5467 0.0905853 1310.14 7.04489 0.759899 0.000565789 0.580897 0.000867366 
79 35.9812 0.0856579 1342.45 6.75316 0.759709 0.000530666 0.580637 0.000826358 
80 36.8943 0.158861 1411.18 13.0704 0.762093 0.000585203 0.58415 0.000886061 
81 37.1544 0.10221 1429.29 8.62439 0.762077 0.000708038 0.584161 0.00109792 
82 37.9998 0.214871 1494.81 17.6733 0.762975 0.000712162 0.585424 0.00106777 
83 38.1694 0.0606113 1506.27 4.90813 0.761354 0.00056431 0.582988 0.000854238 
84 39.0426 0.106024 1575.36 8.96633 0.764488 0.000836893 0.58774 0.00131386 
85 39.3875 0.0766723 1602.63 6.4403 0.763089 0.000749365 0.585572 0.00115295 
86 40.0927 0.0752823 1659.94 6.46677 0.764629 0.00055579 0.587812 0.000870765 
87 40.5396 0.0798656 1696 7.21317 0.764545 0.000589361 0.587659 0.000926434 
88 41.4864 0.127934 1776.25 11.5669 0.76725 0.000751773 0.59178 0.00117176 
89 41.7244 0.086622 1794.39 7.56333 0.76479 0.000873303 0.587953 0.00134746 
90 42.5269 0.119504 1864.35 10.9868 0.767326 0.000925896 0.591775 0.00145569 
91 42.8848 0.0822489 1894.62 8.10912 0.766153 0.00086835 0.589995 0.00132193 
92 43.71 0.137647 1967.04 12.643 0.768568 0.000926261 0.593581 0.00142499 
93 44.15 0.140453 2006.79 13.8478 0.768423 0.000748239 0.593381 0.0011897 
94 44.9822 0.187239 2083.87 18.964 0.769774 0.000851097 0.595443 0.00134743 
95 45.4195 0.115769 2122.99 11.5663 0.769883 0.000610827 0.595575 0.000952466 
96 46.2008 0.153142 2196.21 15.4208 0.771543 0.000795098 0.598099 0.00125838 
97 46.6103 0.158372 2234.21 15.6594 0.770888 0.000688077 0.597042 0.00105239 
98 47.3285 0.150121 2302.54 15.6513 0.772303 0.000731857 0.599234 0.00114381 
99 47.8807 0.2467 2356.1 25.5126 0.772791 0.00101938 0.599919 0.00159644 
100 48.7127 0.22994 2439.66 24.8689 0.773513 0.000870237 0.601012 0.0013548 
101 50.0384 1.04229 2582.38 117.581 0.776289 0.00352484 0.605375 0.00551769 
102 49.6165 0.138737 2526.65 14.6721 0.773304 0.000691873 0.600596 0.00108556 
103 50.0003 0.192587 2565.18 21.1947 0.773408 0.000941644 0.600724 0.00149151 
104 50.8212 0.215424 2649.71 23.7338 0.774812 0.00111515 0.602927 0.00178812 
105 51.2115 0.126569 2690.25 14.03 0.774649 0.000631002 0.602639 0.000993387 
106 51.9442 0.143538 2765.62 15.7841 0.775055 0.000615156 0.603188 0.00096256 
107 52.377 0.148786 2810.68 16.9334 0.775193 0.00072831 0.603375 0.00114165 
108 53.2194 0.181982 2902.57 20.5555 0.776134 0.000877522 0.604841 0.00139238 
109 53.6525 0.155314 2948.14 17.6733 0.776016 0.000820982 0.604658 0.00129694 
110 54.622 0.249107 3056.32 29.0099 0.777782 0.000991188 0.607361 0.00158058 
111 54.9143 0.197043 3087.21 23.494 0.778021 0.00111017 0.607749 0.00177527 
112 55.7233 0.194592 3177.35 22.8632 0.778566 0.00121019 0.608522 0.00193309 
113 56.2478 0.434681 3240.8 55.9919 0.779458 0.00205103 0.610047 0.00337557 
114 56.7603 0.142671 3293.11 17.5554 0.778358 0.000657224 0.6081 0.0010406 
115 57.3432 0.21716 3360.45 25.7521 0.779433 0.000798027 0.609798 0.00125285 
116 58.0643 0.220478 3443.92 26.3035 0.778522 0.000837981 0.608295 0.00130611 
117 58.6584 0.230707 3514.67 27.5447 0.779468 0.000659122 0.609729 0.00103458 
118 59.4549 0.382175 3613.51 47.9728 0.781037 0.00142465 0.612269 0.00224106 
119 59.6307 0.153894 3633.17 18.5295 0.780289 0.000721835 0.611063 0.00112484 
120 60.2652 0.179559 3709.21 22.9384 0.780116 0.000748624 0.610729 0.00117283 
121 60.7622 0.156818 3768.15 20.8544 0.779669 0.000702916 0.610006 0.00109827 
122 61.6622 0.226205 3880.35 28.9374 0.781237 0.000922444 0.612402 0.00144298 
123 61.9765 0.15528 3918.77 19.5416 0.781084 0.000712834 0.612197 0.00113004 
124 62.8156 0.17837 4025.13 23.1505 0.782042 0.000810501 0.61366 0.00128179 
125 63.3461 0.169777 4093.09 21.8199 0.782628 0.000837378 0.614633 0.00132298 
126 64.182 0.2362 4200.49 31.6409 0.783684 0.00085997 0.616157 0.00134889 
127 64.4543 0.180452 4234.66 24.282 0.783067 0.000972938 0.61524 0.00154581 
128 65.5337 0.238096 4376.04 32.2299 0.785473 0.00109702 0.618975 0.0017356 
129 65.8635 0.270442 4420.29 35.5661 0.785111 0.00167387 0.618513 0.00265129 
130 66.6298 0.399294 4519.52 52.0398 0.785773 0.00225336 0.619452 0.00358384 
131 67.8575 0.875297 4692.29 121.485 0.790142 0.00455311 0.626501 0.00730598 
132 68.0347 0.671774 4703.63 93.9511 0.78609 0.00385014 0.619808 0.00616418 
133 69.8142 1.3723 4969 200.005 0.793468 0.00718402 0.63181 0.0116359 
134 69.9586 0.759385 4983.51 109.224 0.790291 0.00381318 0.626559 0.0061576 
135 72.1524 2.28897 5317.12 345.062 0.798102 0.0105502 0.639387 0.0171292 
136 70.3157 0.304649 5033.72 44.946 0.787104 0.00134919 0.621442 0.00214906 
137 70.9499 0.461979 5120.69 66.6828 0.788533 0.00192396 0.623683 0.00303271 
138 71.4329 0.196601 5189.89 28.4293 0.78805 0.000966577 0.622846 0.00152353 
139 71.9205 0.248587 5262.16 35.995 0.788019 0.00113439 0.622857 0.00180036 
140 72.7831 0.237645 5387.8 35.0009 0.78855 0.00108648 0.623651 0.00171023 
141 72.974 0.691374 5419.98 100.097 0.786952 0.0034939 0.621307 0.00539014 
142 74.7628 0.539859 5686.89 85.3064 0.791863 0.00183547 0.628919 0.00291822 
143 74.5844 0.397735 5658.01 62.2981 0.789283 0.00214858 0.624967 0.00349715 
144 75.2226 0.353633 5753.5 56.3573 0.78936 0.00138521 0.624889 0.00216203 
145 75.2628 0.396887 5758.23 57.9642 0.787434 0.00235154 0.621976 0.00360012 
146 76.6476 0.290056 5966.37 44.8172 0.791552 0.00151351 0.628296 0.00240281 
147 77.5647 0.490001 6108.06 76.8953 0.793052 0.00164524 0.630611 0.00260154 
148 78.2754 0.482212 6223.82 75.7297 0.793089 0.00227676 0.630782 0.00363096 
149 78.7783 0.87258 6304.38 137.725 0.792857 0.00271027 0.630372 0.00428226 
150 80.5294 0.939833 6585.26 152.343 0.797035 0.00377395 0.63695 0.00602009 
151 80.3852 0.877679 6563.48 145.397 0.794067 0.002837 0.632232 0.00451171 
152 80.3671 0.273417 6558.11 44.6154 0.792638 0.0010624 0.629928 0.0016928 
153 80.7064 0.305959 6613.33 49.4774 0.791219 0.00116352 0.627661 0.00184403 
154 81.5785 0.299907 6757.44 50.51 0.792589 0.00118036 0.629862 0.00189268 
155 82.0636 0.367186 6837.74 61.9866 0.792089 0.00145944 0.629066 0.00230246 
156 82.9093 0.392265 6978.1 67.8581 0.792882 0.00152229 0.63029 0.00244077 
157 83.2992 0.415776 7045.26 72.9489 0.792459 0.00157596 0.629655 0.0025171 
158 84.3608 0.569324 7225.79 103.787 0.793877 0.00224613 0.631929 0.00364189 
159 84.7206 0.660995 7289.47 121.527 0.79318 0.00273564 0.630834 0.00442025 
160 86.4107 1.2806 7591.79 242.208 0.79773 0.00468373 0.63815 0.00768343 
161 86.7834 1.28125 7657.3 243.751 0.797374 0.0044475 0.637557 0.00729847 
162 87.2498 1.18333 7733.42 224.675 0.797003 0.00445523 0.636992 0.00729343 
163 87.4432 0.832311 7759.74 157.377 0.796121 0.00299912 0.635454 0.0048923 
164 89.0811 1.53771 8066.86 298.492 0.799088 0.00522887 0.640296 0.00856386 
165 89.3653 1.14442 8105.23 222.646 0.79662 0.00403576 0.636218 0.00660328 
166 89.9793 1.10636 8219.33 216.592 0.798084 0.00340995 0.638566 0.00556502 
167 90.4175 0.792528 8296.5 154.7 0.798235 0.00232915 0.638768 0.00378698 
168 90.9546 0.516935 8386.69 95.7742 0.799091 0.00237634 0.640108 0.00386074 
169 91.0065 0.511979 8393.55 96.1094 0.797339 0.00230147 0.637244 0.00370811 
170 92.3394 0.635905 8645.87 123.24 0.800486 0.00237637 0.642386 0.00386876 
171 93.1414 0.967444 8799.69 190.242 0.801052 0.00362895 0.643304 0.00592871 
172 99.9682 4.04883 10154.4 807.552 0.822588 0.0140663 0.678634 0.0231276 
173 93.4896 0.521397 8856.11 100.587 0.797722 0.00142514 0.637764 0.00228393 
174 94.255 0.338699 8994.34 66.4394 0.797926 0.0012708 0.638066 0.00203432 
175 94.9175 0.485909 9126.91 94.8185 0.798292 0.00137926 0.638672 0.00219839 
176 95.7652 0.463566 9286.65 89.9886 0.798723 0.00149752 0.639363 0.00238044 
177 96.1255 0.578279 9363.96 112.506 0.797892 0.00165983 0.63811 0.0026228 
178 97.2376 0.561504 9574.42 110.051 0.799374 0.00155123 0.640374 0.00246721 
179 98.7999 1.18355 9896.23 236.091 0.800351 0.00223798 0.641896 0.00348654 
180 97.8726 0.510791 9703.18 100.062 0.798477 0.00164928 0.639023 0.00262593 
181 98.2355 0.677178 9775.93 131.17 0.797121 0.0027895 0.636905 0.00434956 
182 99.0903 0.666128 9942.73 133.037 0.799056 0.00271261 0.640003 0.00428771 
183 99.5766 0.650854 10041 130.367 0.797923 0.00294332 0.638165 0.00461748 
184 100.824 0.796523 10293.4 162.882 0.799193 0.00322172 0.640214 0.00507312 
185 101.55 0.545233 10437.2 110.707 0.79986 0.00231867 0.641221 0.00364242 
186 103.198 1.20916 10791.2 257.416 0.80255 0.00455262 0.645707 0.00720683 
187 102.08 0.52657 10549.6 108.792 0.798389 0.00226562 0.638876 0.0035595 
188 102.853 0.548669 10697.7 115.83 0.798682 0.00256031 0.639228 0.00402886 
189 103.299 0.864866 10798.1 180.062 0.795719 0.00463468 0.634704 0.00721268 
190 104.899 0.568463 11132.6 120.331 0.802317 0.0021546 0.645082 0.00344735 
191 104.367 0.896458 11019.1 191.88 0.794058 0.00494825 0.632093 0.00770637 
192 105.823 0.530587 11324.5 114.018 0.801827 0.00272168 0.644303 0.00430685 
193 106.52 0.499703 11478.1 107.841 0.802224 0.00203644 0.644859 0.00328508 
194 107.135 0.656838 11605.4 141.243 0.80094 0.00380447 0.642985 0.00594866 
195 108.015 0.6823 11798.6 149.543 0.803878 0.00248947 0.647555 0.00403747 
196 109.045 0.546869 12021.9 118.182 0.804776 0.00214763 0.648918 0.00343611 
197 109.276 0.68985 12071.3 154.422 0.801694 0.00230365 0.643984 0.00372255 
198 110.367 0.571438 12311.4 124.237 0.805027 0.00266114 0.649281 0.00428912 
199 110.374 0.625466 12310.4 141.049 0.803952 0.00237085 0.647515 0.00385571 
200 111.711 0.625962 12613.2 141.92 0.805964 0.00230687 0.650829 0.00370837 
201 112.119 0.596372 12708.3 135.621 0.805971 0.00276053 0.650843 0.00447295 
202 113.525 0.711604 13027.6 161.372 0.808038 0.00255159 0.65429 0.00413024 
203 113.838 0.783105 13101.7 178.987 0.807961 0.00290135 0.654059 0.00471759 
204 115.056 1.12608 13376.2 256.053 0.810232 0.00379505 0.657693 0.00614366 
205 115.55 0.987835 13503.1 228.077 0.80978 0.00341449 0.657072 0.0055649 
206 115.738 1.03381 13534.6 239.878 0.808491 0.0036351 0.654943 0.00592032 
207 116.67 1.21221 13767.3 282.915 0.809706 0.00380749 0.656912 0.00620277 
208 117.804 1.19805 14025 285.327 0.808985 0.00399506 0.655784 0.00652549 
209 117.94 1.57795 14059.3 378.301 0.809309 0.00511833 0.65631 0.00838057 
210 118.56 1.0241 14210.1 245.25 0.809194 0.00364973 0.656054 0.00598101 
211 119.733 1.34517 14501.2 321.116 0.811261 0.00450788 0.659546 0.00732222 
212 120.237 1.17483 14609.1 282.258 0.810188 0.00374282 0.657603 0.00610558 
213 121.257 1.62712 14878.7 388.911 0.810099 0.00428625 0.657572 0.00692134 
214 122.645 1.74629 15203.7 430.071 0.811989 0.00377331 0.660469 0.00611532 
215 121.256 1.26185 14869.3 303.325 0.8094 0.00401022 0.656416 0.00652375 
216 122.07 0.990862 15052.5 239.783 0.808692 0.00323886 0.655131 0.00526884 
217 121.784 1.53987 15002.6 376.098 0.80643 0.00411792 0.651603 0.00666997 
218 122.68 1.17971 15200 288.555 0.807997 0.00339126 0.654 0.00548127 
219 122.053 1.77095 15065.6 432.996 0.80465 0.00428789 0.648638 0.00694961 
220 122.331 2.17316 15115.4 533.581 0.803517 0.00602776 0.646764 0.00970497 
221 122.585 2.08883 15197.4 519.182 0.803886 0.00541078 0.647361 0.00877727 
222 124.242 2.02565 15584.9 502.383 0.806487 0.00530514 0.651525 0.0086048 
223 123.225 1.98756 15332.6 508.804 0.801921 0.00532117 0.644094 0.00864769 
224 125.589 1.37396 15917.6 355.578 0.805892 0.00417554 0.650523 0.00680596 
225 125.514 1.50009 15898.9 389.907 0.803497 0.00435011 0.646636 0.00708079 
226 126.739 1.25978 16213.6 329.055 0.805358 0.00384223 0.649629 0.00627311 
227 127.088 1.57414 16305.3 413.5 0.804592 0.00452465 0.648385 0.007366 
228 128.449 1.05563 16652.4 274.681 0.807043 0.00316897 0.652361 0.0051322 
229 127.422 1.0977 16378.3 296.412 0.80231 0.0038193 0.644646 0.00625053 
230 129.047 1.2237 16804.9 324.78 0.805221 0.00394324 0.649388 0.00641189 
231 128.038 1.27114 16507.4 343.053 0.798694 0.00442707 0.638693 0.00719358 
232 130.075 1.3718 17062.6 371.098 0.8044 0.00431959 0.647982 0.00704172 
233 129.578 1.30446 16901.8 357.69 0.800097 0.00453091 0.640926 0.00739141 
234 130.274 1.5122 17100.8 411.289 0.802269 0.00451059 0.644494 0.00736344 
235 130.003 1.21146 16992.3 334.709 0.798635 0.00429709 0.638448 0.00701076 
236 131.246 1.60228 17347.4 440.953 0.802126 0.00473639 0.644208 0.00773812 
237 131.146 1.49496 17290 416.831 0.799062 0.00533641 0.639089 0.00872158 
238 132.38 1.52291 17645.3 420.683 0.802235 0.00398844 0.64431 0.00652773 
239 131.841 1.80348 17469.7 496.978 0.797497 0.00467238 0.636498 0.00764754 
240 132.584 1.85258 17690.5 507.122 0.80002 0.00441666 0.640666 0.00719653 
241 132.212 1.84718 17554.4 496.342 0.795925 0.00406029 0.633903 0.00661333 
242 132.23 2.21477 17574.7 595.217 0.795969 0.00437501 0.634034 0.00712574 
243 132.838 2.28133 17712.4 604.199 0.793971 0.00342529 0.630707 0.00550038 
244 132.276 1.84094 17574 495.065 0.793353 0.00321869 0.629767 0.00521239 
245 132.879 1.82019 17706.8 489.739 0.79098 0.00243055 0.625821 0.00389169 
246 131.89 1.67461 17440 454.931 0.789735 0.00258259 0.623875 0.00415032 
247 133.316 1.98525 17805.7 546.12 0.789473 0.00257014 0.623374 0.0041104 
248 132.779 1.22264 17654.8 339.436 0.788821 0.00194529 0.622347 0.00312686 
249 135.237 0.875399 18307.1 245.837 0.789884 0.00122198 0.623984 0.00195696 
250 134.777 0.396257 18178.9 111.702 0.789123 0.000893247 0.622799 0.00143992 
251 137.468 0.267274 18907.8 75.6278 0.790398 0.000540554 0.62478 0.000865812 
252 137.559 0.230285 18931.5 65.7508 0.790073 0.000620501 0.624276 0.0010011 
253 140.52 0.235952 19754.1 65.5778 0.791711 0.000445307 0.626849 0.000700674 
254 140.363 0.295337 19713.5 85.1775 0.791356 0.000828226 0.626332 0.0013378 
255 142.928 0.240803 20435.7 67.8691 0.792236 0.000492315 0.627688 0.000788695 
256 147.555 0.595287 21870.9 187.445 0.814509 0.00517016 0.664081 0.00839658 
257 149.174 0.859919 22334.6 261.569 0.81301 0.0045085 0.661595 0.00734227 
258 148.841 0.630732 22252 188.728 0.815252 0.00542207 0.665349 0.00878842 
259 152.024 1.1926 23212.3 365.178 0.817184 0.00495886 0.668461 0.00806406 
260 150.845 0.837875 22867.7 222.24 0.818235 0.00628251 0.670234 0.0101864 
261 153.586 0.772177 23692.7 234.716 0.817803 0.00491858 0.669473 0.00801891 
262 152.764 1.3501 23454.9 385.866 0.820528 0.00647399 0.674042 0.0105122 
263 155.711 1.2958 24346.6 378.535 0.82538 0.00554593 0.681898 0.00902324 
264 154.029 1.13925 23861.6 333.846 0.818776 0.00459507 0.671202 0.00747926 
265 157.341 2.12568 24874.8 642.148 0.825536 0.00693133 0.682276 0.0113135 
266 153.403 1.0412 23691.9 326.38 0.811751 0.00275576 0.659783 0.00449951 
267 153.346 1.37332 23673.4 430.293 0.808911 0.00397588 0.655143 0.00649224 
268 154.073 1.00088 23899.5 315.687 0.809695 0.0027513 0.656381 0.00445586 
269 154.823 0.828712 24122.7 254.375 0.808804 0.00204628 0.654887 0.00330352 
270 154.722 0.909603 24105 288.16 0.809511 0.00230062 0.656119 0.00372441 
271 155.323 1.06995 24289.6 338.938 0.809478 0.00346359 0.656048 0.00565241 
272 155.668 1.20954 24405.1 384.793 0.809542 0.00272542 0.656164 0.004427 
273 156.271 1.12866 24593.7 360.394 0.808776 0.00300427 0.654961 0.0048772 
274 156.528 1.16946 24677.5 370.475 0.808772 0.00296753 0.654902 0.00481226 
275 156.469 1.28943 24654.4 403.678 0.806406 0.0028628 0.651061 0.00463015 
276 156.345 1.4727 24620.2 455.533 0.806232 0.00308403 0.650746 0.00497856 
277 156.993 2.35794 24803.1 725.294 0.804387 0.00418347 0.647712 0.00674471 
278 158.807 1.83765 25392.4 584.216 0.809332 0.0044427 0.655765 0.0072028 
279 158.055 2.31207 25150.9 738.105 0.80443 0.00443649 0.647819 0.00719789 
280 160.109 1.65413 25808.9 539.241 0.808799 0.00381043 0.654934 0.00619186 
281 160.087 1.8899 25782.5 609.782 0.804846 0.00343996 0.64843 0.0055799 
282 162.834 1.82865 26707.8 625.103 0.811946 0.00406207 0.660056 0.00666932 
283 162.502 1.17553 26544.7 394.055 0.808667 0.00311874 0.654549 0.00509989 
284 163.504 1.74148 26908.1 579.575 0.810936 0.00416054 0.658435 0.00676868 
285 164.749 0.943647 27285.3 317.175 0.810755 0.00236503 0.657937 0.00392263 
286 165.291 1.20968 27489.5 404.534 0.812296 0.00254518 0.660526 0.00416602 
287 166.274 0.926532 27790.7 315.416 0.810202 0.00187735 0.657007 0.00307996 
288 165.873 0.916739 27673.9 303.639 0.8118 0.00224689 0.659672 0.00364969 
289 167.419 0.842187 28192.8 284.246 0.811175 0.00183518 0.658627 0.00301518 
290 167.967 1.62982 28400.2 548.833 0.812999 0.00308311 0.661672 0.00501782 
291 168.796 1.59245 28678 541.507 0.811867 0.00304655 0.659802 0.00504836 
292 168.453 1.18707 28545.8 395.643 0.811683 0.00233963 0.659505 0.00380106 
293 170.34 1.44993 29202.5 494.471 0.811708 0.00252308 0.6595 0.00414424 
294 169.8 1.09352 29008.5 373.834 0.810565 0.00306694 0.657709 0.0049947 
295 171.662 1.89225 29673.4 669.527 0.811152 0.00337827 0.658639 0.00556829 
296 171.71 1.26233 29666.6 433.128 0.811832 0.00248403 0.659773 0.00402346 
297 175.012 2.09122 30846.1 756.189 0.813863 0.00290876 0.662997 0.00480491 
298 171.933 1.18859 29743.9 408.102 0.811505 0.00294632 0.659296 0.00476749 
299 173.051 1.38773 30120.9 489.48 0.812521 0.00221882 0.660797 0.00363591 
300 173.233 1.10844 30198.8 389.136 0.81304 0.00244149 0.661809 0.00396401 
301 173.991 1.04149 30454.5 364.466 0.813239 0.00209249 0.662041 0.00341381 
302 173.961 0.992527 30447.7 352.896 0.811385 0.00235641 0.659136 0.0038145 
303 176.01 1.12272 31156.8 392.436 0.814626 0.00198982 0.664305 0.00324511 
304 176.055 1.06571 31179.4 377.138 0.813042 0.00200752 0.661747 0.00327898 
305 176.954 1.24948 31492.1 443.518 0.813997 0.00193213 0.663233 0.00315179 
306 177.579 1.03096 31722.6 374.888 0.814036 0.00248926 0.663406 0.00410399 
307 177.444 1.02389 31658.3 370.219 0.812938 0.00214509 0.661538 0.00350034 
308 178.328 0.953362 31974.1 349.031 0.813622 0.002097 0.662666 0.00344179 
309 178.894 1.10194 32170.2 384.678 0.8131 0.00251105 0.661763 0.00406474 
310 179.692 0.929333 32444 330.039 0.815019 0.00329223 0.66492 0.00534355 
311 179.718 1.03484 32457.1 379.279 0.811064 0.00352227 0.658495 0.00573945 
312 182.484 0.916886 33459.9 338.217 0.819005 0.00353593 0.671436 0.00576439 
313 181.992 1.00072 33304.5 358.617 0.814615 0.00186676 0.66428 0.00303054 
314 183.407 1.00877 33816.7 378.277 0.816737 0.00284396 0.667771 0.00467879 
315 183.302 0.895787 33789 331.166 0.814875 0.00176192 0.66468 0.00287463 
316 184.98 1.23766 34403.3 471.125 0.817938 0.00351222 0.669744 0.00582092 
317 184.888 0.913579 34390.1 334.464 0.815983 0.0019297 0.666532 0.00316849 
318 187.38 1.54907 35329.5 587.201 0.819479 0.00329324 0.672326 0.00546781 
319 186.164 0.877007 34856.9 336.697 0.815951 0.00184952 0.666468 0.00305997 
320 188.367 2.3583 35730.6 951.516 0.820226 0.00522523 0.673701 0.00887503 
321 188.018 0.981668 35559.3 375.041 0.81712 0.00200742 0.668379 0.00331858 
322 188.244 1.2893 35648.6 495.159 0.816912 0.00271871 0.668113 0.00451129 
323 188.81 1.22062 35867.7 470.453 0.816697 0.00276098 0.667745 0.00455378 
324 189.393 1.27256 36081.2 491.941 0.817428 0.00239745 0.668896 0.00398931 
325 189.725 1.14007 36206.5 432.127 0.817098 0.00224178 0.668322 0.00369183 
326 191.225 1.06134 36763.1 415.852 0.818177 0.00210266 0.670077 0.00349411 
327 192.863 1.0769 37396.6 420.82 0.819451 0.00221136 0.672134 0.00363497 
328 192.316 1.10976 37181.7 435.28 0.818068 0.00216037 0.66989 0.00357712 
329 193.139 1.25508 37516.9 493.57 0.817955 0.00216526 0.669738 0.00355793 
330 194.246 1.37088 37948 539.628 0.81917 0.00272598 0.671748 0.00454388 
331 195.085 1.59247 38289.1 635.458 0.818642 0.00301965 0.670921 0.00502617 
332 197.07 1.84828 39078.6 749.549 0.821013 0.00410781 0.674895 0.00689813 
333 199.628 2.63034 40129.6 1101.83 0.824782 0.00593249 0.681273 0.0100998 
334 198.99 1.50889 39835.7 614.878 0.820911 0.00264177 0.674626 0.00439022 
335 198.762 1.91065 39768.2 772.751 0.819603 0.00284979 0.672484 0.00471459 
336 202.097 3.13203 41155.3 1284.58 0.825859 0.00519449 0.682971 0.0087212 
337 201.117 2.46498 40721.9 1011.85 0.821405 0.00350274 0.675456 0.00577204 
338 201.525 2.49219 40874.9 1049.16 0.822719 0.00541345 0.677734 0.00916082 
339 201.474 1.87781 40836.1 771.814 0.819681 0.00288182 0.672539 0.00475705 
340 202.054 1.94378 41060.8 808.098 0.821226 0.00342365 0.675133 0.00571274 
341 202.637 1.74115 41289.6 728.525 0.819917 0.00284554 0.67289 0.0047391 
342 203.824 2.45268 41830.8 1031.58 0.821948 0.00489961 0.676582 0.008148 
343 203.184 2.16886 41515.3 900.191 0.817981 0.00371323 0.669736 0.00609787 
344 204.403 1.64302 42020.9 691.193 0.820171 0.00276468 0.673321 0.00461745 
345 204.181 1.82017 41915.5 763.817 0.819631 0.00213952 0.672369 0.0035217 
346 204.449 1.42337 42025.3 588.794 0.818718 0.00205662 0.670899 0.00340029 
347 206.051 1.83375 42690.5 766.873 0.820187 0.00264026 0.673331 0.00431217 
348 205.794 1.5003 42580 626.954 0.819424 0.00245187 0.672055 0.00407636 
349 207.514 1.83918 43294.3 783.862 0.819721 0.00308423 0.672615 0.00505699 
350 208.583 1.53552 43738.4 656.427 0.821435 0.00287088 0.675403 0.00484363 
351 210.087 1.69355 44373.8 725.92 0.821734 0.00305613 0.675839 0.00509923 
352 209.613 2.15793 44177.5 911.202 0.82197 0.00409638 0.676248 0.00689114 
353 209.998 2.20972 44366.6 928.793 0.821082 0.00280406 0.674768 0.00467809 
354 210.805 1.3565 44657.4 579.645 0.821257 0.00230003 0.675032 0.00384495 
355 211.741 1.57937 45067.4 676.42 0.821464 0.0025761 0.675424 0.00432105 
356 211.972 1.61327 45143.2 697.563 0.821591 0.00250977 0.675556 0.00419846 
357 213.306 1.73136 45724.9 750.362 0.821986 0.00257431 0.676239 0.00432481 
358 213.884 1.84719 45972.9 807.966 0.822173 0.00316403 0.676571 0.00530366 
359 215.277 1.78706 46583.2 785.102 0.822732 0.00326203 0.677503 0.00550584 
360 214.803 1.73323 46362.8 762.414 0.822007 0.00321056 0.676286 0.00537493 
361 216.479 2.40128 47111.5 1071.7 0.823727 0.0045925 0.679212 0.0077557 
362 216.422 2.09719 47075 928.241 0.822518 0.00353504 0.677155 0.00592623 
363 219.143 2.14531 48262.5 960.433 0.827088 0.00443771 0.684781 0.00747804 
364 217.124 1.75399 47372.8 783.098 0.822415 0.00334246 0.676956 0.00560585 
365 221.307 2.47454 49244.6 1136.97 0.827882 0.00506546 0.686151 0.00857898 
366 218.111 1.61247 47782.2 717.293 0.820846 0.00283579 0.674325 0.00476643 
367 219.544 1.89027 48437.5 837.496 0.82204 0.00360643 0.676363 0.00601816 
368 219.976 1.99035 48626 892.362 0.821777 0.00379455 0.675938 0.00635377 
369 221.84 1.85598 49439.6 827.164 0.82434 0.00444721 0.680153 0.00746111 
370 221.882 2.12997 49483.6 947.139 0.823249 0.00362967 0.678374 0.00605323 
371 222.938 2.63476 49948.3 1184.89 0.824463 0.00586155 0.680433 0.00981753 
372 223.155 2.64795 50043.8 1185.54 0.823998 0.00505366 0.679636 0.00843205 
373 224.791 2.45591 50789.6 1118.99 0.823655 0.00321696 0.678991 0.00535874 
374 223.846 2.10557 50357.1 958.646 0.822286 0.0036484 0.676799 0.00609983 
375 225.08 2.14316 50906.7 974.004 0.823294 0.00402062 0.678434 0.00670524 
376 225.146 1.7545 50923.2 804.858 0.82185 0.00308762 0.676043 0.00515752 
377 226.477 1.66178 51544.7 761.3 0.823334 0.00344191 0.678529 0.00575714 
378 227.23 2.00913 51897.5 913.17 0.823845 0.00392858 0.679381 0.00653865 
379 228.206 1.92881 52318.6 901.086 0.824443 0.0037097 0.680301 0.00621179 
380 229.323 2.44193 52852.3 1130.82 0.826032 0.00425944 0.683008 0.00714401 
381 229.647 2.24386 52984.6 1047.3 0.825928 0.00430606 0.682776 0.00722069 
382 232.125 2.50126 54140.9 1164.2 0.829445 0.00474696 0.688675 0.00793595 
383 230.961 1.70062 53568.1 798.225 0.82632 0.00309673 0.683352 0.00519767 
384 232.241 2.40585 54198.4 1136.17 0.826458 0.00466964 0.683702 0.00784437 
385 232.153 2.14683 54111.5 991.129 0.824556 0.00335009 0.680406 0.00554891 
386 233.063 2.13356 54585.2 1014.69 0.825186 0.00404917 0.681571 0.006786 
387 232.116 2.25637 54164.5 1053.41 0.823184 0.00452129 0.678305 0.00748631 
388 233.44 2.1931 54768 1035.46 0.824217 0.00373961 0.679947 0.00625442 
389 234.471 2.21505 55245 1061.01 0.825028 0.00379067 0.681243 0.00634932 
390 235.276 2.33702 55613.4 1109.78 0.825037 0.00400118 0.681305 0.00667549 
391 236.201 1.73246 56040.5 838.042 0.825465 0.00388173 0.681945 0.00652185 
392 236.968 2.25531 56413.3 1091.01 0.825369 0.00394743 0.681846 0.00664039 
393 237.827 2.25012 56788.8 1082.25 0.825292 0.00352606 0.681617 0.00592446 
394 238.877 2.36941 57307 1139.87 0.825311 0.00419588 0.681701 0.00700365 
395 240.228 2.24714 57978.3 1101.2 0.827785 0.00384777 0.685778 0.00647153 
396 245.42 3.58554 60545.4 1784.16 0.831676 0.00440238 0.692238 0.00736132 
397 240.513 2.05672 58083 1002.95 0.826416 0.00351128 0.683478 0.00590779 
398 242.338 2.19762 58973.5 1079.54 0.827981 0.00368952 0.6861 0.00617112 
399 241.418 2.65586 58545.9 1313.76 0.825009 0.00473724 0.681228 0.00794471 
400 243.593 2.40931 59582.3 1187.39 0.828158 0.00430344 0.686405 0.00720638 
401 243.459 2.45664 59543.6 1205.86 0.827141 0.00422126 0.684743 0.00706411 
402 244.588 3.03059 60091 1494.99 0.827427 0.00486878 0.685265 0.008143 
403 245.813 2.52003 60703.7 1259.92 0.82826 0.00484982 0.686647 0.00813659 
404 245.691 3.16549 60626.4 1575.86 0.827368 0.00494625 0.685141 0.00827463 
405 247.163 2.7825 61366.9 1399.69 0.828257 0.00491524 0.686603 0.00824603 
406 247.987 3.44998 61796.3 1751.21 0.829428 0.00541491 0.688634 0.00911421 
407 248.243 2.87738 61904 1437.62 0.828585 0.00445516 0.687158 0.00744649 
408 250.041 2.83786 62773.8 1444.17 0.831397 0.00571905 0.691851 0.00957418 
409 248.842 2.52511 62195 1268.21 0.829019 0.00418264 0.687867 0.00702124 
410 250.822 2.86406 63213.1 1467.01 0.830262 0.00508783 0.690068 0.00854083 
411 250.935 2.42903 63238.8 1260.54 0.828848 0.00413897 0.687571 0.00700238 
412 251.461 2.52176 63498.8 1284.18 0.830126 0.00481776 0.689778 0.00806751 
413 251.762 2.15638 63678.1 1126.81 0.828425 0.00449657 0.686893 0.00756101 
414 252.191 2.56598 63856.7 1312.64 0.829315 0.00514599 0.688377 0.00858321 
415 253.176 3.7171 64371.5 1884.47 0.830131 0.00582401 0.689722 0.00972414 
416 253.186 3.08946 64372.9 1599.83 0.828558 0.00516968 0.687107 0.0086748 
417 253.763 2.81142 64681.6 1464.6 0.828713 0.00528683 0.687362 0.00888379 
418 254.423 2.87345 64992.6 1499.23 0.828329 0.00547171 0.686729 0.00916974 
419 254.919 2.92333 65258.6 1503.44 0.828399 0.00497248 0.686793 0.00832554 
420 256.918 3.48548 66273.4 1786.67 0.828868 0.00513789 0.687607 0.0085439 
421 256.875 3.03565 66272.8 1576.29 0.829568 0.00506185 0.688769 0.00846087 
422 258.522 2.7735 67085.2 1456.99 0.831855 0.0045105 0.692533 0.00756354 
423 259.962 2.14526 67833 1110.78 0.833095 0.00364133 0.694591 0.00608324 
424 261.597 2.57804 68680.3 1354.67 0.833818 0.00469874 0.695778 0.00784301 
425 264.262 2.94721 70109.3 1539.99 0.833171 0.00400087 0.694661 0.00663009 
426 266.359 3.97275 71255 2095.6 0.834561 0.00420348 0.696955 0.00694263 
427 262.204 3.50568 69072.3 1858.02 0.829817 0.00478408 0.689153 0.00800873 
428 261.312 4.58971 68687.5 2402.19 0.827656 0.00495845 0.685606 0.00822831 
429 261.099 2.70303 68427.4 1428.64 0.82677 0.00494917 0.684101 0.00827645 
430 262.85 4.10781 69368.5 2189.21 0.828678 0.00595127 0.68731 0.00993034 
431 262.555 2.78698 69213.3 1486.12 0.828783 0.00470152 0.687478 0.00787219 
432 262.001 4.75448 68970 2504.29 0.826749 0.00778424 0.684269 0.0128403 
433 266.354 3.57949 71241.1 1916.61 0.832738 0.00549312 0.694063 0.00908851 
434 266.741 3.91641 71455.2 2109.03 0.831782 0.00565273 0.692429 0.00934063 
435 267.086 4.09714 71663.2 2199.77 0.83199 0.00564805 0.692877 0.00933028 
436 272.004 3.81117 74323.6 2094.39 0.835694 0.00387064 0.698851 0.00642921 
437 265.142 3.32011 70565 1740.23 0.829119 0.00780382 0.688262 0.0127227 
438 269.416 1.89794 72758.6 1012.98 0.838688 0.00380087 0.703881 0.00631404 
439 268.104 3.28279 72127.6 1766.11 0.83339 0.00574671 0.695143 0.00953647 
440 268.166 2.85276 72160 1554.9 0.830982 0.00462545 0.691117 0.00770346 
441 269.466 2.81587 72838 1514.25 0.834632 0.00547867 0.697169 0.00908881 
442 268.834 2.60052 72502.5 1413.65 0.832718 0.00529817 0.693982 0.00877085 
443 270.115 2.54734 73156.1 1370.25 0.834862 0.00518555 0.697486 0.00857173 
444 269.747 2.24584 72963 1220.21 0.83344 0.00453243 0.695134 0.00747479 
445 272.7 1.93758 74505.2 1036.77 0.838097 0.0044246 0.702765 0.00730318 
446 273.042 1.71472 74681.7 923.223 0.83787 0.0036576 0.702385 0.00601679 
447 275.175 1.37739 75841.2 768.147 0.839592 0.00282998 0.705218 0.0046777 
448 276.935 1.13903 76769.6 628.565 0.841493 0.00239296 0.708301 0.00396994 
449 278.565 1.00684 77690.3 545.248 0.841499 0.00200278 0.708333 0.00330358 
450 281.299 0.841023 79191.4 465.819 0.843675 0.00148785 0.711928 0.0024555 
451 276.687 2.58469 76768.5 1390.54 0.834723 0.00501697 0.697231 0.00828113 
452 276.398 2.00681 76613.1 1104.38 0.832701 0.00388968 0.693883 0.0063783 
453 277.658 2.06957 77289.8 1154.7 0.834463 0.00398122 0.696774 0.00662839 
454 277.297 2.23073 77077.8 1244.81 0.831721 0.00392676 0.692198 0.0064947 
455 279.039 2.59472 78081.7 1409.56 0.834692 0.00508708 0.69721 0.00839658 
456 278.668 2.78578 77906.8 1552.16 0.831231 0.00473784 0.6915 0.00782864 
457 279.09 3.13595 78137.2 1737.75 0.832947 0.00576351 0.694325 0.00952138 
458 278.815 2.7723 78012.9 1535.67 0.83094 0.0050008 0.691038 0.00826231 
459 280.375 3.59105 78845.5 1975.73 0.833314 0.00535381 0.694902 0.00884609 
460 280.678 3.21652 79056 1819.12 0.832249 0.00490777 0.693202 0.00814421 
461 282.659 3.40621 80139.6 1880.18 0.834898 0.00417173 0.697481 0.00692066 
462 282.165 3.46053 79887.3 1955.38 0.832005 0.00500636 0.692814 0.00830021 
463 283.757 2.54946 80764.3 1418.78 0.834702 0.00421389 0.697214 0.00694257 
464 282.476 3.45931 80069.6 1927.7 0.830944 0.00559341 0.691063 0.0092342 
465 284.606 2.34488 81249.2 1323.1 0.834774 0.00399747 0.697312 0.00666874 
466 282.91 3.04905 80326.5 1719.23 0.831046 0.0045435 0.691179 0.00750671 
467 285.32 3.04536 81670.9 1735.54 0.834111 0.00445234 0.696229 0.00736898 
468 284.607 4.02511 81280.3 2256.9 0.832673 0.00503282 0.693832 0.00833036 
469 284.322 3.79109 81100.9 2144.46 0.831035 0.00591172 0.691128 0.00979742 
470 285.48 4.1714 81805 2354.47 0.832577 0.0049048 0.693689 0.00812833 
471 286.226 3.53398 82198.7 2002.16 0.833377 0.00410043 0.694997 0.00685585 
472 285.36 3.78348 81751.3 2141.42 0.831231 0.00449346 0.691464 0.00746896 
473 288.411 4.25474 83483.3 2440.32 0.834869 0.00560347 0.697482 0.0093361 
474 289.542 3.97437 84156.6 2315.71 0.834566 0.00486997 0.69702 0.00818785 
475 290.25 5.22064 84587.4 3058.21 0.83567 0.00630969 0.698852 0.0105794 
476 289.671 3.69376 84224.7 2152.47 0.832692 0.00448988 0.693857 0.0074955 
477 291.014 4.78284 85014 2799.14 0.836087 0.00532723 0.699483 0.00894293 
478 291.044 3.65789 85029.4 2133.9 0.832882 0.00416002 0.694134 0.00693407 
479 289.538 4.76777 84132.6 2766.52 0.833322 0.00469178 0.694836 0.00786681 
480 291.542 3.21535 85274.3 1843.98 0.832558 0.00378979 0.69357 0.00629186 
481 289.995 3.99874 84375.1 2316.36 0.832602 0.00364165 0.693599 0.00610152 
482 292.215 3.82038 85677.1 2210.58 0.832492 0.00375222 0.693464 0.00627609 
483 293.285 4.73165 86325.6 2745.53 0.834979 0.00387865 0.69756 0.00649708 
484 292.543 4.17287 85883.5 2429.6 0.832513 0.0041866 0.693462 0.00697389 
485 292.438 4.52718 85797.5 2642.2 0.832711 0.00425182 0.693751 0.00708814 
486 294.698 4.47943 87142.2 2613.05 0.834191 0.00349517 0.696235 0.00586195 
487 293.386 4.85805 86379.2 2855.75 0.832329 0.00387173 0.693148 0.00648835 
488 289.16 4.27134 83826.9 2531.05 0.828038 0.00341489 0.685882 0.00573372 
489 296.26 3.97005 88047.7 2335.65 0.832462 0.00412819 0.693362 0.00684367 
490 298.329 4.66759 89277 2765.39 0.833268 0.00376104 0.694745 0.00623051 
491 296.034 4.25887 87910.7 2528.43 0.831478 0.00453286 0.691743 0.00751693 
492 297.657 4.04888 88884.8 2407.15 0.831405 0.00425263 0.691653 0.00703482 
493 297.68 3.61707 88874.7 2171.75 0.830535 0.00381125 0.690175 0.00635932 
494 300.55 3.51547 90605.5 2109.1 0.832067 0.00400342 0.692725 0.00664379 
495 298.894 4.29736 89624.3 2583.79 0.832393 0.00315579 0.693236 0.00526151 
496 302.759 3.77072 91935 2316.33 0.832183 0.00483401 0.692962 0.0080401 
497 302.224 4.01453 91622.5 2422.11 0.832715 0.00376091 0.693777 0.00625586 
498 303.596 2.9611 92421.8 1816.46 0.831755 0.00401583 0.69222 0.00666853 
499 303.823 3.9432 92567.7 2384.58 0.834243 0.00339284 0.69628 0.00566854 
500 305.734 3.36597 93743 2069.72 0.832768 0.00482186 0.693907 0.00801967 
501 306.179 3.24843 93977 2006.41 0.835168 0.00283345 0.697795 0.0047787 
502 309.133 1.87589 95742.7 1137.35 0.836858 0.00274571 0.700588 0.00455872 
503 309.05 2.45758 95650 1524.98 0.833806 0.00232182 0.695398 0.00392864 
504 309.83 2.61822 96228.8 1615.53 0.835686 0.00279204 0.698667 0.00465362 
505 310.139 1.78162 96343.2 1101.46 0.833577 0.00193339 0.695056 0.00323948 
506 315.108 2.46891 99478.6 1515.67 0.840361 0.0028075 0.706433 0.00468278 
507 312.039 2.86898 97574.6 1779.97 0.83605 0.00262648 0.699207 0.00440203 
508 313.881 1.98202 98690.5 1211.79 0.837095 0.00198934 0.700955 0.00330853 
509 311.407 3.01063 97214.7 1862.3 0.834844 0.00218354 0.697219 0.00365984 
510 312.483 2.96722 97899.5 1853.03 0.834324 0.00247638 0.696393 0.00414101 
511 316.014 2.55239 100077 1588.65 0.83644 0.00252425 0.699879 0.00421102 
512 314.347 2.18468 99020 1353.12 0.835132 0.0022946 0.69773 0.00383483 
513 315.634 2.28711 99831.9 1430.72 0.835026 0.00206764 0.697528 0.00347055 
514 316.045 1.62045 100083 1029.7 0.83427 0.00183694 0.696255 0.00306234 
515 316.003 2.42997 100083 1529.12 0.833536 0.0022779 0.695062 0.00383253 
516 318.114 2.38608 101432 1511.79 0.834911 0.00251879 0.697395 0.00421381 
517 318.091 2.5073 101405 1603.22 0.834808 0.00258806 0.697166 0.004333 
518 319.534 2.15004 102318 1392.13 0.834501 0.0027147 0.69667 0.00453786 
519 321.405 3.00288 103504 1924.47 0.835529 0.00290084 0.698346 0.00484606 
520 321.468 2.96147 103583 1902.47 0.834711 0.00247206 0.697066 0.00412834 
521 320.141 2.17144 102722 1398.29 0.834272 0.00218008 0.696308 0.00364665 
522 321.377 2.25402 103503 1461.3 0.835206 0.00325882 0.697893 0.00547273 
523 324.182 2.15389 105317 1380.01 0.837331 0.00222737 0.701409 0.00371298 
524 324.05 2.01434 105229 1304.22 0.837741 0.00262676 0.702123 0.00440307 
525 322.934 2.71393 104546 1743.02 0.833832 0.00288462 0.695621 0.00479922 
526 323.694 2.18864 104978 1421.28 0.833915 0.00244755 0.695653 0.00408548 
527 324.209 2.38502 105358 1535.55 0.833097 0.00228555 0.694338 0.00380977 
528 324.177 2.70619 105366 1741.95 0.831296 0.00312463 0.691416 0.00516477 
529 324.045 2.56997 105286 1654.87 0.830642 0.00284384 0.690314 0.00469683 
530 324.022 2.84515 105284 1836.65 0.830341 0.00356289 0.689847 0.00587207 
531 322.603 3.7843 104393 2437.21 0.828774 0.00357382 0.687263 0.00589091 
532 323.004 3.56954 104646 2299.22 0.826375 0.00505188 0.683352 0.0082804 
533 325.426 3.74822 106212 2425.08 0.830494 0.00377559 0.690077 0.00625357 
534 322.694 3.98953 104478 2559.34 0.826319 0.00492713 0.68324 0.00810587 
535 326.632 3.65469 107006 2385.7 0.828752 0.00378888 0.687184 0.00627788 
536 323.947 4.10114 105273 2658 0.82872 0.00362063 0.687109 0.00598717 
537 325.45 3.90046 106250 2546.93 0.827624 0.00495452 0.685378 0.0081507 
538 320.146 5.59134 102806 3635.06 0.824951 0.00494121 0.680906 0.00809922 
539 323.776 3.78418 105133 2467.55 0.82354 0.00542376 0.678707 0.00891138 
540 322.573 4.48694 104312 2953.16 0.826555 0.00587032 0.683597 0.00966865 
541 332.444 2.7811 110793 1867.64 0.833414 0.00302093 0.694893 0.00503526 
542 334.366 2.26271 112062 1517.18 0.834388 0.00253544 0.6965 0.00423291 
543 333.41 2.64831 111440 1774.68 0.83272 0.0025801 0.693743 0.00429574 
544 334.583 2.51451 112213 1694.48 0.832221 0.00301577 0.692903 0.00502802 
545 336.331 2.4886 113379 1694.74 0.834903 0.00343643 0.697365 0.00572944 
546 335.655 1.73568 112891 1174.6 0.83411 0.00265701 0.696023 0.00441646 
547 337.693 2.63918 114290 1804.72 0.834562 0.00396187 0.696793 0.0066075 
548 336.973 2.34307 113807 1596.01 0.832889 0.00414192 0.694013 0.00687627 
549 338.058 2.45552 114543 1687.87 0.83394 0.00340643 0.695764 0.00568504 
550 338.289 2.32998 114687 1588.06 0.832907 0.0034225 0.694051 0.00570337 
551 339.286 2.01911 115370 1377.91 0.832345 0.0027541 0.693111 0.00458674 
552 338.356 3.07609 114741 2064.84 0.831115 0.0034113 0.691053 0.00566783 
553 342.546 1.96866 117554 1364.11 0.835059 0.0027104 0.697611 0.00451019 
554 342.592 2.04503 117613 1413.46 0.833853 0.00298161 0.695623 0.00493528 
555 344.191 2.2391 118732 1567.1 0.835084 0.00257739 0.697681 0.00428695 
556 343.016 2.28636 117904 1594.17 0.833774 0.00289276 0.695479 0.00480973 
557 345.014 2.18674 119272 1511.64 0.834456 0.00341649 0.696611 0.00569037 
558 345.376 2.53241 119532 1775.11 0.834123 0.00309356 0.696059 0.00515342 
559 349.167 2.74216 122150 1898.01 0.836582 0.00338057 0.700134 0.00563506 
560 346.235 1.91854 120115 1339.09 0.836129 0.00284727 0.699418 0.00473483 
561 347.419 2.69347 120929 1871.56 0.834719 0.00336403 0.697017 0.00560383 
562 347.077 1.85681 120723 1321.35 0.834227 0.00270399 0.696267 0.0044893 
563 348.736 2.32398 121849 1635.79 0.835906 0.00343313 0.699066 0.00571491 
564 350.354 2.6208 123017 1883.66 0.837778 0.00355371 0.702207 0.00595009 
565 350.486 1.7489 123030 1226.58 0.837551 0.00268309 0.701758 0.00449356 
566 350.875 2.16318 123394 1555.1 0.835311 0.00272861 0.698071 0.00455066 
567 351.527 1.86035 123755 1303.24 0.835219 0.00286479 0.697826 0.00476683 
568 351.593 2.6174 123901 1858.19 0.834239 0.00257037 0.696273 0.00428059 
569 354.666 1.75038 125968 1231.86 0.834595 0.00199131 0.696762 0.00332357 
570 353.46 2.66838 125215 1903.77 0.835049 0.00286436 0.697635 0.00477775 
571 353.229 2.37435 125051 1692.73 0.834397 0.00254875 0.696541 0.00424765 
572 354.521 2.28057 125985 1634.65 0.835202 0.00265562 0.697888 0.00442991 
573 355.541 2.01794 126682 1451.02 0.835305 0.00208846 0.698025 0.00347536 
574 356.226 2.59852 127191 1856 0.835348 0.0026046 0.698117 0.00433759 
575 356.413 3.08623 127319 2213.58 0.834938 0.00299728 0.697427 0.00498864 
576 356.482 2.30999 127396 1648.43 0.833758 0.00268999 0.695489 0.00448926 
577 357.632 2.26916 128190 1645.71 0.835096 0.00244965 0.697696 0.00408876 
578 359.267 2.17883 129362 1572.6 0.835245 0.00225147 0.697942 0.00375622 
579 360.039 2.80681 129937 2053.35 0.835574 0.00249485 0.69848 0.00417415 
580 359.993 2.12514 129888 1534.94 0.834568 0.00232217 0.696819 0.00386108 
581 360.569 2.34168 130310 1699.19 0.834953 0.00230604 0.697445 0.0038443 
582 361.101 2.28221 130668 1675.5 0.834504 0.00220231 0.696684 0.00368037 
583 361.866 2.85328 131254 2098.21 0.834182 0.00292733 0.696184 0.00489033 
584 362.906 2.7405 131956 2022.45 0.833968 0.00250411 0.69577 0.00420521 
585 365.205 2.2958 133674 1693.82 0.835905 0.00193398 0.699029 0.00323404 
586 363.963 2.2718 132745 1687.07 0.835278 0.00219823 0.697967 0.00367944 
587 367.171 2.75971 135131 2043.02 0.836573 0.0025131 0.700158 0.00420244 
588 365.434 2.40352 133853 1790.38 0.834178 0.00262322 0.696169 0.00437735 
589 365.187 4.44378 133693 3239.25 0.833616 0.00466081 0.695241 0.00775231 
590 367.441 2.53033 135321 1887.89 0.833052 0.00238878 0.69426 0.00400315 
591 365.897 2.43464 134204 1820.94 0.833003 0.00240721 0.694192 0.00402253 
592 365.906 2.47895 134201 1845.89 0.831995 0.00266034 0.692509 0.00443766 
593 358.562 3.24676 128837 2400.46 0.823516 0.00343196 0.678446 0.0057176 
594 369.022 2.57209 136512 1948.04 0.83389 0.00241947 0.695677 0.00405297 
595 369.522 3.81915 136950 2829.57 0.833702 0.00346273 0.695417 0.00576259 
596 371.046 3.50128 138061 2642.38 0.834537 0.00300339 0.696781 0.00503686 
597 371.892 3.61476 138692 2733.8 0.835205 0.00306944 0.697888 0.00514072 
598 371.475 3.49983 138381 2653.03 0.833786 0.0030086 0.695523 0.00504132 
599 374.031 3.57763 140304 2701.44 0.835566 0.00266674 0.698479 0.00446703 
600 372.987 3.57366 139535 2716.59 0.833929 0.00281153 0.695747 0.0047225 
601 374.784 3.39043 140888 2595.6 0.835034 0.00271778 0.697597 0.00454485 
602 375.2 3.11609 141127 2397.75 0.834065 0.0030096 0.695946 0.00505482 
603 376.875 3.681 142455 2825.26 0.835552 0.00316688 0.698457 0.00531277 
604 376.527 3.48082 142156 2684.19 0.834076 0.00338107 0.695986 0.00567374 
605 377.425 3.66368 142857 2823.37 0.834553 0.0028897 0.69677 0.00485347 
606 379.369 3.47158 144321 2710.25 0.834312 0.00288315 0.696371 0.00484988 
607 378.931 4.3509 144065 3337.02 0.834888 0.00336393 0.697378 0.00563703 
608 380.661 3.85834 145374 3062.07 0.835419 0.0030298 0.698257 0.00510399 
609 378.922 3.64681 144004 2822.42 0.833503 0.00276517 0.695015 0.00463668 
610 380.293 4.03947 145070 3139.59 0.833985 0.00379708 0.695859 0.00636569 
611 381.526 3.97199 146018 3142.73 0.835184 0.00304005 0.69783 0.00512059 
612 383.184 4.1869 147292 3287.61 0.835802 0.00317283 0.698886 0.0053391 
613 384.13 4.90204 148049 3878.82 0.835792 0.00349898 0.698858 0.00587741 
614 384.41 4.09393 148169 3234.63 0.835935 0.00320727 0.69909 0.0054049 
615 387.692 5.31248 150814 4207.3 0.836716 0.00373026 0.700414 0.00626452 
616 385.451 3.9957 148958 3201.01 0.832466 0.00390289 0.693312 0.00656393 
617 386.476 4.03603 149805 3195.37 0.835482 0.00336306 0.698341 0.00566015 
618 386.922 3.52774 150049 2845.39 0.830571 0.00337475 0.690132 0.00567735 
619 388.205 4.10131 151106 3270.43 0.833866 0.00337899 0.695636 0.00567588 
620 388.403 2.34426 151085 1893.66 0.826957 0.00308672 0.684066 0.00518243 
621 391.647 5.41598 153947 4359.41 0.837974 0.00376846 0.702553 0.00634227 
622 391.176 6.06041 153595 4846.81 0.836116 0.00446748 0.699476 0.00751463 
623 391.896 5.96778 154188 4816.32 0.835991 0.00431346 0.699281 0.00727781 
624 393.832 6.15818 155735 4986.63 0.836816 0.00449161 0.700692 0.00758842 
625 396.727 7.83448 158139 6335.86 0.838671 0.00561546 0.703842 0.00947186 
626 400.056 8.06933 160844 6568.12 0.840163 0.00620565 0.706389 0.0104851 
627 397.678 7.56414 158912 6209.82 0.83824 0.00602861 0.703137 0.0101543 
628 394.113 5.11612 155895 4198.52 0.833892 0.00383935 0.695769 0.00644284 
629 395.392 5.50867 156956 4530.96 0.835285 0.00427538 0.698111 0.00717982 
630 395.91 5.70526 157404 4668.53 0.834298 0.00429236 0.6965 0.00720592 
631 397.958 5.79874 158999 4763.62 0.834984 0.00490217 0.69762 0.0082306 
632 398.112 5.22247 159088 4315.11 0.834761 0.00413639 0.697241 0.00695298 
633 397.419 5.60911 158600 4649.97 0.833718 0.00524363 0.695566 0.00877468 
634 401.056 6.95583 161519 5735.32 0.836511 0.00517216 0.700193 0.0086814 
635 396.374 3.81604 157554 3127.66 0.829411 0.0038703 0.688316 0.00644848 
636 396.653 5.29664 158015 4350.99 0.834041 0.00373728 0.696075 0.00621753 
637 400.96 6.09849 161364 5075.33 0.834799 0.00497967 0.697303 0.0083605 
638 398.824 6.06496 159803 4917.55 0.831663 0.00527391 0.692209 0.00878492 
639 402.168 5.34634 162462 4389.75 0.835196 0.00410456 0.698048 0.00685585 
640 401.325 7.65726 161926 6068.55 0.832367 0.00621528 0.693448 0.0102274 
641 404.154 6.25365 164119 5155.65 0.835706 0.00466772 0.698914 0.0077946 
642 401.525 6.09014 161977 4929.52 0.832835 0.00471627 0.694157 0.00779608 
643 404.662 5.44273 164494 4556.62 0.834948 0.00383266 0.697605 0.00639768 
644 403.077 5.55498 163162 4516.56 0.833036 0.00437288 0.69442 0.00724807 
645 405.42 5.54374 164886 4696.47 0.834687 0.0041158 0.697053 0.00694528 
646 403.797 5.10233 163627 4407.38 0.832312 0.0035099 0.693121 0.00595761 
647 407.407 5.36336 166561 4432.92 0.835391 0.00410528 0.698222 0.00685957 
648 406.65 5.40615 165773 4543.53 0.834334 0.00389089 0.696367 0.00653657 
649 409.424 5.54568 168252 4635.79 0.836185 0.00407769 0.699577 0.00682847 
650 407.544 6.45724 166674 5459.7 0.833819 0.00461511 0.695621 0.00773733 
651 408.819 6.64813 167695 5571.4 0.834335 0.00519196 0.696445 0.00867572 
652 410.694 5.6514 169302 4740.99 0.835054 0.00405989 0.697683 0.00679867 
653 408.263 7.58385 167260 6347.72 0.831924 0.00541137 0.692444 0.00907087 
654 404.215 5.53022 163896 4651.89 0.82681 0.00528188 0.683974 0.00879025 
655 410.355 5.02468 168841 4260.66 0.831766 0.00342313 0.692092 0.00577226 
656 413.886 6.15278 171947 5138.86 0.835658 0.00406736 0.698669 0.00680729 
657 412.504 5.53905 170672 4662.78 0.832764 0.00345948 0.693787 0.00580851 
658 416.642 6.24792 174196 5294.53 0.836451 0.00442981 0.700009 0.00741855 
659 415.337 5.71922 173022 4817.25 0.83411 0.00441481 0.696045 0.00738644 
660 417.602 6.11456 174999 5196.1 0.83587 0.0045359 0.699029 0.00759724 
661 419.399 5.0111 176429 4196.3 0.836956 0.0036027 0.7008 0.00600663 
662 417.235 5.09016 174721 4281.37 0.834732 0.00388196 0.697147 0.00647909 
663 419.577 5.17422 176652 4443.15 0.835916 0.00340258 0.699088 0.00568097 
664 419.338 5.72149 176499 4868.25 0.835219 0.00412413 0.697961 0.0068836 
665 419.441 4.54541 176486 3826.21 0.835239 0.00324757 0.697943 0.00541294 
666 420.265 5.44667 177253 4629.73 0.835155 0.00372413 0.697831 0.00621345 
667 420.861 4.97509 177737 4194.92 0.83572 0.0035247 0.698761 0.00589049 
668 424.087 5.09541 180504 4318.53 0.83763 0.00385161 0.702015 0.00645017 
669 423.094 5.34979 179677 4458.83 0.836454 0.00353683 0.70001 0.00591085 
670 425.692 5.05664 181822 4341.03 0.837488 0.00386771 0.701738 0.00650472 
671 423.964 5.21975 180387 4312.86 0.836734 0.00351192 0.700442 0.0058594 
672 422.01 5.19947 178670 4415.89 0.833529 0.00341119 0.695065 0.00570879 
673 422.75 4.81639 179303 4087.29 0.833661 0.00337631 0.695284 0.00563524 
674 425.869 4.32706 181869 3722.57 0.835187 0.0031094 0.697816 0.00520452 
675 428.697 5.05127 184363 4297.34 0.836787 0.00364044 0.700528 0.00607161 
676 426.48 5.00029 182479 4296.4 0.835112 0.00366571 0.69773 0.00612642 
677 425.608 6.07858 181828 5200.18 0.834099 0.0044122 0.696089 0.00735466 
678 427.348 6.66403 183313 5752.33 0.835036 0.00443382 0.69764 0.00740878 
679 425.005 6.02314 181323 5174.38 0.832435 0.00456887 0.693335 0.00761244 
680 426.484 4.82896 182476 4194.81 0.832616 0.00361241 0.693577 0.00603559 
681 425.131 6.52294 181501 5549.12 0.832054 0.00450417 0.692716 0.00747435 
682 430.34 5.79544 185841 5045.44 0.835196 0.0039288 0.697872 0.00656818 
683 431.272 6.13061 186666 5334.24 0.835485 0.00423887 0.698391 0.00708678 
684 433.655 5.66648 188666 4944.56 0.836912 0.00373258 0.700742 0.00625194 
685 433.907 6.1067 188979 5365.81 0.836734 0.00404121 0.700491 0.00677482 
686 433.22 6.31608 188365 5541.5 0.836024 0.00432165 0.699314 0.00722449 
687 435.055 6.61167 189979 5813.3 0.836275 0.00450161 0.699717 0.00754526 
688 436.078 6.15187 190811 5447.39 0.836299 0.00433004 0.699753 0.00726796 
689 439.288 7.17398 193706 6335.28 0.838741 0.00469299 0.703843 0.00789498 
690 436.436 5.87505 191114 5158.17 0.835472 0.00411404 0.698358 0.00688306 
691 437.583 5.53178 192105 4873.16 0.836758 0.00340286 0.700479 0.00572133 
692 438.472 6.30092 192939 5534.5 0.837093 0.00370284 0.701048 0.00621994 
693 438.77 6.52602 193225 5713.82 0.836624 0.00390795 0.700269 0.00654959 
694 440.843 6.07197 195030 5388.2 0.837077 0.00374844 0.701021 0.00629776 
695 441.72 7.01988 195917 6257.76 0.83689 0.00442347 0.700746 0.00742573 
696 442.377 7.26477 196510 6515.96 0.837555 0.00409904 0.701843 0.00689128 
697 438.525 6.39148 192964 5682.81 0.834949 0.00425342 0.697479 0.00714653 
698 442.186 6.37788 196165 5691.31 0.83647 0.00427926 0.700031 0.0071713 
