0.2 -1.01 22580000000 steps
573.768 7.91679 
n radius_n error   
0 0 0
1 1 4.80933e-09
2 2.66698 0.000895497
3 4.38732 0.00240305
4 6.76946 0.00433901
5 8.97847 0.00621793
6 11.8038 0.00880602
7 14.3318 0.0121709
8 17.5143 0.0171732
9 20.3553 0.0213404
10 23.8352 0.0252895
11 26.9934 0.0294325
12 30.7228 0.0373977
13 34.1364 0.0513005
14 38.1322 0.0500074
15 41.8102 0.0598077
16 46.0019 0.0571334
17 49.875 0.0695523
18 54.2957 0.0687774
19 58.4404 0.087172
20 63.0524 0.0959769
21 67.3639 0.0971496
22 72.1467 0.0971199
23 76.719 0.110938
24 81.7464 0.12187
25 86.5432 0.128802
26 91.7135 0.165674
27 96.6525 0.178079
28 102.021 0.162807
29 107.118 0.169953
30 112.744 0.188447
31 118.063 0.202102
32 123.823 0.248865
33 129.144 0.260424
34 134.925 0.27934
35 140.408 0.267095
36 146.398 0.278246
37 152.055 0.296366
38 158.172 0.28848
39 164.101 0.303635
40 170.226 0.321778
41 176.275 0.335979
42 182.85 0.342769
43 189.077 0.344638
44 195.564 0.398598
45 201.748 0.432313
46 208.592 0.442191
47 215.19 0.443277
48 222.171 0.435832
49 229.137 0.487421
50 236.364 0.526972
51 243.358 0.524516
52 250.597 0.563941
53 257.223 0.602413
54 264.738 0.574424
55 271.849 0.596197
56 279.322 0.625515
57 286.548 0.668513
58 293.942 0.664301
59 301.235 0.745671
60 308.995 0.780526
61 316.468 0.80868
62 324.392 0.800867
63 331.812 0.900539
64 340.075 0.942127
65 347.636 0.999218
66 355.893 0.970874
67 363.681 0.963646
68 371.773 0.939851
69 379.699 0.877129
70 388.477 0.943927
71 396.767 1.08429
72 405.171 1.12237
73 413.228 1.13698
74 421.888 1.22347
75 430.337 1.22496
76 438.95 1.25986
77 447.129 1.37758
78 455.84 1.40963
79 463.787 1.42093
80 472.566 1.49861
81 481.202 1.52106
82 489.99 1.5123
83 498.471 1.46327
84 507.43 1.35554
85 515.965 1.47209
86 525.315 1.5422
87 534.455 1.56859
88 543.33 1.58582
89 552.415 1.58807
90 561.831 1.5286
91 571.481 1.61993
92 580.665 1.65469
93 589.591 2.04889
94 599.17 2.18992
95 608.626 2.16585
96 618.174 2.20364
97 627.082 2.16899
98 636.774 2.27532
99 646.121 2.42775
100 656.032 2.3299
101 665.606 2.39079
102 675.815 2.40393
103 685.845 2.30322
104 695.828 2.343
105 706.046 2.44076
106 716.492 2.47702
107 726.154 2.4219
108 736.095 2.57101
109 746.924 2.36872
110 757.438 2.3818
111 768.031 2.41229
112 778.244 2.48763
113 788.521 2.58772
114 798.794 2.70238
115 809.743 2.85195
116 819.995 2.90965
117 829.593 2.76547
118 840.041 2.74559
119 850.788 2.82986
120 860.952 3.21671
121 871.412 3.16174
122 882.728 3.23327
123 893.226 3.21506
124 904.242 3.31029
125 914.991 3.26678
126 925.924 3.01115
127 936.899 3.16606
128 948.36 3.13035
129 959.789 3.36518
130 971.216 3.42791
131 982.011 3.55322
132 993.911 3.40603
133 1005.05 3.45431
134 1016 3.5598
135 1026.39 3.44985
136 1037.63 3.45806
137 1047.97 3.51609
138 1059.8 3.36093
139 1071.05 3.52251
140 1082.78 3.52646
141 1094.04 3.49311
142 1105.74 3.64327
143 1116.45 3.79921
144 1128.23 3.77187
145 1140.3 3.82459
146 1152.06 3.91646
147 1163.77 3.87469
148 1175.51 4.12841
149 1188.07 4.13089
150 1200.03 4.13083
151 1211.81 4.18279
152 1223.83 4.24442
153 1235.99 3.9976
154 1248.52 4.2335
155 1261.1 4.29255
156 1273.73 4.36375
157 1285.86 4.43065
158 1297.94 4.49133
159 1309.77 4.51737
160 1322.26 4.64687
161 1334.22 4.49545
162 1347.07 4.66817
163 1360.15 4.68506
164 1372.1 4.70624
165 1384.68 4.72878
166 1397.8 4.96821
167 1409.54 4.9239
168 1421.67 5.01267
169 1434.04 5.18288
170 1446.82 5.35375
171 1458.98 5.70504
172 1471.57 5.84649
173 1483.92 5.8019
174 1496.55 5.73992
175 1508.64 5.6507
176 1522.02 5.622
177 1535.23 5.70075
178 1547.99 5.89479
179 1559.92 6.22081
180 1573.52 6.26374
181 1586.31 6.35098
182 1599.84 6.36657
183 1612.95 6.76061
184 1626.72 6.98318
185 1639.43 6.98679
186 1652.28 7.1482
187 1664.91 6.98859
188 1678.5 7.04864
189 1692.72 7.57512
190 1706.55 7.13117
191 1720.54 7.10835
192 1734.39 7.34553
193 1747.57 7.87506
194 1760.9 7.90945
195 1774.59 8.2994
196 1788.19 8.09046
197 1802.26 8.45755
198 1816.08 8.48047
199 1829.86 8.77404
200 1842.96 8.37626
201 1855.92 8.42759
202 1869.76 8.41369
203 1882.61 8.41076
204 1895.63 8.06153
205 1909.23 7.85083
206 1922.51 7.72104
207 1937.58 7.46858
208 1952.89 7.65148
209 1966.7 7.74005
210 1981.28 7.55388
211 1994.5 7.64091
212 2008.13 7.79635
213 2022.37 7.93141
214 2037.1 7.91724
215 2050.89 7.98127
216 2065 8.21169
217 2078.38 8.4088
218 2092.53 8.14849
219 2106.5 8.39979
220 2120.88 8.27463
221 2135.89 8.38581
222 2150.92 8.46529
223 2164.58 8.54554
224 2179.05 8.4626
225 2193.25 8.52651
226 2208.07 8.59419
227 2222.5 8.53295
228 2236.96 8.91593
229 2252.06 9.13928
230 2266.2 9.29509
231 2281.56 9.20406
232 2293.82 9.16664
233 2307.35 9.34923
234 2322.04 9.35812
235 2338.07 9.49022
236 2352.6 9.6696
237 2365.18 9.48999
238 2379.35 9.55625
239 2393.89 9.65964
240 2409.05 10.045
241 2422.68 9.76328
242 2439.69 9.6032
243 2454.87 9.81817
244 2469.98 10.1978
245 2485.31 10.3091
246 2503.48 10.0107
247 2518.15 10.2163
248 2532.21 10.0516
249 2548.67 10.2914
250 2562.73 10.3539
251 2577.82 10.3895
252 2592.52 10.7335
253 2608.99 11.0304
254 2624.57 11.088
255 2639.85 10.6973
256 2654.36 10.952
257 2670.87 11.0088
258 2685.5 11.1859
259 2699.51 10.982
260 2713.53 11.5216
261 2729.14 11.6577
262 2744.18 11.6802
263 2760.24 12.0791
264 2773.9 11.6309
265 2789.07 12.1072
266 2805.26 11.797
267 2820.9 12.2428
268 2835.57 12.0478
269 2851.89 12.1236
270 2868.32 12.4262
271 2883.23 12.1018
272 2897.69 12.4733
273 2912.4 12.7441
274 2928.67 13.2449
275 2945.28 13.401
276 2960.06 13.5025
277 2976.13 13.8206
278 2993.32 14.2264
279 3008.46 13.9829
280 3025.09 13.9709
281 3038.83 14.2901
282 3056.08 13.9998
283 3072.09 13.5993
284 3089.57 13.6502
285 3106.85 14.2374
286 3124.6 14.743
287 3141.68 15.5007
288 3158.74 15.5397
289 3175.44 15.6392
290 3192.12 14.8268
291 3205.85 15.1301
292 3222.8 16.3113
293 3239.54 17.1154
294 3256.49 15.865
295 3273.44 15.8524
296 3290.24 16.2193
297 3307.44 16.1527
298 3322.67 16.0669
299 3336.01 15.9069
300 3352.11 16.8981
301 3369.01 16.6589
302 3383.93 16.5902
303 3398.65 16.6634
304 3414.52 17.3427
305 3426.62 18.3058
306 3443.04 19.1078
307 3460.24 19.1422
308 3476.53 18.7802
309 3492 18.1176
310 3508 18.3832
311 3525.74 17.5831
312 3542.03 17.5119
313 3559.15 17.8414
314 3575.44 18.5609
315 3593 18.791
316 3613.07 19.4489
317 3629.88 20.7954
318 3644.37 20.3585
319 3659.96 19.1377
320 3677.65 18.8821
321 3695.34 18.6506
322 3714.72 19.3129
323 3733.57 19.8982
324 3752.63 20.2285
325 3769.94 19.8683
326 3786.7 20.297
327 3803.51 19.9884
328 3819.93 20.5617
329 3834.38 21.3966
330 3850.14 21.3859
331 3867.79 19.9702
332 3887.46 20.2704
333 3903.27 20.2919
334 3923.38 20.5558
335 3944.21 20.9514
336 3961.65 21.2518
337 3980.78 21.5087
338 3998.28 21.7231
339 4016.02 22.7562
340 4033.15 21.8291
341 4051.41 22.1482
342 4068.56 22.8684
343 4086.29 22.6821
344 4105.34 23.116
345 4123.77 23.913
346 4139.57 25.0029
347 4155.35 25.5349
348 4175.55 27.4048
349 4194.24 27.6961
350 4216.01 28.7633
351 4234.78 27.5619
352 4251.61 24.5387
353 4270.57 25.1367
354 4295.52 26.4554
355 4312.61 25.8159
356 4331.13 26.5709
357 4348.15 27.008
358 4366.69 28.7126
359 4378.13 28.4578
360 4396.88 28.5255
361 4418.47 28.9989
362 4439.67 29.4226
363 4462.02 29.8197
364 4481.2 30.45
365 4500.67 30.4755
366 4519.03 35.1578
367 4538.58 35.2872
368 4554.61 34.7898
369 4573.01 33.5297
370 4592.28 34.3701
371 4609.25 34.54
372 4629.75 33.1608
373 4647.91 36.6847
374 4667.2 36.1201
375 4685.22 39.0361
376 4703.53 37.6491
377 4720.91 39.302
378 4739.3 41.0059
379 4755.16 45.0715
380 4775.9 43.816
381 4797.48 47.1117
382 4817.85 48.8504
383 4834.73 49.4818
384 4854.16 48.5156
385 4870.35 49.547
386 4888.39 55.9246
387 4918.15 58.1219
388 4940.59 59.6161
389 4961.02 59.1544
390 4982.14 58.3495
391 4999.2 58.9406
392 5014.16 59.2224
393 5037.33 60.6874
394 5059.71 59.3021
395 5079.69 61.6151
396 5098.73 63.812
397 5121.36 65.4232
398 5146.71 63.9253
399 5166.82 62.2162
400 5187.93 57.9979
401 5205.6 56.9166
402 5222.48 58.5131
403 5243.31 60.0553
404 5262.13 59.4107
405 5280.17 59.4434
406 5293.03 61.4146
407 5312.76 62.8549
408 5332.83 65.3182
409 5355.11 65.0089
410 5371.42 70.9433
411 5386.65 72.4271
412 5401.15 73.2971
413 5420.66 73.2771
414 5438.33 71.3607
415 5456.98 72.3583
416 5475.24 70.8834
417 5492.6 71.9612
418 5513.66 68.6279
419 5533.38 65.617
420 5551.73 65.1265
421 5568.91 65.7137
422 5585.65 63.7958
423 5608.08 64.4679
424 5628.85 65.3389
425 5646.42 66.2082
426 5673.43 63.5683
427 5694.52 61.8826
428 5715.84 62.0875
429 5730.98 62.2539
430 5749.72 62.3249
431 5769.98 65.3405
432 5789.34 60.4945
433 5808.46 59.2376
434 5829.58 56.9829
435 5849.77 52.3154
436 5870.91 52.6863
437 5888.09 53.2454
438 5908.38 52.1367
439 5926.42 53.0485
440 5948.09 53.2244
441 5965.83 55.2637
442 5982.13 56.1782
443 6003.57 56.1097
444 6028.29 54.5458
445 6046.38 55.2816
446 6062.52 54.5257
447 6080.91 53.6838
448 6104.28 56.2248
449 6121.56 61.104
450 6141.81 62.9204
451 6161.27 62.6266
452 6177.53 61.9666
453 6201.25 60.4038
454 6224.19 63.2512
455 6238 65.3469
456 6258.07 67.884
457 6278.32 64.6633
458 6298.83 63.3671
459 6316.61 60.927
460 6331.47 62.8882
461 6358.21 63.8347
462 6383.22 65.2132
463 6402.06 68.1131
464 6423.99 67.6269
465 6443.67 68.9141
466 6462 68.9185
467 6478.89 67.8754
468 6502.42 68.3738
469 6519.06 69.7827
470 6538.86 67.4043
471 6561.58 67.476
472 6587.47 66.5109
473 6613.61 64.0729
474 6630.84 64.9666
475 6653.04 64.556
476 6676.28 63.4489
477 6706.16 63.8107
478 6731.32 66.1961
479 6756.62 66.6949
480 6775.57 69.8646
481 6796.66 72.8293
482 6815.24 73.0182
483 6840.21 73.5545
484 6862.55 72.1165
485 6884.67 70.2843
486 6901.99 69.8065
487 6924.61 70.475
488 6948.12 71.1848
489 6966.58 69.7501
490 6988.17 70.4861
491 7012.91 70.6049
492 7033.33 72.5468
493 7052.8 74.4543
494 7074.21 73.0136
495 7094.81 72.0398
496 7125.68 71.4169
497 7149.73 71.7213
498 7173.11 72.4916
499 7191.03 75.3344
500 7215.59 74.1205
501 7228.93 71.4065
502 7252.05 73.831
503 7271.49 76.0374
504 7286.16 74.6791
505 7306.88 73.8665
506 7327.06 74.5437
507 7353.3 76.8282
508 7372.1 74.704
509 7394.96 74.1081
510 7420.61 74.9227
511 7451.32 73.8377
512 7472.78 71.312
513 7494.84 67.1036
514 7521.17 68.3082
515 7544.92 68.0356
516 7568.42 66.3772
517 7589.02 68.1661
518 7610.87 66.8667
519 7633.98 68.263
520 7653.56 70.2058
521 7683.57 77.5603
522 7703.37 78.6391
523 7728.29 76.807
524 7750.64 78.7512
525 7777.68 83.6221
526 7799.54 84.2821
527 7824.67 84.2809
528 7855.55 84.0608
529 7878.57 85.7336
530 7906.97 84.0344
531 7932.57 80.7886
532 7953.4 81.9666
533 7973.6 79.5165
534 8002.93 75.9006
535 8018.03 79.9704
536 8036.77 79.8188
537 8062.36 80.9075
538 8084.49 77.2129
539 8110.65 71.6087
540 8131.01 70.6465
541 8155.87 72.257
542 8182.45 71.0431
543 8210.49 71.652
544 8237.44 68.7811
545 8267.55 64.5636
546 8292.62 62.7234
547 8321.08 62.0709
548 8342.66 64.3713
549 8365.51 65.0428
550 8387.26 62.4627
551 8414.86 63.5354
552 8436.53 65.412
553 8463.6 66.6413
554 8492.77 69.1979
555 8523.53 68.3445
556 8555.51 68.9183
557 8573.48 68.3821
558 8591.95 71.7852
559 8610.97 73.7175
560 8637.24 76.6193
561 8662.35 78.1054
562 8684.89 78.9878
563 8715.25 80.7083
564 8741.3 81.3221
565 8766.9 79.4233
566 8791.5 74.1071
567 8814.47 74.6088
568 8836.85 77.3641
569 8866.94 81.3736
570 8890.73 87.061
571 8916.25 84.0688
572 8936.87 79.9751
573 8957.69 81.1309
574 8983.54 81.3017
575 9009.79 85.0155
576 9025.62 89.2774
577 9046.67 91.4253
578 9062.41 91.4044
579 9089.58 88.0695
580 9109.51 91.0771
581 9136.95 88.6831
582 9161.26 91.1816
583 9182.09 92.6236
584 9208.07 94.4319
585 9229.72 98.0657
586 9264.57 95.7284
587 9304.06 86.3811
588 9324.54 85.8409
589 9345.92 84.1839
590 9381.2 82.7956
591 9399.91 92.7361
592 9411.98 99.5418
593 9441.37 101.896
594 9463 99.4913
595 9499.03 116.157
596 9532.38 118.682
597 9566.78 124.214
598 9601.05 126.847
599 9624.54 124.326
600 9635.97 119.945
601 9657.47 123.881
602 9679.26 124.014
603 9710.45 126.368
604 9723.98 124.8
605 9746.51 126.556
606 9768.6 126.683
607 9787.87 122.31
608 9807.75 121.692
609 9822.12 120.218
610 9847.7 114.757
611 9872.02 122.694
612 9899.44 123.07
613 9917.25 121.388
614 9943.53 118.151
615 9974.53 109.915
616 10002.3 110.603
617 10024.8 111.054
618 10049.1 107.058
619 10070 109.359
620 10086.9 109.541
621 10106.4 112.027
622 10129.8 113.121
623 10155.5 116.125
624 10175.2 115.614
625 10201 114.487
626 10224.7 119.726
627 10259.7 122.142
628 10283.8 125.151
629 10307.7 124.298
630 10336.8 122.099
631 10358 115.417
632 10380.7 108.091
633 10406.9 114.917
634 10423.2 115.712
635 10449.5 116.602
636 10477.4 107.498
637 10509.9 108.834
638 10531 114.302
639 10555.3 112.141
640 10581.8 109.978
641 10598.5 105.401
642 10633 108.126
643 10659 111.039
644 10669.8 121.27
645 10700.4 118.617
646 10725.4 111.059
647 10741.5 115.102
648 10757.5 117.631
649 10779.3 114.737
650 10806.4 115.913
651 10829 111.727
652 10848.8 114.282
653 10853 115.263
654 10886 113.778
655 10903.8 114.158
656 10924 116.432
657 10960.9 120.617
658 10997 120.946
659 11020.7 113.041
660 11051.9 115.73
661 11074 123.367
662 11098.5 112.414
663 11144.4 109.405
664 11169.3 103.538
665 11188.1 104.846
666 11215.4 103.928
667 11244.3 109.894
668 11263.2 107.605
669 11293 109.171
670 11336.6 120.025
671 11358.7 130.708
672 11375.3 134.477
673 11396.6 131.043
674 11434.3 126.169
675 11456.4 131.032
676 11486.9 131.714
677 11519.5 126.841
678 11548.1 126.966
679 11570.2 125.745
680 11589.3 124.207
681 11610.6 119.925
682 11629.6 116.242
683 11647.5 117.785
684 11661.1 116.538
685 11686.5 115.68
686 11701.8 109.691
687 11721.9 108.725
688 11732.8 113.852
689 11764.6 113.312
690 11799.7 113.3
691 11841.5 117.845
692 11869.7 115.659
693 11892.3 115.338
694 11922.4 116.015
695 11944.4 117.988
696 11979.5 117.681
697 12002.2 124.948
698 12032.5 121.861
699 12047.5 122.703
700 12071.2 119.75
701 12088.6 122.297
702 12106.6 120.372
703 12143.2 116.402
704 12169.9 120.309
705 12194.7 119.293
706 12212.9 123.126
707 12238.2 125.399
708 12257.9 125.668
709 12286.2 129.527
710 12323.6 139.308
711 12351.9 137.266
712 12368.2 132.609
713 12393.7 139.563
714 12417.2 137.75
715 12446.7 134.769
716 12488.9 134.79
717 12513.6 137.892
718 12533.3 139.578
719 12558.7 141.21
720 12601.7 140.594
721 12630.2 146.321
722 12646.6 146.126
723 12669.8 146.836
724 12686 152.139
725 12719.7 142.067
726 12743.6 142.024
727 12762.8 136.682
728 12774.6 141.209
729 12794.3 151.797
730 12805.6 148.118
731 12833.5 154.395
732 12855.7 151.343
733 12886.6 149.359
734 12911 142.998
735 12938 153.587
736 12966.1 148.282
737 13000.7 136.327
738 13028.9 136.384
739 13057.4 138.99
740 13088.1 135.954
741 13116 138.64
742 13153.5 134.667
743 13177.5 139.996
744 13194.6 145.884
745 13218.5 144.811
746 13248.1 144.174
747 13265.2 142.247
748 13294.7 137.716
749 13327.8 133.203
750 13357.7 133.597
751 13385.6 131.231
752 13419.1 134.599
753 13442 130.347
754 13454.7 138.394
755 13481.5 141.624
756 13508.2 140.268
757 13538.7 141.946
758 13577.7 153.124
759 13604.5 156.67
760 13631.2 154.461
761 13661.2 150.932
762 13698 147.544
763 13714.1 150.377
764 13737.1 148.194
765 13764.1 142.729
766 13781.6 144.979
767 13816.6 155.928
768 13858.5 147.386
769 13883.5 148.791
770 13895.8 154.065
771 13931 154.679
772 13952.4 154.243
773 13985.9 158.142
774 14006.2 175.715
775 14035.5 173.336
776 14055.9 168.721
777 14083.2 161.605
778 14101.1 160.229
779 14125.9 158.414
780 14145.4 171.097
781 14176 162.152
782 14205.3 162.752
783 14235.8 169.783
784 14263.7 172.242
785 14287.9 166.982
786 14315.4 152.083
787 14340.3 153.732
788 14374.4 153.293
789 14396.4 155.893
790 14458.2 161.061
791 14487.5 181.419
792 14520.5 186.779
793 14522.5 175.125
794 14549.3 197.233
795 14579.1 206.553
796 14613.9 188.918
797 14619.7 191.734
798 14675.6 187.689
799 14693.4 190.551
800 14723.8 188.312
801 14751.1 192.231
802 14760 187.834
803 14788 163.177
804 14831.7 167.633
805 14838.6 165.126
806 14882.8 164.153
807 14890.7 169.228
808 14934.8 167.814
809 14948.4 167.615
810 14996.4 173.666
811 15017.8 168.85
812 15051.3 163.76
813 15093.9 168.459
814 15114.6 179.534
815 15145.9 184.745
816 15170.8 185.934
817 15197.8 186.233
818 15228.6 185.409
819 15274.2 185.688
820 15293.8 178.095
821 15321.8 169.59
822 15350.6 174.857
823 15382 173.254
824 15395.6 170.351
825 15406 188.52
826 15431.1 185.756
827 15490.2 179.823
828 15517.2 178.675
829 15553.9 181.833
830 15579 185.582
831 15613.2 178.325
832 15662.3 172.912
833 15693 182.294
834 15713.2 177.702
835 15758.8 186.778
836 15788.4 193.182
837 15838.4 200.941
838 15863.3 204.432
839 15874.4 203.276
840 15908.8 194.317
841 15922.9 179.751
842 15957.4 183.255
843 16015.5 189.281
844 16041.8 193.605
845 16057.8 186.815
846 16097.1 186.076
847 16100 185.94
848 16122.5 185.943
849 16160.9 198.416
850 16197.4 199.951
851 16245.3 184.316
852 16274.4 181.092
853 16320.3 187.109
854 16349.5 184.38
855 16374.2 189.643
856 16387 192.655
857 16444 187.058
858 16470.2 194.879
859 16494.5 203.632
860 16506.5 198.206
861 16534.7 196.317
862 16563.5 185.683
863 16596 192.154
864 16623.7 194.948
865 16675.7 196.192
866 16699.2 196.134
867 16720.1 195.661
868 16742.5 200.44
869 16753.9 193.099
870 16825.5 202.229
871 16834 202.128
872 16849.1 209.47
873 16869.9 204.068
874 16901.2 193.711
875 16904.7 196.44
876 16895.7 204.051
877 16919.5 197.58
878 16957.5 198.649
879 16975.3 204.437
880 16994.1 195.76
881 17013.3 197.333
882 17039.9 200.401
883 17056 195.781
884 17105.8 206.03
885 17100.9 203.923
886 17122.7 203.905
887 17159.3 208.459
888 17186.7 206.435
889 17196.8 204.306
890 17246.5 215.711
891 17281.6 215.259
892 17311.7 212.745
893 17324.1 217.264
894 17341.5 212.64
895 17375.8 215.208
896 17402.5 208.916
897 17424.1 220.53
898 17447.1 221.357
899 17462.1 215.189
900 17506.9 216.443
901 17584.4 215.733
902 17629.2 212.747
903 17645 213.891
904 17664.3 218.289
905 17699.7 216.769
906 17729.8 208.557
907 17734.4 209.686
908 17773.3 206.824
909 17826.8 212.62
910 17856 211.188
911 17897.2 220.492
912 17938.2 215.277
913 17980 215.432
914 18037.7 217.948
915 18048.2 224.407
916 18093.6 220.184
917 18136.4 221.807
918 18175.3 230.394
919 18211.6 225.133
920 18269.6 226.048
921 18310.2 228.363
922 18350.6 225.72
923 18361.6 226.133
924 18403.7 222.278
925 18425.2 212.999
926 18435.3 223.114
927 18455.7 231.158
928 18549.6 230.653
929 18563.7 245.407
930 18591.9 240.838
931 18621.8 238.702
932 18622.2 241.276
933 18655.4 242.478
934 18671.3 235.768
935 18692.8 227.773
936 18710.4 228.658
937 18731.2 227.726
938 18750.2 225.008
939 18777.4 219.922
940 18799 223.238
941 18839.1 223.032
942 18880.7 228.44
943 18887.4 238.157
944 18911.2 234.639
945 18930 238.659
946 18976.2 236.442
947 18998.3 232.044
948 19048.6 224.771
949 19100 235.466
950 19163.2 246.663
951 19216 239.037
952 19259.3 235.72
953 19293.9 233.734
954 19315 238.664
955 19345.3 251.033
956 19399.3 250.675
957 19437.2 232.632
958 19516.2 233.65
959 19526 240.779
960 19510.8 239.62
961 19516 241.396
962 19537.4 241.661
963 19549.3 237.592
964 19564.2 234.082
965 19613.3 249.925
966 19634.8 242.168
967 19638.3 246.127
968 19657.1 233.004
969 19696.8 235.908
970 19741.1 247.459
971 19771.6 248.41
972 19798.7 249.368
973 19858.2 257.712
974 19891.6 267.649
975 19906.4 265.81
976 19956.7 254.845
977 19979.1 265.983
978 20024.5 265.104
979 20072.3 254.139
980 20068.7 256.816
981 20094.2 251.379
982 20109.9 254.37
983 20117.2 273.346
984 20182 271.762
985 20209.3 263.909
986 20269 270.435
987 20273.6 270.808
988 20275.4 259.475
989 20294.2 252.807
990 20352.1 258.517
991 20416.9 248.554
992 20432.2 263.198
993 20425.1 286.086
994 20441.4 267.446
995 20488.9 267.455
996 20471.6 272.298
997 20500.1 273.834
998 20510.5 270.232
999 20533.9 269.091
1000 20562.3 261.875
1001 20609.6 267.529
1002 20646.3 272.725
1003 20668.5 269.574
1004 20698.5 270.244
1005 20729.2 278.577
1006 20758.6 276.422
1007 20806 275.903
1008 20831.2 274.728
1009 20881.3 276.058
1010 20920.8 272.038
1011 20960.1 282.669
1012 21016.2 265.168
1013 21062.3 261.528
1014 21106.6 288.913
1015 21128.7 278.967
1016 21152.4 274.397
1017 21162 268.408
1018 21176.9 288.19
1019 21222.5 290.726
1020 21257.8 289.834
1021 21298.5 298.03
1022 21324.4 290.142
1023 21346.8 299.797
1024 21382.1 296.432
1025 21425.9 300.856
1026 21436 291.96
1027 21464.3 278.432
1028 21514.2 280.714
1029 21532.4 279.224
1030 21542.3 284.343
1031 21570.2 278.822
1032 21608.3 285.527
1033 21650.8 290.101
1034 21679 292.534
1035 21685 286.269
1036 21726.2 290.232
1037 21712.2 302.452
1038 21724.7 299.04
1039 21766.6 301.936
1040 21851.6 289.697
1041 21871.8 289.454
1042 21914.4 301.691
1043 21945.2 295.022
1044 21988.6 301.544
1045 22047.9 299.716
1046 22081 301.827
1047 22096.4 309.953
1048 22117.4 297.444
1049 22205.6 302.583
1050 22227.3 305.813
1051 22270.6 308.421
1052 22310.2 310.936
1053 22346 307.63
1054 22386.8 319.599
1055 22434.2 335.714
1056 22361.2 333.101
1057 22434.5 334.228
1058 22513.9 332.762
1059 22555.9 314.973
1060 22573.2 315.079
1061 22636.9 324.84
1062 22691.8 323.693
1063 22731.9 328.522
1064 22759.2 327.541
1065 22794.2 346.52
1066 22824.7 348.99
1067 22862.4 354.595
1068 22870.2 342.825
1069 22913.2 347.752
1070 22923 345.664
1071 22969.8 357.161
1072 22979.8 355.4
1073 23016.2 365.486
1074 23023.9 363.943
1075 23079 355.242
1076 23113.3 347.283
1077 23153 350.919
1078 23218 374.244
1079 23251.7 357.631
1080 23313.9 344.228
1081 23358.4 341.713
1082 23396.5 340.464
1083 23390.5 348.593
1084 23408.1 353.568
1085 23397 360.525
1086 23411.5 368.346
1087 23419.2 383.05
1088 23463.2 394.292
1089 23491.9 391.915
1090 23493.4 393.22
1091 23521.5 388.756
1092 23579.2 367.689
1093 23610.9 356.813
1094 23686.9 378.515
1095 23685.7 360.957
1096 23706.8 360.805
1097 23759.6 374.139
1098 23786.9 423.498
1099 23662.2 418.826
1100 23742.4 400.836
1101 23784.2 393.468
1102 23805.5 392.229
1103 23854.8 387.964
1104 23909 404.913
1105 23940.3 415.615
1106 24000.2 406.423
1107 24007.6 400.171
1108 24019.6 384.913
1109 24062.1 378.19
1110 24096.7 382.307
1111 24176.1 392.838
1112 24207.4 404.326
1113 24271.4 412.551
1114 24273.4 415.709
1115 24318 423.765
1116 24379.2 413.193
1117 24414.7 398.806
1118 24469.1 378.036
1119 24462.9 411.859
1120 24524.2 430.246
1121 24583.3 402.442
1122 24621.3 397.892
1123 24677.4 409.825
1124 24740 422.892
1125 24787.8 437.56
1126 24865.6 445.593
1127 24870.1 442.734
1128 24881.6 439.931
1129 24909.4 435.233
1130 24947.3 433.509
1131 25033.4 416.371
1132 25068.1 416.126
1133 25097.3 401.989
1134 25128.7 399.883
1135 25167.5 401.715
1136 25211 442.024
1137 25324.8 455.448
1138 25353.4 452.524
1139 25397.6 422.376
1140 25445.4 431.329
1141 25430.4 410.203
1142 25439.8 404.257
1143 25477.8 411.464
1144 25385.9 426.781
1145 25412.2 415.755
1146 25445.3 411.225
1147 25501.5 399.14
1148 25557.9 415.126
1149 25594.6 421.663
1150 25634.2 434.819
1151 25712 438.491
1152 25712.3 427.333
1153 25806.7 414.152
1154 25900.6 427.818
1155 25968.5 433.247
1156 26027.9 453.648
1157 26146.2 443.738
1158 26169.9 470.417
1159 26189.7 456.224
1160 26251.2 447.647
1161 26288.4 425.709
1162 26277.2 415.891
1163 26300.9 435.716
1164 26351.4 426.717
1165 26343 444.961
1166 26401.3 418.271
1167 26440.3 430.152
1168 26469.4 431.205
1169 26441.7 436.105
1170 26477.3 445.383
1171 26520.8 462.228
1172 26538.8 465.29
1173 26554.3 482.226
1174 26581.8 486.044
1175 26592.7 468.804
1176 26652.1 464.647
1177 26729.6 460.689
1178 26739.4 447.886
1179 26799.3 444.935
1180 26876.4 456.431
1181 26863.2 461.615
1182 26870.2 459.191
1183 26939.3 492.38
1184 26964.5 486.159
1185 27017.7 482.079
1186 27083.2 478.597
1187 27057.3 473.365
1188 27052.4 494.484
1189 27082.8 502.949
1190 27105.9 493.971
1191 27152 493.225
1192 27190.1 502.679
1193 27181.8 504.335
1194 27217.1 481.858
1195 27250 478.696
1196 27257.9 487.715
1197 27342.6 482.36
1198 27392.5 477.112
1199 27419 476.182
1200 27489.9 483.575
1201 27491.8 494.409
1202 27471.8 482.276
1203 27498.6 475.984
1204 27488.5 502.621
1205 27498 525.515
1206 27561.1 564.919
1207 27576.4 536.64
1208 27598.6 559.167
1209 27608.3 549.729
1210 27631.7 553.466
1211 27676.7 544.342
1212 27691.6 544.014
1213 27729.6 524.671
1214 27791.5 539.537
1215 27817.6 533.266
1216 27873.6 543.458
1217 27886.1 543.315
1218 27895.3 553.342
1219 27920.4 560.421
1220 27909.5 540.76
1221 27934.2 546.966
1222 27944.8 539.849
1223 27968.5 551.494
1224 28027.2 535.442
1225 28109.3 552.041
1226 28095.6 549.913
1227 28100 541.68
1228 28132.8 568.865
1229 28172.4 576.673
1230 28203.7 588.058
1231 28246.3 585.086
1232 28339.4 585.992
1233 28369.2 615.736
1234 28418.9 599.978
1235 28377.9 569.051
1236 28388.6 567.181
1237 28456.8 563.753
1238 28483.2 569.367
1239 28498.5 541.558
1240 28492.5 543.175
1241 28503.5 526.826
1242 28512.1 561.402
1243 28540.1 552.64
1244 28612.2 551.899
1245 28687.3 561.778
1246 28778.8 579.875
1247 28858.9 589.707
1248 28881.4 579.286
1249 28945.4 585.752
1250 29010.9 588.671
1251 29032.3 593.322
1252 29097.3 597.934
1253 29073.8 612.347
1254 29111.4 611.245
1255 29146.7 598.326
1256 29145.6 592.792
1257 29130.2 598.291
1258 29137.4 596.431
1259 29165 590.413
1260 29257.1 609.493
1261 29270.1 608.902
1262 29310.7 627.578
1263 29329.8 619.949
1264 29296.1 605.824
1265 29360.2 590.186
1266 29397.9 597.92
1267 29415.7 579.174
1268 29451.3 615.899
1269 29503 608.272
1270 29521.2 653.077
1271 29675.4 655.944
1272 29713.4 725.708
1273 29733.1 675.975
1274 29855 642.215
1275 29822.7 595.98
1276 29851.3 596.748
1277 29870.8 612.972
1278 29921.5 664.462
1279 29995.3 662.215
1280 30031.4 655.195
1281 30110.1 604.491
1282 30123.1 590.164
1283 30143.1 629.297
1284 30242.3 622.83
1285 30348.1 685.423
1286 30396.3 679.924
1287 30462.7 667.6
1288 30472 655.811
1289 30477.7 632.028
1290 30503.9 619.98
1291 30465 650.923
1292 30503.2 651.384
1293 30533.1 627.682
1294 30610.2 636.391
1295 30655.2 663.81
1296 30718.2 701.021
1297 30852.3 692.734
1298 30892.2 677.009
1299 30924.6 650.996
1300 31005.3 658.029
1301 31027.9 623.901
1302 31004 637.094
1303 31004.2 669.176
1304 31030.5 686.993
1305 31098 645.888
1306 31112.2 611.019
1307 31079.1 640.56
1308 31088.5 641.753
1309 31091.5 641.197
1310 31165.1 676.46
1311 31226.1 684.015
1312 31263.7 655.582
1313 31277 691.208
1314 31343.4 667.535
1315 31425.6 748.628
1316 31422.8 672.252
1317 31422.6 685.367
1318 31472.8 713.732
1319 31556.1 690.973
1320 31490.2 704.726
1321 31535.3 687.467
1322 31607.4 671.398
1323 31709.9 633.648
1324 31743.6 638.674
1325 31783.3 649.066
1326 31812 673.294
1327 31919.4 679.988
1328 32096 721.168
1329 32180.3 722.579
1330 32182.6 741.475
1331 32184.7 754.077
1332 32267.6 786.715
1333 32301.4 776.49
1334 32325.3 770.623
1335 32352.5 753.994
1336 32407.6 743.752
1337 32385 743.526
1338 32341.9 765.985
1339 32302.2 772.178
1340 32280.8 720.56
1341 32326.1 750.814
1342 32346 746.131
1343 32364 761.49
1344 32372.7 760.136
1345 32384.4 760.842
1346 32420.3 764.441
1347 32402.5 763.875
1348 32486.8 757.932
1349 32478.7 823.876
1350 32536 824.262
1351 32521.2 827.803
1352 32524.9 772.319
1353 32560.7 738.246
1354 32622.6 742.163
1355 32691.6 746.155
1356 32762.2 714.462
1357 32827.7 708.876
1358 32955.2 774.284
1359 33005.3 750.121
1360 33036.3 754.95
1361 33133.6 770.824
1362 33176.1 747.659
1363 33233.3 771.454
1364 33316.3 831.285
1365 33405.3 933.947
1366 33403.8 924.43
1367 33434.1 813.874
1368 33496.7 842.492
1369 33528.9 865.17
1370 33561.9 877.644
1371 33519.7 814.429
1372 33464.6 836.475
1373 33478.3 823.567
1374 33502.7 836.947
1375 33474 828.037
1376 33455.9 813.944
1377 33529.5 828.268
1378 33588.2 829.54
1379 33630.1 912.262
1380 33738.2 946.025
1381 33698.9 963.562
1382 33760.5 963.768
1383 33804.6 939.91
1384 33804 938.47
1385 33813.3 906.279
1386 33883.8 923.01
1387 33870.6 920.811
1388 33847.3 880.077
1389 34017.4 862.149
1390 34077.2 859.363
1391 34212.6 838.341
1392 34291.9 876.182
1393 34431.5 871.208
1394 34368.5 865.574
1395 34446.5 869.525
1396 34507.7 867.539
1397 34565.2 844.967
1398 34607.3 830.362
1399 34569.2 828.007
1400 34346.2 837.079
1401 34606.6 948.911
1402 34646.2 960.776
1403 34734.9 966.379
1404 34726.3 974.066
1405 34802.7 1002.19
1406 34819.3 1040.22
1407 34881 1015.5
1408 34944.7 1065.49
1409 35019 1092.02
1410 35031 1106.44
1411 35017.6 1098.41
1412 35063 1105.37
1413 35142.1 1056.65
1414 35171.1 1072.16
1415 35261.4 1092.96
1416 35255.1 1063.15
1417 35299.2 1054.21
1418 35333.5 1085.34
1419 35338.2 1050.66
1420 35369.4 1044.74
1421 35352.7 1040.43
1422 35363.5 1010.87
1423 35535.5 1062.91
1424 35560.4 1036
1425 35620.9 1044.04
1426 35642.5 1005.82
1427 35675.1 946.334
1428 35625.6 931.832
1429 35649.2 914.221
1430 35758.4 925.005
1431 35834 926.732
1432 35859.6 941.776
1433 35844.7 947.457
1434 35892.6 945.865
1435 35886.3 917.428
1436 35962.6 932.935
1437 36009.3 945.391
1438 35972.2 977.166
1439 35925.2 1020.44
1440 35914.6 1044.14
1441 35968.4 1046.44
1442 36009 1053.92
1443 36090.6 1000.87
1444 36098.6 1004.12
1445 36155.9 908.986
1446 36182.6 887.454
1447 36135 851.861
1448 36138.1 851.38
1449 35876.4 867.798
1450 35932.3 871.329
1451 36000.9 940.323
1452 35968.5 865.953
1453 36095.3 880.174
1454 36262.7 1046.64
1455 36246.6 1040.78
1456 36245.3 1068.02
1457 36312.8 1092.9
1458 36458 1116.48
1459 36482.1 1121.57
1460 36527.5 1122.85
1461 36548.2 1072.57
1462 36628.3 1053.79
1463 36701.2 1069.33
1464 36741.5 1066.32
1465 36754.4 1048.71
1466 36767 1028.69
1467 36703 1016.1
1468 36737.1 1041.21
1469 36738.2 1051.62
1470 36675.9 1055.02
1471 36691 1014.86
1472 36827.1 994.793
1473 36906 967.748
1474 36969.3 975.919
1475 36986.4 1002
1476 36989.9 1023.2
1477 37117.4 1087.68
1478 37181.6 1094.08
1479 37232.2 1106.85
1480 37301.1 1105.79
1481 37386.2 1112.34
1482 37449.1 1089.35
1483 37452.8 1053.23
1484 36820 961.706
1485 36863 945.845
1486 36934.7 932.267
1487 36942.1 945.847
1488 36947.9 946.885
1489 36971.8 950.287
1490 37049.9 970.27
1491 37097.7 1026.91
1492 37121.6 1087.36
1493 37155.3 1031.97
1494 37104.2 1078.67
1495 37100.2 1073.53
1496 37191.8 1077.03
1497 37194.3 1036.56
1498 37224.4 1056.54
1499 37282.2 1078.25
1500 37425.2 1077.25
1501 37498.5 1130.82
1502 37742.3 1329.38
1503 37790 1385.21
1504 37880.8 1480.07
1505 37942.8 1493.67
1506 37975.8 1363.68
1507 38103.3 1334.6
1508 38087.7 1240.58
1509 38072.2 1279.84
1510 38059 1237.73
1511 38111.1 1203.93
1512 38177.9 1159.13
1513 38225 1187.21
1514 38409.7 1217.05
1515 38354.1 1257.19
1516 38339.6 1308.85
1517 38414.5 1275.65
1518 38482.1 1284.13
1519 38450.1 1274.19
1520 38617.9 1330.49
1521 38577.5 1309.13
1522 38590.1 1256.1
1523 38705.3 1194.77
1524 38797.6 1186.82
1525 38893.4 1240.53
1526 38931.4 1211.02
1527 38986.5 1232.22
1528 39048.1 1150.4
1529 39247.8 1225.01
1530 39223.3 1216.05
1531 39350.8 1261.56
1532 39453.8 1313.3
1533 39598.2 1311.93
1534 39682.2 1290.47
1535 39623.1 1088.49
1536 39520.8 1095.64
1537 39542.1 1099.02
1538 39557.2 1103.86
1539 39649.1 1113.01
1540 39656.3 1084.36
1541 39707 1089.55
1542 39604.5 1109.52
1543 39661 1187.85
1544 39703.8 1151.02
1545 39709.8 1172.9
1546 39833.4 1098.13
1547 39805.3 1063.32
1548 39865.1 1010.53
1549 39854.8 1087.84
1550 39887.5 1178.44
1551 39974.7 1291.58
1552 40010.3 1194.53
1553 40306.3 1285.6
1554 40365.6 1286.29
1555 40377.3 1409.02
1556 40355.7 1403.57
1557 40466.4 1398.49
1558 40475.3 1339.07
1559 40484.4 1230.21
1560 40485.4 1233.52
1561 40566.6 1175.24
1562 40699.6 1222.69
1563 40736.5 1212.75
1564 40856.8 1260.56
1565 40819.6 1221.03
1566 40851.5 1212.13
1567 40741.9 1218.75
1568 40801.6 1200.15
1569 40886.5 1214.01
1570 40939.5 1196.69
1571 41016.4 1149.25
1572 41058.7 1166.7
1573 41039.5 1159.2
1574 41047.2 1161.48
1575 41031.6 1170.44
1576 41077 1189.21
1577 41149.4 1189.15
1578 41186.5 1196.14
1579 41282.6 1236.34
1580 41243.7 1250.53
1581 41363.8 1281.11
1582 41336.3 1238.01
1583 41236.2 1167.32
1584 41043.7 1174.49
1585 41139.5 1210.29
1586 41123 1224.4
1587 41201.7 1210.22
1588 41253.2 1218.97
1589 41387.6 1281.86
1590 41565.9 1280.93
1591 41525.8 1308.99
1592 41557.1 1291.92
1593 41617 1253.17
1594 41577.5 1287.15
1595 41625.7 1348.99
1596 41551.8 1357.86
1597 41584.2 1271.14
1598 41567 1215.78
1599 41680.3 1193.95
1600 41765.2 1168.34
1601 41787.1 1351.56
1602 41814.5 1288.97
1603 41825.5 1176.91
1604 41981.7 1351.76
1605 42053.6 1510
1606 42157.4 1570.51
1607 42222.3 1618.09
1608 42197.5 1632.63
1609 42282.2 1630.89
1610 42260.7 1589.88
1611 42390.8 1627.46
1612 42278.9 1627.82
1613 42249.6 1610.93
1614 42269.6 1581.89
1615 42432.4 1610.66
1616 42557.9 1604.12
1617 42652.9 1609.6
1618 42718.1 1623.3
1619 42724.5 1633.7
1620 42869.7 1667.66
1621 42873.5 1714.4
1622 42945.3 1713.27
1623 42959 1670.24
1624 42995 1721.47
1625 43017.8 1725.57
1626 42961.1 1670.54
1627 42943 1633.39
1628 42910.9 1649.27
1629 42957.6 1632.8
1630 43055.6 1539.09
1631 43210.7 1548.2
1632 43169 1499.48
1633 43395.1 1598.62
1634 43455.8 1564.01
1635 43377.6 1528.57
1636 43404.9 1498.51
1637 43327.5 1453.09
1638 43283.8 1400.25
1639 43345.9 1305.46
1640 43385.3 1356.78
1641 43430.8 1362.07
1642 43436.9 1341.12
1643 43462.4 1461.66
1644 43416 1412
1645 43599.2 1375.73
1646 43680.1 1387.44
1647 43764 1401.58
1648 43681.7 1415.03
1649 43551.5 1325.51
1650 43512.4 1307.76
1651 43537.3 1254.22
1652 43584.1 1219.23
1653 43558.4 1238.5
1654 43528.6 1319.76
1655 43480.8 1462.22
1656 43567.1 1426.18
1657 43706 1412.48
1658 43671.6 1427.12
1659 43751.7 1435.21
1660 43727.9 1426.02
1661 43808.9 1443.26
1662 43839.8 1448.32
1663 43798.6 1416.27
1664 43775 1340.51
1665 43791.1 1372.57
1666 43857.5 1419.11
1667 43879 1310.34
1668 43927.2 1293.07
1669 43958.9 1279.24
1670 44051.5 1223.91
1671 44015.9 1254.73
1672 44135.3 1254.28
1673 44103.9 1271.45
1674 44278.2 1475.65
1675 44234 1528.99
1676 44452.4 1559.12
1677 44445.9 1511.35
1678 44509.3 1319.94
1679 44707.5 1326.95
1680 44718.2 1323.06
1681 44554.4 1278.45
1682 44513 1278.18
1683 44429.6 1302.67
1684 44554.1 1284.54
1685 44587.8 1314.27
1686 44490.9 1329.66
1687 44543.8 1428.93
1688 44521.8 1389.69
1689 44499.4 1507.03
1690 44581.7 1545.45
1691 44692.1 1595.52
1692 44817.8 1642.12
1693 44772.7 1569.48
1694 44739 1485.25
1695 44813.1 1428.49
1696 44835.4 1434.3
1697 44949 1433.1
1698 45194.1 1467.86
1699 45293.8 1487.26
1700 45344.6 1513.24
1701 45320.5 1572.81
1702 45233 1551.38
1703 45413.6 1516.61
1704 45065.9 1411.37
1705 45335.7 1454.68
1706 45321 1409.34
1707 45601.2 1542.82
1708 45674.6 1621.5
1709 45595.1 1696.21
1710 45741 1703.92
1711 45797 1620.67
1712 45725.9 1574.9
1713 45712.8 1463.05
1714 45763.8 1325.59
1715 45830 1373.93
1716 46008.8 1394.18
1717 46032.9 1427.81
1718 45856.7 1437.49
1719 45940.7 1468.78
1720 45903.2 1480.57
1721 45996.8 1518.83
1722 46247 1491
1723 46525.6 1526.21
1724 46578.4 1520.58
1725 46665.9 1640.45
1726 46090.5 1741.07
1727 46375.3 1907
1728 46597.4 2079.98
1729 46428.2 2127.63
1730 46346.5 2057.37
1731 46285 1977.76
1732 46614.5 2193.01
1733 46768 2111.67
1734 46788.4 1926.16
1735 46831.4 1928.08
1736 46693.7 1815.87
1737 46650.2 1724.55
1738 46807.1 1727.33
1739 46937.1 1745.5
1740 47071.2 1862.25
1741 47101.1 1886.21
1742 47153.6 1861.56
1743 47220.9 1800.78
1744 47448.4 1874.98
1745 47362.2 1736.39
1746 47338.8 1783.77
1747 47461.6 1851.76
1748 47406.6 1758.5
1749 47490.4 1755.26
1750 47592.7 1660.3
1751 47648.8 1788.48
1752 47936.4 1780.63
1753 47808.8 1838.4
1754 47930.9 1723.25
1755 47836.8 1648.29
1756 47873 1573.13
1757 47964.8 1558.28
1758 47200.2 1649.89
1759 47134.3 1695.43
1760 47280.6 1674.95
1761 47306.7 1593.01
1762 47555.4 1565.35
1763 47733.5 1596.93
1764 47794.3 1561.25
1765 47955.1 1569.57
1766 48015 1635.12
1767 48147.2 1668.74
1768 48243.8 1617.77
1769 48247.6 1561.6
1770 48352.5 1622.42
1771 48295 1580.77
1772 48142.6 1610.56
1773 48124.9 1704.64
1774 48170.4 1615.42
1775 48380.1 1546.89
1776 48604.7 1586.87
1777 48556.3 1574.58
1778 48423 1535.52
1779 48276.5 1531.38
1780 48316.7 1487.87
1781 48287.1 1510.88
1782 48260.4 1473.87
1783 48080 1517.91
1784 48042.7 1512.32
1785 48039.4 1549.16
1786 48193.8 1547.43
1787 48232.9 1570.97
1788 48465.6 1604.58
1789 48216.2 1522.82
1790 47242.6 1571.7
1791 47299 1524.96
1792 47485.6 1577.08
1793 47616.9 1590.53
1794 47716.9 1618.22
1795 47569.2 1636.25
1796 47615.6 1535.09
1797 47775.4 1552.27
1798 47821.1 1513.66
1799 47857.1 1531.52
1800 48155.7 1519.11
1801 48508.4 1560.62
1802 48649.6 1662.03
1803 48814.8 1744.77
1804 48855.4 1866.97
1805 48660.9 1766.02
1806 48658.6 1790.8
1807 48842.1 1823.59
1808 49095.2 1974.81
1809 49377.9 1985.17
1810 49234.5 1758.98
1811 49120.4 1689.86
1812 49068.1 1718.24
1813 48988.4 1704.33
1814 49226.3 1749.45
1815 49288.1 1830.6
1816 49315.9 1860.64
1817 49263.1 1885.74
1818 49304.2 1869.67
1819 49212.8 1918.73
1820 49290.9 1786.28
1821 49162.8 1817.65
1822 49223.6 1823.18
1823 49481.9 1946.94
1824 49671.7 2172.7
1825 49464.2 1871.87
1826 49264.1 1771.66
1827 49229.3 1679.87
1828 49207.4 1749.4
1829 49141.7 1776.7
1830 49253.1 1735.08
1831 49366.7 1807.56
1832 49351.1 1795.98
1833 49443.2 1889.47
1834 49493.2 1935.69
1835 49517.7 1901.68
1836 49770.2 1949.25
1837 49927.7 2057.14
1838 50072.5 2111.22
1839 50060.1 2078.58
1840 50100.6 2102.81
1841 50046.4 1855.36
1842 49991.8 1914.01
1843 50009.5 2125.32
1844 50016.6 2108.26
1845 50366.5 1925.05
1846 50593 1907.86
1847 50067.9 1802.69
1848 49924.9 1994.34
1849 49976.1 1999
1850 50410.1 1844.39
1851 50810.5 1909.7
1852 50788.4 1943.23
1853 50814.6 1857.16
1854 50969.5 1802.07
1855 51007.8 1991.14
1856 50798.9 2018.69
1857 50892.9 2015.61
1858 51203.1 1893.73
1859 51213.5 1938.75
1860 51247.5 2037.12
1861 50857.4 2191.91
1862 50613.1 2216.1
1863 50523.4 2186.16
1864 50568.2 2173.55
1865 50707.1 2177
1866 50522.4 2182.24
1867 50476.3 2232.88
1868 50420.7 2244.95
1869 50916.5 2247.33
1870 50877.5 2286.38
1871 50983.5 1960.4
1872 50987.8 2039.57
1873 51219.2 1972.34
1874 51199.9 1936.01
1875 51074.5 1980.86
1876 51262.1 1932.51
1877 51477.1 1916.14
1878 51598.4 1853.7
1879 51806.5 2069.83
1880 51988.9 2093.25
1881 52247.7 2232.2
1882 52475.8 2172.92
1883 52602.9 2275.23
1884 52496.6 2151.16
1885 52285.5 2282.21
1886 52097.4 2186.29
1887 52095.2 2122.61
1888 52249.7 2052.39
1889 52359.5 2177.86
1890 52567.8 2060.75
1891 52637.3 2011.4
1892 52597.7 2024.72
1893 52814.4 2132.41
1894 52837.8 2197.71
1895 52689.9 2240.25
1896 52676 2287.18
1897 52906.8 2417.47
1898 53070.7 2490.56
1899 53254.8 2426.27
1900 53145 2207.38
1901 53413.6 2288.56
1902 53415.3 2291.61
1903 53344 2331.38
1904 53455.1 2270.75
1905 53453.4 2233.72
1906 53500.3 2257.25
1907 53566 2198.97
1908 53708.5 2144.03
1909 53887.7 2136.93
1910 53861.8 2179.22
1911 53863.2 2220.98
1912 53885 2210.66
1913 54124.8 2220.49
1914 54136.7 2133.08
1915 53834.9 2174.23
1916 53791.2 2257.97
1917 53953.9 2305.03
1918 54110.1 2449.29
1919 53938.7 2469.84
1920 54477.5 2395.08
1921 54246.6 2222.62
1922 54071.5 2435.25
1923 53944.5 2390.34
1924 54144 2485.05
1925 54177.2 2486.12
1926 54256.6 2467.73
1927 54553.2 2536.8
1928 54808.5 2732.78
1929 54818.4 2506.24
1930 54691.1 2356.53
1931 54760.7 2305.01
1932 54858.8 2382.39
1933 55250.5 2406.11
1934 55236 2361.92
1935 55389 2439.06
1936 55329.1 2397.76
1937 54865.6 2478.58
1938 55246.4 2653.66
1939 55455.1 2656.05
1940 55206.7 2545.07
1941 55205.1 2618.89
1942 55123.8 2798.13
1943 55032.6 2891.13
1944 54855.6 2840.56
1945 54599 2845.46
1946 54689.5 2673.04
1947 54674 2394.12
1948 54935.4 2511.83
1949 54933.6 2476.49
1950 55071.8 2570.56
1951 54760.9 2334.63
1952 54854 2445.3
1953 54848.1 2554.15
1954 54925.9 2682.98
1955 54887.3 2534.47
1956 54683 2382.51
1957 54910.5 2407.68
1958 54958.4 2377.55
1959 55207 2376.82
1960 55510.7 2549.73
1961 55559.7 2507.32
1962 55684.6 2402.84
1963 55736 2598.69
1964 55783.8 2718.65
1965 55506.8 2848.78
1966 55803 2587.87
1967 56066.2 2581.83
1968 56178.1 2677.97
1969 56272.1 2612.02
1970 56365.1 2502.7
1971 56362 2581.67
1972 56385.9 2790.41
1973 56420.6 2931.71
1974 56449.9 2445.61
1975 56323.8 2460.77
1976 56490.5 2460.09
1977 56452.4 2376.31
1978 56468.3 2648.6
1979 56475.9 2768.78
1980 56568.9 2775.76
1981 56779.6 2965.34
1982 56807.1 2629.22
1983 57275.3 3084.47
1984 57325.9 3234.51
1985 57335.7 3088.22
1986 57679 3439.61
1987 57642.7 3434.72
1988 57681.8 3454.54
1989 57763.7 3529.82
1990 57644.8 3442.58
1991 57574.8 2744.53
1992 57913.8 2614.3
1993 57860.9 2657.85
1994 57865.2 2589.39
1995 58030.9 2785.25
1996 58121.2 3113.39
1997 58141.5 3009.94
1998 58213.8 2875.49
1999 58159.5 2819.95
2000 56987.7 2902.87
2001 56928 2886.83
2002 57206.3 2967.71
2003 57579.9 3233.03
2004 57744.2 3331.99
2005 57412.1 2933.19
2006 57594.4 2981.32
2007 57784.4 3084.32
2008 57955.2 3319.05
2009 57816.1 3223.86
2010 57678.8 3085.96
2011 57306.6 2943.75
2012 57385 3008.27
2013 57558.7 3051.17
2014 57226.3 3037.24
2015 57600.5 3019.27
2016 57968.8 3116.09
2017 58134.6 3036.65
2018 58251.3 3140.43
2019 58006.8 3101.52
2020 57874.9 2954.24
2021 58065.9 3115.27
2022 58285.4 3108.33
2023 58506.1 3199.13
2024 58712 3258.59
2025 58763.6 3139.08
2026 58774.3 3224.15
2027 58772.3 3309.79
2028 58799.4 3207.76
2029 58687.6 3237.05
2030 58472.1 3147.04
2031 58454.1 3284.59
2032 58596.6 3247.74
2033 59016.6 3177.98
2034 59520.8 3279.36
2035 59702.4 3393.55
2036 59712.2 3322.53
2037 60047.5 3312.74
2038 60258.1 3413.29
2039 57798.2 3103.38
2040 59036.4 3092.73
2041 59411.3 3029.01
2042 59362.1 3120.92
2043 59246.8 3220.2
2044 59350.2 3202.68
2045 59973.2 3114.78
2046 60336.9 3272.29
2047 60391.9 3368.61
2048 60500.1 3423.45
2049 60691.8 3410.09
2050 60773.8 3412.84
2051 60704.6 3420.31
2052 60632.9 3447.31
2053 60670.8 3489.42
2054 60744.5 3474.08
2055 60778.5 3405.48
2056 60644 3460.04
2057 60783.2 3535.28
2058 60628.5 3520.38
2059 60558 3538.22
2060 60439.9 3445.91
2061 60445.6 3435.35
2062 60663.6 3765.18
2063 60898.6 4193.67
2064 60957 3890.97
2065 61238.6 4381.7
2066 61349.1 4221.47
2067 61525 4353.79
2068 61407 3871.38
2069 61358.4 3864.52
2070 61202.9 3678.96
2071 61485.4 3797.24
2072 61407.3 3875.77
2073 61310.9 4276.22
2074 61449.9 3957.19
2075 61621.8 4016.05
2076 61794.8 4263.65
2077 61852 4475
2078 61803.7 4701.76
2079 62114.6 4541.66
2080 61830 4434.2
2081 61884.6 4139.14
2082 62074.5 4195.04
2083 62023.5 4204.55
2084 62348 4367.29
2085 62597 4448.86
2086 59601.2 4324.97
2087 59611.4 4124.49
2088 59807.6 4226.43
2089 59793.6 4039.64
2090 59789.2 3877.51
2091 60780.9 3516.5
2092 61851.8 3935.87
2093 62242.2 4366.07
2094 62647 4348.83
2095 62528.4 4411.73
2096 62626.4 4236.53
2097 62539.7 4129.75
2098 62437.2 3811.14
2099 62336.2 3792
2100 62207.9 3847.66
2101 62397.2 3851.35
2102 62586.2 3738.69
2103 62510.4 3890.02
2104 62787.9 4018.28
2105 62530.6 3952.2
2106 62533.1 3949.27
2107 62557.6 3953.97
2108 62209.5 3911.21
2109 62019.2 3846.28
2110 62141.8 3799.17
2111 62261.7 3888.47
2112 62657.6 4032.77
2113 62684 4040.68
2114 62601.6 3957.45
2115 62874.3 4123.46
2116 63136.4 3975.42
2117 63212.9 3967.41
2118 63021.4 4146.82
2119 63190.6 4072.92
2120 63164.8 4026.12
2121 63569.9 3928.01
2122 63519.5 3934.85
2123 63543.9 3934.31
2124 63388 3960.19
2125 63602.1 4015.45
2126 63964.8 3963.45
2127 64304 3824.48
2128 64387.7 4316.16
2129 64725.7 4615.7
2130 64134.4 5135.48
2131 64510.5 5412.49
2132 64796.4 5487.02
2133 64575.3 5584.83
2134 64499.2 5526.42
2135 65069.8 5735.44
2136 64950.5 5321.01
2137 65320 5096.22
2138 65509.8 5024.78
2139 65757.6 5341.79
2140 65792.6 5436.28
2141 65434.4 5292.77
2142 65307.5 5366.48
2143 65611.3 5305.01
2144 65883.7 5305.58
2145 65811.3 5282
2146 65850.1 5291.11
2147 65985.2 5403.51
2148 65910.7 5579.91
2149 65514.9 5024
2150 65907 4920.9
2151 64457.6 4489.04
2152 64282.4 4448.08
2153 65785.1 5278.07
2154 64584.8 4525.02
2155 65586.1 4825.86
2156 65296 4640.66
2157 65384 4671.96
2158 65153.7 4618.63
2159 65564.4 4750.93
2160 65613.3 4429.44
2161 65275.4 4176.58
2162 65751.7 4394.45
2163 65508.6 4266.9
2164 65799 4294.5
2165 65831 4417.25
2166 65814.4 4409.11
2167 66008.2 4361.89
2168 66328.6 4374.6
2169 66324.6 4399.48
2170 66640.2 4561.85
2171 66317.3 4762.41
2172 66479.8 4592.78
2173 66670.3 4580.37
2174 66538.3 4599.48
2175 66932.8 4688.42
2176 66596.4 4614.57
2177 66839 4620.2
2178 66772.9 4520.84
2179 66896.9 4357.18
2180 66870.3 4210.01
2181 67074.4 4304.86
2182 66707.7 4520.91
2183 66431.5 4760.55
2184 65894.1 4904.47
2185 65990.3 4999.87
2186 65908.3 4082.26
2187 64321.8 4021.71
2188 64480 4077.52
2189 65488.9 4316.86
2190 66518.2 4704.51
2191 66748.2 4585.72
2192 66996.3 4621.63
2193 66988.8 4581.16
2194 67056.5 4326.66
2195 67023.9 4219.46
2196 67108.6 4184.45
2197 66991.6 4010.6
2198 67271.4 4027.36
2199 67296.3 4170.24
2200 67677 4510.86
2201 67750.4 4534.49
2202 67757.7 4252.83
2203 67205.9 4449.45
2204 68346.3 4883
2205 68756.6 4908.18
2206 68794.3 5139.78
2207 69072.3 5603.77
2208 69206.1 5376.29
2209 69258.2 5290.86
2210 69538.6 5286.75
2211 69204.5 5646.89
2212 69053.2 5854.71
2213 68696.2 6078.54
2214 68764.8 5711.32
2215 68801 5646.34
2216 68666 6101.69
2217 68592.8 5966.3
2218 68876.6 5668.72
2219 68807.8 5720.98
2220 69101.2 5562.9
2221 68293.5 5507.2
2222 68422.9 5408.46
2223 68403.6 5435.18
2224 68065.6 5361.92
2225 68827.6 5727.89
2226 69324.8 6137.28
2227 69181 6101.72
2228 69255.4 6215.81
2229 68946.9 6124.55
2230 69308.4 6058.97
2231 68901.7 5885.98
2232 69157.3 5981.31
2233 69151.3 6174.26
2234 68763.5 6100.79
2235 68950 6263
2236 68186.1 6136.74
2237 68578.7 6227.5
2238 68843.9 6086.33
2239 68771.5 5909.01
2240 68946.5 5635.88
2241 68720.3 5471.07
2242 69144.6 5607.52
2243 69403.4 5581.99
2244 69345.4 5461.86
2245 69288.1 5719.78
2246 69064.7 5496.08
2247 69063.5 5589.64
2248 69389.1 5554.4
2249 69095.5 5511
2250 68797.8 5524.42
2251 68890.2 5562.27
2252 68946.2 5563.44
2253 68304.3 5876.87
2254 68436.1 5924.62
2255 68556.8 5813.63
2256 68651.3 5922.16
2257 68443.5 5890.65
2258 69062.6 5812.72
2259 69210 5709.05
2260 69190.1 5710.38
2261 69469.2 5749.85
2262 69461.3 5631.91
2263 69760.6 5746.26
2264 69392.6 5801.26
2265 69311.9 5774.42
2266 69244.3 5304.25
2267 69340.6 5701.68
2268 69841.1 5885.78
2269 69470.9 5962.04
2270 69785 6082.79
2271 69294.9 5876.34
2272 69248.1 5682.29
2273 69610 5612.22
2274 69923.6 5696.86
2275 69777.5 5819.4
2276 69701.4 5882.43
2277 70000.9 5734.43
2278 70293 5773.45
2279 70388.9 5903.26
2280 70457.4 5828.7
2281 70433.9 5962.48
2282 70367.4 6205.61
2283 70353.6 6234.82
2284 70587.8 6284.31
2285 70003.3 5938.3
2286 69807.4 6142.92
2287 69663.6 6115.62
2288 70080.5 6085.44
2289 70250.3 6366.81
2290 70525.9 6093.02
2291 70343.9 6124.28
2292 70312.8 6219.1
2293 70398.8 5913.08
2294 70458.1 6001.9
2295 70680.8 6095.51
2296 70427.5 6160.91
2297 70169.2 6116.08
2298 70373.9 6187.67
2299 70641.6 6329.43
2300 70948.3 6451.94
2301 70583 6457.9
2302 70597.4 6437.94
2303 70516.5 6563.71
2304 70635.8 6486.38
2305 70544.7 6534.52
2306 70171.3 6507.55
2307 70147.2 6429.31
2308 70112.1 6299.82
2309 70704.2 6420.62
2310 70915.7 6352.31
2311 70736.6 6281.41
2312 70921.9 6078.09
2313 71401.9 6243
2314 71459.1 6505.39
2315 71733.7 6484.52
2316 70366.8 6459.49
2317 70603.4 6412.7
2318 70381.6 6467.81
2319 70473.9 6439.61
2320 71913.5 6081.72
2321 72218.7 6216.26
2322 72241.6 6298.7
2323 70832.3 6582.54
2324 70875.2 6606.6
2325 70917 6249.31
2326 71225.6 6145.88
2327 70970.9 6212.23
2328 71094.5 6120.45
2329 70994.6 6099.62
2330 70677.6 6072.87
2331 70937.1 6289.3
2332 70748.7 5931.55
2333 71264.5 6466.57
2334 71523.3 6310.63
2335 70878.4 6128.32
2336 71192.4 6045.49
2337 71207.4 6089.72
2338 70961.2 5959.16
2339 70899.4 6031.5
2340 71287.2 6157.7
2341 71641.1 6376.16
2342 71996.8 6612.38
2343 71929.9 6604.6
2344 72318.5 6742.77
2345 72091 6903.96
2346 72030.8 7295.31
2347 71992 7022.06
2348 71922.7 7044.06
2349 71606.7 6914.07
2350 71470.7 6676.52
2351 72161.1 7338.69
2352 72756.3 7620.11
2353 71080.6 8759.1
2354 71020.6 8668.29
2355 71038.1 8439.18
2356 70956.6 8559.51
2357 70944.8 8762.35
2358 70825.7 8307.91
2359 71467.3 8199.16
2360 71781.7 8262.52
2361 72684.1 8414.9
2362 72791.9 8362.52
2363 73100.4 8432.59
2364 72830.4 8370.52
2365 72682.5 8515.63
2366 72446.4 8781.55
2367 72644.6 8779.15
2368 73268.1 8672.73
2369 73212.3 8414.78
2370 73255.7 8256.17
2371 73477.5 8444.47
2372 73012.6 8491.75
2373 72433.6 8444.73
2374 72405.1 8391.17
2375 72453.1 8307.22
2376 72012.6 7969.18
2377 71555.3 8258.33
2378 71841.6 8360.93
2379 71372.4 8462.58
2380 70653.8 8082.18
2381 70369.1 7921.56
2382 70475.8 8427.33
2383 71064.2 8853.8
2384 71067.9 8760.95
2385 71886 8597.37
2386 72177.6 8398.5
2387 71955.1 8694.81
2388 72179.8 8656.97
2389 71185.8 8761.63
2390 71277.7 9289.24
2391 71421.3 9563.11
2392 71454.4 9507.79
2393 71889.9 9421.93
2394 72287.9 9349.16
2395 72382.4 9102.26
2396 72331.2 9015.93
2397 72607.7 9315.71
2398 72056 9205.86
2399 72459.7 8367.36
2400 72282.5 7782.22
2401 72519.9 7676.31
2402 71066.5 7516.38
2403 70505.6 7426.05
2404 70823.6 7601.88
2405 70844.6 7491.26
2406 71370.4 7899.94
2407 71806.8 7892.84
2408 71996.7 7760.14
2409 72157.4 7664.55
2410 71798.2 7624.3
2411 71758.8 7456.22
2412 71798.9 7547.31
2413 72469.9 7590.66
2414 72639.2 7341.3
2415 72839.6 7262.19
2416 73180.5 7267.6
2417 73119.5 7312.66
2418 74033.8 7205.52
2419 74067.5 7185.84
2420 73871.8 7029.24
2421 74707.5 7191.19
2422 74992.1 7246.91
2423 75112.8 7246.73
2424 75166.9 7314.36
2425 75012.1 7367.16
2426 75233.9 7464.5
2427 75520.8 7582.63
2428 74785.8 8283.89
2429 75137.6 8279.27
2430 75007.6 8609.08
2431 75309.4 8203.41
2432 75369.4 8639.89
2433 75519.5 9005.11
2434 76010.8 8930.49
2435 76409.3 9058.5
2436 76871.5 9112.8
2437 77101.9 9300.24
2438 77227.3 8756.58
2439 77107.4 8532.87
2440 76837.3 8788.41
2441 77269.4 8139.39
2442 77396.2 7920.28
2443 77510.8 8309.44
2444 77297.1 7855.92
2445 77433.9 7709.52
2446 75626.2 8304.85
2447 75107 8476.67
2448 75510.6 8305.48
2449 75290.7 8808.37
2450 76001.3 8394.15
2451 76221.2 8454.95
2452 76616.4 7828.93
2453 76518.8 8033.76
2454 76990.2 8364.38
2455 77228.6 8024.33
2456 77915.4 8012.29
2457 78233.8 7502.09
2458 78647 7158.4
2459 79459.3 7447.39
2460 77071.2 7530.51
2461 76954.5 7700.86
2462 76759.2 7677.26
2463 77435.3 7348.5
2464 77650.6 7293.26
2465 79237.6 7597.58
2466 77677.5 7919.91
2467 78054.1 7740.99
2468 78150.6 7416.76
2469 78478.9 7504.78
2470 80663.7 7242.53
2471 80727.4 7344.29
2472 80495.1 7316.99
2473 78809.9 7246.96
2474 79314.5 7456.96
2475 79007.1 7613.98
2476 79465.6 7876.13
2477 79491.8 7978.17
2478 79505.3 7971.25
2479 80117.6 9138.46
2480 79783.5 8061.02
2481 79033.4 7883.77
2482 79134.8 7966.28
2483 79829.7 8027.39
2484 79844.7 8921.47
2485 79706.7 9007.47
2486 80334.4 8369
2487 80696.6 7735.2
2488 80168.1 7751.64
2489 80894.9 7996.86
2490 80741.3 7963.54
2491 81064.5 7852.25
2492 81305.3 8017.94
2493 81229.4 8124.2
2494 81549.8 8056.27
2495 81792.1 7997.69
2496 82111.5 8135.6
2497 81632.2 8367.97
2498 81836.1 8090.39
2499 81615 7875.43
2500 81721.5 7860.95
2501 82128.7 7953.28
2502 82311.8 8012.3
2503 82531.9 8931.67
2504 82342.6 9792.56
2505 82399.6 9716.98
2506 82230.6 9258.19
2507 82240.1 9283.87
2508 82053.8 8641.6
2509 82159.3 9224
2510 82495.2 8860.19
2511 82750.9 8727.48
2512 82317.6 8724.55
2513 81902.5 8264.41
2514 81811.4 8025.28
2515 81522.7 7958.23
2516 81372.5 7967.89
2517 81294.1 7876.16
2518 80901.2 7623.79
2519 80752.1 7433.02
2520 80995.2 7467.57
2521 81417.5 7850.99
2522 81653.8 7719.09
2523 81575.5 7557.25
2524 81287.2 7717.92
2525 81919.8 7806.32
2526 82137.3 7787.59
2527 82353.5 7686.94
2528 81417 7779.44
2529 81798.8 7976.8
2530 81331.2 7905.33
2531 81595.2 7901.59
2532 81505.8 7827.53
2533 81076.2 7713.02
2534 81268.2 7913.34
2535 81382.9 7905.09
2536 81938.2 7960.19
2537 82000.5 7294.71
2538 82312.2 7183.63
2539 82662.7 7367.08
2540 82709.6 7463.39
2541 83137.8 7613.75
2542 82693.7 7383.58
2543 82154.8 7551.37
2544 81916.7 7527.63
2545 83230.2 7477.54
2546 81911.9 7799.65
2547 82294.6 7952.54
2548 81882.7 8124.76
2549 81685.7 8179.48
2550 81635.1 8248.29
2551 81785.7 8530.44
2552 82435.1 9094.39
2553 82554.4 9568.13
2554 82861.7 9852.34
2555 82597.9 9734.24
2556 82942.4 9742.06
2557 82834.2 9889.04
2558 82550.5 9870.16
2559 82580.9 9761.41
2560 82410 9719.98
2561 82672.8 9519.54
2562 82560.6 9459.43
2563 80565.1 9357.51
2564 80325.8 9262.85
2565 80534.3 9254.89
2566 80805.8 9318
2567 80583.8 9608.41
2568 80189.6 9769.58
2569 79792.1 9798.07
2570 79798.3 10189.4
2571 79669.2 10138.9
2572 79844.6 10454
2573 80119.3 10524.7
2574 80096.8 10515.7
2575 80190.2 10041.8
2576 80394.9 9561.81
2577 80698.5 8893.23
2578 80547.2 8963.12
2579 80474.7 9016.95
2580 79919.2 9001.44
2581 78138.7 8932.59
2582 78648.2 8210.52
2583 78742.5 8184
2584 78368.6 8077.19
2585 78068.8 7999.21
2586 77914.7 8151.11
2587 78092.7 8447.65
2588 77966.5 8334.68
2589 78004.5 8396.56
2590 77756.3 8589.12
2591 77328.6 8558.45
2592 77191.1 8274.97
2593 77778.5 8189.47
2594 77178.9 8187.53
2595 76869.6 8460.77
2596 77606.1 8189.23
2597 78696.8 8517.05
2598 79052.4 8176.86
2599 79028.4 8328.01
2600 79424.5 7903.48
2601 79386.7 7984.94
2602 79492.5 7811.23
2603 79244.8 8041.2
2604 78901.5 7961.65
2605 79329.2 8134.95
2606 77819.2 8521.36
2607 77754.1 8919.68
2608 78210.2 9140.11
2609 78559.8 9327.93
2610 78891.5 8704.23
2611 78988.7 8654.77
2612 79119.4 8620.85
2613 79491.5 8882.79
2614 79146.4 8872.57
2615 79671.7 9072.61
2616 80269.6 9479.29
2617 80642.8 9678.57
2618 80937.2 9719.91
2619 79369.1 10673.4
2620 79560.2 10767.2
2621 79351.8 10566.7
2622 79839.5 9925.75
2623 79349.6 10713.2
2624 79470.9 10679.3
2625 79203.8 10626.3
2626 79151 10707.8
2627 78964.4 10464.4
2628 78575 10153.7
2629 78376.4 10094.6
2630 78532.8 10328.4
2631 78242.3 9836.5
2632 78367.1 9943.56
2633 78502.5 9929.44
2634 78037.1 10107.2
2635 77880 10060.4
2636 77411.4 9761.35
2637 77420.5 9769.41
2638 77771.3 10104
2639 77456.6 10168.1
2640 77461.5 10129.9
2641 78327 10517.7
2642 77827.5 9949.14
2643 77960.3 10697.9
2644 77643.2 10520.9
2645 77805.6 10600.6
2646 78050.2 10471.4
2647 78408.2 10349.8
2648 79264.5 10527
2649 79338.3 9548.03
2650 79055.1 9448.58
2651 78763.7 8973.08
2652 79390.9 8641.1
2653 79692.1 8983.64
2654 79442.1 8493.79
2655 78745.5 8897.2
2656 78895.2 9431.46
2657 78669 8875.63
2658 78988.7 9070.36
2659 79624 9600.04
2660 79986.3 9324.73
2661 80470 9534.49
2662 80060.8 9308.94
2663 79531.9 9008.04
2664 79195.6 8168.93
2665 79418.9 8303.5
2666 79168 8300.18
2667 79543.6 8620.39
2668 79193 8543.3
2669 79014.8 8448.33
2670 79233.8 8248.49
2671 79216.3 8108.09
2672 79006.2 8002.54
2673 79927.4 7889.25
2674 79807.5 7760
2675 79940.9 8234.14
2676 80719.2 8152.71
2677 80807.8 8026.76
2678 81032.3 7959.41
2679 80210.7 9203.18
2680 80318.7 9283.93
2681 80490.6 9217.72
2682 80673.9 9509.12
2683 81102 9613.35
2684 80902.8 9909.16
2685 81130.9 9773.01
2686 80796 10206.5
2687 81252.4 10224.6
2688 80920.6 10135.4
2689 81000.7 10222.4
2690 81045.6 10125.1
2691 80783.8 9963.78
2692 81526 9954.5
2693 80581.3 9535.28
2694 79981.1 9488.83
2695 79786.8 9543.91
2696 79504.7 9468.73
2697 79101 9468.57
2698 78814.1 9861.75
2699 78603.9 9966.42
2700 78272 9892.53
2701 78205.6 9241.28
2702 77992.2 8818.18
2703 78341.3 8953.85
2704 78611 9109.42
2705 78375.8 9226.44
2706 77040.4 8291.44
2707 76436.4 8234.57
2708 76967.5 8196.8
2709 77419.3 8115.13
2710 77640.7 8034.99
2711 76933.4 7909.55
2712 76220.7 7745.94
2713 75792.6 7668.94
2714 75167.4 7807.26
2715 75270.9 8074.95
2716 75037.9 7871.96
2717 75001.5 8604.55
2718 75095.5 8867.15
2719 74682.6 8789.96
2720 74699.9 8800.9
2721 74935 8660.29
2722 74335.2 8446.42
2723 73955.6 8963.72
2724 74564.3 9002.73
2725 74627.9 9467.3
2726 75030.9 9505.94
2727 74440.9 9447.51
2728 75153.5 9625.61
2729 75179.7 9443.44
2730 73373.5 9147.94
2731 73751.3 9264.78
2732 74572.9 9522.83
2733 74329.5 9470.4
2734 74334.9 9466.13
2735 74419.1 9521.58
2736 74163.5 9712.33
2737 75404.1 10361.3
2738 74787.2 10518.3
2739 74202.6 10475.8
2740 74055.9 10075.5
2741 74843.1 9996.46
2742 75247.1 10191.7
2743 75168.6 10684.7
2744 75404.1 10832.2
2745 75487.1 10493.2
2746 76328.4 10989
2747 76330.6 10947.4
2748 76683.6 11050.6
2749 76251.2 10994.4
2750 76167.3 10927.8
2751 75809.7 10204.4
2752 75835.7 10109.9
2753 75875.6 10298.2
2754 76137.4 10333
2755 76513.3 10622.7
2756 76752.3 10757.8
2757 75707.8 8929.66
2758 75022.4 8733.99
2759 74704.7 8430.37
2760 74949.2 8095.23
2761 75273.6 8247.17
2762 75372.8 8339.09
2763 75810.9 8197.88
2764 75968.1 8305.06
2765 76342.3 8321.64
2766 76277.8 8316.55
2767 76537.6 8636.91
2768 76997.2 8783.68
2769 76688.5 8913.75
2770 76646.9 9024.91
2771 76822.4 9400.59
2772 76737.8 9393.01
2773 76581.9 10062
2774 76684.5 10016.3
2775 76652.2 9504.21
2776 77056.6 10142.7
2777 76686.9 9373.84
2778 76379.8 9467.66
2779 76409.4 9497.2
2780 75937.9 9725.75
2781 76562.3 10115.1
2782 77410.7 11793
2783 77525.4 12035.9
2784 77037.3 10046.8
2785 77091.4 10142.6
2786 76575.8 9815.2
2787 76482.3 9479.98
2788 77323.2 8612.35
2789 78456.5 8812.26
2790 78463.2 8534.42
2791 78283.5 8619.28
2792 78262.8 8831.55
2793 78673.6 8705.51
2794 78508.9 8528.8
2795 78262.6 8854.28
2796 79278.7 9333.19
2797 79391 9245.18
2798 79147.9 9342.57
2799 78805.2 8900.34
2800 78961.6 10668.3
2801 78723.8 11005.3
2802 78872.9 11031.7
2803 77478.3 10429
2804 77284.6 10139.4
2805 77281.7 9323.02
2806 77663.4 9083.44
2807 78771.7 9271.13
2808 79065.5 9436.78
2809 79573.9 9438.41
2810 79412.6 8951.54
2811 79647.8 9213.8
2812 79183.6 9295.39
2813 79589.6 9174.52
2814 79368.6 9188.98
2815 79617.8 8650.66
2816 79807.7 8555.08
2817 79980.5 8405.15
2818 79914.6 9687.02
2819 79731.1 10197.6
2820 80405.1 10197.6
2821 80512.3 9525.37
2822 80116.8 9505.64
2823 80467.7 9780.16
2824 79912.6 9836.36
2825 79284.2 8307.38
2826 80003.7 8359.74
2827 80644.8 8693.87
2828 81044.7 10232.4
2829 79992.6 11041.6
2830 80242.4 10590.3
2831 81279.7 10829.2
2832 82167 10006
2833 82531.8 10261.8
2834 82565 10199.7
2835 82925.9 10233.7
2836 83168.6 10361
2837 84550.2 10580.3
2838 85567.8 11034.9
2839 85143.6 10904.2
2840 85535.4 10820.4
2841 85988.2 10534
2842 84742.7 10125.2
2843 84818.5 10386.2
2844 84817.1 10732.2
2845 85105.4 10659.3
2846 85292.9 10667.8
2847 85179.7 10464.9
2848 86163.5 10752.1
2849 86616 10866.7
2850 86744.2 11109.4
2851 87841.8 11490.8
2852 87370.7 11345.6
2853 87034.4 11285.8
2854 86846.8 11564.4
2855 87268.4 10833.5
2856 88133.4 11587.8
2857 87416.6 11140.6
2858 86816.8 11063.8
2859 87223.8 10415
2860 87245.4 10258.7
2861 88163 9944.58
2862 87592.2 9768.68
2863 86649.2 10330.7
2864 86912.1 10643.2
2865 87439.3 10446.9
2866 87801.1 11348.8
2867 86580.6 11094.1
2868 86268.1 10874.7
2869 85654.1 10668.7
2870 85861 11109
2871 85645.3 10664.6
2872 85803.1 10673.6
2873 84899 10311.6
2874 86209.3 10394.2
2875 85421.8 10336
2876 85640 10301.6
2877 85914 10329.8
2878 85940 10387.1
2879 86063.8 10359.7
2880 86602 10238
2881 87208.3 10539.6
2882 87782.4 10594.1
2883 87138.7 10718.9
2884 87567.2 10623.9
2885 88914 11116
2886 88276.6 11275.7
2887 88080.6 11033.7
2888 87636.4 10831
2889 87812.8 11545.1
2890 87159.5 14564.3
2891 88365.3 15258.9
2892 89183.6 15479
2893 88007 16147.1
2894 87652.8 16114.4
2895 88446.9 15948.9
2896 87806.5 16184.3
2897 87357.4 16242
2898 87869.9 16393.6
2899 89197.8 16299.8
2900 89361.8 15986.3
2901 89456.1 15942.2
2902 89459.1 15560.2
2903 89217.6 15823.9
2904 88928.8 15440.4
2905 89329.5 15716.3
2906 88778.2 15176.4
2907 89040.4 14941.9
2908 88688.6 15035.8
2909 89551.8 15239.1
2910 90108.6 15491.7
2911 89545.4 15126
2912 88597.4 15170.6
2913 88633.3 14866.9
2914 87828.2 15034.5
2915 88301.9 15020.6
2916 89176 15067.7
2917 89757 15006.4
2918 90416.3 14928.1
2919 90407.3 15253.4
2920 89829 15080.2
2921 89412.3 15196.9
2922 88632.9 15350.2
2923 88119.6 15546.9
2924 86867.4 15121.7
2925 87010 15118.9
2926 87601.2 14841.9
2927 87750.1 14993.8
2928 86688.3 15195.2
2929 87837.4 15022.2
2930 87517.9 13357.5
2931 87438.2 12631
2932 86679.7 13119.1
2933 86528.5 14078.9
2934 86430.7 13621.1
2935 86412.5 12998.4
2936 86424.3 13438.7
2937 85504.3 13451.1
2938 84651.8 13401.3
2939 84331.1 13186.8
2940 84860.1 13606
2941 84249.7 13981.8
2942 83443.6 14278.5
2943 83882.3 15101.9
2944 82925.9 14608.8
2945 82210.4 14048.7
2946 83464 13954.1
2947 84016.2 14473.9
2948 84748.8 15363.9
2949 84019.6 16291
2950 84147.8 15911.2
2951 85026.7 15387.8
2952 85749.7 15270.1
2953 85652.5 15436.4
2954 85027.3 15276.9
2955 85897.5 15281.6
2956 85010.9 15636.9
2957 85577.4 13330.7
2958 86167.5 15512.9
2959 86871.5 13515.6
2960 85421.3 15949.2
2961 86531.7 13685.9
2962 86743.2 13160.4
2963 86469.8 13110.3
2964 85792 13066.1
2965 86835.3 14254.9
2966 87364.9 14311.7
2967 86353.9 13808.3
2968 86721 14412.3
2969 87598.3 14479.6
2970 87267.4 14887.6
2971 87995 15015.1
2972 87990.8 15474.2
2973 87362.5 14806.3
2974 86591.3 14795.2
2975 86997.8 14613.3
2976 87356.1 14469.1
2977 86102.5 14254.5
2978 86347.5 14421.8
2979 87502.3 14587
2980 87497.4 14758.6
2981 87042.2 16216.5
2982 87123.2 16175.6
2983 87512.2 17037.2
2984 87331.3 16600
2985 87931.9 15950.9
2986 89892.7 16124.8
2987 89216.2 15910.7
2988 88624 14986.9
2989 88297.5 14447
2990 87942.1 13851.4
2991 88628.6 14614.3
2992 89078.3 14801.7
2993 88739.2 13466.6
2994 90401.3 14450.6
2995 91269.8 14769.4
2996 92836.4 15021.4
2997 93166.4 14838.8
2998 92280.8 14719.1
2999 93094.1 14747.9
3000 91792.8 14573.6
3001 90958.4 14582.9
3002 92149.3 14539.3
3003 93146.6 14668
3004 92925 15042.2
3005 92315.5 16011.6
3006 92516.5 15745.3
3007 92816.5 15902
3008 94085 15245.6
3009 91144.6 13766.1
3010 89790.4 13691.7
3011 90316.9 13619.2
3012 90729.5 13902.9
3013 90194.5 13936.1
3014 88765 14463.8
3015 87635.7 13864.7
3016 86837.9 14564.5
3017 86862 16251.5
3018 87532.2 16732.1
3019 85605.5 16428
3020 84767.9 16226.4
3021 84112.6 16281.6
3022 84597.7 17124.5
3023 83902.8 15530.2
3024 84898 16101.2
3025 85765.6 16234.9
3026 85729.1 15878.4
3027 86048 15753.6
3028 86380.9 15820.6
3029 87887.5 15981.5
3030 89850.6 17932.9
3031 88982.7 17919.5
3032 89101.1 18299.9
3033 89811.1 18296.5
3034 88659.5 18076.7
3035 88159.4 18024.1
3036 88917.6 18431.4
3037 90802 18433.2
3038 92000 18614.6
3039 92028 18902
3040 92521.2 19126.3
3041 93536.5 19226.7
3042 93592.6 19524.7
3043 94726.8 19250.3
3044 93618.6 19564.7
3045 94124.1 19589.5
3046 95067.4 19831
3047 95213.9 19884.4
3048 95424.9 20011.3
3049 96454.6 19850.6
3050 95789.1 19224.2
3051 96418.9 17579.1
3052 93765.9 18136.3
3053 92259.1 17833.5
3054 92960.6 17438.1
3055 90554.1 18046.6
3056 90379.3 18308.7
3057 91493.2 19201.3
3058 91851.9 19046.7
3059 91595.8 17944.8
3060 91902.8 18112.9
3061 90613.3 15922.2
3062 91524.1 16277.1
3063 91819.9 16732
3064 91451.2 16222
3065 92796.3 15609.3
3066 92181.1 16320.6
3067 93172.4 16181.9
3068 92853 15888.1
3069 91884.4 16135.7
3070 91669.2 15787.3
3071 91901.3 16227.2
3072 92261.1 16559.1
3073 92729.4 17135.5
3074 93728 16432.4
3075 93706.1 15717.9
3076 94785 15540.9
3077 94930.5 15589.7
3078 94672.6 15854
3079 94216.3 15819.3
3080 95242.1 15882.8
3081 95681.8 16402.9
3082 94090.2 16723.8
3083 95098.6 16876.8
3084 94959.4 16919.6
3085 93740.9 17011.8
3086 92239 16462.4
3087 93892.6 19334.4
3088 93170.9 20081.8
3089 93561.6 20696.6
3090 93237.4 20144
3091 93637.6 20453.7
3092 93564.2 19945.3
3093 93883.8 19917
3094 93177.2 19403.8
3095 93005 19375
3096 92459.4 19521
3097 91505.7 18562.4
3098 91592.3 18834.6
3099 92393.5 19809.7
3100 92491.7 20428.2
3101 91537.2 20311
3102 91693.8 20315.7
3103 92194.3 20428.4
3104 92320.3 20428.7
3105 92574.2 20381.7
3106 92425.4 20349.2
3107 92325.8 20330.3
3108 93954.2 19448.2
3109 93846.5 19645.5
3110 92721.5 20039.1
3111 92457.3 19580.1
3112 92855.7 19472.9
3113 93182.4 19574.4
3114 93072.6 19150.7
3115 93909.7 19252.5
3116 93089.1 18926.5
3117 93061.2 18434.2
3118 93399.9 18584.9
3119 92437.9 18610.1
3120 93670.3 18761.1
3121 92694.2 18751.4
3122 94225.7 18318.8
3123 95634.1 16943
3124 93908 16660.2
3125 93904.6 17169.6
3126 93966.7 17427.6
3127 92845.1 18279.8
3128 93707.2 18460.7
3129 93300.6 18224.3
3130 95588.6 19450.9
3131 95093.8 19208.5
3132 95413.7 19032.8
3133 95923.1 19268.9
3134 96507.9 20011.8
3135 96407.4 19887.8
3136 98787.8 21995.9
3137 97546.7 21357.7
3138 96424.8 20977
3139 96473.7 20620.6
3140 95484.3 20409.8
3141 96085.5 20425.7
3142 93885.4 19354.5
3143 93122 19242.7
3144 92228.7 18616.4
3145 94672.8 19228.6
3146 93519.9 19750.3
3147 92150.5 19259.1
3148 91169.6 19828.5
3149 91531.4 20248.9
3150 92068.6 20607.6
3151 92056.7 20694.2
3152 92507.3 20567.3
3153 94237.7 20155.1
3154 92060.1 20102.8
3155 92545.3 20286.6
3156 94024.2 20159
3157 93017.5 19820.7
3158 92194.8 19736.6
3159 91389.2 20040.9
3160 89889 19745.4
3161 89623.7 18229.2
3162 88306.9 18350.8
3163 87189.2 20147.6
3164 87627.3 21315.9
3165 87826.8 21569.3
3166 91451.5 25462
3167 92555.9 25410.9
3168 93575 25414.6
3169 94258.7 25338.9
3170 93732.1 24738.7
3171 92590.5 25297.8
3172 91663.8 21701
3173 91070.4 21703.1
3174 93749 25809.3
3175 94533.7 25551.8
3176 94255.8 25507.9
3177 95329.6 24256.2
3178 91070.2 20553.1
3179 92564 21124.7
3180 96264.6 24830.5
3181 97527.6 25122.4
3182 97256.2 25128.5
3183 94983.5 25423.7
3184 93611.5 26134
3185 94910.6 26207.2
3186 96210.7 26052.1
3187 96585.2 25805.3
3188 97322.8 25666.7
3189 98698.9 25720.1
3190 97961.1 26150.4
3191 96825.9 26271.8
3192 98131.2 25926.6
3193 96352.1 26902.9
3194 98187.3 26623.6
3195 98851.5 25789.6
3196 100050 25981.6
3197 98611 25805.3
3198 95041.4 22424.7
3199 97593.2 26143.9
3200 97075.3 26007.7
3201 94893.2 22693.8
3202 94849.9 23178.6
3203 96640.4 27028.2
3204 96218 27855.8
3205 96771.1 27804.5
3206 95846.5 27877
3207 94078.6 28014.7
3208 91741 25863.9
3209 93209 26338.2
3210 92044.6 25350.2
3211 94378.6 27036.4
3212 93651 26258.1
3213 93349.6 26340.6
3214 93036.2 25436.7
3215 92463.4 25265.7
3216 91486.9 24636.3
3217 91676.1 25609.3
3218 92648.9 25915.2
3219 94433.4 26958
3220 94484.9 26519.8
3221 96159.8 24382.7
3222 96006.7 23924.1
3223 95327.1 26112
3224 94664.8 25061.2
3225 95751.1 24190.6
3226 96006.3 23249.7
3227 96550.6 24711.8
3228 95525.9 25376.3
3229 96014.5 25361.4
3230 97205.1 27834.1
3231 95212.7 27034.1
3232 94151.7 27010
3233 91443 26065.9
3234 90203.5 25457.4
3235 89221.2 29823.5
3236 88240.8 28007.3
3237 86605.7 26202.9
3238 87608.6 25857.7
3239 87379.9 25533.7
3240 90162.6 26286.2
3241 89751.4 25786.3
3242 88779.5 25508.1
3243 88681.9 24961.8
3244 89207.2 23579
3245 89638.8 22172.4
3246 90405.3 22127.9
3247 88194.9 21578.4
3248 87770.3 20563.3
3249 84537 18006.3
3250 86721.8 20403.3
3251 90538.2 20016.4
3252 88478.6 20599.6
3253 89092.9 20760.2
3254 88475.7 20575.3
3255 86685.6 20124.1
3256 88408.1 19717.2
3257 87629.8 19565.3
3258 85986.6 19438.1
3259 85259.6 19910.6
3260 84489.1 21445.1
3261 83826.7 22537.1
3262 83956.9 22125.1
3263 83980.7 23015.3
3264 82277.8 23693.7
3265 81442.5 23855.6
3266 80335.7 23433.8
3267 82419.1 24013.4
3268 82932.4 24212.4
3269 83449.4 24581.8
3270 84231.2 24327.8
3271 83940 23193.9
3272 84160.2 23037.2
3273 85584.1 23819.5
3274 86649.4 19563
3275 87414.3 18603.4
3276 87352 19177.1
3277 86569.7 18488.6
3278 87053.7 18280.2
3279 89920.3 18981.7
3280 91873 19820.7
3281 89051.6 19012.2
3282 90012.5 19598.7
3283 86491 18483.4
3284 88453.6 18470.8
3285 88006.1 21290.6
3286 86498.8 20516.5
3287 86400 19966
3288 82894.1 18752.7
3289 83383 18597.6
3290 84340 18575.9
3291 85455.4 17707.7
3292 85729.2 19398.4
3293 85405.4 20706.4
3294 85302.2 21183.1
3295 86122.3 21218
3296 86155.8 21043.4
3297 83661.8 19635.6
3298 83477.8 19544.9
3299 82068.3 18862.3
3300 81939.7 18912.4
3301 79481.4 18060.6
3302 78007.5 17738.9
3303 77140.2 17188.1
3304 77346.9 16888.4
3305 77682.1 16087.4
3306 77358.9 16158.7
3307 78212.9 17017.1
3308 77207 17564.9
3309 78880.1 17705.1
3310 81357.2 16315.1
3311 81882.7 16182.9
3312 82163.2 16279.1
3313 77433 16214.9
3314 75161.8 16183.4
3315 72863.9 15908.8
3316 74225.7 15793.8
3317 72923.4 17427.8
3318 75932 15569.2
3319 74677.4 16975
3320 70221.4 18702
3321 67662.2 16644.7
3322 66093.5 15490
3323 66737.9 15857.7
3324 64147.6 15313.8
3325 66300.3 15650.8
3326 66613.7 16256.5
3327 64425.8 15288
3328 68366.9 13672.3
3329 63985 13846.9
3330 63199.3 13647.8
3331 63810 13171.8
3332 65203.4 13376.1
3333 62311.2 14103.6
3334 66437.3 13712.1
3335 62489.6 13588.7
3336 66450.8 13611.5
3337 64538.8 14794.8
3338 63059.8 14546.5
3339 64186.2 14181
3340 67050 13907.2
3341 67433.4 14737.4
3342 69322.8 14569.3
3343 69886.1 14627.9
3344 68781 15072.1
3345 68243.8 14347.7
3346 64920.8 15191.9
3347 67148.1 15013.9
3348 65915.2 14627.3
3349 66539.6 14225
3350 68687.3 13256.7
3351 65509.4 14161
3352 65703.4 15136.1
3353 66571.3 15436.2
3354 65917.4 14757.5
3355 63070.9 15020.7
3356 63663 15745.5
3357 65389.9 16750.4
3358 65805 17070.4
3359 66535.1 17026.3
3360 65615.2 16804.1
3361 67060.1 16955.3
3362 65498.5 19365
3363 63449.8 18620.8
3364 67537.1 17970.1
3365 62528.1 18613.9
3366 63310.5 18985.9
3367 62602.3 18085.6
3368 64337.8 18168.1
3369 60176.7 17562.3
3370 65283.7 16425.9
3371 61313.9 17593.7
3372 63275.8 16204.6
3373 63899.3 16812.5
3374 64770.8 16934.4
3375 61636.5 15645.3
3376 61482 15676.4
3377 62855 15944.6
3378 61854.2 15808.5
3379 60543.2 16062.4
3380 59854.2 16122.9
3381 62954.4 16079.8
3382 64350.6 15417.7
3383 63578.7 15704.8
3384 61740.9 14764.3
3385 64285.4 15577.8
3386 65107.3 17029.3
3387 64380 16677.5
3388 68898.3 16020
3389 66371.2 16582.1
3390 67571.8 17077.9
3391 68703.3 17734.5
3392 71094.6 18725.8
3393 72745 19301.9
3394 73011.4 19594.6
3395 71217.4 18431.1
3396 71765 19124.1
3397 72830.2 20116.2
3398 70905.5 18930.3
3399 72098.2 20070
3400 73237.9 20532.8
3401 69623 19507
3402 73200.4 18034.8
3403 71423.9 19511.8
3404 75503 17515.4
3405 74262.7 18039.9
3406 73640.2 20462.8
3407 74181.4 22946.6
3408 71367.2 21293.7
3409 73807.2 22231.9
3410 72794.1 21286.7
3411 72659.8 21132.9
3412 73247.6 17337.6
3413 73985.6 17742.9
3414 71425 16468.2
3415 72401.8 16962.9
3416 75385.6 17591.5
3417 74105.2 16931.5
3418 72542.6 16028.6
3419 75980.8 15925
3420 73256.8 16309.9
3421 74232.8 16751.7
3422 74318.9 16682.8
3423 74313.3 16778.6
3424 75523.4 17337.4
3425 75863.6 17728.3
3426 74704.3 19226.4
3427 75265.3 18742.7
3428 75927.5 19706
3429 77794.4 16732.8
3430 77893.6 17101.7
3431 73388.9 17330.2
3432 73445.8 16659.9
3433 74885.9 16668.1
3434 73029.6 18024
3435 73125 17684
3436 76778.2 17110.5
3437 75553.5 18658.9
3438 74435.8 19460.8
3439 77596.6 17844.3
3440 76287.9 18918.5
3441 73934.6 18937
3442 77405.1 18469.2
3443 73993.4 16749.8
3444 75427.8 17167.9
3445 75993.3 15732.8
3446 76500.7 15501
3447 78405.3 15443.7
3448 80933.8 15969.9
3449 81552 16233.2
3450 80735.7 15621.3
3451 79588.4 17283.7
3452 81190.1 17775.9
3453 80341.2 17089.4
3454 81670.8 17054.3
3455 81512.7 17986.4
3456 82515.3 17132.2
3457 79496.8 16989.9
3458 83692.6 16726.2
3459 80584.6 17837.1
3460 79683.7 18974.7
3461 79313.3 19815.4
3462 84409.9 20130.9
3463 79478.5 20118.2
3464 84666.7 21106.5
3465 82301.3 21551.6
3466 86555.7 22125.5
3467 86508.6 22196.7
3468 90022.9 22611.9
3469 88582.7 21241.1
3470 92987.1 23478.1
3471 91376.2 21039.3
3472 92684.4 20343.7
3473 91393 20038.7
3474 87674.4 20586.5
3475 88963.4 20468.6
3476 89195.2 20012.6
3477 87810.6 20588
3478 84272.1 23298.3
3479 86549 22864.9
3480 86451 22578.2
3481 88618.7 21447
3482 89531.1 23304.3
3483 89240.2 24666.6
3484 86521.4 23331.9
3485 85189.3 22130.9
3486 87073.8 18839.2
3487 86620.2 18338.4
3488 88315.3 18956.9
3489 88813.3 18697.9
3490 88933.4 19520.9
3491 89240.5 19391.6
3492 86452.8 19877.3
3493 85674.8 20477.4
3494 84656.7 19612.5
3495 87728.6 19415.2
3496 87181.3 19068.8
3497 87426 18706.7
3498 87993 19384.5
3499 85797.6 19537.9
3500 87949.5 19389
3501 84777 19108.7
3502 84410.6 18251
3503 83973.8 18613.5
3504 88236.7 20114.7
3505 87977.4 20509.8
3506 89439.4 21324.9
3507 89685.2 21781.5
3508 89766.9 20762.5
3509 91248.5 20459
3510 90113.1 20676.9
3511 91930.8 22067.8
3512 93116.3 23379.5
3513 93120.8 22142
3514 94242.3 21759
3515 94489.7 22063.7
3516 96722.9 22373.3
3517 98617.3 24857.3
3518 99281.8 24937.5
3519 96239.5 23931.7
3520 97733.5 21519.5
3521 95297.1 19957.6
3522 96762.9 21540.3
3523 95902.5 21651.1
3524 96288.6 20243.6
3525 96657.6 20855.9
3526 96513.8 18500.8
3527 93321.1 19632.7
3528 94018.7 18024.8
3529 95375.3 16725.1
3530 94242.7 16753.1
3531 92985.1 17094.6
3532 93408.1 16463
3533 93776.4 16906.8
3534 95483.3 18412.8
3535 97667.8 18438.1
3536 97117.5 18958.8
3537 96624.6 16665.2
3538 97150.2 16620.1
3539 98158.4 17231.7
3540 97584.1 16962.7
3541 98597.6 17637.8
3542 95928.8 17294.7
3543 95818.4 16884.9
3544 98088.5 16800.4
3545 97927 17667.8
3546 95918.5 17743
3547 96289.8 17299
3548 97624.3 17210.8
3549 98795.9 16829.9
3550 96223 18405.3
3551 97718.3 17998.2
3552 98559.6 17267.6
3553 96778 18786.3
3554 95475.4 19582.4
3555 97005.4 19111.8
3556 97725.3 16296.8
3557 100756 15995.7
3558 101320 17809.5
3559 100965 17309.6
3560 100117 16645.2
3561 101043 15713
3562 99860.3 17052.7
3563 101560 16554.5
3564 101589 15985.4
3565 103133 16740.2
3566 104226 15437.8
3567 103746 15284.2
3568 102727 15333.4
3569 99130.9 15205.3
3570 99693.3 14955.4
3571 98853.8 15092.9
3572 98614.9 15296.9
3573 96800.2 15835.5
3574 94477.3 14938.7
3575 97041.5 15165.9
3576 97597.2 15141.1
3577 98643.3 14767.5
3578 98357.5 14572.6
3579 97551.2 14681.7
3580 97824.2 14526
3581 100136 14671.1
3582 99411.3 14693.9
3583 99704.4 14937.4
3584 99136.1 14806.8
3585 100977 14711.6
3586 98275.5 14266.3
3587 97309.6 15392.3
3588 97130.1 14752.5
3589 97842.5 14975.6
3590 96142 14656.9
3591 98123 13949.5
3592 96452.6 16299.6
3593 98012.7 17732.1
3594 97619.1 18330.6
3595 97019.4 16670
3596 100989 15862.5
3597 99716.2 18914.3
3598 99995.7 15360.4
3599 97935.7 17839.8
3600 98776 14735.9
3601 99503.8 15457.1
3602 97656 14504.2
3603 98543.4 15388.4
3604 99324.9 16996.7
3605 99627.5 15503.3
3606 97331.6 16587.5
3607 97303.8 17122.4
3608 100550 17775.3
3609 100669 16766.6
3610 97553.5 16275.9
3611 97984.4 15787
3612 99148.8 15610.8
3613 100695 17502.6
3614 101962 17348.5
3615 102525 16948.4
3616 102777 21775.2
3617 101900 21457.1
3618 102321 22200.8
3619 103479 21973
3620 104707 21069.5
3621 103276 22203.3
3622 102640 21424.2
3623 102893 21325
3624 103960 17649.8
3625 105055 15162.2
3626 107040 13996.6
3627 106655 13686.3
3628 106564 13582.8
3629 106752 14747.2
3630 108219 15179.5
3631 108853 14803.7
3632 110948 15436.7
3633 108974 13602.1
3634 109566 15765
3635 108395 12869.2
3636 106883 13882.3
3637 107899 14568.7
3638 109664 13134.4
3639 109964 14471.7
3640 110153 14834
3641 110417 13679.3
3642 108436 13772.4
3643 107719 13803.7
3644 106126 13298.5
3645 106375 13358.6
3646 106098 13430.9
3647 106292 13513.7
3648 108137 14787.4
3649 107227 13022.6
3650 109859 14079.3
3651 112202 13442.9
3652 110168 14794.6
3653 108247 13524.9
3654 108002 14100.8
3655 108250 13951.8
3656 107779 13461.3
3657 107118 13021.7
3658 107530 12649.5
3659 108943 12841.7
3660 107842 13657.7
3661 108774 15298.7
3662 107525 15580.6
3663 110168 13570.6
3664 109732 13960.4
3665 108389 16812.8
3666 108368 15499.6
3667 108427 13691.7
3668 110195 13860
3669 109700 13391.2
3670 108338 14346.7
3671 107807 16762.9
3672 108192 16545.5
3673 108457 15242.2
3674 110198 14137.6
3675 110058 16033.8
3676 109236 18523
3677 107806 16475.4
3678 106658 17344.9
3679 107922 15577
3680 107070 15070.7
3681 108269 15784
3682 107585 14983.3
3683 107650 15102.1
3684 106152 15708.3
3685 105891 14062.7
3686 106127 15692.8
3687 104784 15280.8
3688 104833 18056.6
3689 106779 16618.6
3690 107509 15325.5
3691 104954 21710.3
3692 103373 23084.4
3693 103980 24123.2
3694 102418 24432.8
3695 101851 24024.5
3696 101117 19365.2
3697 100021 17883.1
3698 97357.8 16837.8
3699 96494.1 15884
3700 95788.2 15933.3
3701 95647.8 15579.5
3702 93238.6 15500.4
3703 92977.4 16107.6
3704 92139.2 19993.9
3705 93915.1 19020.6
3706 93112.1 18809.1
3707 92955 19122.4
3708 91684.7 17564.4
3709 92100.7 17526.2
3710 92598.1 17874
3711 91343.3 17054.3
3712 89964.9 17330.6
3713 88306.6 17816
3714 86891.9 16215.3
3715 85415 16242.4
3716 84421.1 16643.2
3717 85706.5 15000.2
3718 85942.1 15001.9
3719 88892.2 17047.7
3720 90603.7 18077.1
3721 88628.4 17769.2
3722 87574.5 17423
3723 89410.7 16711.9
3724 88142.1 15666.6
3725 91249.2 17021.7
3726 90200.9 18262.7
3727 89575.3 17625.5
3728 93109.7 17701.6
3729 92441.2 17435
3730 94034.6 18502.1
3731 90909.3 17640.9
3732 90219.3 15431.5
3733 91697.7 15988.6
3734 91055.5 15610.3
3735 91100.5 17549.7
3736 91860.4 17413.7
3737 90950.1 15563.4
3738 89643.6 17676.8
3739 91117.5 18116.1
3740 90303.4 17639.4
3741 89970.1 18066.8
3742 90296.3 17635.2
3743 88124 16956.2
3744 86701.3 17165.7
3745 86996.3 17466.8
3746 84853.9 18039.8
3747 84338.4 18474.5
3748 83839.9 17979.5
3749 82607 15729.5
3750 82175.2 15845.8
3751 81291.2 17132.2
3752 83125.8 17808.5
3753 82190.2 14279.1
3754 82075.7 12868.4
3755 82668 13292.2
3756 82670 13627.8
3757 84712.2 14671.7
3758 85499 15021.8
3759 85229.6 15856.2
3760 85230 14905.7
3761 85261.3 13882.5
3762 84607.3 13868.1
3763 84335.3 15234.8
3764 86541.3 14263.3
3765 85560.5 14491
3766 85298.4 14464.8
3767 84537.9 14397.6
3768 85195 14074.5
3769 86664.6 11304
3770 85942.1 12060
3771 86076.8 11082.5
3772 85965 12792.9
3773 84765.3 15724.3
3774 84202.8 15492.8
3775 84747.1 15196.9
3776 85241.8 13656
3777 84793.3 14757.4
3778 83392.9 10724.5
3779 81194.9 9894.3
3780 82033 13159.1
3781 82262.9 12490.5
3782 81757.8 13515.2
3783 81288.9 9711.52
3784 80262.5 9321.48
3785 79652.7 8724.86
3786 79472.2 9033.65
3787 79691.8 9490.28
3788 81501.6 10533.2
3789 81707.2 10667.2
3790 81871.5 11013.3
3791 82941.8 11270.2
3792 82860.5 12017
3793 82063.8 11721.7
3794 83211.7 12026.7
3795 82249.7 11976.6
3796 81562.7 12745.9
3797 80052.2 11092.6
3798 82124.5 10712.1
3799 81612.6 14567.3
3800 81713.3 14731.4
3801 82328.1 15169.8
3802 82908.9 15929.6
3803 82975 15810
3804 82778.4 15897.1
3805 82629.8 15474.9
3806 83216.3 12888.4
3807 84799.6 11990.8
3808 83860.5 11244.4
3809 80664.6 11711.2
3810 79065.4 11273.7
3811 84312.9 11034.5
3812 84936.4 11052.6
3813 85272 10615
3814 84410.9 10941
3815 84113.5 11710.7
3816 83023.4 11373.2
3817 82920.3 10695.2
3818 83953.3 11275.4
3819 79460.2 11660.2
3820 82585.1 13217.6
3821 79799.6 13840.7
3822 79291.3 13744.3
3823 79736.3 13116.5
3824 80251.4 13133.2
3825 81144.1 12262.4
3826 81951.4 11501
3827 84055 11201.8
3828 84037.8 10680.3
3829 84554.6 10753.6
3830 87438.9 10421.5
3831 87305 10448.7
3832 85696.4 8433.17
3833 87063.5 7967.55
3834 87363.1 8630.39
3835 86703.7 8456.77
3836 89324.3 7856.24
3837 90192 8184
3838 89211.1 7738.05
3839 89489 7986.71
3840 88452.3 8101.45
3841 88799.5 9160.19
3842 89068.9 9227.5
3843 86721.1 8749.94
3844 90773.7 9694.5
3845 85911.8 8579.47
3846 88444.2 9452.91
3847 87888.5 10363.9
3848 88918.8 10073.2
3849 89246.3 9797.78
3850 91126.2 11104
3851 90481.6 11517.5
3852 86409.5 9685.67
3853 86803.6 9759.12
3854 89172.8 9950.19
3855 90381.1 10847.7
3856 91570.3 10903.4
3857 92064.8 11063.6
3858 91130.1 11147.2
3859 91058 9722.69
3860 88828.6 9208.1
3861 91420.7 10089
3862 88970 10203.2
3863 91798.3 10009.3
3864 93025.8 10897.3
3865 87406.9 10214.7
3866 87943.8 10370.7
3867 90810.6 10421.4
3868 91021.3 9769.59
3869 93858.5 10157.1
3870 95284.2 9876.14
3871 95440.4 10118.7
3872 96791.5 10693.1
3873 96924.7 10911
3874 95641 10384.9
3875 96650.1 10751.5
3876 98643.8 10765.6
3877 99484.7 10475.6
3878 100317 10457.8
3879 101090 11875.5
3880 102561 11994.9
3881 102828 12304.8
3882 101246 11389.9
3883 100781 9847.35
3884 100380 10385.8
3885 100848 13795.9
3886 98404.4 14250.7
3887 98332.4 14759.9
3888 97449.6 12189
3889 96576.5 12442
3890 97564.2 13297.7
3891 99440.4 12736.5
3892 101322 13168.7
3893 100357 12049.3
3894 98668.8 12637.6
3895 98419.3 14430.4
3896 97810.9 13530.7
3897 104128 15669.4
3898 103985 13989.1
3899 103156 13330.2
3900 102477 13823.6
3901 103695 14480
3902 106693 13586.1
3903 106705 12974.5
3904 106678 12303.5
3905 109382 16581.5
3906 106604 15222.1
3907 106700 15815.5
3908 107600 16319.8
3909 107764 15770.4
3910 105349 14195.9
3911 106645 12668.6
3912 105193 13258.6
3913 105950 12688.5
3914 103638 11791.6
3915 105170 11908.4
3916 104711 11937.4
3917 105726 13989.6
3918 109211 14583
3919 110606 13060.9
3920 108833 13207.7
3921 104824 14599.9
3922 112110 15509.6
3923 114458 17365.2
3924 112294 19080.9
3925 110550 18001.6
3926 109799 18642.7
3927 113055 15328.9
3928 109169 15689.7
3929 110946 14555.2
3930 107012 13468.3
3931 107331 14886.4
3932 105732 12419.8
3933 105054 18873.9
3934 104465 12984.2
3935 104456 17143.2
3936 105468 17684.5
3937 107213 11871.6
3938 104231 12999.3
3939 103623 11477.4
3940 103905 11414.5
3941 101227 11249.5
3942 100569 11710.3
3943 95974.5 11559.4
3944 94836.5 9980.52
3945 99795.4 12988.8
3946 104534 15458
3947 105656 14351.7
3948 102536 13680.2
3949 103533 14993.7
3950 104025 13995.8
3951 103621 13195.8
3952 102544 13416.7
3953 102436 12915.6
3954 97895.6 11848.8
3955 100743 12888.3
3956 103094 14170.4
3957 101357 15220.2
3958 102397 14079.1
3959 102460 16627.5
3960 101904 17524.8
3961 99674.9 17705.2
3962 94447 11604.2
3963 100239 16243.5
3964 99238.3 16747.8
3965 96406.1 16559.2
3966 97105.1 17620.6
3967 96787.1 18085.5
3968 95918.3 18730.4
3969 97081.1 18491.1
3970 94060.8 19098.4
3971 96791 18878.6
3972 96813.8 18814.1
3973 95602.1 16452.8
3974 97950 19960.6
3975 96953 20186.9
3976 101465 19770.7
3977 97886.6 20072.7
3978 94648.9 20057.8
3979 95588.8 19177.7
3980 95202.7 18490.6
3981 91668.8 20843.2
3982 90607 20520.5
3983 99442.9 21034.9
3984 96486.4 19878.8
3985 95993.7 19677.3
3986 90308.1 15933.2
3987 91419.4 16578.2
3988 90141 20805.8
3989 96218.3 20959
3990 93723 20480.4
3991 94036.7 21279
3992 89549.3 17106.3
3993 85720.2 14445.9
3994 86112.7 14849.1
3995 86626.4 15351.3
3996 84403.2 15783.6
3997 80435.2 14948.4
3998 68965.1 13558.8
3999 70995.9 15051.2
4000 71877.5 15370
4001 68189.7 13270.8
4002 67408.8 12781.9
4003 67635 12774
4004 57657.6 11528.2
4005 60892 10144.7
4006 61850.3 10413.6
4007 60158.7 10650.4
4008 59158.9 11034.5
4009 56853.3 10021.6
4010 55425.9 9437.72
4011 63337.7 10857.7
4012 56067.5 10148.1
4013 62390.5 10651.8
4014 62062.1 10200.3
4015 58288.4 9927.4
4016 60620.5 10073.6
4017 64700.9 11039.2
4018 65150.7 11144.4
4019 57384.4 10524.1
4020 58246.4 10430.8
4021 63712.7 11615.9
4022 59425.7 11145.1
4023 56184.6 10197
4024 56462.5 9861.05
4025 67612.4 13352.1
4026 62988.4 11701.4
4027 61251.3 11431.6
4028 62677.1 11200
4029 65620.6 12282
4030 59097.9 11861
4031 58612.1 11918.3
4032 69137.8 13274.3
4033 62946.7 9723.77
4034 66868.8 11693.8
4035 60706.7 11291.9
4036 67182.5 11383.7
4037 61052.9 11611.2
4038 61244.8 11891.6
4039 58894.8 11416
4040 60165 11204.8
4041 65629.5 10603.9
4042 60759.5 10810.9
4043 60475.6 11545.6
4044 63060.3 11227.9
4045 60855.7 10738.2
4046 61350.9 11350.1
4047 62926.7 12413.7
4048 64233.8 12967.8
4049 67254 12218.1
4050 63905.3 12787.2
4051 62218.3 12656.1
4052 62499.7 12155.6
4053 62342.9 11765.9
4054 64385 12270.6
4055 65341.4 12037.9
4056 64856.8 11728.9
4057 66175.6 11741
4058 66252 11695.3
4059 66560.4 11470.2
4060 65913.8 8975.16
4061 67378.6 8517.26
4062 67471.8 8719.4
4063 68426.3 8509.41
4064 70431.4 8843.43
4065 71756.9 9309.24
4066 65951.7 8732.1
4067 66728.1 9141.94
4068 73868.9 9313.62
4069 74946.3 11503.3
4070 77967.2 10942.9
4071 82931.3 13705.3
4072 85286.9 10758.1
4073 86074.8 10673.3
4074 90625.9 12433.8
4075 94251.2 17824.2
4076 91908.5 12166.1
4077 89028.6 11987.4
4078 96925.1 17906.8
4079 91879.8 14275.1
4080 96017.6 16401.6
4081 90110.1 10798.7
4082 94482.8 15760.9
4083 86356.2 11241.9
4084 75580.6 10094
4085 81312.5 9480.52
4086 76183.2 10506.7
4087 83509.3 10170.6
4088 81226.5 9529.15
4089 80226 9657
4090 84965.3 9947.47
4091 83950.5 10450.4
4092 84249.2 11498.8
4093 87248.6 13745.7
4094 81427.1 8810.72
4095 82957.9 11024.4
4096 80564.4 10023.2
4097 80932.8 10198.8
4098 73625.1 10840.8
4099 73188.8 10986.6
4100 72449.7 10890
4101 76272.6 10478.7
4102 73059.7 10987.3
4103 74227.2 11742.6
4104 78111.4 11247.2
4105 78058 10243.6
4106 72419.8 11361.7
4107 76019.3 9770.13
4108 74829.3 10032.2
4109 80729.3 10461.6
4110 71935.4 10561.8
4111 79028.2 10271.5
4112 74621.6 9985.85
4113 81192.5 11110.6
4114 77362.3 11028.7
4115 84039.2 13111
4116 77120.1 10764.1
4117 80380.5 11070.1
4118 88589.1 13478.6
4119 83484.9 12198.8
4120 86141.5 13505.9
4121 83606.6 12032.4
4122 78340.2 10164.7
4123 86005.1 14691
4124 76648.9 10366.5
4125 79227.5 10883.8
4126 77312 10519
4127 72260 10370.1
4128 79095.3 13110.6
4129 73523.6 10530.6
4130 77254.6 13368.7
4131 70584.2 9899.61
4132 79602.1 13205.2
4133 81505.3 14908.8
4134 73342.9 10599.6
4135 75450.6 11435.2
4136 77695.9 11956.9
4137 82391.9 16651
4138 77934.5 11104.1
4139 80509.9 12823.1
4140 79693.5 12432.4
4141 78499.1 11254.6
4142 77407.7 9667.31
4143 73433.8 7735.1
4144 73099.4 7940.81
4145 73550.8 8623.95
4146 73015.5 8669.91
4147 70413.2 7080.97
4148 67278.1 6372.78
4149 65347.9 6281.49
4150 69159 5872.38
4151 70862.9 5207.18
4152 74415.5 7267.07
4153 74500.7 6122.71
4154 75091.6 5595.81
4155 72088.9 6250.8
4156 74539 6632.64
4157 71137.4 6009.77
4158 75712.4 5994.87
4159 72699.7 6034.21
4160 75140.8 6196.62
4161 80920.2 11026.4
4162 81452.5 11018
4163 77774.6 7852.93
4164 76873.8 7916.58
4165 83732.7 10833.4
4166 82046.7 10713.6
4167 74826.6 6406.23
4168 73743.5 6938.19
4169 75645.9 6884.35
4170 78432.5 7309.73
4171 84360.4 10462.5
4172 86106.8 10436.1
4173 86337.7 10456.7
4174 83806.9 10713.1
4175 86128.3 10498.5
4176 83902 11423
4177 78948.2 8822.89
4178 77771.4 9167.84
4179 76537 7946.51
4180 77893.7 9606.53
4181 83056.7 14022.6
4182 74086.6 7918.56
4183 84553.7 12365.3
4184 81768.8 11241.1
4185 79329.9 11195
4186 80244.4 11784
4187 82996.4 10813.4
4188 73929.2 7482.76
4189 80584.9 11077.1
4190 76772.4 8011.97
4191 75400.2 7646.29
4192 74839.5 7937.06
4193 73774.1 7529.26
4194 75119 9321.78
4195 72433.6 8039.3
4196 68427.8 6911.97
4197 71323.6 7801.49
4198 68621.1 8056.95
4199 78147.9 11608.4
4200 79401.7 11612.1
4201 81932.6 12102.1
4202 83623.3 13273.4
4203 89138.9 14974.1
4204 80095.2 11600.9
4205 81094.9 11090.7
4206 84404.1 15387.8
4207 77486.6 8862.91
4208 88503 12544.4
4209 91710.2 20647.7
4210 88028.4 12696.2
4211 96535.8 16314.6
4212 94502.7 15957.5
4213 97654.7 21468.7
4214 95615.5 22043.6
4215 101326 21072.5
4216 98485.3 21548.8
4217 98811.4 16352.3
4218 97298.7 21748.1
4219 95033.2 15512.9
4220 105293 21884.8
4221 104358 18682.3
4222 105222 20945.8
4223 103668 21363.3
4224 112251 21643.5
4225 107523 20718.1
4226 106177 20149.7
4227 94371.4 15273.8
4228 96336.5 16193.7
4229 92135.2 14903.2
4230 96801 22957.4
4231 102843 16981.3
4232 91161.1 14601.7
4233 97552.3 16670.7
4234 85771.9 12114.2
4235 83610.8 12590.5
4236 80624.9 11034.9
4237 75358.1 9676.21
4238 79232.2 10440.4
4239 81515.1 11679.5
4240 82777.5 13020.2
4241 96023.2 17068.3
4242 90255.7 19770.3
4243 88324.1 17493.6
4244 87915.8 12935.6
4245 84959.5 14021.6
4246 78250.8 9264.58
4247 85323.3 11530.2
4248 77076.2 7736.09
4249 81866.9 12195.6
4250 77129.5 8962.4
4251 69323.1 5495.02
4252 68392 5346.1
4253 68499.8 5649.07
4254 67133.8 5516.81
4255 65289.4 4125.02
4256 65857.2 4417.42
4257 67598.5 3840.7
4258 66670.1 4538.07
4259 66704.5 5438.55
4260 67136.6 4277.21
4261 68155.2 5755.21
4262 65886.9 4561.03
4263 67318.9 3912.6
4264 66556.4 4001.47
4265 69060.8 5542.61
4266 68975.4 5463.87
4267 70476.2 5177.41
4268 69036.2 4668.41
4269 69234.9 4119.54
4270 68802.4 5010.96
4271 69119 4905.72
4272 69519.7 6383.9
4273 68697.9 5817.82
4274 69926.5 5799.82
4275 68455.3 6005.33
4276 67668.7 6247.4
4277 67889.2 5718.14
4278 66847.8 4305.63
4279 65913.1 3498.35
4280 66266.4 3761.62
4281 67522 4389.25
4282 67630.9 4943.28
4283 67639.3 4098.16
4284 66883.8 2984.76
4285 66956.1 2862.48
4286 64757.3 2019.11
4287 63537.6 1939.64
4288 63988.1 2155.79
4289 63833.7 2522.39
4290 66848 4616.01
4291 66789.9 4554.79
4292 67043 4854.43
4293 68143.4 5168.76
4294 66260.3 4684.66
4295 64552.2 3305.24
4296 66013.6 3371.83
4297 65301.2 3516.49
4298 63343 2745.01
4299 62816.1 2814.98
4300 63114 2976.83
4301 62274.4 2581.54
4302 62897.8 2956.37
4303 63583.7 3038.56
4304 63428.3 2945.35
4305 64208.9 3251.82
4306 62168.2 4078.36
4307 62402 4378.84
4308 63060.7 4177.04
4309 62566.3 4150.96
4310 63106.7 3827.65
4311 61882.7 4652.44
4312 62424.8 5330.58
4313 62393.8 5388.67
4314 61108.8 5332.96
4315 61443.9 5417.26
4316 61287.9 5448.5
4317 60020.2 5864.54
4318 59078 6033.49
4319 59023.1 5379.7
4320 58986 6323.71
4321 59039.6 5970.13
4322 59794.6 5698.34
4323 59223.2 5081.33
4324 60480.6 5131.93
4325 58751.8 5919.44
4326 58547.9 5338.97
4327 58973.1 6308.86
4328 58924.7 6194.5
4329 58118.5 4893.79
4330 59838.3 5219.71
4331 59688.6 5581.12
4332 59535.4 5714.18
4333 60341.6 5997.21
4334 59986.1 5910.65
4335 58426.7 6117.41
4336 59834.3 7270.72
4337 60247.4 6636.15
4338 63305.5 7234.01
4339 65682.3 7018.82
4340 65884 7167.53
4341 67563.5 6800.52
4342 68933.7 7103.99
4343 67042.1 7197.76
4344 69280.6 7525.03
4345 69008.6 6537.77
4346 67829.3 6863.41
4347 69649.8 5399.97
4348 68169 5845.05
4349 69245.1 7538.44
4350 67861.8 6136.85
4351 67604 7029.97
4352 66331.7 7018.29
4353 65731.3 6732.36
4354 65262.4 6582.67
4355 67709 6340.83
4356 67368.3 6188.89
4357 67219.4 6059.74
4358 66093.8 8034.84
4359 69198.8 7344.18
4360 71207.5 5355.9
4361 71691.6 7132.93
4362 72312.6 5651.76
4363 73653.5 7614.45
4364 72200.8 6330.63
4365 72031.7 8137.37
4366 74145.8 8886.79
4367 72729.6 9287.52
4368 75052.1 8076
4369 76000.5 8301.86
4370 73390.8 8559.4
4371 76588.4 7060.16
4372 74950 7065.83
4373 74758.2 7166.51
4374 73450.2 7554.44
4375 72601.5 7540.95
4376 71020.8 7768.45
4377 67237.1 7667.04
4378 69197 7315.18
4379 68990.4 7473.9
4380 70750.5 6660.34
4381 72689.1 6537.82
4382 73654.6 6641.25
4383 73726.9 6974.01
4384 76319.9 7116.18
4385 78251.9 7359.45
4386 79384.8 6927.58
4387 80486.8 6341.34
4388 79593.9 6820.3
4389 77729.7 7348.94
4390 73068.2 7800.49
4391 69800.9 8593.87
4392 70178 8433.58
4393 69119.5 8528.62
4394 69750 8148.63
4395 68238.6 8101.4
4396 66676.1 10777.4
4397 66033.8 8241.51
4398 64251.9 8338.41
4399 65495.7 8423.24
4400 62299.6 8206.41
4401 60942.5 8150.22
4402 57090.5 7868.64
4403 56919.9 7342.83
4404 55239.4 9655.09
4405 54669 6692.11
4406 56309.5 7604.74
4407 54958.4 7597.42
4408 56120.8 7816.2
4409 55470.7 8015.69
4410 55663.3 8532.67
4411 57140.9 8561.28
4412 57367.3 8799.55
4413 56274.8 8815.5
4414 55773.1 9097.48
4415 59478.7 9070.76
4416 59087.6 8864.57
4417 59002.5 9048.48
4418 60358.8 8935.33
4419 61027.9 8451.9
4420 59301.1 8572.87
4421 59006.1 11479.2
4422 61088.8 11959
4423 61077.6 12064.1
4424 58046.2 12125.4
4425 60467.6 11330
4426 64284.4 11408.6
4427 62316.2 11116.3
4428 60668.8 11002.7
4429 59596.3 11158.9
4430 58200.8 11682.4
4431 61044 11430.2
4432 62206.5 11426.1
4433 61622.6 11880.2
4434 57028.4 9461.23
4435 55040.6 12641.5
4436 50436.5 8630.33
4437 48443 11359.8
4438 46775.4 10931.7
4439 50674.6 8721.56
4440 51069.5 9417.55
4441 48210.9 9105.13
4442 47212.8 8503.67
4443 45219.1 8822.58
4444 43645.5 8408.26
4445 44695.5 8310.71
4446 44815.1 8717.74
4447 46980.7 8829.03
4448 49666.2 9699.1
4449 52447 10761.4
4450 56543.6 10834.9
4451 59256.5 10643.5
4452 59681.9 10789
4453 61540.6 14041.1
4454 61526.6 14074.1
4455 64030.6 14183.5
4456 69981.7 14117.6
4457 69818.8 14094.8
4458 70082.5 13951.8
4459 71388.4 13747.2
4460 69404.9 13525.1
4461 67575.4 13612.6
4462 70457.5 12656
4463 70518.4 13465.6
4464 72828.6 13649
4465 77148.7 12368.3
4466 75565.5 13343.6
4467 78795 12647.6
4468 79018.8 12107.8
4469 83135.1 11698.8
4470 82571.4 12204.4
4471 83069.7 12225.4
4472 81567 12686.1
4473 79497.8 12596.4
4474 80836.7 12301
4475 83351.5 12135.4
4476 77515.9 12739.9
4477 79552.9 12698.6
4478 79170.6 12705.5
4479 79352 12742.9
4480 83080 12526.9
4481 82898.1 10832.5
4482 82787.9 12039.9
4483 82096.5 11893.6
4484 85919.6 11395.3
4485 85449.3 8693.28
4486 86246 10498.8
4487 84876.6 10774.8
4488 85568.8 10418.9
4489 85801.4 7465.27
4490 84926.2 7238.47
4491 84124.7 7160.2
4492 82966.6 8005.29
4493 83435 7179.5
4494 84829.7 8023.39
4495 82102.6 7277.82
4496 81685.2 7485.45
4497 83784.8 6604.25
4498 83715.6 7221.66
4499 84931.7 6440.82
4500 87578.8 3732.41
4501 88974.2 2335.07
4502 89222.9 2612.17
4503 89535.1 2081.42
4504 89378.2 1934.33
4505 88895.8 2116.51
4506 88593.4 2769.4
4507 88736.8 2796.06
4508 87478.8 4098.26
4509 87667.5 4112
4510 87355.2 4384.45
4511 87912.9 3580.63
4512 86445.3 3838.51
4513 87536 2556.47
4514 86441.3 3517.79
4515 85378.8 3814.73
4516 85479.9 4355.03
4517 86430.9 3552.32
4518 87085.2 2612.15
4519 86530.5 2392.22
4520 86204.7 2536.36
4521 86055.6 3102.71
4522 85695 3348.42
4523 85970.6 3035.24
4524 86053.5 3079.4
4525 87686.7 2143.02
4526 87914 1767.95
4527 88430.7 1193.66
4528 88670.5 1843.63
4529 88697.5 1845.57
4530 88811.2 2582.79
4531 89705.8 1425.02
4532 90579 1832.16
4533 91350.3 2424.32
4534 91937.5 2365.05
4535 92389.6 3213.98
4536 91732.2 2432.39
4537 91898.4 3002.62
4538 92159.5 3213.75
4539 91539.8 2869.39
4540 92402.8 2886.86
4541 92195.5 2912.4
4542 91386 2228.27
4543 90618.3 2195.85
4544 90599.8 1896.1
4545 90252 1963.7
4546 91122.2 2411.37
4547 91728.2 2019.72
4548 91436.9 2352.81
4549 91771.4 2208.01
4550 90974.2 2406.54
4551 91075.3 2713.1
4552 90839.8 2798.47
4553 90918.4 3172.18
4554 90994.2 3457.2
4555 92109.8 3404.13
4556 92611.8 3857.69
4557 91840.4 3736.46
4558 90235.2 3086.33
4559 89542.7 3479.52
4560 89622.8 3084.98
4561 90630.5 2938.96
4562 87998.6 1516.06
4563 88048.3 2085.92
4564 89812 2568.02
4565 91443.9 2682.22
4566 91929.7 2940.85
4567 90952.9 2545.47
4568 90274.5 3075.03
4569 89392.7 3361.08
4570 90112.8 2491.14
4571 89666.9 1920.78
4572 90358.3 2291.47
4573 91269.5 1664.13
4574 90848.8 1685.2
4575 90158.3 879.791
4576 90371.7 1165.74
4577 90535 1694.82
4578 91942.3 1616.57
4579 92421.7 1571
4580 93239 1979.11
4581 92831.8 1573.82
4582 92925.8 1495.41
4583 92163.1 1567.08
4584 89597.4 2011.2
4585 89791.5 2260.14
4586 91191.8 2372.99
4587 93851.5 2373.74
4588 95047 1066.27
4589 93715.9 1594.89
4590 92557.2 2147.81
4591 90816.1 2601.48
4592 89822.3 2628.9
4593 89708.5 3149.33
4594 90786.5 2520.94
4595 90570.9 3237.61
4596 91211.2 3395.25
4597 91077 3182.93
4598 91381.5 3006.04
4599 93212.6 2588.36
4600 94640.9 2166.53
4601 97222.7 1043.42
4602 96168.1 1100.87
4603 98114.5 893.372
4604 98398.4 706.361
4605 97148.1 625.177
4606 96232.6 549.39
4607 95174.6 32.6507
4608 95302.4 49.1728
4609 94757 0
