0.4 -1.76616 7998500000
171.999 1.86267
1 11345454
2 16789098
3 18604604
4 21125174
5 21908919
6 23495977
7 24131863
8 25400218
9 25934963
10 26909373
11 27370978
12 28166947
13 28584861
14 29219866
15 29555520
16 30107617
17 30415698
18 30888474
19 31194205
20 31574985
21 31787016
22 32082926
23 32249979
24 32501451
25 32689910
26 32916581
27 33036295
28 33245252
29 33314091
30 33517431
31 33635261
32 33786016
33 33863546
34 33978042
35 34043662
36 34153037
37 34203908
38 34322192
39 34335128
40 34395693
41 34382812
42 34437262
43 34412113
44 34433762
45 34416349
46 34428963
47 34398125
48 34421312
49 34388480
50 34379532
51 34348450
52 34318435
53 34248357
54 34168850
55 34110713
56 34031050
57 33976813
58 33916116
59 33840074
60 33760442
61 33694986
62 33624255
63 33555926
64 33468133
65 33344064
66 33240618
67 33128281
68 33040551
69 32933423
70 32898809
71 32788049
72 32691716
73 32598157
74 32500815
75 32390657
76 32297737
77 32163529
78 32058949
79 31955906
80 31869242
81 31741039
82 31629188
83 31543238
84 31379750
85 31219090
86 31088202
87 30988762
88 30850608
89 30720084
90 30608653
91 30446245
92 30335080
93 30234633
94 30156545
95 30060903
96 29952702
97 29815884
98 29667247
99 29561773
100 29420378
101 29301824
102 29161413
103 29063056
104 28932268
105 28799431
106 28659132
107 28529490
108 28414711
109 28276300
110 28163515
111 28073761
112 27932730
113 27829881
114 27723314
115 27578110
116 27465503
117 27322293
118 27239950
119 27076536
120 26946180
121 26825984
122 26677794
123 26559000
124 26437503
125 26267923
126 26138208
127 25976848
128 25845336
129 25717221
130 25584628
131 25436899
132 25324732
133 25145709
134 25052023
135 24930407
136 24805687
137 24683913
138 24562139
139 24375994
140 24226579
141 24118540
142 24008432
143 23892785
144 23797077
145 23686298
146 23588404
147 23439023
148 23341055
149 23194584
150 23073777
151 22915364
152 22798495
153 22655836
154 22548269
155 22456246
156 22322486
157 22170331
158 22042972
159 21948664
160 21825617
161 21682637
162 21550302
163 21433140
164 21308146
165 21188943
166 21087823
167 20968577
168 20822408
169 20693205
170 20556059
171 20443298
172 20312014
173 20197936
174 20094762
175 19940608
176 19813758
177 19667502
178 19535307
179 19436256
180 19320652
181 19205017
182 19075320
183 18973659
184 18860379
185 18773085
186 18666499
187 18524993
188 18406010
189 18279587
190 18143310
191 18019191
192 17919009
193 17816560
194 17724901
195 17604826
196 17486922
197 17367032
198 17270936
199 17169359
200 17074990
201 16994701
202 16895834
203 16770640
204 16665466
205 16575291
206 16473735
207 16350513
208 16274738
209 16165041
210 16065971
211 15980915
212 15872990
213 15780828
214 15667175
215 15586067
216 15510583
217 15419899
218 15341413
219 15238673
220 15141222
221 15059197
222 14999041
223 14905685
224 14823304
225 14725091
226 14636449
227 14522647
228 14419079
229 14303946
230 14222455
231 14081398
232 13967714
233 13888442
234 13781743
235 13690335
236 13622177
237 13552691
238 13492872
239 13401169
240 13308902
241 13214900
242 13114756
243 13024983
244 12926165
245 12828479
246 12704017
247 12617462
248 12533423
249 12447988
250 12381400
251 12311320
252 12246303
253 12179468
254 12087576
255 12019044
256 11949213
257 11876566
258 11803617
259 11730465
260 11658163
261 11599599
262 11520468
263 11425406
264 11374244
265 11307501
266 11237782
267 11153620
268 11094411
269 11049283
270 10964008
271 10900810
272 10849631
273 10785056
274 10698318
275 10627664
276 10554377
277 10480141
278 10424238
279 10362293
280 10284399
281 10222404
282 10154312
283 10093809
284 10030832
285 9990565
286 9933939
287 9860560
288 9819167
289 9750971
290 9673905
291 9609055
292 9553744
293 9489916
294 9428002
295 9366678
296 9305876
297 9226190
298 9174358
299 9123718
300 9076975
301 9035921
302 8957612
303 8887387
304 8835420
305 8802860
306 8742302
307 8701320
308 8628326
309 8588976
310 8538561
311 8475673
312 8414863
313 8339269
314 8285639
315 8227738
316 8179691
317 8131407
318 8050064
319 8000421
320 7950070
321 7908508
322 7836795
323 7794525
324 7710949
325 7655789
326 7608836
327 7566822
328 7505592
329 7457465
330 7409249
331 7365092
332 7311153
333 7272496
334 7208975
335 7170477
336 7124260
337 7059677
338 7022625
339 6975474
340 6924854
341 6891100
342 6831185
343 6785588
344 6750750
345 6712026
346 6639244
347 6607151
348 6577416
349 6546119
350 6496419
351 6446994
352 6412002
353 6369121
354 6329851
355 6297685
356 6234461
357 6198607
358 6166765
359 6129283
360 6082115
361 6037008
362 5999095
363 5945613
364 5916957
365 5881874
366 5846418
367 5795591
368 5747849
369 5685744
370 5621651
371 5585227
372 5552872
373 5532318
374 5495988
375 5458350
376 5411692
377 5374842
378 5353274
379 5321108
380 5277965
381 5237003
382 5210582
383 5167764
384 5132416
385 5090939
386 5059201
387 5031309
388 5001874
389 4965238
390 4924684
391 4904737
392 4859805
393 4829272
394 4792831
395 4755796
396 4743194
397 4715544
398 4699116
399 4675636
400 4649192
401 4616741
402 4584003
403 4550738
404 4509347
405 4475429
406 4448766
407 4410444
408 4376392
409 4347885
410 4307710
411 4287290
412 4245451
413 4212082
414 4168492
415 4146233
416 4113169
417 4086101
418 4054329
419 4031453
420 4005374
421 3985822
422 3963401
423 3933016
424 3902562
425 3883583
426 3860035
427 3818757
428 3791019
429 3755919
430 3730801
431 3711422
432 3676963
433 3676017
434 3652502
435 3628464
436 3598299
437 3574181
438 3559861
439 3542888
440 3515438
441 3503947
442 3476368
443 3451376
444 3414132
445 3404754
446 3381232
447 3362361
448 3347230
449 3327799
450 3296467
451 3266626
452 3249243
453 3235687
454 3214750
455 3182871
456 3158256
457 3140496
458 3128297
459 3107415
460 3096705
461 3072755
462 3047171
463 3022598
464 3005084
465 2990703
466 2971551
467 2947925
468 2919688
469 2897523
470 2877650
471 2856508
472 2832190
473 2807622
474 2786736
475 2760004
476 2737452
477 2722978
478 2718856
479 2699537
480 2681173
481 2656157
482 2627805
483 2610805
484 2599211
485 2576099
486 2546665
487 2529172
488 2519431
489 2496875
490 2474412
491 2455540
492 2435761
493 2415570
494 2396206
495 2386692
496 2373709
497 2359260
498 2338458
499 2319304
500 2304841
501 2287382
502 2268116
503 2252975
504 2237735
505 2229032
506 2208992
507 2190203
508 2165353
509 2143880
510 2128213
511 2108438
512 2096539
513 2086414
514 2063653
515 2060433
516 2047376
517 2030473
518 2009930
519 1992907
520 1973945
521 1962390
522 1941890
523 1931574
524 1907398
525 1908888
526 1891736
527 1881605
528 1870625
529 1860595
530 1848738
531 1836648
532 1818700
533 1805490
534 1794506
535 1778086
536 1763106
537 1748036
538 1727174
539 1725431
540 1709309
541 1700361
542 1680869
543 1672220
544 1650983
545 1628911
546 1625370
547 1618171
548 1599200
549 1588080
550 1586990
551 1576639
552 1563355
553 1556629
554 1546094
555 1545905
556 1533092
557 1514317
558 1500313
559 1489885
560 1476876
561 1471015
562 1459717
563 1447101
564 1434265
565 1420579
566 1413392
567 1413545
568 1400507
569 1382701
570 1367445
571 1358096
572 1350981
573 1338487
574 1329445
575 1324288
576 1308354
577 1303409
578 1296354
579 1280791
580 1260703
581 1248955
582 1237035
583 1226928
584 1216636
585 1223010
586 1211615
587 1211645
588 1197017
589 1185382
590 1174813
591 1160755
592 1158149
593 1140308
594 1134976
595 1123335
596 1119630
597 1114144
598 1103857
599 1095938
600 1077286
601 1063590
602 1056936
603 1044034
604 1033937
605 1031327
606 1029193
607 1017054
608 1012242
609 1009567
610 1004942
611 1000369
612 993312
613 992728
614 983171
615 976385
616 973517
617 962676
618 959404
619 947605
620 951296
621 944424
622 939338
623 942591
624 935744
625 926929
626 919147
627 914141
628 906126
629 901480
630 891502
631 885168
632 871332
633 864979
634 857339
635 851914
636 840688
637 832688
638 827632
639 831803
640 826901
641 819384
642 809196
643 810016
644 808398
645 804263
646 797142
647 789520
648 786177
