0.9 -2.23621 23198500000
10379.5 296.998
1 333132
2 409825
3 375526
4 408229
5 370746
6 391424
7 356060
8 371070
9 350040
10 361585
11 344965
12 351581
13 326859
14 331317
15 314789
16 318947
17 305353
18 302025
19 288370
20 279474
21 269953
22 269174
23 260889
24 263080
25 258416
26 253486
27 241021
28 241677
29 239176
30 245035
31 233642
32 232987
33 220688
34 217509
35 217232
36 208014
37 210824
38 203853
39 202927
40 200143
41 203265
42 199160
43 188309
44 184750
45 186775
46 179116
47 181756
48 169786
49 171546
50 172905
51 174583
52 166991
53 166708
54 163933
55 159805
56 156931
57 150382
58 154148
59 150817
60 155233
61 152351
62 152143
63 147825
64 144839
65 139930
66 141028
67 128455
68 135894
69 135527
70 137276
71 127364
72 126834
73 124914
74 117414
75 122183
76 118837
77 125157
78 120838
79 124138
80 122923
81 131244
82 131197
83 125381
84 121921
85 115627
86 120546
87 116227
88 114638
89 113539
90 115709
91 108496
92 107558
93 109798
94 107528
95 105729
96 104073
97 105546
98 105226
99 113617
100 109963
101 104942
102 108322
103 106255
104 116510
105 97651
106 94673
107 99407
108 94946
109 100549
110 96438
111 93314
112 92431
113 103707
114 87934
115 82410
116 75365
117 71113
118 75559
119 76194
120 84311
121 72247
122 81823
123 81661
124 82218
125 84826
126 86108
127 85359
128 92069
129 94265
130 107946
131 84408
132 97241
133 85591
134 93385
135 87247
136 98584
137 83860
138 90714
139 93540
140 102385
141 113153
142 103287
143 87481
144 82531
145 92591
146 89058
147 103707
148 70710
149 75074
150 69142
151 68163
152 72429
153 67655
154 66696
155 66382
156 65772
157 69350
158 60584
159 60747
160 56013
161 55076
162 52182
163 52403
164 51245
165 52315
166 54425
167 46364
168 49653
169 45255
170 48243
171 48100
172 49554
173 48338
174 53297
175 47921
176 53559
177 49188
178 52440
179 53239
180 55491
181 51490
182 53197
183 54614
184 55451
185 52166
186 53130
187 46909
188 48186
189 43242
190 41758
191 44910
192 39946
193 45366
194 42794
195 43459
196 49239
197 40680
198 48521
199 45230
200 45961
201 41770
202 41712
203 46232
204 43166
205 38782
206 39996
207 39546
208 42116
209 41223
210 43230
211 39693
212 39761
213 35773
214 38977
215 41582
216 40849
217 45009
218 38827
219 36337
220 35736
221 37432
222 38775
223 35278
224 35124
225 37791
226 34889
227 37331
228 35627
229 33584
230 33924
231 35799
232 29587
233 34068
234 29478
235 32029
236 30223
237 32763
238 31520
239 35677
240 34395
241 31858
242 31265
243 36115
244 31428
245 31546
246 29123
247 31127
248 31195
249 30448
250 32475
251 29586
252 30484
253 27900
254 29430
255 26774
256 25491
257 29582
258 26913
259 29761
260 25071
261 31640
262 28777
263 27689
264 27100
265 31187
266 24685
267 25593
268 21424
269 22817
270 25737
271 22293
272 23324
273 23269
274 22003
275 24629
276 26184
277 25384
278 24990
279 25724
280 24872
281 24095
282 24419
283 22758
284 21529
285 22777
286 21461
287 24044
288 20078
289 21808
290 19700
291 21388
292 24090
293 30681
294 18424
295 19478
296 21044
297 19589
298 18956
299 20647
300 17668
301 22805
302 19526
303 25283
304 19359
305 21015
306 21380
307 19926
308 23755
309 23115
310 22922
311 22068
312 18766
313 22288
314 22380
315 16421
316 19169
317 15812
318 18781
319 16368
320 17878
321 19916
322 22889
323 22485
324 26964
325 33616
326 25346
327 26343
328 25451
329 32208
330 24338
331 27689
332 29834
333 28304
334 32106
335 26690
336 26154
337 30192
338 30259
339 30014
340 28819
341 28029
342 26024
343 23334
344 25728
345 23485
346 22632
347 20187
348 19994
349 22873
350 23834
351 22495
352 33169
353 25370
354 27437
355 24806
356 36424
357 20120
358 23766
359 20650
360 21750
361 24181
362 23503
363 21859
364 22869
365 21716
366 20976
367 18195
368 20950
369 17791
370 19422
371 15415
372 19503
373 17460
374 22323
375 17292
376 19300
377 18661
378 17762
379 16823
380 16270
381 14116
382 14601
383 14603
384 16162
385 16268
386 17411
387 16003
388 16009
389 13954
390 13891
391 14701
392 11561
393 12874
394 10779
395 11741
396 13350
397 16942
398 15338
399 16254
400 16047
401 15755
402 17847
403 15508
404 17414
405 15250
406 16170
407 14925
408 17022
409 19472
410 19448
411 22721
412 17738
413 18924
414 20164
415 21155
416 20264
417 18029
418 19418
419 17689
420 20629
421 19111
422 17061
423 16619
424 17515
425 16408
426 18193
427 18170
428 17491
429 18237
430 16373
431 17088
432 16890
433 17854
434 18285
435 15815
436 17334
437 18067
438 17872
439 16997
440 16966
441 16050
442 15377
443 14544
444 14620
445 15327
446 14121
447 14649
448 14954
449 16009
450 16753
451 18356
452 17636
453 17781
454 18269
455 16921
456 15708
457 16976
458 18724
459 22904
460 34083
461 24558
462 17819
463 17103
464 19867
465 18058
466 15978
467 14092
468 14479
469 17845
470 14546
471 17908
472 13127
473 14318
474 12084
475 17532
476 12800
477 12258
478 11873
479 10903
480 12454
481 13725
482 12823
483 13534
484 14583
485 15402
486 9620
487 10480
488 9420
489 8627
490 8990
491 10691
492 11119
493 11613
494 10693
495 12399
496 10064
497 13193
498 10935
499 13772
500 15142
501 13531
502 12990
503 12691
504 14445
505 12441
506 10878
507 11299
508 12792
509 11516
510 11744
511 14300
512 12292
513 14724
514 15121
515 16744
516 13269
517 13813
518 14814
519 14561
520 15171
521 16541
522 17766
523 16716
524 17474
525 19038
526 16569
527 14752
528 18262
529 12397
530 13326
531 11716
532 12977
533 13645
534 12192
535 14103
536 13178
537 12853
538 15496
539 12267
540 13613
541 10537
542 10062
543 10113
544 10144
545 9130
546 7788
547 9022
548 8048
549 8409
550 7458
551 8947
552 9419
553 10925
554 10133
555 9573
556 10435
557 11582
558 13133
559 15859
560 14295
561 11779
562 13747
563 15141
564 16135
565 20701
566 21643
567 33701
568 22779
569 34969
570 17834
571 17794
572 19689
573 21228
574 25317
575 19618
576 21546
577 14044
578 14993
579 17021
580 20989
581 22090
582 25117
583 18294
584 14855
585 14793
586 16019
587 15299
588 16238
589 17626
590 18273
591 18472
592 19696
593 24191
594 28243
595 33782
596 17126
597 14789
598 15121
599 13898
600 17561
601 17686
602 23624
603 21721
604 26840
605 26732
606 39876
607 22644
608 24217
609 32771
610 15422
611 20756
612 15420
613 19586
614 17640
615 19315
616 21731
617 21685
618 19764
619 24132
620 24577
621 19210
622 19487
623 22156
624 18967
625 21266
626 21244
627 29231
628 14993
629 14941
630 16121
631 14950
632 22748
633 16332
634 18877
635 16418
636 18420
637 15753
638 26005
639 14071
640 13482
641 16661
642 16172
643 23697
644 13588
645 13162
646 13545
647 17359
648 12757
