0.7 -1.97936 95598500000
207.439 0.696607
1 0 0 
2 1 4.14512e-09 
3 2.66676 0.000301906 
4 4.24973 0.000986826 
5 6.55736 0.00152205 
6 8.4681 0.00256403 
7 11.1544 0.00426591 
8 13.2228 0.00414336 
9 16.1694 0.00537431 
10 18.4678 0.00644901 
11 21.5981 0.00835803 
12 24.1156 0.00977249 
13 27.4156 0.0118673 
14 30.1106 0.0143616 
15 33.5849 0.0209849 
16 36.4554 0.0242545 
17 40.101 0.0232016 
18 43.1469 0.0235117 
19 46.9224 0.023616 
20 50.0909 0.0253041 
21 54.0108 0.0275082 
22 57.3386 0.0296567 
23 61.3968 0.032577 
24 64.8663 0.0357173 
25 69.0406 0.0378953 
26 72.6423 0.0450137 
27 76.975 0.0448162 
28 80.6959 0.0479641 
29 85.1307 0.0505847 
30 88.947 0.0545771 
31 93.5105 0.0586992 
32 97.4552 0.0661907 
33 102.108 0.0671092 
34 106.218 0.0706345 
35 110.997 0.0731606 
36 115.264 0.0765762 
37 120.113 0.0808618 
38 124.412 0.0852232 
39 129.392 0.0919954 
40 133.847 0.091356 
41 139.003 0.095481 
42 143.556 0.107805 
43 148.741 0.114392 
44 153.404 0.11759 
45 158.68 0.119733 
46 163.379 0.122753 
47 168.808 0.133556 
48 173.628 0.139607 
49 179.1 0.141665 
50 184.026 0.152169 
51 189.576 0.155067 
52 194.748 0.159833 
53 200.416 0.164289 
54 205.612 0.174782 
55 211.331 0.176607 
56 216.597 0.184891 
57 222.474 0.186487 
58 227.819 0.195296 
59 233.661 0.195349 
60 239.223 0.202011 
61 245.173 0.21738 
62 250.645 0.219027 
63 256.587 0.227989 
64 262.309 0.240351 
65 268.407 0.235848 
66 274.138 0.246458 
67 280.429 0.258564 
68 286.2 0.269182 
69 292.535 0.272332 
70 298.461 0.297978 
71 304.936 0.327663 
72 310.845 0.318336 
73 317.292 0.330123 
74 323.468 0.336985 
75 329.967 0.31152 
76 336.072 0.328016 
77 342.739 0.344344 
78 348.95 0.351059 
79 355.65 0.381668 
80 362.061 0.388431 
81 368.956 0.383577 
82 375.309 0.394056 
83 382.272 0.424281 
84 388.768 0.465246 
85 395.706 0.498102 
86 402.164 0.486808 
87 409.165 0.488009 
88 415.763 0.487889 
89 422.797 0.510146 
90 429.611 0.526014 
91 436.735 0.554255 
92 443.527 0.50166 
93 450.875 0.527965 
94 457.688 0.508994 
95 465.185 0.535442 
96 472.157 0.58636 
97 479.479 0.608729 
98 486.463 0.697045 
99 493.904 0.694699 
100 500.878 0.709415 
101 508.342 0.671907 
102 515.694 0.67379 
103 523.313 0.712381 
104 530.577 0.683696 
105 538.236 0.694531 
106 545.591 0.743967 
107 553.241 0.808639 
108 560.534 0.792165 
109 568.288 0.768516 
110 575.694 0.881028 
111 583.64 0.966851 
112 590.989 1.08398 
113 599.222 1.11183 
114 606.596 0.992216 
115 614.529 0.997243 
116 622.352 0.965023 
117 630.211 0.947128 
118 637.705 0.888686 
119 645.888 0.913231 
120 653.544 1.05537 
121 661.826 1.03051 
122 669.46 0.973815 
123 677.742 1.06054 
124 685.627 1.05042 
125 694.146 1.11445 
126 701.851 1.13018 
127 710.004 1.13178 
128 718.219 1.10744 
129 726.668 1.36755 
130 734.69 1.47617 
131 743.091 1.47002 
132 751.317 1.49385 
133 759.894 1.36064 
134 768.222 1.37879 
135 776.647 1.29602 
136 785.241 1.43059 
137 793.933 1.39145 
138 802.262 1.43251 
139 810.847 1.39887 
140 819.277 1.41007 
141 827.942 1.37936 
142 836.341 1.42469 
143 845.095 1.4815 
144 854.079 1.55348 
145 862.835 1.72839 
146 871.544 1.89131 
147 880.343 1.97998 
148 889.577 1.97594 
149 898.554 1.91755 
150 907.35 1.84091 
151 916.358 1.7662 
152 925.469 1.69414 
153 934.479 1.75818 
154 943.532 1.90059 
155 952.956 1.79039 
156 961.938 1.82071 
157 971.259 2.08849 
158 979.885 2.43316 
159 989.752 2.48348 
160 998.732 2.46755 
161 1007.93 2.41925 
162 1016.55 2.38785 
163 1026.01 2.17807 
164 1035.04 2.07011 
165 1044.54 2.26564 
166 1054.32 2.10925 
167 1063.9 2.035 
168 1073.3 2.03823 
169 1083.24 2.23661 
170 1092.14 2.1891 
171 1101.78 2.24919 
172 1111.17 2.13435 
173 1120.49 2.17127 
174 1129.45 2.37286 
175 1139.87 2.2275 
176 1149.68 2.43031 
177 1160.23 2.43187 
178 1170.01 2.46358 
179 1179.55 2.51396 
180 1189.1 2.60057 
181 1198.49 2.75906 
182 1208.17 2.72065 
183 1218.13 3.00096 
184 1228.14 2.93257 
185 1237.94 2.69799 
186 1247.81 2.46692 
187 1258.08 2.62381 
188 1267.58 2.65718 
189 1277.69 2.90742 
190 1287.06 2.96412 
191 1298.43 2.93163 
192 1307.77 2.87131 
193 1318.39 3.08062 
194 1327.88 2.95052 
195 1338.64 2.98951 
196 1348.77 2.86442 
197 1358.92 3.15109 
198 1368.26 3.35756 
199 1377.97 3.27974 
200 1387.34 3.51983 
201 1397.86 3.3384 
202 1408.09 3.70715 
203 1418.1 3.43659 
204 1428.94 3.1481 
205 1439.5 3.0904 
206 1450.34 3.3236 
207 1461.19 3.41966 
208 1472.86 4.08812 
209 1483.26 3.86678 
210 1493.19 4.09546 
211 1503.83 3.54041 
212 1513.9 3.78052 
213 1524.87 3.84935 
214 1534.99 4.26247 
215 1546.13 4.58165 
216 1556.05 4.40843 
217 1567.38 4.01634 
218 1577.69 4.5215 
219 1588.99 4.67386 
220 1599.69 5.20277 
221 1610.24 4.88869 
222 1620.83 5.29548 
223 1631.64 4.88612 
224 1640.94 4.87847 
225 1651.23 5.05498 
226 1662.9 5.03029 
227 1674.07 4.39821 
228 1684.87 3.90377 
229 1696.86 4.57997 
230 1707.56 4.41976 
231 1719.37 4.63692 
232 1729.4 4.3258 
233 1742.48 4.15971 
234 1752.83 3.98248 
235 1762.74 3.99585 
236 1773.94 4.56346 
237 1785.15 4.39853 
238 1795.61 4.42871 
239 1806.45 4.59656 
240 1818.26 4.635 
241 1828.8 4.91437 
242 1840.19 4.7277 
243 1850.75 4.88014 
244 1861.4 5.00751 
245 1872.37 4.93063 
246 1884.29 4.35035 
247 1895.97 4.37617 
248 1906.69 4.51722 
249 1918.82 4.35502 
250 1930.4 4.30069 
251 1942.1 4.23413 
252 1954.04 4.6684 
253 1965.04 4.69228 
254 1975.75 4.46407 
255 1988.02 4.63901 
256 1998.09 4.7939 
257 2011.25 5.00842 
258 2021.58 5.11635 
259 2033.13 5.35528 
260 2043.52 5.31415 
261 2056.11 5.27756 
262 2066.91 5.81108 
263 2078.54 5.81332 
264 2090.26 6.37146 
265 2102.35 6.02629 
266 2114.55 6.77387 
267 2125.06 6.61632 
268 2137.2 6.19482 
269 2148.31 5.87058 
270 2159.35 6.0088 
271 2170.69 6.05953 
272 2183.63 6.49675 
273 2195.68 6.82216 
274 2208.77 7.18221 
275 2219.88 6.78909 
276 2232.4 7.15562 
277 2243.26 6.86103 
278 2254.93 6.8175 
279 2266.5 6.83442 
280 2278.82 7.0828 
281 2291.09 6.66288 
282 2303.38 6.81146 
283 2316.16 6.71239 
284 2328.67 6.67568 
285 2340.7 6.98031 
286 2351.95 7.39549 
287 2363.11 6.96524 
288 2375.22 7.23063 
289 2388.06 8.23412 
290 2398.69 8.08192 
291 2411.9 8.5693 
292 2423.33 8.77249 
293 2435.53 8.76746 
294 2448.73 8.1162 
295 2462 7.90377 
296 2474.89 8.34579 
297 2486.05 7.21815 
298 2498.77 7.28663 
299 2510.99 7.37572 
300 2522.77 7.04871 
301 2534.88 7.84881 
302 2546.46 7.60266 
303 2558.84 7.59601 
304 2569.34 7.36607 
305 2581.49 7.36541 
306 2595.08 7.35094 
307 2607.63 7.56017 
308 2619.48 8.49551 
309 2632.4 8.93576 
310 2644.04 7.70243 
311 2656.99 8.08037 
312 2668.33 8.21467 
313 2682.57 9.20319 
314 2696.1 9.67815 
315 2708.97 9.52878 
316 2720.38 8.80258 
317 2733.99 8.88201 
318 2748.12 9.37929 
319 2759.01 8.79917 
320 2772.23 9.16936 
321 2787.34 8.78029 
322 2800.95 8.63067 
323 2814.26 8.95405 
324 2825.68 9.18655 
325 2837.64 9.11909 
326 2851.15 9.15113 
327 2863.17 9.14877 
328 2875.78 8.59559 
329 2891.21 8.82948 
330 2902.46 9.21202 
331 2915.82 9.3629 
332 2929.33 9.48496 
333 2942.22 10.271 
334 2955.46 9.94587 
335 2970.86 9.92331 
336 2984.37 11.1534 
337 2999.01 10.6852 
338 3011.26 11.3546 
339 3023.74 11.8032 
340 3037.02 11.5358 
341 3049.15 11.7558 
342 3064.59 11.0509 
343 3080 10.6443 
344 3094.29 12.2019 
345 3106.41 11.531 
346 3122.62 11.5458 
347 3135.07 11.6899 
348 3146.62 10.8131 
349 3161.02 10.9331 
350 3174.91 11.6437 
351 3187.06 12.0744 
352 3201.27 12.1423 
353 3214.87 11.8647 
354 3225.46 11.499 
355 3241.41 10.9102 
356 3254.36 11.2802 
357 3271.01 11.8693 
358 3284.15 12.1175 
359 3298.71 12.5338 
360 3309.72 12.0581 
361 3325.25 12.1799 
362 3336.65 12.3903 
363 3353.43 12.9352 
364 3367.47 12.8019 
365 3380.66 13.7109 
366 3397.17 12.6129 
367 3410.75 12.4411 
368 3425.71 13.0133 
369 3440.56 12.8743 
370 3455.64 13.3228 
371 3470.13 12.9789 
372 3485.27 13.2951 
373 3496.45 13.3814 
374 3507.67 14.8022 
375 3522.94 14.2244 
376 3537.88 13.5019 
377 3552.51 13.0005 
378 3568.86 13.298 
379 3582.8 14.1944 
380 3593.64 14.5898 
381 3608.11 15.4426 
382 3621.67 15.2145 
383 3633.78 14.3871 
384 3644.91 13.9492 
385 3657.2 13.4303 
386 3671.01 14.4278 
387 3684.67 14.4565 
388 3701.71 14.4882 
389 3715.82 15.4012 
390 3728.77 15.974 
391 3745.1 15.8952 
392 3758.75 16.3655 
393 3770.59 17.4884 
394 3786.83 17.6088 
395 3801.98 18.2107 
396 3814.99 18.5952 
397 3828.96 18.4755 
398 3847.09 17.575 
399 3863.62 17.3809 
400 3875.17 17.008 
401 3888.87 16.3798 
402 3904.21 15.466 
403 3918.68 14.8999 
404 3930.3 16.9313 
405 3944.69 15.8887 
406 3959.19 15.374 
407 3972.93 15.7063 
408 3987.46 15.5166 
409 4005.19 16.3255 
410 4015.84 16.3496 
411 4030.02 15.5465 
412 4044.95 15.8776 
413 4062.13 17.0238 
414 4074.23 16.8555 
415 4088.17 16.2572 
416 4100.47 16.3911 
417 4115.01 16.5822 
418 4126.26 18.4171 
419 4144.5 16.816 
420 4164.25 18.0647 
421 4175.77 18.2427 
422 4192.28 18.0405 
423 4209.59 18.2527 
424 4219.83 17.4739 
425 4234.62 18.7042 
426 4248.83 18.7334 
427 4262.6 18.7861 
428 4273.28 19.8378 
429 4287.55 21.6409 
430 4301.22 21.6197 
431 4315.1 21.8866 
432 4331.41 20.4385 
433 4349.1 20.9555 
434 4361.15 21.0099 
435 4376.82 22.7458 
436 4394.69 23.247 
437 4411.4 23.3209 
438 4428.93 24.4218 
439 4443.81 27.3819 
440 4456.31 28.5543 
441 4469.59 26.3893 
442 4490.2 24.5174 
443 4502.37 22.5701 
444 4513.69 23.2551 
445 4535.7 22.763 
446 4550.96 22.0542 
447 4570.59 21.9203 
448 4589.45 21.7536 
449 4607.77 22.1697 
450 4617.43 22.6103 
451 4637.19 20.9133 
452 4651.63 23.2626 
453 4666.06 25.5956 
454 4686.56 25.7192 
455 4701.99 24.8007 
456 4714.88 25.3225 
457 4730.22 25.8249 
458 4748.47 28.2216 
459 4766.06 27.3459 
460 4784.42 27.4358 
461 4800.7 28.274 
462 4816.93 25.6018 
463 4830.63 23.3315 
464 4847.18 23.988 
465 4864.41 24.3948 
466 4880.94 26.5094 
467 4896.38 27.3199 
468 4915.55 26.9368 
469 4933.8 26.4744 
470 4948.59 23.637 
471 4962.85 24.397 
472 4977.11 24.0497 
473 4995.95 24.0732 
474 5011.21 25.1077 
475 5023.68 24.3563 
476 5038.14 24.2842 
477 5057.88 24.8036 
478 5073.2 25.203 
479 5088.22 24.8757 
480 5099.22 25.4818 
481 5115.61 24.7747 
482 5132.55 25.2641 
483 5148.02 24.646 
484 5165.67 26.2882 
485 5180.08 25.2939 
486 5197.5 25.4594 
487 5214.16 25.0258 
488 5228.83 26.3795 
489 5252.91 26.8209 
490 5269.12 27.2443 
491 5282.69 27.2244 
492 5299.97 27.1847 
493 5312.86 28.0369 
494 5328.01 27.0647 
495 5345.84 28.781 
496 5359.62 29.1187 
497 5373.81 27.0999 
498 5392.41 28.395 
499 5411.41 30.8033 
500 5428.14 30.7119 
501 5447.21 29.9223 
502 5459.86 30.0698 
503 5479.34 31.4166 
504 5497.3 29.8504 
505 5508.23 29.6337 
506 5522.84 30.3333 
507 5534.79 30.4167 
508 5559.78 32.5965 
509 5574.59 31.0574 
510 5590.68 32.2152 
511 5614.35 32.6939 
512 5624.33 31.6651 
513 5645.61 33.0919 
514 5661.92 31.707 
515 5680.14 32.6527 
516 5689.26 33.4809 
517 5705.48 33.7081 
518 5732.47 33.8231 
519 5740.85 33.6459 
520 5758.57 34.7282 
521 5770.58 34.2921 
522 5785.64 33.8065 
523 5806.21 36.8165 
524 5819.17 37.2727 
525 5837.1 37.4738 
526 5850.28 35.924 
527 5862.56 35.9922 
528 5877.69 35.8523 
529 5892.26 36.932 
530 5897.23 36.2709 
531 5917.38 36.1995 
532 5930.76 36.2741 
533 5948.9 36.9072 
534 5971.26 37.9803 
535 5987.85 36.4078 
536 6006.41 39.9644 
537 6023.78 40.2924 
538 6031.78 39.6736 
539 6052.33 41.8696 
540 6073.1 42.2055 
541 6094.26 45.7341 
542 6104.97 43.6331 
543 6121.88 45.2555 
544 6142.89 49.614 
545 6160.83 43.8047 
546 6188.14 44.3359 
547 6196.28 48.0362 
548 6211.49 49.2364 
549 6220.77 53.1269 
550 6243.87 46.5722 
551 6259.5 47.1885 
552 6274.21 46.041 
553 6295.65 46.3663 
554 6313.34 47.405 
555 6354.94 57.0367 
556 6360.68 61.3043 
557 6378.07 58.9481 
558 6393.14 55.581 
559 6404.85 56.0691 
560 6425.59 57.5484 
561 6441.56 58.2342 
562 6454.2 64.1387 
563 6472.84 63.9298 
564 6483.35 65.8835 
565 6505.01 72.3731 
566 6514.17 69.3021 
567 6539.73 57.6001 
568 6565.97 49.3211 
569 6580.92 47.5323 
570 6589.92 51.9223 
571 6616.77 49.118 
572 6624.56 52.2436 
573 6644.59 51.7081 
574 6655.25 52.3846 
575 6670.5 59.4513 
576 6691.8 52.0288 
577 6705.71 50.8786 
578 6720.88 53.0942 
579 6732.32 50.8302 
580 6745.35 55.6407 
581 6778.09 61.5484 
582 6785.37 62.7905 
583 6812.73 59.2387 
584 6828.48 57.084 
585 6824.46 62.1466 
586 6841.64 58.8417 
587 6870.15 53.2018 
588 6878.67 57.8204 
589 6898.64 67.9142 
590 6918.05 66.3161 
591 6933.17 61.5843 
592 6936.57 60.8073 
593 6960.59 60.283 
594 6982.17 68.1516 
595 7003.31 71.194 
596 7032.95 71.6545 
597 7046.51 69.4307 
598 7057.51 74.6234 
599 7078.89 71.4192 
600 7096.05 81.5644 
601 7099.01 86.255 
602 7108.72 82.8584 
603 7124.17 89.6362 
604 7137.77 87.2189 
605 7148.05 92.1147 
606 7158.47 82.7013 
607 7177.53 69.5484 
608 7201.6 75.5906 
609 7228.68 74.7082 
610 7250.09 63.2616 
611 7272.77 64.1735 
612 7296.12 62.6206 
613 7312.13 64.2864 
614 7318.51 69.8043 
615 7335.32 78.5445 
616 7351.34 74.0454 
617 7379.88 73.1202 
618 7397.96 62.0469 
619 7413.21 65.8631 
620 7450.67 71.8331 
621 7453.51 69.1409 
622 7475.48 69.5207 
623 7482.97 67.8545 
624 7493.85 70.3354 
625 7500.7 66.7763 
626 7521.02 84.4808 
627 7533.34 80.3158 
628 7540.99 76.5894 
629 7570.62 86.6239 
630 7578.27 78.3786 
631 7597.83 68.76 
632 7617.67 70.1256 
633 7619.34 68.1139 
634 7644.19 68.4253 
635 7667.12 68.5351 
636 7696.06 71.1872 
637 7713.84 71.0527 
638 7745.23 69.2138 
639 7759.28 71.491 
640 7780.53 74.2705 
641 7776.16 74.1437 
642 7781.33 73.8024 
643 7797.01 74.1276 
644 7812.79 74.0438 
645 7824.88 73.582 
646 7841.62 70.4372 
647 7861.33 76.1268 
648 7887.04 71.7775 
