0.7 -1.97936 57198500000
207.489 1.23471
1 76252767
2 105750439
3 110046866
4 125242277
5 125156153
6 135913570
7 135866197
8 145115049
9 145345240
10 152502647
11 153316726
12 158985832
13 159954369
14 164698756
15 165608213
16 169818719
17 170630534
18 174204439
19 174939664
20 178109339
21 178780298
22 181608480
23 182176233
24 184793950
25 185262645
26 187384747
27 187705991
28 189656868
29 190063938
30 191755145
31 192072445
32 193582635
33 193881945
34 195241356
35 195358913
36 196661089
37 196853768
38 197943496
39 198056584
40 199055010
41 199153622
42 200044482
43 200081734
44 200845751
45 200775877
46 201270715
47 201012192
48 201609479
49 201597746
50 202022407
51 201761053
52 202171491
53 201906165
54 202245402
55 201991863
56 202288492
57 202102311
58 202298986
59 201964008
60 202072321
61 201743633
62 201846169
63 201466168
64 201515662
65 201083970
66 201138497
67 200865658
68 200761532
69 200353854
70 200270307
71 199845306
72 199803332
73 199197470
74 199071012
75 198667826
76 198466645
77 197922000
78 197678547
79 197273314
80 197027583
81 196600174
82 196235937
83 195710972
84 195405599
85 194803941
86 194562598
87 193956170
88 193606853
89 193075938
90 192601313
91 192049460
92 191659637
93 191135819
94 190668080
95 190161544
96 189651521
97 188987703
98 188551334
99 188000883
100 187626690
101 187010872
102 186683529
103 186125167
104 185682629
105 185039645
106 184490200
107 183811449
108 183393050
109 182700735
110 182201134
111 181620005
112 181146764
113 180491513
114 180014310
115 179371146
116 178835560
117 178222401
118 177625244
119 177023582
120 176450626
121 175762912
122 175281220
123 174619745
124 173988745
125 173294806
126 172710297
127 171993097
128 171530237
129 170927388
130 170283430
131 169574025
132 168880046
133 168290524
134 167647060
135 166928637
136 166221361
137 165602807
138 164908444
139 164325486
140 163673262
141 163054506
142 162335187
143 161696338
144 160962083
145 160237298
146 159762965
147 159057495
148 158374487
149 157655904
150 157067028
151 156369506
152 155800439
153 155037235
154 154542980
155 153755948
156 153192253
157 152429301
158 151797250
159 151100394
160 150481764
161 149869030
162 149265940
163 148547546
164 147868387
165 147238303
166 146500051
167 145841857
168 145221210
169 144393711
170 143763469
171 143110095
172 142500446
173 141819793
174 141303799
175 140526520
176 139932578
177 139271835
178 138658886
179 137978537
180 137396636
181 136679436
182 136213495
183 135454114
184 134870440
185 134354200
186 133753709
187 133133509
188 132580291
189 131930602
190 131336581
191 130642562
192 129988304
193 129378177
194 128677004
195 128052164
196 127404732
197 126789436
198 126350853
199 125723148
200 125064999
201 124516767
202 123974581
203 123278917
204 122666613
205 121912591
206 121327039
207 120677588
208 120217349
209 119632828
210 119104879
211 118502373
212 118031919
213 117468980
214 116964716
215 116356240
216 115805120
217 115194527
218 114533047
219 114007209
220 113359790
221 112770776
222 112143181
223 111618560
224 111011103
225 110470822
226 109975081
227 109396993
228 108875971
229 108408490
230 107844362
231 107349487
232 106715391
233 106279719
234 105731086
235 105201977
236 104590449
237 104022493
238 103345021
239 102927028
240 102446132
241 101964827
242 101458216
243 100971700
244 100383115
245 99867220
246 99438101
247 98970950
248 98402652
249 97875626
250 97326812
251 96847514
252 96373847
253 95844514
254 95413859
255 94830678
256 94414508
257 93906987
258 93325625
259 92898140
260 92499408
261 92077929
262 91600715
263 91043021
264 90600718
265 90074335
266 89600134
267 89128826
268 88679976
269 88270803
270 87818743
271 87382305
272 86961634
273 86476796
274 86129260
275 85642579
276 85196682
277 84696630
278 84339646
279 83858224
280 83527239
281 83111394
282 82726904
283 82298895
284 81969483
285 81587036
286 81224830
287 80704552
288 80239565
289 79846711
290 79415423
291 78988867
292 78464824
293 78017786
294 77604154
295 77106575
296 76770722
297 76337745
298 75872467
299 75507003
300 75150497
301 74784156
302 74374024
303 73940820
304 73635386
305 73252282
306 72846004
307 72419872
308 72062578
309 71658743
310 71288351
311 70831451
312 70432421
313 69984151
314 69613496
315 69325703
316 68953208
317 68665373
318 68236614
319 67897277
320 67512987
321 67200969
322 66947490
323 66537715
324 66181596
325 65806921
326 65463770
327 65090807
328 64701696
329 64288106
330 63876178
331 63554705
332 63187880
333 62836927
334 62537797
335 62234008
336 61865536
337 61475732
338 61069553
339 60717181
340 60416768
341 60100364
342 59751171
343 59413318
344 59039154
345 58668930
346 58377291
347 58120984
348 57796092
349 57464127
350 57173878
351 56841079
352 56591507
353 56253606
354 55979830
355 55669843
356 55424532
357 55143053
358 54822970
359 54469781
360 54199780
361 53835363
362 53570790
363 53321248
364 52986583
365 52745429
366 52464077
367 52208416
368 51960678
369 51652336
370 51373872
371 51063925
372 50816125
373 50537345
374 50244846
375 49953381
376 49706284
377 49394533
378 49090069
379 48788671
380 48556390
381 48290890
382 48001967
383 47735582
384 47469307
385 47209011
386 46956269
387 46726544
388 46414164
389 46087423
390 45750427
391 45571724
392 45359701
393 45052782
394 44804737
395 44540446
396 44302117
397 44113125
398 43861556
399 43543804
400 43274188
401 43040204
402 42719014
403 42485296
404 42236644
405 41974309
406 41724769
407 41467518
408 41219009
409 41005913
410 40724806
411 40493904
412 40243584
413 40059270
414 39813271
415 39622519
416 39357276
417 39123730
418 38833108
419 38595815
420 38332447
421 38138577
422 37881210
423 37685019
424 37477756
425 37325203
426 37115408
427 36933996
428 36743769
429 36493375
430 36349110
431 36137832
432 35878116
433 35717235
434 35514303
435 35377206
436 35187357
437 34992250
438 34843760
439 34606336
440 34398894
441 34158467
442 33969113
443 33773791
444 33598435
445 33387147
446 33157627
447 32950700
448 32781313
449 32603522
450 32420429
451 32230624
452 32077036
453 31922069
454 31758545
455 31577126
456 31377573
457 31156978
458 30961396
459 30840188
460 30594883
461 30413807
462 30238149
463 30110526
464 29882777
465 29657344
466 29489938
467 29310008
468 29140529
469 28943402
470 28796384
471 28675108
472 28466645
473 28329902
474 28203439
475 28020920
476 27825113
477 27702598
478 27577729
479 27451915
480 27292323
481 27186145
482 27030992
483 26931787
484 26813716
485 26659063
486 26535850
487 26393782
488 26255655
489 26090119
490 25906378
491 25770567
492 25595766
493 25458090
494 25269666
495 25141839
496 24958849
497 24822088
498 24686852
499 24558116
500 24416836
501 24277878
502 24173754
503 24045588
504 23964655
505 23801976
506 23660290
507 23498002
508 23371177
509 23221265
510 23078388
511 22961528
512 22850336
513 22696170
514 22552707
515 22416329
516 22291431
517 22180906
518 22072882
519 21946595
520 21838493
521 21714287
522 21584113
523 21443851
524 21327234
525 21193689
526 21086154
527 20910458
528 20765536
529 20647662
530 20497958
531 20381705
532 20281787
533 20187276
534 20091315
535 19943513
536 19822978
537 19699704
538 19596664
539 19488876
540 19391557
541 19289610
542 19152888
543 19058257
544 18906886
545 18782859
546 18677042
547 18597924
548 18483024
549 18355668
550 18228775
551 18122888
552 18026638
553 17932994
554 17784408
555 17650648
556 17509969
557 17390358
558 17232947
559 17161937
560 17043958
561 16957224
562 16817961
563 16722238
564 16618884
565 16547607
566 16399757
567 16296018
568 16224742
569 16092029
570 16018970
571 15951326
572 15894168
573 15768795
574 15696507
575 15584377
576 15471479
577 15338744
578 15270990
579 15177378
580 15085295
581 14999284
582 14907896
583 14836688
584 14706159
585 14603010
586 14536933
587 14445718
588 14353887
589 14241501
590 14146859
591 14062886
592 13955739
593 13875160
594 13756530
595 13702511
596 13625074
597 13529412
598 13440626
599 13384282
600 13294977
601 13204044
602 13144073
603 13058283
604 13012545
605 12930240
606 12885222
607 12807233
608 12734102
609 12663362
610 12581885
611 12490254
612 12387905
613 12306694
614 12235569
615 12178160
616 12127224
617 12048988
618 11970963
619 11898061
620 11817449
621 11757322
622 11702328
623 11659178
624 11554419
625 11515636
626 11419673
627 11369379
628 11307840
629 11244419
630 11177171
631 11099507
632 11028377
633 10947736
634 10874864
635 10813556
636 10754892
637 10712402
638 10611700
639 10537723
640 10465335
641 10402320
642 10360958
643 10293145
644 10249209
645 10226159
646 10174316
647 10103394
648 10070446
