0.4 -1.76616 61198500000
173.012 0.7145
1 0 0 0 0 0 0 -0.000684905 0.000500504 1 5.1547e-09 1 5.1547e-09 
2 0.380429 0.000352341 1 5.63211e-09 1 5.63211e-09 -0.000702 0.000439799 0.690215 0.00017617 0.690215 0.00017617 
3 0.761327 0.000592588 2.29025 0.00104918 9.16098 0.00419673 -0.00086685 0.000437647 0.534767 0.000194582 0.483074 0.000216202 
4 1.27728 0.000882066 4.71556 0.00259613 50.9644 0.0368137 -0.000802275 0.00044737 0.459397 0.000214518 0.382315 0.000243584 
5 1.71444 0.00113176 7.0921 0.00555544 116.068 0.125156 -0.000676865 0.00041821 0.394185 0.000264953 0.299438 0.000283083 
6 2.23498 0.00162903 10.6013 0.00924961 273.136 0.358028 -0.000375718 0.000501148 0.353182 0.000288497 0.250252 0.000302399 
7 2.6877 0.00188256 13.9626 0.0120099 460.409 0.634397 -0.000277121 0.000455568 0.314358 0.000265285 0.206347 0.000272554 
8 3.20962 0.00218399 18.5174 0.0161579 811.856 1.10454 -0.000316811 0.000496959 0.288138 0.000276902 0.178133 0.000265418 
9 3.67555 0.00313156 22.9325 0.0252877 1209.7 1.99387 9.25907e-05 0.000447057 0.262369 0.000257075 0.151958 0.000254178 
10 4.18718 0.00291288 28.3999 0.026614 1826.95 2.62141 -5.21213e-05 0.000453323 0.243208 0.000221674 0.133448 0.000207682 
11 4.66197 0.00324043 33.8568 0.0305309 2528.4 3.79195 -0.000283855 0.000416929 0.224962 0.000189291 0.116565 0.000161421 
12 5.16661 0.0042 40.2402 0.0463945 3502.85 6.70264 1.22529e-05 0.000470395 0.21057 0.000207968 0.103863 0.000167395 
13 5.64667 0.00379196 46.7271 0.0464721 4608.65 7.59162 -3.75043e-05 0.000524264 0.196905 0.000182626 0.0923017 0.000137527 
14 6.14716 0.00382502 54.0341 0.0506226 6041.49 9.16558 -8.1137e-05 0.000460919 0.185552 0.000181843 0.0830985 0.000127244 
15 6.62972 0.00472021 61.4896 0.0613305 7645.02 13.689 -0.000333812 0.000395181 0.174818 0.000201067 0.074693 0.00013688 
16 7.12907 0.00480756 69.7651 0.0718198 9656.97 18.2316 -0.000297791 0.000381588 0.165766 0.000189106 0.0678941 0.000120125 
17 7.61152 0.00531245 78.1851 0.0698664 11889.2 18.0827 -4.27826e-05 0.000383059 0.157139 0.0001595 0.0616523 0.000100462 
18 8.104 0.00570442 87.3241 0.0828632 14582.4 24.2832 0.000203679 0.000381599 0.149627 0.0001616 0.0564258 0.00010645 
19 8.59228 0.00629383 96.7933 0.0980007 17586.8 29.5454 0.000415995 0.000377209 0.142691 0.000140691 0.0517254 9.14844e-05 
20 9.08656 0.00573816 106.916 0.099088 21109.6 38.6458 0.000570782 0.000383758 0.136464 0.000135671 0.0476766 8.60016e-05 
21 9.57186 0.0059153 117.299 0.104563 24993.7 39.8314 0.000570186 0.000416829 0.130654 0.000136338 0.0440009 8.37054e-05 
22 10.064 0.00653042 128.329 0.12874 29475.3 51.7849 0.000582285 0.000427325 0.125407 0.000141401 0.0408163 8.45957e-05 
23 10.55 0.0077031 139.669 0.159139 34406.4 64.5096 0.000618448 0.000431588 0.120424 0.000132332 0.0378765 7.68025e-05 
24 11.0402 0.00793948 151.629 0.167282 40013.5 66.1637 0.000575623 0.000415457 0.115891 0.000139228 0.035259 7.3507e-05 
25 11.5257 0.00894882 163.926 0.192233 46153.3 82.5074 0.000582531 0.000446877 0.111666 0.000147696 0.0328908 7.09092e-05 
26 12.0173 0.00833188 176.885 0.185817 53088.5 93.9265 0.000511157 0.000426028 0.107775 0.000135389 0.030792 7.07492e-05 
27 12.5037 0.00765137 190.143 0.182181 60613.7 105.355 0.000391772 0.000436426 0.104058 0.00012769 0.0288372 6.6452e-05 
28 12.9996 0.00764349 204.143 0.200475 69063.4 124.971 0.000401399 0.00048162 0.100699 0.000125541 0.027121 6.3876e-05 
29 13.4846 0.00727968 218.296 0.204243 78085 135.92 0.000382047 0.000544245 0.0974529 0.00012558 0.0254981 6.22078e-05 
30 13.9805 0.00817987 233.289 0.222809 88253.7 154.212 0.000291122 0.000557402 0.0945917 0.000126304 0.0241114 5.99635e-05 
31 14.4645 0.00869217 248.382 0.246868 99023 175.47 0.000306489 0.000514015 0.0917104 0.00012989 0.0227368 6.14545e-05 
32 14.9563 0.00830751 264.22 0.254034 110982 199.337 0.000241518 0.000478687 0.089022 0.000118491 0.0214806 5.55093e-05 
33 15.4434 0.00840309 280.372 0.265917 123800 221.271 0.00026757 0.000455778 0.0865068 0.000115665 0.0203393 5.33233e-05 
34 15.9313 0.00853224 297.058 0.275597 137773 242.742 0.000239803 0.000441028 0.0840935 0.000114742 0.0192844 5.07839e-05 
35 16.4145 0.00867117 314.023 0.292375 152651 268.799 0.000194185 0.000455446 0.081808 0.000111274 0.0183004 4.8151e-05 
36 16.905 0.00884495 331.746 0.303245 168994 296.667 0.000176579 0.000451325 0.0796877 0.000109962 0.017418 4.73892e-05 
37 17.3917 0.00964555 349.79 0.351125 186395 332.574 0.000202989 0.000425535 0.0776707 0.000109174 0.0165914 4.72134e-05 
38 17.879 0.0102213 368.307 0.384469 205037 391.111 0.000239093 0.000432853 0.0757344 0.00011487 0.0158142 4.72398e-05 
39 18.3663 0.00918746 387.33 0.354485 225133 405.167 0.00026309 0.000421693 0.0738794 0.000114253 0.0150861 4.54703e-05 
40 18.8547 0.00948749 406.875 0.372845 246673 437.914 0.000271918 0.000434455 0.0721632 0.000110921 0.014414 4.12539e-05 
41 19.3434 0.00995472 426.896 0.400994 269678 488.76 0.000221436 0.000419833 0.0704875 0.000113219 0.013777 4.09228e-05 
42 19.8348 0.010103 447.551 0.416888 294505 536.165 0.000251221 0.000451626 0.0689421 0.000108457 0.0132031 4.12192e-05 
43 20.3244 0.0107466 468.582 0.438434 320763 585.238 0.000277087 0.000456238 0.0674153 0.000107449 0.0126444 3.92765e-05 
44 20.8113 0.0110385 489.989 0.458697 348585 624.408 0.000258412 0.000483689 0.0659343 0.000105979 0.0121186 3.93471e-05 
45 21.3004 0.01134 511.933 0.487255 378210 688.386 0.000373954 0.000469195 0.0645273 0.000103622 0.0116257 3.83682e-05 
46 21.793 0.0106198 534.526 0.484743 409962 730.587 0.000397411 0.000416833 0.0632218 0.000103993 0.01118 3.69884e-05 
47 22.2821 0.0113872 557.44 0.522601 443300 793.542 0.000223776 0.000402005 0.0619158 0.000103466 0.0107361 3.66517e-05 
48 22.7721 0.0116482 580.848 0.54678 478589 864.145 0.000165801 0.000386526 0.0607076 0.000104861 0.0103316 3.71698e-05 
49 23.2561 0.0118943 604.467 0.567936 515570 930.149 0.000154851 0.000413029 0.0594902 0.000113425 0.00993679 3.56862e-05 
50 23.7459 0.0119857 628.843 0.581824 555080 980.95 0.000146633 0.000450604 0.0583459 0.000108481 0.00957258 3.5116e-05 
51 24.2333 0.0118702 653.573 0.585833 596474 1030.49 0.000154572 0.000436579 0.0572465 0.000103288 0.00922305 3.36398e-05 
52 24.7227 0.0122748 678.882 0.619995 640418 1145.21 0.000128973 0.000426592 0.056213 0.000105194 0.00890401 3.39277e-05 
53 25.2106 0.0126695 704.589 0.653722 686600 1247.38 0.000100969 0.000443993 0.0552119 0.00010932 0.00859986 3.65986e-05 
54 25.7007 0.0135138 730.893 0.709854 735498 1363.25 0.000114539 0.000449765 0.0542229 0.00010562 0.00830159 3.41823e-05 
55 26.1891 0.0127053 757.562 0.684333 786579 1375.69 8.90515e-06 0.000437965 0.0532848 0.000105514 0.00802427 3.38189e-05 
56 26.6752 0.0133614 784.591 0.734003 840074 1534.44 -4.28367e-05 0.000437706 0.0523668 9.96062e-05 0.00775597 3.08677e-05 
57 27.1635 0.013511 812.259 0.748383 896676 1584.1 -9.37084e-05 0.000391252 0.0515017 0.000100873 0.00751433 2.93533e-05 
58 27.6572 0.014048 840.664 0.795807 956414 1751.71 -5.61843e-05 0.000395953 0.0506625 9.97846e-05 0.0072787 2.72045e-05 
59 28.1453 0.0141467 869.203 0.811881 1.01817e+06 1834.32 -5.11234e-05 0.000380277 0.0498023 9.76912e-05 0.00704227 2.75469e-05 
60 28.6358 0.0146634 898.404 0.863431 1.08347e+06 2034.33 -6.95116e-05 0.000382472 0.0490097 0.000103062 0.00682411 2.8459e-05 
61 29.1228 0.0142353 927.865 0.843705 1.15134e+06 2030.02 -3.77976e-05 0.000380846 0.0482535 0.000106628 0.00661772 3.0134e-05 
62 29.6144 0.014959 958.132 0.897233 1.22318e+06 2206.49 -0.000101036 0.000377461 0.0475346 0.000107197 0.00642751 3.03539e-05 
63 30.0977 0.0147409 988.372 0.892774 1.29722e+06 2248.92 -3.88789e-05 0.000365887 0.0467752 0.000107895 0.0062305 3.20173e-05 
64 30.5881 0.0151894 1019.47 0.940756 1.37518e+06 2449.4 -9.1658e-05 0.000374123 0.0460674 0.000104919 0.00605143 3.14219e-05 
65 31.0727 0.0158056 1050.69 0.998676 1.45573e+06 2663.37 -4.67241e-05 0.000381594 0.0453601 9.98893e-05 0.00586789 2.95177e-05 
66 31.561 0.0154454 1082.62 0.992986 1.54035e+06 2748.01 -0.000103684 0.000368493 0.0446978 0.00011594 0.00569962 3.36746e-05 
67 32.0522 0.0158411 1115.14 1.03523 1.62857e+06 2926.3 -9.52317e-05 0.000363411 0.044049 0.000111801 0.00553676 3.12499e-05 
68 32.5384 0.016425 1147.91 1.08785 1.72038e+06 3162.84 -3.147e-05 0.000361024 0.0434296 0.000102243 0.005389 2.93348e-05 
69 33.0305 0.0164646 1181.61 1.1165 1.81736e+06 3372.27 4.44446e-05 0.000372812 0.0428416 9.13517e-05 0.00524289 2.46272e-05 
70 33.5241 0.0165372 1215.92 1.138 1.91901e+06 3518.18 6.47744e-07 0.000377004 0.0422591 9.11731e-05 0.00510533 2.27703e-05 
71 34.0097 0.0165886 1250.03 1.15096 2.02208e+06 3632.41 -1.70426e-05 0.000368823 0.0416726 9.24582e-05 0.00496603 2.26484e-05 
72 34.4977 0.0169317 1284.85 1.18794 2.13037e+06 3868.75 2.84752e-05 0.000420129 0.0410807 8.74442e-05 0.00483409 1.99522e-05 
73 34.9841 0.0171769 1320.03 1.22424 2.24238e+06 4051.84 7.82411e-05 0.000362306 0.0405415 8.27516e-05 0.00471044 2.0044e-05 
74 35.4746 0.0174448 1355.95 1.27299 2.35953e+06 4388.69 0.00011376 0.000368571 0.0400058 8.56616e-05 0.00459028 2.04781e-05 
75 35.9609 0.0180445 1392.13 1.33218 2.48088e+06 4644.98 -3.82571e-06 0.000374588 0.039498 8.61215e-05 0.00447446 2.04014e-05 
76 36.4474 0.019045 1428.71 1.45063 2.60621e+06 5415.22 6.89198e-05 0.000381725 0.0389745 8.98339e-05 0.00435979 2.05927e-05 
77 36.9357 0.0202291 1465.87 1.5809 2.7361e+06 6017.13 -1.84538e-05 0.000391383 0.0384824 8.98292e-05 0.00425163 2.06115e-05 
78 37.4229 0.0219944 1503.54 1.73077 2.87179e+06 6721.22 3.44351e-05 0.000376718 0.0379848 9.21718e-05 0.00414589 2.06987e-05 
79 37.9064 0.0190272 1541.21 1.53239 3.00942e+06 6294.77 5.21876e-05 0.000370916 0.0374917 9.19839e-05 0.00404059 1.92174e-05 
80 38.3986 0.0200861 1580.1 1.5775 3.15514e+06 6185.95 8.18209e-05 0.000386005 0.0370517 9.91235e-05 0.00394602 2.18311e-05 
81 38.8865 0.0199969 1619.19 1.5778 3.30544e+06 6253.63 1.22941e-06 0.000393622 0.0365967 9.63146e-05 0.00385063 2.01273e-05 
82 39.3741 0.0197595 1658.67 1.56539 3.46033e+06 6245.75 -0.000106552 0.00038945 0.0361874 9.95582e-05 0.00376605 2.09364e-05 
83 39.8622 0.0205003 1698.69 1.69328 3.62091e+06 7140.9 -0.000131528 0.000391027 0.0357635 0.000101798 0.00367896 2.2061e-05 
84 40.3517 0.0211378 1739.33 1.74152 3.7878e+06 7313.33 -0.000131649 0.000380406 0.0353468 8.90015e-05 0.00359553 1.94796e-05 
85 40.8468 0.0205397 1780.87 1.71833 3.96158e+06 7603.04 -9.14271e-05 0.000370652 0.0349529 8.24125e-05 0.00351564 1.83767e-05 
86 41.3365 0.0210169 1822.44 1.74706 4.13978e+06 7823.34 -9.00009e-05 0.000384068 0.0345607 8.1717e-05 0.00343847 1.84084e-05 
87 41.8218 0.0222346 1864.08 1.90967 4.32172e+06 8702.01 -0.000146896 0.000374813 0.0341693 8.13249e-05 0.00336247 1.79494e-05 
88 42.3112 0.0213941 1906.6 1.83652 4.51169e+06 8524.21 -0.000189432 0.000372475 0.0337897 8.6e-05 0.00329246 1.82135e-05 
89 42.7988 0.0221394 1949.46 1.90107 4.70743e+06 8788.7 -0.000201953 0.000379093 0.0334021 8.56054e-05 0.00321883 1.8902e-05 
90 43.2868 0.0223034 1992.85 1.95351 4.90982e+06 9338.41 -0.000304174 0.000390036 0.0330412 8.1575e-05 0.00315424 1.8492e-05 
91 43.7782 0.0218446 2036.98 1.95074 5.11944e+06 9619.46 -0.000326076 0.000418989 0.032681 8.48628e-05 0.00308761 1.6401e-05 
92 44.2657 0.0238082 2081.29 2.14279 5.33441e+06 10397.6 -0.000265273 0.000380703 0.0323205 8.09977e-05 0.00302284 1.52113e-05 
93 44.7566 0.0231081 2126.27 2.10139 5.55635e+06 10713.5 -0.000154233 0.000379882 0.0319768 8.06034e-05 0.00296233 1.55363e-05 
94 45.2434 0.0235404 2171.42 2.16217 5.78397e+06 11054.2 -0.000145372 0.00037576 0.0316518 7.68252e-05 0.00290359 1.43433e-05 
95 45.7284 0.0237727 2216.66 2.22437 6.01474e+06 11604.5 -0.000134314 0.000371102 0.031323 7.61667e-05 0.00284476 1.42587e-05 
96 46.2184 0.0234819 2263.07 2.22009 6.25822e+06 11934.6 -0.000182926 0.000368865 0.0310102 7.65979e-05 0.0027893 1.41439e-05 
97 46.7061 0.0238995 2309.71 2.26591 6.50744e+06 12610.8 -0.000238296 0.000362493 0.030699 7.63004e-05 0.00273519 1.40742e-05 
98 47.1975 0.0238518 2357.15 2.28045 6.76533e+06 12985.5 -0.000208398 0.000384429 0.0303967 7.72408e-05 0.0026805 1.43786e-05 
99 47.6836 0.0240331 2404.58 2.38308 7.02813e+06 13886.3 -0.000208698 0.000386413 0.0301083 7.92809e-05 0.00262792 1.36418e-05 
100 48.1703 0.0251272 2452.61 2.44227 7.30037e+06 14229.6 -0.000177176 0.000394747 0.0298103 7.89143e-05 0.00257687 1.40477e-05 
101 48.6557 0.0259183 2500.83 2.55132 7.57691e+06 15206.4 -0.000101261 0.000368695 0.0295252 7.62629e-05 0.00252904 1.38626e-05 
102 49.1398 0.0260006 2549.57 2.59262 7.86321e+06 15610.2 -7.09122e-05 0.000371967 0.0292765 7.83234e-05 0.00248666 1.38128e-05 
103 49.6285 0.0266716 2599.1 2.67655 8.15752e+06 16325.5 -0.000136458 0.000374782 0.0289958 7.72642e-05 0.00243945 1.29101e-05 
104 50.1218 0.0263491 2649.67 2.70906 8.46456e+06 16929.7 -0.00010041 0.000370062 0.0287168 7.75363e-05 0.00239394 1.29553e-05 
105 50.6094 0.0269296 2700.15 2.76554 8.77669e+06 17811.7 -0.000111884 0.000384523 0.0284496 7.70206e-05 0.00235082 1.3292e-05 
106 51.0948 0.0261954 2750.97 2.71121 9.09773e+06 18728.4 -0.000160957 0.000380433 0.0281691 7.56814e-05 0.00230517 1.3084e-05 
107 51.5815 0.0269219 2802.19 2.7955 9.42433e+06 18309.8 -0.000243968 0.000401222 0.0279175 7.82072e-05 0.00226315 1.38947e-05 
108 52.0737 0.0279152 2854.62 2.93741 9.76577e+06 19630.8 -0.000258164 0.000378034 0.0276721 7.62579e-05 0.00222551 1.39196e-05 
109 52.5652 0.0269163 2907.44 2.87989 1.01162e+07 20113.2 -0.000255563 0.000378957 0.0274322 7.3508e-05 0.00218717 1.31476e-05 
110 53.0579 0.0279439 2960.83 2.99589 1.04764e+07 21023.8 -0.000206023 0.00039072 0.0272015 7.70986e-05 0.00215166 1.31571e-05 
111 53.5394 0.0279529 3013.41 3.11288 1.0836e+07 22858.6 -0.000170137 0.000370236 0.0269566 7.49695e-05 0.00211292 1.27091e-05 
112 54.0185 0.0287656 3066.19 3.21472 1.12032e+07 23635.7 -0.000131234 0.000385822 0.026734 7.06465e-05 0.00207764 1.24089e-05 
113 54.5086 0.029215 3120.71 3.27204 1.15889e+07 24092.9 -0.000150143 0.000375103 0.0264794 7.11293e-05 0.00203933 1.25148e-05 
114 55.0003 0.0297049 3175.83 3.34271 1.19847e+07 24560 -0.000124784 0.000395307 0.0262576 7.71144e-05 0.00200578 1.24324e-05 
115 55.4847 0.0283149 3230.81 3.24227 1.23883e+07 24802.1 -7.10911e-05 0.000395959 0.0260057 7.04653e-05 0.00196895 1.13279e-05 
116 55.9732 0.0282166 3286.68 3.19604 1.28047e+07 24489.3 3.92261e-05 0.00037476 0.025793 7.13886e-05 0.00194024 1.17966e-05 
117 56.4683 0.0290034 3343.66 3.30257 1.32356e+07 25533.4 0.000151886 0.000396385 0.0255778 6.92356e-05 0.00190609 1.16035e-05 
118 56.9517 0.0289883 3399.62 3.32866 1.36621e+07 26158.8 9.77589e-05 0.000380223 0.0253761 6.71403e-05 0.00187736 1.07263e-05 
119 57.4306 0.0310817 3455.74 3.54747 1.41e+07 27389.6 0.000126101 0.000377694 0.025148 6.84859e-05 0.00184409 1.05655e-05 
120 57.9198 0.0327556 3513.56 3.81073 1.45585e+07 30109.6 0.000157037 0.000392053 0.0249135 6.95651e-05 0.00180924 1.08871e-05 
121 58.4019 0.0304016 3570.92 3.58959 1.50191e+07 29623.8 0.000161118 0.000406738 0.0247002 6.76634e-05 0.00177929 1.04766e-05 
122 58.8884 0.0305423 3629.41 3.60676 1.5498e+07 30246 0.000197539 0.000395353 0.0244897 6.88664e-05 0.00175079 1.0304e-05 
123 59.3773 0.0303731 3688.67 3.64847 1.59908e+07 31105.7 0.000105185 0.000389905 0.0242834 6.76153e-05 0.00172301 1.026e-05 
124 59.8707 0.031343 3748.9 3.79214 1.64996e+07 32742.8 0.000197794 0.000408112 0.0241111 6.69646e-05 0.00170029 1.02113e-05 
125 60.3552 0.0314454 3808.51 3.82361 1.70097e+07 33443.2 0.000223662 0.000388914 0.0239187 6.59403e-05 0.0016746 1.04951e-05 
126 60.8439 0.0318504 3869.14 3.8873 1.75367e+07 34228.3 0.000211742 0.00039422 0.0237215 6.68377e-05 0.0016472 1.18267e-05 
127 61.3316 0.0326104 3930.06 4.02965 1.80738e+07 36069.2 0.000181408 0.000393401 0.023535 6.9359e-05 0.00162003 1.16479e-05 
128 61.8172 0.0345554 3991.21 4.27775 1.86212e+07 38482.8 0.000253688 0.000403538 0.0233396 7.09861e-05 0.00159386 1.13079e-05 
129 62.3034 0.0340775 4052.85 4.2334 1.91801e+07 38956.9 9.38587e-05 0.000402273 0.0231537 6.8018e-05 0.00156877 1.10091e-05 
130 62.795 0.0336157 4115.69 4.2504 1.97576e+07 39747.9 0.000102992 0.000408521 0.0229863 6.68179e-05 0.00154687 9.59754e-06 
131 63.2729 0.0345433 4177.15 4.37746 2.03294e+07 40924.3 6.53704e-05 0.000394476 0.022823 6.66869e-05 0.00152546 9.63231e-06 
132 63.756 0.0353552 4239.74 4.55268 2.09199e+07 43743.1 8.47467e-05 0.00040413 0.0226548 6.71967e-05 0.00150292 1.03361e-05 
133 64.2427 0.0344248 4303.39 4.44601 2.15309e+07 43231.7 2.41885e-05 0.00039998 0.0224775 6.71738e-05 0.00148108 1.01699e-05 
134 64.7296 0.0348957 4367.61 4.5736 2.21569e+07 45955.6 1.28138e-05 0.000407019 0.0223035 6.63562e-05 0.00145819 9.72849e-06 
135 65.2147 0.0357876 4432.16 4.72135 2.27968e+07 50014.2 8.30275e-06 0.000387601 0.0221489 6.66975e-05 0.00143643 9.42163e-06 
136 65.6972 0.0354743 4496.85 4.68695 2.34474e+07 48134.8 3.20159e-05 0.000405035 0.0219838 6.78e-05 0.00141597 9.39435e-06 
137 66.1858 0.0378645 4562.79 5.13414 2.41202e+07 54052.7 -7.361e-06 0.000396592 0.0218226 6.4497e-05 0.00139595 9.06302e-06 
138 66.6786 0.036364 4629.57 4.98385 2.48074e+07 53510.8 -3.76696e-05 0.000409025 0.0216793 6.38983e-05 0.00137912 9.76081e-06 
139 67.1694 0.0384377 4696.69 5.19796 2.55115e+07 54928.2 -6.49203e-05 0.00039432 0.0215125 6.89035e-05 0.00135932 1.13261e-05 
140 67.6579 0.0387217 4763.88 5.33567 2.62212e+07 57490 -9.9499e-05 0.000400039 0.0213607 6.81396e-05 0.00134091 1.12239e-05 
141 68.127 0.0375376 4829.08 5.16089 2.69242e+07 55990.3 4.03469e-05 0.000412714 0.021212 6.41591e-05 0.00132369 1.05749e-05 
142 68.6246 0.0386524 4898.52 5.37541 2.76788e+07 59373.3 -1.11174e-05 0.000411451 0.0210689 6.56027e-05 0.00130584 9.14305e-06 
143 69.1208 0.0407638 4968.22 5.84037 2.84476e+07 67004 -1.07198e-05 0.000441454 0.0209321 6.62407e-05 0.00128936 9.51018e-06 
144 69.6058 0.0407969 5036.86 5.89267 2.92131e+07 70297.8 8.9772e-06 0.000479316 0.0207936 6.5187e-05 0.0012721 9.05447e-06 
145 70.0971 0.0446061 5106.82 6.43252 3.00024e+07 76908.4 5.56652e-05 0.000504141 0.0206721 6.48933e-05 0.00125574 8.65311e-06 
146 70.5915 0.0463411 5177.58 6.64262 3.08097e+07 79276.9 6.55422e-06 0.000484454 0.0205455 6.45055e-05 0.00123935 9.02635e-06 
147 71.0822 0.0452221 5248.43 6.45422 3.16316e+07 75932 2.77439e-05 0.000486151 0.0204269 6.57192e-05 0.00122478 8.53805e-06 
148 71.5593 0.0411822 5317.76 5.93586 3.24447e+07 70840.6 1.13519e-05 0.000456398 0.020302 6.65327e-05 0.00120934 9.13703e-06 
149 72.0434 0.0422719 5388.58 6.22618 3.32867e+07 76239.6 -4.02992e-05 0.000486229 0.0201731 6.87782e-05 0.00119439 8.89334e-06 
150 72.5424 0.0417337 5462.17 6.15165 3.41747e+07 76205.7 -8.44936e-05 0.000467471 0.0200436 6.54813e-05 0.00117931 8.45889e-06 
151 73.0324 0.040669 5534.9 6.07635 3.5063e+07 80227.9 -2.6425e-05 0.000421435 0.0198935 6.51245e-05 0.00116224 9.01612e-06 
152 73.5173 0.0484678 5607.46 7.14924 3.59633e+07 89176.5 8.88666e-06 0.000410379 0.0197717 6.64871e-05 0.00114816 8.37681e-06 
153 74.0117 0.0479413 5681.69 7.09928 3.68901e+07 89633.4 5.99337e-05 0.000415018 0.0196416 6.82354e-05 0.0011331 8.27317e-06 
154 74.5002 0.0513087 5755.43 7.81517 3.7821e+07 102637 0.000174754 0.000418653 0.0195115 6.48482e-05 0.0011185 8.00665e-06 
155 74.9993 0.0427287 5831.25 6.77006 3.87891e+07 95623.6 0.00016789 0.000421807 0.0193732 6.54474e-05 0.00110323 8.24391e-06 
156 75.4892 0.045791 5906.35 6.98963 3.97641e+07 96789.2 5.75423e-05 0.000415669 0.0192706 6.61277e-05 0.00109215 8.11483e-06 
157 75.9832 0.046031 5982.55 7.13421 4.07646e+07 96234.2 1.46547e-05 0.00041956 0.0191374 6.92267e-05 0.00107624 8.49185e-06 
158 76.4718 0.043291 6058.58 6.73494 4.17803e+07 91540.6 -2.64046e-05 0.000436597 0.0190254 6.54561e-05 0.00106383 8.19454e-06 
159 76.9417 0.0457461 6132.1 7.18314 4.27758e+07 100475 -9.03914e-05 0.000466211 0.0189134 6.45215e-05 0.00105135 8.1747e-06 
160 77.4232 0.0428078 6207.9 6.66421 4.38117e+07 91823.5 -4.88784e-05 0.000487045 0.0187782 7.00481e-05 0.00103799 7.97075e-06 
161 77.9125 0.0505813 6285.22 7.92097 4.48749e+07 109050 -3.40494e-05 0.000482165 0.0186736 6.585e-05 0.00102685 7.7637e-06 
162 78.396 0.0489443 6362.17 7.62843 4.59481e+07 105092 -5.37364e-05 0.000450187 0.0185537 6.50335e-05 0.00101338 7.49009e-06 
163 78.8896 0.0471868 6441.29 7.51782 4.70677e+07 109061 7.81693e-06 0.000428758 0.0184419 6.38534e-05 0.00100104 7.30507e-06 
164 79.3836 0.0477053 6520.77 7.59535 4.81982e+07 113467 -1.71264e-05 0.000444965 0.0183191 6.92415e-05 0.000987612 7.86439e-06 
165 79.8742 0.0474168 6600.24 7.7222 4.93459e+07 116155 6.77884e-06 0.000432132 0.0182289 6.37813e-05 0.000977603 7.26207e-06 
166 80.362 0.0511601 6679.69 8.25715 5.05038e+07 121496 2.61746e-05 0.000460293 0.0181258 6.95429e-05 0.000965943 7.74421e-06 
167 80.8328 0.056679 6756.92 9.17566 5.16457e+07 134922 6.936e-05 0.000467497 0.018018 6.57522e-05 0.000953678 7.23821e-06 
168 81.3157 0.0520571 6836.57 8.50589 5.28364e+07 127397 2.34709e-05 0.000521941 0.0179081 6.65117e-05 0.000942078 7.41371e-06 
169 81.8037 0.0497214 6917.55 8.17173 5.40602e+07 124819 6.90335e-05 0.00049916 0.0177964 7.46214e-05 0.000930197 7.47712e-06 
170 82.3034 0.0480746 7000.85 7.9419 5.53312e+07 123058 7.72642e-05 0.000528914 0.0176845 7.07037e-05 0.000918533 7.1627e-06 
171 82.7889 0.0516405 7082.38 8.66712 5.65922e+07 136993 7.66877e-05 0.000514292 0.0175692 7.36312e-05 0.00090657 7.82237e-06 
172 83.2789 0.0480624 7165.05 8.19462 5.78829e+07 136609 8.36312e-05 0.000480057 0.0174674 7.49152e-05 0.000895756 7.5478e-06 
173 83.7748 0.0567695 7249.45 9.80433 5.922e+07 164762 6.97174e-05 0.000449339 0.0173854 6.6321e-05 0.000887217 7.14718e-06 
174 84.2591 0.0620569 7332.15 10.645 6.05406e+07 175600 8.59315e-05 0.000452734 0.0172891 6.47145e-05 0.000878046 6.92326e-06 
175 84.7446 0.0532274 7415.5 9.19968 6.18863e+07 155920 0.000137495 0.00042945 0.0171762 6.96839e-05 0.000866995 7.71142e-06 
176 85.2374 0.0528341 7500.91 8.99574 6.32905e+07 149231 4.33003e-05 0.000439065 0.0170794 6.95029e-05 0.000857387 6.95118e-06 
177 85.7072 0.0506967 7582.4 8.88052 6.46337e+07 157149 -4.20392e-05 0.000430395 0.016986 6.79026e-05 0.000847334 7.27617e-06 
178 86.2021 0.0514297 7668.92 9.06875 6.60788e+07 158998 -2.81938e-05 0.000425407 0.0169093 6.16384e-05 0.000839457 6.41566e-06 
179 86.6916 0.054589 7754.88 9.68611 6.75259e+07 169971 -0.000107668 0.000437293 0.0168155 6.46651e-05 0.000830815 6.73696e-06 
180 87.2 0.0526272 7844.67 9.44044 6.90555e+07 169408 -5.13766e-05 0.0004692 0.016729 6.29131e-05 0.000822173 6.50427e-06 
181 87.6904 0.0528281 7931.92 9.62732 7.05621e+07 178845 1.87693e-05 0.000504876 0.0166322 6.58206e-05 0.000812607 6.37252e-06 
182 88.1808 0.0522256 8019.66 9.37709 7.20937e+07 177668 0.000127921 0.000456546 0.0165588 7.2932e-05 0.000805592 6.98746e-06 
183 88.6686 0.0545481 8107.2 9.91563 7.36323e+07 183455 0.000185341 0.00044282 0.0164482 7.32006e-05 0.000794925 7.3623e-06 
184 89.1576 0.0530867 8195.53 9.56594 7.52041e+07 176413 0.000248031 0.000456626 0.0163638 7.43728e-05 0.00078735 6.93715e-06 
185 89.6306 0.0520275 8281.3 9.45108 7.67411e+07 176775 0.000203508 0.000452482 0.016261 6.54856e-05 0.000777612 6.2598e-06 
186 90.1144 0.0613767 8369.35 11.281 7.83301e+07 213204 0.000293563 0.000472756 0.0161888 7.02465e-05 0.000770007 6.20395e-06 
187 90.5948 0.0601749 8457.68 11.0582 7.99542e+07 209111 0.000252447 0.000498451 0.0161094 6.4675e-05 0.000762266 6.41244e-06 
188 91.0776 0.0623718 8546.77 11.5506 8.16062e+07 221394 0.000218208 0.000504986 0.0160186 6.25842e-05 0.00075397 6.18642e-06 
189 91.5723 0.0620364 8638.49 11.3499 8.3322e+07 214498 0.000251485 0.000519321 0.0159247 6.42157e-05 0.000746127 6.5286e-06 
190 92.0602 0.0568648 8729.6 10.5639 8.50494e+07 206970 0.000217319 0.000499319 0.0158409 6.25875e-05 0.000738849 6.36644e-06 
191 92.5528 0.0586033 8822.23 10.9757 8.68311e+07 216367 0.000239436 0.000535169 0.0157681 6.26171e-05 0.00073139 6.2082e-06 
192 93.0374 0.0575015 8913.59 10.8367 8.85973e+07 222927 0.000274456 0.000531796 0.0156717 6.41677e-05 0.00072316 6.46155e-06 
193 93.5389 0.0609845 9008.53 11.9405 9.04466e+07 255588 0.000267501 0.000576075 0.015596 6.18241e-05 0.000716494 6.24597e-06 
194 94.0335 0.0601826 9102.55 11.6742 9.22924e+07 247038 0.000270681 0.000605357 0.0155189 6.12448e-05 0.000709934 6.17858e-06 
195 94.5181 0.0606433 9195.02 11.669 9.41228e+07 244174 0.000347991 0.000524174 0.015433 6.52164e-05 0.000702648 6.52451e-06 
196 95.0056 0.0623848 9288.89 12.1845 9.60098e+07 261885 0.000245076 0.000535679 0.0153513 6.87494e-05 0.000695567 6.89879e-06 
197 95.4838 0.065798 9381.2 12.6964 9.78802e+07 266149 0.00019842 0.000624208 0.0152707 7.19157e-05 0.000688163 6.9602e-06 
198 95.9805 0.061027 9477.71 11.9439 9.98502e+07 257319 0.000181773 0.000575701 0.0152035 6.41533e-05 0.000681953 6.3025e-06 
199 96.4519 0.0652774 9570.01 12.9081 1.01767e+08 282850 0.000268266 0.000530301 0.0151357 6.5845e-05 0.000676134 6.26923e-06 
200 96.9376 0.0695324 9665.43 13.6075 1.03764e+08 293287 0.000264335 0.000506072 0.0150595 6.33572e-05 0.000669774 6.1249e-06 
201 97.4329 0.0619193 9763.49 12.2221 1.05845e+08 269571 0.000268635 0.00050346 0.014987 6.46193e-05 0.000663071 6.249e-06 
202 97.9407 0.0632706 9864.1 12.5501 1.07981e+08 276016 0.000282387 0.000561382 0.0149152 6.33961e-05 0.000655666 5.99894e-06 
203 98.4348 0.0631082 9962.5 12.7894 1.10097e+08 290554 0.000276358 0.000530567 0.0148456 6.2979e-05 0.000649105 6.04457e-06 
204 98.9337 0.0683483 10062.1 13.9986 1.12249e+08 323427 0.000378029 0.000477157 0.0147705 6.47331e-05 0.000642178 6.19801e-06 
205 99.4282 0.0670821 10161.8 13.895 1.1443e+08 330934 0.000342756 0.000485212 0.0147076 6.48599e-05 0.000636672 6.1316e-06 
206 99.9134 0.0694075 10259.6 14.17 1.16584e+08 329289 0.000347153 0.000487043 0.0146379 6.33112e-05 0.000630057 5.80271e-06 
207 100.389 0.0664358 10356.4 13.4702 1.18753e+08 310886 0.000255218 0.000514307 0.0145657 6.5906e-05 0.000623689 5.88729e-06 
208 100.871 0.0682077 10454.8 13.7332 1.20967e+08 310441 0.000314033 0.000473802 0.0144858 6.79716e-05 0.000616905 5.83888e-06 
209 101.349 0.074564 10552.8 15.2598 1.2319e+08 354220 0.000224643 0.000531908 0.0144143 7.03586e-05 0.000610609 6.09976e-06 
210 101.83 0.0800888 10652.1 16.5816 1.25475e+08 392043 0.000326867 0.00053422 0.0143371 6.53115e-05 0.0006043 5.74042e-06 
211 102.323 0.0704005 10754.3 14.7253 1.27841e+08 353464 0.000454236 0.000627058 0.0142733 6.21477e-05 0.000599333 5.52751e-06 
212 102.818 0.0755902 10857.3 16.0633 1.30246e+08 395818 0.00048797 0.00057182 0.0142 6.31496e-05 0.000592812 5.56759e-06 
213 103.318 0.0795839 10961.8 16.9283 1.32714e+08 419466 0.000424907 0.000621227 0.0141222 6.27994e-05 0.000586317 5.51722e-06 
214 103.813 0.0828608 11065.5 17.599 1.35167e+08 434631 0.000520422 0.000620467 0.0140645 6.38708e-05 0.000581498 5.72639e-06 
215 104.302 0.0744662 11168.8 15.8677 1.37645e+08 397160 0.000541172 0.000602733 0.0140101 6.49069e-05 0.000577011 5.82936e-06 
216 104.772 0.0732679 11268.2 15.6777 1.4004e+08 394567 0.000397039 0.000595297 0.0139482 6.63944e-05 0.000572018 5.81686e-06 
217 105.26 0.0705986 11371.8 15.1306 1.42558e+08 385560 0.000520118 0.000506432 0.0138885 6.43953e-05 0.000566804 5.62241e-06 
218 105.764 0.066 11479.7 14.1049 1.45217e+08 374502 0.000546828 0.000471505 0.0138208 6.24087e-05 0.000562181 5.35854e-06 
219 106.231 0.0692225 11580 14.5821 1.47719e+08 366416 0.000304665 0.000529893 0.0137534 6.38478e-05 0.000556984 5.44313e-06 
220 106.7 0.068655 11680.7 14.5931 1.50212e+08 370193 0.000358215 0.0004987 0.0136973 6.48494e-05 0.000552219 5.57046e-06 
221 107.185 0.0689597 11785.8 15.0165 1.52863e+08 393560 0.000388502 0.000498727 0.0136421 6.48076e-05 0.00054688 5.52691e-06 
222 107.664 0.0776779 11889.9 16.7738 1.55511e+08 426870 0.00036588 0.000545771 0.0135626 6.25687e-05 0.000540135 5.30137e-06 
223 108.151 0.0771933 11996.3 16.6795 1.58245e+08 427960 0.000380403 0.000585478 0.0135093 6.53701e-05 0.000536326 5.56153e-06 
224 108.644 0.0767151 12104.7 16.6355 1.61057e+08 432114 0.000405464 0.000541849 0.0134491 6.33573e-05 0.000532367 5.27818e-06 
225 109.147 0.0912625 12215.6 20.3662 1.63951e+08 556390 0.000351721 0.00050261 0.013375 6.30051e-05 0.00052584 5.63174e-06 
226 109.623 0.0843169 12321 18.809 1.66726e+08 512365 0.00031967 0.000482437 0.0133302 6.47976e-05 0.000522901 5.32068e-06 
227 110.117 0.0866361 12430.9 19.1052 1.69648e+08 507291 0.000419668 0.00049412 0.0132841 6.64358e-05 0.000519162 5.36187e-06 
228 110.606 0.0762664 12540.3 17.0743 1.72582e+08 468260 0.000411143 0.000510184 0.0132207 6.18666e-05 0.000514107 5.13684e-06 
229 111.078 0.0802413 12646.1 17.9505 1.75433e+08 490482 0.00037579 0.00050533 0.0131571 6.16007e-05 0.000509136 5.15664e-06 
230 111.536 0.0765165 12749.4 17.1674 1.78262e+08 477902 0.000252223 0.000545181 0.0130925 6.62641e-05 0.00050383 5.65342e-06 
231 112.027 0.0699051 12860.1 15.7755 1.81288e+08 443062 0.000116437 0.000578728 0.0130334 6.56494e-05 0.000499247 5.58698e-06 
232 112.517 0.0728087 12971.7 16.5716 1.84374e+08 475118 9.01328e-05 0.000593675 0.0129928 6.37244e-05 0.000496009 5.36034e-06 
233 113.006 0.0771857 13083.2 17.4949 1.87489e+08 494660 3.347e-05 0.000542513 0.0129276 6.74192e-05 0.000491088 5.54473e-06 
234 113.497 0.0706224 13196 16.1962 1.90677e+08 468312 1.63016e-05 0.000505203 0.0128765 6.59142e-05 0.000487344 5.436e-06 
235 113.982 0.0736642 13307.8 17.1659 1.93859e+08 509855 1.82045e-05 0.000512376 0.0128228 6.1447e-05 0.000483255 4.85422e-06 
236 114.466 0.0795228 13419.7 18.0092 1.97051e+08 512019 0.000113193 0.00049817 0.0127783 6.43658e-05 0.000480669 5.12088e-06 
237 114.95 0.0772617 13532 17.8177 2.00289e+08 539446 0.000197403 0.000480242 0.0127192 6.22011e-05 0.000476836 4.95243e-06 
238 115.448 0.0851832 13648.5 19.7805 2.03696e+08 577090 0.000152259 0.000545436 0.012659 6.38327e-05 0.000472533 5.08905e-06 
239 115.926 0.0995017 13760.5 23.0876 2.06975e+08 674392 0.000176866 0.000597535 0.0126128 6.21987e-05 0.00046877 5.12906e-06 
240 116.427 0.110717 13878.3 25.9165 2.1047e+08 766755 0.000237559 0.0006105 0.0125689 6.3215e-05 0.000465341 5.04167e-06 
241 116.905 0.112477 13991.1 26.4155 2.1383e+08 786318 0.000300658 0.000552267 0.012516 6.20778e-05 0.000461289 5.30622e-06 
242 117.39 0.103252 14106.1 24.3369 2.17293e+08 731660 0.000291387 0.000547684 0.0124478 6.25847e-05 0.000456093 5.13484e-06 
243 117.826 0.0841253 14210 19.8664 2.20444e+08 609049 0.000271191 0.0006468 0.0123874 6.77263e-05 0.000451751 5.36523e-06 
244 118.313 0.0773475 14326.1 18.5263 2.23976e+08 594303 0.000154488 0.000597374 0.0123385 7.21264e-05 0.000448819 5.53235e-06 
245 118.816 0.0811859 14446.6 18.979 2.27665e+08 611187 0.000111626 0.000553396 0.0122906 7.2334e-05 0.00044516 5.11326e-06 
246 119.309 0.0793813 14565.1 18.9004 2.31333e+08 592479 0.000104765 0.000516383 0.0122482 7.14512e-05 0.000442474 5.1684e-06 
247 119.823 0.0825604 14689.2 19.8821 2.35187e+08 630025 6.36598e-05 0.000522647 0.0121949 7.99058e-05 0.000438844 5.87837e-06 
248 120.305 0.088117 14806.3 21.5258 2.38872e+08 699650 7.81134e-05 0.000501944 0.012158 6.37347e-05 0.000436185 4.91566e-06 
249 120.781 0.0849566 14922.4 20.7025 2.42576e+08 663809 8.18963e-05 0.000514907 0.0121068 6.37556e-05 0.000432589 4.97543e-06 
250 121.274 0.0768308 15043.1 18.7293 2.46431e+08 609124 0.000115171 0.000502451 0.0120495 6.58046e-05 0.000428944 4.78877e-06 
251 121.776 0.0810406 15166.2 19.8816 2.50377e+08 651744 0.000126552 0.0004876 0.0119964 6.38514e-05 0.000425379 4.83266e-06 
252 122.287 0.0793993 15292.3 19.5941 2.54462e+08 650827 -2.37264e-05 0.000494014 0.0119474 6.49383e-05 0.000421677 5.02324e-06 
253 122.784 0.0824352 15415.4 20.3689 2.58482e+08 678811 0.000106959 0.000506046 0.0119073 6.34296e-05 0.000419017 4.91449e-06 
254 123.284 0.0826279 15539.6 20.5896 2.62565e+08 696779 0.000210169 0.000506619 0.0118643 6.14704e-05 0.000415596 4.70485e-06 
255 123.795 0.0820023 15667 20.5016 2.66799e+08 697919 0.000266766 0.000501753 0.0118105 6.22009e-05 0.000412024 4.68637e-06 
256 124.286 0.0849755 15789.8 21.1898 2.70905e+08 737079 0.000284205 0.000518205 0.0117611 6.44184e-05 0.000408621 4.992e-06 
257 124.717 0.0873952 15898.4 22.0942 2.74574e+08 765268 3.5423e-05 0.000509097 0.0117224 6.51893e-05 0.000405961 5.05411e-06 
258 125.224 0.0890257 16026 22.4104 2.78881e+08 766422 0.000147156 0.000519812 0.0116776 6.56791e-05 0.000403086 4.92225e-06 
259 125.697 0.0859611 16146.1 21.2902 2.83016e+08 740631 0.000203228 0.000513571 0.0116129 6.87101e-05 0.000398801 5.21342e-06 
260 126.189 0.0881357 16271.9 22.2758 2.8738e+08 774265 0.000162605 0.000532749 0.0115575 6.74727e-05 0.000395314 5.09098e-06 
261 126.682 0.0945951 16397.5 24.311 2.91718e+08 859887 8.92078e-06 0.000535396 0.0115076 6.62439e-05 0.000392042 4.90874e-06 
262 127.178 0.0889295 16524.9 22.8618 2.96178e+08 813388 2.65303e-05 0.000554566 0.0114498 6.6335e-05 0.000387746 4.91246e-06 
263 127.67 0.0891075 16651.9 22.9127 3.0067e+08 821459 3.32587e-05 0.000501701 0.0114087 6.62637e-05 0.000385365 4.86286e-06 
264 128.152 0.0896399 16776.7 23.122 3.05117e+08 834547 5.67811e-05 0.00057028 0.0113683 6.57072e-05 0.000382496 4.81108e-06 
265 128.633 0.089802 16901.8 23.0952 3.09604e+08 836725 8.84702e-05 0.000506795 0.0113298 6.64918e-05 0.000379624 4.91831e-06 
266 129.135 0.0972829 17033.1 25.4243 3.14382e+08 930597 0.000158403 0.00051574 0.0113133 6.91267e-05 0.000378821 5.04969e-06 
267 129.613 0.0941803 17158.2 24.3415 3.18947e+08 877084 0.000216859 0.000539491 0.0112688 6.89823e-05 0.000376221 5.13343e-06 
268 130.102 0.0877772 17286.2 22.9784 3.23608e+08 855697 0.00030585 0.000555712 0.0112237 7.11791e-05 0.000373196 4.92462e-06 
269 130.595 0.0909106 17416 23.785 3.28378e+08 882214 0.000373181 0.000523831 0.0111811 7.87942e-05 0.000370663 5.62925e-06 
270 131.113 0.0982607 17553.1 26.6588 3.33477e+08 1.05031e+06 0.000461756 0.000542476 0.0111418 7.6819e-05 0.000367852 5.53919e-06 
271 131.598 0.0955091 17682 26.5673 3.38326e+08 1.09727e+06 0.000444269 0.000513813 0.0110987 7.23356e-05 0.000365148 5.27033e-06 
272 132.07 0.0947237 17807.6 24.8296 3.43044e+08 946434 0.000327494 0.00052939 0.0110523 7.04336e-05 0.000362293 5.16854e-06 
273 132.569 0.0943837 17941 25.0649 3.48109e+08 957548 0.000336682 0.000531722 0.011027 6.89789e-05 0.00036095 4.95086e-06 
274 133.076 0.0907811 18076.9 24.6066 3.53288e+08 989146 0.000324139 0.000533822 0.0109953 6.62995e-05 0.000359161 4.76509e-06 
275 133.573 0.104044 18210.4 28.8296 3.58404e+08 1.17887e+06 0.000301689 0.000571523 0.0109627 7.23841e-05 0.000357388 5.38e-06 
276 134.065 0.101467 18343.4 27.4013 3.63543e+08 1.09189e+06 0.000462832 0.000541921 0.010927 6.57983e-05 0.000355304 4.95884e-06 
277 134.572 0.0940751 18481 25.4367 3.68911e+08 1.007e+06 0.000485543 0.000549387 0.0108785 6.71041e-05 0.000352586 4.87909e-06 
278 135.076 0.0955117 18618.2 25.925 3.74317e+08 1.03467e+06 0.00050883 0.000620898 0.0108398 6.83256e-05 0.000350608 4.86321e-06 
279 135.576 0.0987311 18755.2 26.7229 3.79748e+08 1.06e+06 0.000402414 0.00062387 0.0108082 7.15219e-05 0.000349116 5.14279e-06 
280 136.024 0.0945798 18877 25.9292 3.84543e+08 1.0879e+06 0.000166814 0.000589613 0.0107491 7.63028e-05 0.000345402 5.34452e-06 
281 136.509 0.104264 19011.2 28.8335 3.89966e+08 1.17773e+06 0.000164803 0.000594438 0.010724 7.32021e-05 0.000343535 5.38382e-06 
282 137.002 0.100404 19147.6 27.5473 3.95485e+08 1.1074e+06 0.000146193 0.000564355 0.0106998 7.66887e-05 0.000342367 5.41528e-06 
283 137.498 0.0969751 19285.5 26.8964 4.01115e+08 1.11781e+06 0.00014784 0.000578124 0.0106545 8.07209e-05 0.000339088 5.64608e-06 
284 137.997 0.104377 19423.9 28.9012 4.0677e+08 1.17711e+06 0.000152956 0.000536799 0.0106093 8.91105e-05 0.000336525 6.10007e-06 
285 138.466 0.103084 19554.8 29.2131 4.12163e+08 1.23934e+06 0.000160009 0.000548269 0.010575 7.61645e-05 0.000334043 5.15121e-06 
286 138.957 0.108802 19692.1 30.6448 4.17848e+08 1.28356e+06 0.000167826 0.000543688 0.0105259 7.62205e-05 0.000330862 5.21657e-06 
287 139.424 0.0985567 19823.8 27.9006 4.23407e+08 1.18018e+06 0.000136656 0.000544135 0.0104889 6.81785e-05 0.000328184 4.8152e-06 
288 139.881 0.10304 19952.4 29.1686 4.28795e+08 1.26069e+06 -8.81616e-05 0.000587357 0.0104426 7.62648e-05 0.000325698 5.07306e-06 
289 140.379 0.0996033 20092.8 28.4981 4.34701e+08 1.24238e+06 -0.0001124 0.000593211 0.0104038 8.17519e-05 0.000323449 5.48038e-06 
290 140.864 0.104323 20230.8 28.7773 4.4061e+08 1.22527e+06 -4.90646e-05 0.00057479 0.0103646 7.86175e-05 0.000320461 4.78191e-06 
291 141.351 0.114134 20370 32.0279 4.46629e+08 1.3636e+06 -3.89971e-06 0.000594348 0.010337 7.69294e-05 0.000319066 4.47094e-06 
292 141.85 0.114142 20513 32.5202 4.52823e+08 1.42579e+06 -6.83767e-05 0.000557971 0.0102978 7.51085e-05 0.000316762 4.72582e-06 
293 142.351 0.132883 20656.7 38.0934 4.5908e+08 1.69734e+06 -8.091e-05 0.000574167 0.0102736 7.54718e-05 0.000314878 4.67465e-06 
294 142.848 0.122442 20799.7 35.3643 4.65329e+08 1.6059e+06 5.88229e-05 0.000610914 0.010239 7.43655e-05 0.000312234 4.76286e-06 
295 143.344 0.116366 20943.1 33.3144 4.71674e+08 1.49136e+06 0.000114815 0.000658945 0.0102178 6.89042e-05 0.000310661 4.46627e-06 
296 143.811 0.131271 21078.6 37.393 4.77689e+08 1.63028e+06 0.000198619 0.000640647 0.0101882 6.93248e-05 0.000309087 4.55128e-06 
297 144.276 0.127763 21213 36.2573 4.83646e+08 1.56684e+06 1.24949e-05 0.000639777 0.0101475 8.6576e-05 0.000307 5.75645e-06 
298 144.754 0.110227 21353 31.7802 4.89962e+08 1.44515e+06 -3.43052e-05 0.000683249 0.0100992 8.45169e-05 0.000303908 5.68955e-06 
299 145.248 0.118525 21498 34.298 4.96565e+08 1.53028e+06 0.000117424 0.000688427 0.0100835 9.35096e-05 0.000302798 6.18672e-06 
300 145.726 0.123669 21638.6 36.3542 5.02992e+08 1.67688e+06 0.000156835 0.000698994 0.0100687 8.88563e-05 0.00030187 5.69226e-06 
301 146.248 0.12886 21791.5 37.4205 5.09926e+08 1.69932e+06 4.28023e-05 0.000683492 0.0100341 8.11499e-05 0.000300141 5.59214e-06 
302 146.738 0.120338 21936.4 34.5951 5.16611e+08 1.56006e+06 7.81584e-05 0.000664896 0.0100029 7.19162e-05 0.000298164 4.60604e-06 
303 147.247 0.129395 22087 37.8479 5.23582e+08 1.71765e+06 0.000153796 0.00064232 0.00996479 7.67517e-05 0.00029597 5.03386e-06 
304 147.738 0.127701 22233.2 37.8703 5.30407e+08 1.76446e+06 0.000169254 0.000635783 0.00992809 7.12286e-05 0.00029345 4.76219e-06 
305 148.219 0.117842 22377.5 34.7764 5.37243e+08 1.60836e+06 0.000156824 0.000674054 0.00989966 7.09443e-05 0.000291407 4.83647e-06 
306 148.699 0.143406 22520.1 42.3385 5.43901e+08 1.96839e+06 5.3407e-05 0.000715991 0.00984849 7.49853e-05 0.000288831 4.8714e-06 
307 149.194 0.132336 22668.6 38.894 5.50943e+08 1.79977e+06 7.69916e-05 0.000673813 0.00980184 7.40681e-05 0.000285988 4.72679e-06 
308 149.686 0.129471 22817.4 38.6482 5.58121e+08 1.82814e+06 3.82921e-05 0.00067281 0.00975731 6.95879e-05 0.000284027 4.60823e-06 
309 150.174 0.130729 22965.6 39.0825 5.65305e+08 1.85641e+06 9.13003e-05 0.000644303 0.00974389 7.31173e-05 0.000283188 4.8393e-06 
310 150.681 0.121795 23118.6 36.8969 5.72666e+08 1.80582e+06 0.000103226 0.000648162 0.00972039 7.64823e-05 0.000282129 4.57659e-06 
311 151.191 0.136497 23274.2 40.0618 5.80293e+08 1.8282e+06 -2.96142e-05 0.000617567 0.0096951 7.83357e-05 0.000281012 4.88306e-06 
312 151.678 0.138 23423 41.2012 5.87614e+08 1.95266e+06 0.000118242 0.000680983 0.00967109 8.31949e-05 0.000279283 5.30016e-06 
313 152.169 0.153238 23574.1 46.3078 5.95163e+08 2.24014e+06 0.000226892 0.000682185 0.00964407 8.64987e-05 0.000277999 5.32886e-06 
314 152.681 0.161874 23731.7 49.455 6.0303e+08 2.44984e+06 0.000287347 0.000660705 0.00960774 7.18273e-05 0.00027597 4.54892e-06 
315 153.176 0.145321 23885.1 44.4507 6.10781e+08 2.20559e+06 0.000303192 0.000633192 0.00960128 7.17655e-05 0.000275228 4.70085e-06 
316 153.644 0.145898 24028.6 44.3221 6.17896e+08 2.17204e+06 0.00020404 0.00066637 0.00954624 7.11569e-05 0.000271926 4.78119e-06 
317 154.137 0.137868 24181.4 42.0939 6.25634e+08 2.09166e+06 0.000207321 0.00071226 0.00950951 7.26442e-05 0.000269822 4.72172e-06 
318 154.615 0.135839 24331.7 42.408 6.33432e+08 2.21053e+06 0.000152091 0.000692251 0.00948213 7.74018e-05 0.000268508 5.36116e-06 
319 155.089 0.14116 24480.1 44.6796 6.41077e+08 2.37608e+06 0.000180592 0.000701578 0.00946621 7.98392e-05 0.000267865 5.43053e-06 
320 155.574 0.143265 24631.8 45.666 6.48894e+08 2.45426e+06 0.000267578 0.000758497 0.00943995 7.86121e-05 0.000266201 4.85107e-06 
321 156.077 0.131143 24790.3 41.8685 6.5713e+08 2.27004e+06 0.000128968 0.000709212 0.00943025 7.37609e-05 0.000265895 4.67072e-06 
322 156.569 0.126814 24945.9 40.2497 6.65336e+08 2.17693e+06 0.000103973 0.000723043 0.00939814 8.09565e-05 0.000263706 4.43863e-06 
323 157.052 0.141308 25098.9 45.4174 6.73427e+08 2.47488e+06 0.000250081 0.000726888 0.00936258 8.09714e-05 0.000261455 4.48878e-06 
324 157.539 0.128733 25253.4 41.377 6.81623e+08 2.32788e+06 0.000262722 0.00068025 0.00932734 6.86632e-05 0.000259518 4.05012e-06 
325 158.042 0.143352 25413.5 44.9219 6.90137e+08 2.34745e+06 0.000334451 0.000649983 0.0092968 7.73861e-05 0.000257597 4.09929e-06 
326 158.531 0.127718 25569.9 40.1869 6.9855e+08 2.18316e+06 0.000348038 0.00063096 0.00928058 7.23058e-05 0.000256971 4.11596e-06 
327 159.019 0.141773 25725 44.0424 7.06819e+08 2.26894e+06 0.000250761 0.000701872 0.00924072 7.96338e-05 0.000254844 4.80587e-06 
328 159.537 0.145542 25891.4 45.8556 7.15838e+08 2.53885e+06 0.000238572 0.000662406 0.009217 8.20803e-05 0.000253215 4.868e-06 
329 160.046 0.132787 26055.5 42.3876 7.24817e+08 2.39448e+06 0.000256975 0.000647574 0.00918284 8.02602e-05 0.000251204 4.50602e-06 
330 160.524 0.128734 26211 41.4694 7.33435e+08 2.32984e+06 0.000187169 0.000693806 0.00914613 7.83925e-05 0.000249366 4.25006e-06 
331 161.007 0.134411 26367.8 43.0176 7.42092e+08 2.38079e+06 0.00024255 0.000703579 0.00914062 7.028e-05 0.000249052 4.15067e-06 
332 161.507 0.130333 26529.6 42.3927 7.51e+08 2.4033e+06 9.35262e-05 0.000741562 0.00911425 8.1149e-05 0.000247795 4.34313e-06 
333 162.008 0.130266 26692.6 42.5672 7.601e+08 2.43312e+06 0.000137659 0.000756846 0.00909134 8.31416e-05 0.000246535 4.4216e-06 
334 162.505 0.134941 26855.6 44.1373 7.69305e+08 2.53395e+06 0.000133535 0.000665301 0.00906494 8.12411e-05 0.000245111 4.32349e-06 
335 162.958 0.147675 27004.9 48.341 7.77815e+08 2.78953e+06 0.000131938 0.000603984 0.00903077 7.6047e-05 0.000243353 4.32279e-06 
336 163.428 0.16723 27159.7 54.3838 7.86634e+08 3.08304e+06 4.73432e-05 0.000640249 0.0090058 7.53709e-05 0.000241281 4.20467e-06 
337 163.945 0.149936 27329.9 48.2282 7.96323e+08 2.87111e+06 -1.08631e-05 0.000626947 0.00897318 8.0216e-05 0.000239694 4.20562e-06 
338 164.443 0.158758 27494.5 50.5278 8.05795e+08 2.76903e+06 -8.72626e-06 0.000674443 0.00895141 8.14893e-05 0.000238685 4.21604e-06 
339 164.959 0.173125 27666.3 55.768 8.15747e+08 3.12995e+06 5.16963e-05 0.00065723 0.00892848 9.08999e-05 0.000237564 4.60269e-06 
340 165.462 0.159576 27834.4 50.99 8.25582e+08 2.82402e+06 0.000174286 0.000667606 0.00889315 7.36065e-05 0.000235603 4.18215e-06 
341 165.938 0.165734 27993.4 52.775 8.34914e+08 2.85126e+06 0.000249934 0.000616199 0.00886523 7.76033e-05 0.000233831 4.49246e-06 
342 166.421 0.153083 28155.9 49.6514 8.44552e+08 2.80476e+06 0.000311978 0.000646576 0.00885826 7.59734e-05 0.000233754 4.11151e-06 
343 166.896 0.159252 28316.6 52.2945 8.54168e+08 2.99409e+06 0.000423119 0.000631771 0.00884787 8.37279e-05 0.000233421 4.4636e-06 
344 167.374 0.163969 28477.2 54.5002 8.63711e+08 3.20059e+06 0.000406642 0.000670754 0.008838 7.04806e-05 0.000233234 4.12165e-06 
345 167.867 0.166151 28644.1 55.2505 8.73701e+08 3.25643e+06 0.000420379 0.000645063 0.00881099 7.43089e-05 0.000231662 4.08049e-06 
346 168.355 0.163686 28809.4 54.8516 8.83657e+08 3.2651e+06 0.000451177 0.000609895 0.00878648 7.12809e-05 0.000230119 4.1318e-06 
347 168.852 0.160488 28979.1 54.6876 8.94049e+08 3.37583e+06 0.000508477 0.000617955 0.00876478 7.17229e-05 0.000228883 4.02718e-06 
348 169.321 0.144975 29139.5 49.3927 9.03871e+08 3.0544e+06 0.000410888 0.000639608 0.00872755 7.05538e-05 0.000226692 4.03207e-06 
349 169.862 0.148702 29323.1 51.002 9.14989e+08 3.18275e+06 0.000393871 0.000698883 0.00870908 7.24915e-05 0.000225441 4.13616e-06 
350 170.344 0.158818 29488.4 54.7908 9.25195e+08 3.45042e+06 0.000336337 0.000730091 0.00866451 7.13117e-05 0.000223433 4.13515e-06 
351 170.838 0.163605 29657.8 55.8765 9.35626e+08 3.46114e+06 0.000351526 0.000665456 0.00863597 7.14825e-05 0.000222068 4.30138e-06 
352 171.345 0.15065 29832.8 51.9293 9.46522e+08 3.28814e+06 0.000331787 0.000606992 0.00862589 7.06632e-05 0.000221487 4.23022e-06 
353 171.813 0.149819 29994.3 51.3733 9.566e+08 3.23788e+06 0.000521169 0.000640753 0.00859929 7.3229e-05 0.000220683 4.45291e-06 
354 172.283 0.152456 30158 52.4778 9.66985e+08 3.32153e+06 0.000592295 0.00063557 0.0085859 7.44047e-05 0.00022024 4.4475e-06 
355 172.779 0.148328 30331.6 51.46 9.78104e+08 3.30629e+06 0.000613044 0.000635852 0.00858494 7.67164e-05 0.000220282 4.52434e-06 
356 173.268 0.152658 30502.2 53.2455 9.8901e+08 3.44363e+06 0.000684418 0.000723636 0.0085604 7.84145e-05 0.000219308 4.65596e-06 
357 173.769 0.155216 30677.5 54.1149 1.00024e+09 3.4965e+06 0.000611234 0.000693744 0.00854509 7.60398e-05 0.000218696 4.58333e-06 
358 174.249 0.152688 30845.3 53.4646 1.011e+09 3.4894e+06 0.000580912 0.000642794 0.0085184 8.07745e-05 0.00021764 4.70584e-06 
359 174.741 0.155977 31018.2 54.7231 1.02218e+09 3.57955e+06 0.000590392 0.000666443 0.00849002 7.62734e-05 0.000215945 4.63173e-06 
360 175.191 0.149123 31177.2 52.5778 1.03254e+09 3.48385e+06 0.000573497 0.000657495 0.00845264 7.77219e-05 0.000214418 4.84069e-06 
361 175.655 0.150926 31340.9 53.2703 1.0432e+09 3.53016e+06 0.000496732 0.000652009 0.00844153 7.76761e-05 0.000213768 4.64121e-06 
362 176.146 0.155868 31512.7 55.0557 1.05424e+09 3.647e+06 0.00036424 0.000700624 0.0084281 7.57783e-05 0.00021246 4.69937e-06 
363 176.649 0.151584 31692.8 53.4153 1.06627e+09 3.56979e+06 0.000480792 0.000714899 0.00840351 7.63108e-05 0.000212038 4.58049e-06 
364 177.142 0.154498 31869.4 55.0084 1.07812e+09 3.70939e+06 0.000378058 0.000663969 0.0083669 7.59585e-05 0.000209838 4.55699e-06 
365 177.621 0.167524 32040.4 59.9085 1.08952e+09 4.06457e+06 0.000355021 0.000674175 0.00833345 7.64203e-05 0.000208097 4.39979e-06 
366 178.104 0.169542 32212.9 60.5131 1.10104e+09 4.09201e+06 0.000386784 0.000668203 0.00830888 7.78417e-05 0.00020688 4.25501e-06 
367 178.557 0.156431 32375.8 56.0372 1.11202e+09 3.8265e+06 0.000383268 0.000641439 0.00828895 7.41561e-05 0.000205946 4.25584e-06 
368 179.016 0.15447 32541.9 55.4051 1.12332e+09 3.79459e+06 0.000274924 0.000658055 0.00825896 7.48111e-05 0.000204693 4.28265e-06 
369 179.482 0.16983 32711.3 59.8015 1.13503e+09 4.07632e+06 0.000256325 0.000695716 0.00824147 7.69102e-05 0.000203581 4.46368e-06 
370 179.994 0.169045 32897.9 59.3788 1.14798e+09 4.11507e+06 0.000143774 0.000670178 0.00824325 8.199e-05 0.000204016 4.29324e-06 
371 180.523 0.174001 33090 60.5473 1.16118e+09 4.13072e+06 0.000159391 0.000672896 0.00821161 7.3272e-05 0.000202598 4.24594e-06 
372 181.006 0.165264 33266.5 59.7568 1.17352e+09 4.15909e+06 4.42655e-05 0.000671819 0.00818686 7.61545e-05 0.000201169 4.42485e-06 
373 181.461 0.158825 33432.9 57.8547 1.18509e+09 4.09698e+06 -5.81323e-05 0.000651564 0.00816538 7.52871e-05 0.000200221 4.10867e-06 
374 181.932 0.164903 33604.5 60.1411 1.19707e+09 4.24457e+06 -6.23475e-05 0.000680326 0.00812964 8.45537e-05 0.000198566 4.42849e-06 
375 182.428 0.170717 33786.5 62.6546 1.20983e+09 4.48729e+06 -4.33743e-05 0.00065898 0.00810856 7.75763e-05 0.000197462 4.4327e-06 
376 182.947 0.178013 33977.2 64.6627 1.22326e+09 4.54885e+06 -0.000168455 0.000653389 0.00808625 7.49242e-05 0.000195965 4.14813e-06 
377 183.436 0.174558 34159 64.03 1.23642e+09 4.57321e+06 -1.00029e-05 0.000693448 0.00808294 7.44218e-05 0.000196521 4.22673e-06 
378 183.938 0.174015 34345.5 62.9718 1.24985e+09 4.50892e+06 -3.02715e-05 0.000653896 0.00805287 8.25653e-05 0.000195135 4.84281e-06 
379 184.429 0.188081 34527.2 68.7314 1.26289e+09 4.86443e+06 3.94887e-05 0.000687 0.00802169 7.53096e-05 0.000193472 4.29475e-06 
380 184.927 0.182186 34712.8 66.7625 1.27633e+09 4.83139e+06 8.71006e-05 0.000681259 0.00800325 7.34829e-05 0.000192501 4.30697e-06 
381 185.414 0.180489 34894.7 67.1694 1.28958e+09 4.93257e+06 0.000112962 0.000676958 0.00797468 7.7063e-05 0.000191336 4.28455e-06 
382 185.966 0.184366 35099.5 68.576 1.30437e+09 5.03448e+06 0.000117142 0.000625754 0.00796067 7.62747e-05 0.000190059 4.27073e-06 
383 186.447 0.176724 35281.9 66.1853 1.31803e+09 4.92802e+06 9.04434e-05 0.000677908 0.0079552 7.84035e-05 0.000189632 4.45693e-06 
384 186.93 0.177646 35464.4 66.7967 1.33163e+09 5.04637e+06 0.000225538 0.000664428 0.00794067 7.9629e-05 0.000188903 4.2052e-06 
385 187.431 0.18529 35653 69.8295 1.34553e+09 5.27024e+06 0.000112506 0.000683321 0.00790875 7.39514e-05 0.000187084 4.21297e-06 
386 187.935 0.185745 35842.9 70.2732 1.35962e+09 5.32872e+06 0.000124855 0.000688432 0.00788848 7.64708e-05 0.000186586 4.53483e-06 
387 188.402 0.186804 36019.5 71.1186 1.37282e+09 5.47633e+06 7.98062e-05 0.000678766 0.00787708 7.85681e-05 0.000185999 4.73269e-06 
388 188.85 0.182267 36188.8 69.3709 1.38547e+09 5.32961e+06 -4.40636e-05 0.000685722 0.0078632 7.61784e-05 0.000185611 4.47836e-06 
389 189.32 0.183414 36367.7 69.5693 1.39899e+09 5.36091e+06 -2.28778e-05 0.000697501 0.00784409 7.94801e-05 0.000184768 4.84707e-06 
390 189.846 0.191936 36568.8 73.2024 1.41432e+09 5.64138e+06 -9.99551e-06 0.000700964 0.00782857 8.42553e-05 0.000183999 4.6699e-06 
391 190.342 0.210992 36757.3 78.6325 1.42852e+09 5.80991e+06 -1.99559e-05 0.000697694 0.00781593 7.99323e-05 0.000182955 4.95828e-06 
392 190.796 0.222892 36932 83.2531 1.44198e+09 6.15985e+06 -3.04346e-05 0.000685562 0.00781223 8.10768e-05 0.000182921 4.81194e-06 
393 191.307 0.227087 37128.3 85.6443 1.4571e+09 6.47436e+06 9.05314e-05 0.000691304 0.00780945 7.89119e-05 0.000182764 4.48725e-06 
394 191.808 0.22623 37321.8 86.3813 1.47211e+09 6.64779e+06 0.000195424 0.00071511 0.00777895 7.93241e-05 0.000181288 4.59229e-06 
395 192.276 0.225086 37501.6 86.7811 1.48604e+09 6.81354e+06 0.000118442 0.000762164 0.00775869 8.75981e-05 0.000180417 4.54275e-06 
396 192.815 0.22075 37710.9 84.8908 1.50251e+09 6.63147e+06 0.000179874 0.000702458 0.00772588 8.19775e-05 0.0001789 4.63287e-06 
397 193.279 0.230537 37891.1 90.1211 1.51671e+09 7.24782e+06 0.000109965 0.000698827 0.00770352 8.13107e-05 0.000177975 4.48845e-06 
398 193.758 0.229899 38076.9 90.2592 1.5313e+09 7.3343e+06 2.60425e-05 0.000702781 0.00768875 8.40092e-05 0.000177333 4.65901e-06 
399 194.305 0.237402 38290.5 95.1751 1.54826e+09 7.99317e+06 -0.000148267 0.00071504 0.00765616 8.17154e-05 0.000175505 4.38231e-06 
400 194.82 0.223002 38493.5 90.1631 1.56468e+09 7.71059e+06 -0.000169806 0.000737233 0.00763578 8.20776e-05 0.000174257 4.36815e-06 
401 195.296 0.230048 38680.4 92.4495 1.57972e+09 7.78613e+06 -9.18674e-05 0.000716193 0.00762265 8.52893e-05 0.000173426 4.38391e-06 
402 195.786 0.208668 38873.1 83.6284 1.59524e+09 7.03461e+06 6.1947e-05 0.000785621 0.00761041 8.07306e-05 0.000173289 4.33798e-06 
403 196.256 0.219712 39059.1 85.294 1.61032e+09 6.78542e+06 5.54116e-06 0.000767128 0.00759744 8.30425e-05 0.000172924 4.32594e-06 
404 196.772 0.234771 39263.2 91.7913 1.62699e+09 7.40316e+06 -4.97815e-05 0.000778258 0.00757239 7.97765e-05 0.000171793 4.08205e-06 
405 197.262 0.240153 39456.6 94.4252 1.64267e+09 7.70438e+06 -0.000128089 0.000741412 0.00754499 7.83289e-05 0.000170461 3.97888e-06 
406 197.72 0.215976 39638 85.7017 1.65749e+09 7.13879e+06 -0.000158772 0.000849126 0.00752822 8.51351e-05 0.000169664 4.21778e-06 
407 198.209 0.221624 39832.5 88.8741 1.67356e+09 7.55664e+06 -0.00015021 0.000809344 0.00751175 8.44407e-05 0.000168873 4.0136e-06 
408 198.744 0.206492 40045.8 82.3638 1.69125e+09 6.95872e+06 -0.000292075 0.000754812 0.00749381 8.6902e-05 0.000167654 4.53034e-06 
409 199.232 0.22186 40242.4 89.4443 1.70781e+09 7.6495e+06 -0.000335207 0.000780573 0.00747854 7.99298e-05 0.000167088 4.22477e-06 
410 199.68 0.246973 40422.6 98.2418 1.723e+09 8.14855e+06 -0.000370351 0.000782016 0.00745162 8.30774e-05 0.000165996 4.13433e-06 
411 200.171 0.222831 40619.9 88.3366 1.73958e+09 7.33292e+06 -0.000346049 0.000804502 0.00744372 8.808e-05 0.000165937 4.34249e-06 
412 200.625 0.243666 40803.5 95.9296 1.75519e+09 8.04754e+06 -0.000420505 0.000816485 0.00742523 8.47656e-05 0.00016548 4.19533e-06 
413 201.123 0.239519 41005.5 94.5508 1.77244e+09 8.06561e+06 -0.000481704 0.000838085 0.00740352 9.20109e-05 0.000164308 4.21149e-06 
414 201.618 0.251858 41205.8 99.9434 1.78956e+09 8.29899e+06 -0.000500549 0.000841335 0.00739233 8.51214e-05 0.000164177 4.15872e-06 
415 202.09 0.255274 41397.7 102.858 1.80605e+09 8.78596e+06 -0.000437378 0.00083208 0.00739083 8.71012e-05 0.000164635 4.46758e-06 
416 202.585 0.248449 41599.1 100.575 1.8234e+09 8.63981e+06 -0.000475449 0.00077371 0.00735775 8.78831e-05 0.00016336 4.39737e-06 
417 203.176 0.24142 41839.2 97.3455 1.84406e+09 8.31817e+06 -0.000665541 0.000815254 0.00736458 8.76725e-05 0.000162713 4.40921e-06 
418 203.674 0.243414 42044.3 98.9748 1.86211e+09 8.57175e+06 -0.00056833 0.000912571 0.00734448 8.90566e-05 0.000161925 4.28003e-06 
419 204.144 0.255127 42237.6 103.461 1.8791e+09 8.9084e+06 -0.000613592 0.000805392 0.00731785 8.46512e-05 0.000160626 4.22499e-06 
420 204.605 0.229032 42428.2 94.7219 1.89595e+09 8.54859e+06 -0.000376479 0.000857429 0.00730502 8.51048e-05 0.00015986 4.30039e-06 
421 205.125 0.24723 42644 101.917 1.91525e+09 9.04553e+06 -0.000329874 0.00091848 0.00729431 8.79679e-05 0.00015953 4.37077e-06 
422 205.559 0.22463 42824.1 92.9367 1.93137e+09 8.43441e+06 -0.000333805 0.000915975 0.00725765 8.78715e-05 0.000157769 4.10593e-06 
423 206.033 0.229463 43019.1 95.1284 1.94852e+09 8.61475e+06 -0.000382396 0.000868499 0.00722948 8.45452e-05 0.000156766 4.35378e-06 
424 206.551 0.224631 43234.5 94.3306 1.96792e+09 8.78193e+06 -0.000292885 0.000954006 0.00721008 8.41657e-05 0.000155821 4.27698e-06 
425 207.051 0.223738 43442.1 93.78 1.98652e+09 8.71512e+06 -0.00020069 0.000930984 0.00720796 8.56737e-05 0.000155728 4.38325e-06 
426 207.517 0.231969 43635.5 97.3493 2.0038e+09 9.05671e+06 -0.000316558 0.00092912 0.00717652 9.00142e-05 0.000154526 4.81592e-06 
427 208.099 0.226107 43879.2 94.5031 2.02608e+09 8.68195e+06 -0.000342387 0.000913448 0.00717201 8.84044e-05 0.000154107 4.61233e-06 
428 208.603 0.22687 44088.6 95.1294 2.04488e+09 8.80099e+06 -0.000489625 0.000874991 0.0071363 8.89138e-05 0.000152719 4.65503e-06 
429 209.043 0.231104 44274.5 97.1719 2.062e+09 9.03614e+06 -0.000509254 0.000817758 0.00711636 8.76295e-05 0.00015225 5.02585e-06 
430 209.535 0.238362 44483.1 100.447 2.08147e+09 9.40648e+06 -0.000353503 0.00090542 0.00709552 8.42045e-05 0.000151273 4.58184e-06 
431 209.993 0.234633 44675.8 99.3977 2.09925e+09 9.38478e+06 -0.000177341 0.000951458 0.00707918 8.19881e-05 0.000150086 4.36554e-06 
432 210.449 0.239146 44868.5 101.624 2.11707e+09 9.71485e+06 -7.80381e-05 0.000825282 0.00707995 8.88267e-05 0.000150303 4.42592e-06 
433 210.939 0.243419 45075.8 104.097 2.13635e+09 1.00299e+07 -5.59583e-05 0.000835752 0.00706107 9.07793e-05 0.000149638 4.41433e-06 
434 211.46 0.244215 45296.7 104.915 2.15693e+09 1.01509e+07 -0.000227704 0.000801676 0.00703647 8.77195e-05 0.000148686 4.31849e-06 
435 211.931 0.254088 45496.8 108.787 2.17574e+09 1.04953e+07 -0.000227107 0.000837139 0.00703277 8.47816e-05 0.000148533 4.18416e-06 
436 212.407 0.245964 45699.6 105.349 2.19482e+09 1.01743e+07 -0.000176285 0.000848877 0.00703605 9.07502e-05 0.000148681 4.20862e-06 
437 212.862 0.251649 45893.9 105.97 2.21317e+09 9.93395e+06 -0.000190001 0.000813784 0.00701184 9.05027e-05 0.000147885 4.23994e-06 
438 213.484 0.246291 46160.6 106.884 2.23865e+09 1.05958e+07 -0.000201553 0.000794142 0.00702877 9.66684e-05 0.000147876 4.19005e-06 
439 213.965 0.277749 46368.1 113.567 2.25867e+09 1.01394e+07 -0.000438697 0.000848356 0.00700066 9.79477e-05 0.000147191 4.61785e-06 
440 214.437 0.285357 46570.9 116.135 2.27808e+09 1.11188e+07 -0.000489708 0.000886232 0.0069739 9.12447e-05 0.000146057 4.31656e-06 
441 214.902 0.297289 46772.2 123.891 2.29763e+09 1.12573e+07 -0.000475186 0.000941278 0.00694621 8.89669e-05 0.000144818 4.35967e-06 
442 215.356 0.284866 46970.2 120.359 2.31718e+09 1.13026e+07 -0.000315593 0.00086372 0.00693008 8.46287e-05 0.000144406 4.29239e-06 
443 215.817 0.234677 47170 99.7759 2.33665e+09 1.01777e+07 -0.00025824 0.000907513 0.00691443 8.71403e-05 0.000143765 4.08549e-06 
444 216.274 0.25829 47371.1 112.972 2.35683e+09 1.1404e+07 -0.000382115 0.000949352 0.00690594 8.47291e-05 0.000143129 3.88087e-06 
445 216.757 0.260694 47582.1 114.47 2.37767e+09 1.16291e+07 -0.000370623 0.000939276 0.00687952 8.66022e-05 0.000141705 3.87053e-06 
446 217.238 0.258113 47792.3 113.498 2.39846e+09 1.1557e+07 -0.000306313 0.000855296 0.00684474 8.75779e-05 0.000140248 4.14197e-06 
447 217.686 0.25223 47988.3 111.575 2.41795e+09 1.15217e+07 -0.000314031 0.000883768 0.00684062 8.58149e-05 0.000140028 3.80322e-06 
448 218.119 0.288024 48178.9 127.815 2.43707e+09 1.32075e+07 -0.000301144 0.000884224 0.0068237 8.9065e-05 0.000139538 3.92976e-06 
449 218.73 0.332681 48447.4 145.42 2.46404e+09 1.45805e+07 -0.000222092 0.000821383 0.00684597 8.48026e-05 0.000139171 3.84233e-06 
450 219.226 0.351662 48667.5 151.403 2.4865e+09 1.46742e+07 -0.000233115 0.000859287 0.00683488 9.0007e-05 0.000138341 3.83999e-06 
451 219.689 0.35208 48870.5 152.669 2.50682e+09 1.50191e+07 -0.000280822 0.000866543 0.00679486 8.7196e-05 0.000136629 3.73812e-06 
452 220.195 0.310128 49094.4 135.006 2.52949e+09 1.36078e+07 -0.000312909 0.000840549 0.00677634 8.74512e-05 0.000136199 3.74103e-06 
453 220.657 0.298981 49298.5 128.61 2.55018e+09 1.32877e+07 -0.000356801 0.000836534 0.00674428 9.5938e-05 0.000134825 3.58268e-06 
454 221.147 0.276823 49517.3 123.674 2.57269e+09 1.31351e+07 -0.000510473 0.000836051 0.006725 0.000110573 0.00013348 3.63018e-06 
455 221.567 0.277773 49704 124.917 2.59171e+09 1.32985e+07 -0.000417452 0.000898487 0.00671971 0.000129638 0.000133454 3.59126e-06 
456 222.022 0.26931 49906.4 119.484 2.61249e+09 1.24727e+07 -0.00045213 0.000891088 0.00670792 0.000115452 0.000132963 3.51951e-06 
457 222.503 0.288428 50121.2 129.577 2.63464e+09 1.37282e+07 -0.000372318 0.000883787 0.00669871 0.000108731 0.000132866 3.62048e-06 
458 222.966 0.276432 50327.9 122.69 2.65603e+09 1.27847e+07 -0.000427053 0.000887831 0.00667473 0.000105231 0.000131761 3.49203e-06 
459 223.498 0.301377 50567.3 135.489 2.68113e+09 1.43969e+07 -0.00036284 0.00085294 0.00664879 0.000112711 0.000130355 3.46487e-06 
460 223.98 0.309822 50785.2 139.265 2.70425e+09 1.4753e+07 -0.000293584 0.000858129 0.00663488 9.58703e-05 0.000130016 3.39577e-06 
461 224.463 0.286173 51002.3 129.334 2.7271e+09 1.38317e+07 -0.000373037 0.000848077 0.00661729 8.4281e-05 0.000129015 3.36579e-06 
462 225.103 0.326781 51290 149.129 2.75731e+09 1.61896e+07 -0.00029268 0.000960802 0.00662986 9.62699e-05 0.000128876 3.48824e-06 
463 225.572 0.303037 51502.8 138.354 2.78002e+09 1.50859e+07 -0.000295357 0.000884584 0.00662469 9.95847e-05 0.000128819 3.54096e-06 
464 225.992 0.303818 51692.9 137.26 2.80023e+09 1.46846e+07 -0.000359141 0.0008383 0.00659158 0.000103614 0.00012798 3.66356e-06 
465 226.496 0.275121 51922.2 124.182 2.82473e+09 1.33118e+07 -0.000407144 0.000827123 0.00659756 0.000111245 0.000128291 3.86373e-06 
466 226.957 0.288123 52132.2 130.031 2.8473e+09 1.39631e+07 -0.000558336 0.000899157 0.006575 0.000100616 0.00012799 3.65501e-06 
467 227.423 0.303771 52345.2 137.175 2.87023e+09 1.47747e+07 -0.000603363 0.000937943 0.00656199 0.00010202 0.000127122 3.72128e-06 
468 227.892 0.289106 52561.8 132.159 2.89405e+09 1.45355e+07 -0.00053921 0.000871939 0.0065718 0.000100307 0.000127951 3.83487e-06 
469 228.375 0.28215 52782.3 129.007 2.91795e+09 1.422e+07 -0.000455892 0.00094507 0.00655561 0.00010324 0.00012747 3.78921e-06 
470 228.848 0.28619 52999.2 125.862 2.94153e+09 1.38619e+07 -0.000501137 0.000869783 0.00654722 9.28438e-05 0.000127491 4.00355e-06 
471 229.338 0.311219 53224.2 142.927 2.966e+09 1.57924e+07 -0.000260829 0.000867512 0.00652163 9.56599e-05 0.000126683 4.08808e-06 
472 229.814 0.31115 53445.4 143.165 2.99073e+09 1.58501e+07 -0.000292861 0.000816864 0.006508 9.00477e-05 0.000125684 3.72702e-06 
473 230.323 0.302609 53681.1 138.874 3.01689e+09 1.52873e+07 -0.000234732 0.000852693 0.00649208 9.21814e-05 0.000125019 3.85069e-06 
474 230.749 0.308549 53877.7 141.701 3.03869e+09 1.56756e+07 -0.000254397 0.00082431 0.00647196 8.68576e-05 0.00012417 3.58054e-06 
475 231.297 0.290858 54130.8 134.818 3.06659e+09 1.51809e+07 -0.000279939 0.000842502 0.00647497 9.06386e-05 0.000124434 3.77496e-06 
476 231.849 0.291103 54388.2 135.121 3.0955e+09 1.52582e+07 -0.000363085 0.000847935 0.00645916 9.27601e-05 0.0001234 3.67201e-06 
477 232.348 0.283311 54622.5 131.393 3.12228e+09 1.48384e+07 -0.000359422 0.000859653 0.00642811 8.78907e-05 0.00012246 3.49734e-06 
478 232.853 0.338497 54859.4 157.337 3.14921e+09 1.7655e+07 -0.000222388 0.000893919 0.00639691 9.90332e-05 0.000121775 4.02587e-06 
479 233.337 0.334113 55084.5 154.784 3.1744e+09 1.73533e+07 -0.000120244 0.000849134 0.00639977 0.000102774 0.000121677 3.97097e-06 
480 233.812 0.323999 55306.7 151.094 3.19969e+09 1.69437e+07 -0.000200417 0.000852691 0.00637255 8.81958e-05 0.000120355 3.62314e-06 
481 234.42 0.315923 55589.7 149.05 3.23146e+09 1.7143e+07 -0.000122803 0.000874511 0.00635817 8.98272e-05 0.000120047 3.66077e-06 
482 234.834 0.342935 55786.1 162.037 3.25422e+09 1.86504e+07 -0.000112568 0.000847279 0.00635134 0.000102018 0.000119642 3.63391e-06 
483 235.355 0.325707 56031.6 153.256 3.28255e+09 1.7422e+07 6.30831e-05 0.000870207 0.006343 9.39282e-05 0.000119108 3.65106e-06 
484 235.829 0.300255 56257.2 141.587 3.30895e+09 1.63172e+07 0.000179962 0.000886733 0.00632129 8.78389e-05 0.000118516 3.6627e-06 
485 236.251 0.318932 56459.1 149.827 3.33272e+09 1.72206e+07 0.000230154 0.000875707 0.00629372 8.75549e-05 0.000117354 3.56241e-06 
486 236.788 0.296764 56715.7 141.221 3.36299e+09 1.67883e+07 0.000243032 0.000851436 0.0062744 8.89547e-05 0.000116617 3.69531e-06 
487 237.287 0.31175 56951.6 147.732 3.39038e+09 1.72219e+07 0.00024768 0.000852969 0.0062744 8.99369e-05 0.000116916 3.80952e-06 
488 237.743 0.345731 57169.5 163.707 3.41608e+09 1.9125e+07 0.00036141 0.000893313 0.00625232 0.00010827 0.000116464 3.97724e-06 
489 238.326 0.35967 57446.1 165.975 3.44834e+09 1.95424e+07 0.000500825 0.000859132 0.00624706 9.80091e-05 0.000116552 3.98768e-06 
490 238.797 0.391522 57671.7 182.892 3.4751e+09 2.06158e+07 0.000452783 0.000915739 0.00623313 9.31089e-05 0.000116426 4.09329e-06 
491 239.208 0.379607 57869.3 178.593 3.49864e+09 2.03456e+07 0.000580299 0.000869075 0.00622588 9.27114e-05 0.000116083 4.09379e-06 
492 239.714 0.372672 58112.8 175.855 3.52784e+09 2.01412e+07 0.000512881 0.000886069 0.0062057 9.18659e-05 0.000114801 3.94364e-06 
493 240.177 0.341965 58338.6 161.203 3.55542e+09 1.85824e+07 0.00063345 0.000934679 0.00617428 9.56157e-05 0.00011414 3.94615e-06 
494 240.71 0.316508 58597.2 152.765 3.58682e+09 1.85742e+07 0.000559905 0.000864091 0.00615874 9.2774e-05 0.000113795 3.89779e-06 
495 241.196 0.305506 58832.4 146.445 3.61512e+09 1.77735e+07 0.000430817 0.000866057 0.00617232 9.17096e-05 0.000114219 3.89861e-06 
496 241.624 0.356908 59039.2 168.493 3.64006e+09 1.93744e+07 0.000451006 0.000882309 0.00613739 9.52447e-05 0.000113232 4.0533e-06 
497 242.147 0.373025 59291.9 179.669 3.67052e+09 2.15618e+07 0.000554187 0.000966805 0.00610674 9.35128e-05 0.000112415 4.09831e-06 
498 242.659 0.349727 59542 169.771 3.70121e+09 2.08199e+07 0.000531139 0.00102116 0.00610034 9.32361e-05 0.000112327 4.04298e-06 
499 243.14 0.366113 59777.7 176.5 3.73042e+09 2.144e+07 0.000707586 0.0010605 0.00610588 9.29125e-05 0.00011177 3.92155e-06 
500 243.6 0.31998 60003.7 155.261 3.75865e+09 1.91565e+07 0.000624382 0.000999218 0.00609552 9.79658e-05 0.000111193 3.86458e-06 
501 244.101 0.320453 60250.2 156.692 3.78925e+09 1.95569e+07 0.000744592 0.00103216 0.00609492 0.00010535 0.000111471 4.11372e-06 
502 244.61 0.3365 60501.2 164.208 3.82066e+09 2.033e+07 0.000619192 0.000925733 0.00605902 0.000104486 0.000109919 3.81417e-06 
503 245.08 0.306703 60734.1 150.293 3.85017e+09 1.88927e+07 0.000663568 0.000894684 0.00604614 9.39989e-05 0.00010895 3.68903e-06 
504 245.569 0.319199 60976.6 155.648 3.88097e+09 1.94386e+07 0.000743323 0.000882405 0.00601719 9.56433e-05 0.000107866 3.73728e-06 
505 246.094 0.321871 61236.5 157.088 3.91384e+09 1.96778e+07 0.00067155 0.00089093 0.00602305 0.000102383 0.000108065 4.0102e-06 
506 246.686 0.354193 61525.9 170.592 3.94962e+09 2.06213e+07 0.000897973 0.000952523 0.00599927 0.000101509 0.000106837 4.10937e-06 
507 247.156 0.317561 61758.9 157.128 3.97913e+09 2.00843e+07 0.000987062 0.000926107 0.00600993 9.30035e-05 0.000107506 3.5819e-06 
508 247.636 0.341029 62000.1 167.998 4.01049e+09 2.12443e+07 0.00108179 0.000901022 0.00599186 9.47934e-05 0.000107057 3.73252e-06 
509 248.125 0.352536 62244.5 173.792 4.04206e+09 2.22233e+07 0.000999873 0.000915125 0.00598244 9.59305e-05 0.00010685 3.73722e-06 
510 248.603 0.357446 62484.4 175.418 4.07315e+09 2.20485e+07 0.0010596 0.000910982 0.00595422 9.66952e-05 0.000106008 3.62198e-06 
511 249.074 0.329312 62721.8 163.856 4.10428e+09 2.1153e+07 0.000913332 0.000908127 0.00594153 9.33816e-05 0.000105459 3.62179e-06 
512 249.548 0.347131 62959 170.482 4.13478e+09 2.16579e+07 0.000975329 0.00090661 0.00593495 9.59178e-05 0.000104918 3.6403e-06 
513 250.054 0.353846 63211.7 176.609 4.16734e+09 2.30121e+07 0.00105127 0.000991767 0.00591787 9.52076e-05 0.000104647 3.66906e-06 
514 250.467 0.362534 63419.8 182 4.19455e+09 2.38359e+07 0.000999327 0.000924736 0.00591309 9.45764e-05 0.000104567 3.73645e-06 
515 251.051 0.364738 63712.7 180.968 4.23261e+09 2.31585e+07 0.00129067 0.000991529 0.00588168 9.5312e-05 0.000103397 3.86907e-06 
516 251.575 0.361085 63977.7 178.653 4.26757e+09 2.26788e+07 0.00114185 0.0011035 0.00586653 9.56576e-05 0.000102666 3.6997e-06 
517 252.051 0.364873 64219.4 179.899 4.2998e+09 2.2849e+07 0.00114654 0.00123031 0.0058806 9.77932e-05 0.000103332 3.86351e-06 
518 252.503 0.377566 64451 188.249 4.33112e+09 2.43407e+07 0.00138414 0.00125752 0.00587273 0.000101094 0.000103126 3.93747e-06 
519 253.012 0.379019 64709.2 190.731 4.3654e+09 2.49823e+07 0.0012314 0.00128248 0.00585611 9.67019e-05 0.000102212 3.71685e-06 
520 253.524 0.430149 64971.3 217.126 4.40074e+09 2.872e+07 0.00117437 0.00131191 0.00583887 9.71158e-05 0.000101858 3.79266e-06 
521 254.03 0.418058 65229.8 211.044 4.43557e+09 2.7934e+07 0.00108459 0.00130986 0.00582856 9.51995e-05 0.00010138 3.69869e-06 
522 254.568 0.385444 65505.2 194.354 4.47275e+09 2.57745e+07 0.000926264 0.00117222 0.00581416 9.32289e-05 0.000101047 3.4909e-06 
523 255.08 0.382514 65766.3 193.623 4.50782e+09 2.5945e+07 0.00098366 0.00117834 0.00581711 0.000107262 0.000101618 4.17516e-06 
524 255.611 0.367482 66040.4 186.45 4.54552e+09 2.4982e+07 0.0010178 0.00116658 0.00579361 9.71121e-05 0.000100706 3.81349e-06 
525 256.03 0.373733 66256.5 189.43 4.57528e+09 2.57334e+07 0.000889773 0.00110438 0.00577189 0.000103383 9.9811e-05 3.96396e-06 
526 256.628 0.411114 66564.3 210.433 4.61739e+09 2.86917e+07 0.00124298 0.00111717 0.00574637 9.6482e-05 9.92749e-05 4.06142e-06 
527 257.058 0.365507 66787.8 185.862 4.64833e+09 2.51871e+07 0.0011246 0.000981847 0.00573872 9.5753e-05 9.93642e-05 4.1811e-06 
528 257.55 0.404006 67042.2 204.939 4.68344e+09 2.74094e+07 0.00112775 0.000986618 0.00574845 0.000105279 9.97098e-05 4.16849e-06 
529 257.967 0.377459 67260.3 194.72 4.71428e+09 2.69992e+07 0.00118323 0.000972596 0.00573896 0.000105376 9.92095e-05 4.12285e-06 
530 258.44 0.403038 67507 204.687 4.74887e+09 2.74272e+07 0.00107213 0.00104342 0.00573708 0.000100562 9.9005e-05 4.19598e-06 
531 258.941 0.437005 67766.6 223.75 4.78479e+09 3.04893e+07 0.00113626 0.00103836 0.00571572 0.000101154 9.8582e-05 4.21861e-06 
532 259.532 0.424375 68073.1 220.308 4.82726e+09 3.07262e+07 0.000982903 0.000982368 0.00568891 0.000100153 9.74818e-05 4.15198e-06 
533 259.996 0.416286 68313.6 214.316 4.86064e+09 2.94511e+07 0.00098501 0.000946392 0.005679 0.000103485 9.69828e-05 4.19914e-06 
534 260.533 0.396157 68594.2 204.221 4.90017e+09 2.82056e+07 0.000910469 0.000960051 0.00565504 0.000105311 9.65346e-05 4.374e-06 
535 260.989 0.379886 68833.2 197.19 4.93427e+09 2.78769e+07 0.00109995 0.000964851 0.00560691 0.0001008 9.49678e-05 4.21976e-06 
536 261.55 0.429189 69128.5 223.494 4.97641e+09 3.13467e+07 0.00104229 0.00105154 0.00560968 9.83241e-05 9.5063e-05 4.17226e-06 
537 262.065 0.420215 69398.5 219.429 5.01469e+09 3.0939e+07 0.0010227 0.00111846 0.00559392 0.000102416 9.47847e-05 4.19911e-06 
538 262.566 0.391441 69664.8 204.228 5.05334e+09 2.93054e+07 0.00107836 0.00101961 0.00558123 0.000106349 9.4438e-05 4.67201e-06 
539 263.079 0.394259 69934.5 204.779 5.09185e+09 2.89602e+07 0.00102842 0.0011299 0.00558639 0.000105529 9.45299e-05 4.31367e-06 
540 263.542 0.385969 70179.5 202.44 5.12727e+09 2.9201e+07 0.000970915 0.00114346 0.00558447 0.000115093 9.42632e-05 4.14955e-06 
541 264.111 0.415153 70483.8 218.985 5.1721e+09 3.15808e+07 0.000743744 0.00113975 0.00558176 0.000114607 9.39883e-05 3.95913e-06 
542 264.563 0.387178 70725.6 204.581 5.2076e+09 2.974e+07 0.000879026 0.00112533 0.00556719 0.000122189 9.4075e-05 4.25974e-06 
543 265.087 0.372743 71005.6 197.182 5.2488e+09 2.87414e+07 0.000921549 0.00112876 0.00554082 0.000117609 9.30922e-05 4.2015e-06 
544 265.568 0.409985 71261.8 217.217 5.28623e+09 3.17339e+07 0.000959005 0.00120144 0.00553978 0.000104545 9.30611e-05 4.24396e-06 
545 266.087 0.390289 71540.2 206.863 5.3276e+09 3.03417e+07 0.00102741 0.00108876 0.00551036 0.000105047 9.20459e-05 3.95055e-06 
546 266.637 0.407611 71837.2 217.383 5.37224e+09 3.19858e+07 0.0012163 0.00108221 0.00547378 0.000104625 9.07705e-05 4.03897e-06 
547 267.163 0.415617 72116.7 220.591 5.41272e+09 3.30065e+07 0.00115693 0.00105257 0.00545741 0.000107499 9.01768e-05 3.85714e-06 
548 267.72 0.45313 72416.2 239.932 5.45742e+09 3.48545e+07 0.00107771 0.00103583 0.00547637 0.000123473 9.08368e-05 4.14638e-06 
549 268.185 0.428884 72668 226.79 5.49535e+09 3.28599e+07 0.0010288 0.00106561 0.00544479 0.000111416 8.96867e-05 3.97223e-06 
550 268.636 0.441152 72910.8 236.333 5.53154e+09 3.5187e+07 0.00087169 0.00112334 0.0054364 0.000104876 8.94491e-05 4.08617e-06 
551 269.112 0.417449 73168.6 222.58 5.5706e+09 3.2794e+07 0.000990821 0.00108096 0.00544648 0.000108896 8.98628e-05 4.16847e-06 
552 269.537 0.448896 73400.7 239.696 5.60617e+09 3.60706e+07 0.000996803 0.00107438 0.00544554 0.00011269 8.95159e-05 3.8742e-06 
553 269.989 0.477741 73650.2 255.245 5.64526e+09 3.77297e+07 0.000932487 0.00104937 0.00541023 0.000121499 8.82434e-05 4.06783e-06 
554 270.434 0.461521 73889.1 247.692 5.68067e+09 3.74357e+07 0.000787007 0.00105604 0.00541813 0.00011834 8.83678e-05 4.33686e-06 
555 270.935 0.40743 74160.9 220.448 5.72182e+09 3.35798e+07 0.000506783 0.00114701 0.00538699 0.000114242 8.72889e-05 4.12841e-06 
556 271.434 0.441855 74431.8 238.109 5.76286e+09 3.59502e+07 0.0006462 0.00109998 0.00534101 0.000108078 8.586e-05 4.04473e-06 
557 271.856 0.41863 74664.9 226.612 5.79958e+09 3.45931e+07 0.000497584 0.00122354 0.00532872 0.00010878 8.57008e-05 4.06281e-06 
558 272.449 0.430576 74993.9 233.347 5.85152e+09 3.6315e+07 0.00073117 0.00138831 0.00533703 0.000109972 8.61215e-05 4.26798e-06 
559 272.931 0.461078 75259.6 250.698 5.89312e+09 3.84471e+07 0.000567365 0.00151871 0.00533445 0.000107193 8.60882e-05 3.9849e-06 
560 273.461 0.476999 75546.3 262.521 5.93632e+09 4.10537e+07 0.000271958 0.00142179 0.00531755 0.00011258 8.55108e-05 4.15129e-06 
561 273.972 0.429277 75827.8 234.217 5.9804e+09 3.70611e+07 0.000152766 0.00130868 0.00530912 0.000105788 8.51143e-05 3.67743e-06 
562 274.469 0.433718 76102.7 237.243 6.02364e+09 3.76475e+07 0.000185489 0.00130541 0.00528187 0.000110783 8.42176e-05 3.60721e-06 
563 274.912 0.476517 76347.6 263.62 6.0622e+09 4.18912e+07 0.000231684 0.00123841 0.00530288 0.000101647 8.47587e-05 3.49271e-06 
564 275.4 0.462951 76618.3 251.327 6.10506e+09 3.96542e+07 0.000329662 0.00131374 0.00529861 0.000111949 8.40151e-05 3.84097e-06 
565 275.819 0.466923 76852.6 252.83 6.14302e+09 4.03471e+07 0.000303558 0.00135688 0.00529417 0.000119566 8.3957e-05 4.17876e-06 
566 276.323 0.480823 77134 267.482 6.188e+09 4.27221e+07 8.22152e-05 0.00132323 0.0052949 0.000126214 8.41627e-05 4.36777e-06 
567 276.806 0.489019 77401.7 274.544 6.23037e+09 4.47396e+07 -6.62085e-05 0.00126551 0.00528198 0.000121557 8.34389e-05 4.15957e-06 
568 277.308 0.431182 77677.2 238.961 6.27314e+09 3.81948e+07 -0.00023245 0.00131688 0.00527775 0.000104567 8.30419e-05 3.38266e-06 
569 277.896 0.489179 78005.1 269.992 6.32557e+09 4.29363e+07 -0.000125375 0.00122997 0.0052513 0.000105837 8.24639e-05 3.32073e-06 
570 278.374 0.471093 78270.7 265.092 6.36785e+09 4.35078e+07 -0.000232951 0.00114753 0.00523683 0.000102124 8.13314e-05 3.28025e-06 
571 278.848 0.478885 78537.7 270.35 6.41155e+09 4.45967e+07 6.27187e-05 0.00122113 0.0052318 0.000108924 8.14766e-05 3.84561e-06 
572 279.277 0.474944 78782.7 265.161 6.45243e+09 4.29363e+07 -5.22601e-05 0.00130572 0.00521574 0.000109592 8.12548e-05 3.70295e-06 
573 279.706 0.454684 79022.2 257.005 6.49091e+09 4.2409e+07 -0.000238352 0.00138906 0.00520421 0.000103132 8.1192e-05 3.4013e-06 
574 280.259 0.53631 79332.6 298.753 6.54115e+09 4.81782e+07 -0.000404208 0.00119826 0.00517579 0.00010339 8.02286e-05 3.66339e-06 
575 280.712 0.471153 79585.4 265.204 6.58159e+09 4.35537e+07 -0.000414899 0.00118683 0.0051706 0.000100338 8.00078e-05 3.28486e-06 
576 281.229 0.454927 79874.1 255.305 6.6279e+09 4.17691e+07 -0.000557041 0.00125041 0.00515045 0.000103017 7.94238e-05 3.43761e-06 
577 281.754 0.465161 80173.6 257.715 6.67832e+09 4.16374e+07 -0.000204328 0.00120619 0.00517873 0.00010827 8.08105e-05 3.38883e-06 
578 282.199 0.469344 80428.3 263.861 6.72106e+09 4.43893e+07 -0.000193715 0.00138904 0.00517315 0.000103118 8.08919e-05 3.57978e-06 
579 282.649 0.497797 80686.1 281.655 6.76466e+09 4.67969e+07 -0.000253893 0.00129518 0.0051759 0.000106439 8.05922e-05 3.6559e-06 
580 283.136 0.5218 80965.2 294.452 6.8117e+09 4.85993e+07 -0.000276354 0.0012769 0.00515675 0.000110286 7.97033e-05 3.75825e-06 
581 283.628 0.488502 81242.3 274.433 6.8569e+09 4.5086e+07 -0.000367723 0.00125613 0.00513897 0.00010257 7.92124e-05 3.47235e-06 
582 284.206 0.517784 81573.9 290.688 6.91303e+09 4.76743e+07 -0.000486534 0.00123661 0.00512003 0.000106297 7.86663e-05 3.6901e-06 
583 284.719 0.511318 81864.4 282.041 6.96095e+09 4.70426e+07 -0.000560936 0.00123011 0.00511307 0.000114993 7.87372e-05 3.93797e-06 
584 285.244 0.560121 82166.1 312.04 7.0122e+09 5.0318e+07 -0.000658296 0.00120856 0.00511457 0.000104101 7.8786e-05 3.50484e-06 
585 285.664 0.603101 82407.9 338.918 7.05358e+09 5.551e+07 -0.000691308 0.00127881 0.00511316 0.000106403 7.90505e-05 3.59043e-06 
586 286.218 0.729926 82729.7 412.317 7.10938e+09 6.80031e+07 -0.000452291 0.00120977 0.00512418 0.000112137 7.96513e-05 3.65116e-06 
587 286.612 0.655509 82956 372.672 7.14777e+09 6.22737e+07 -0.000305013 0.00124173 0.00511529 0.000115538 7.94711e-05 3.76313e-06 
588 287.11 0.659727 83242.2 378.155 7.19652e+09 6.41852e+07 -0.000626301 0.00122392 0.0050981 0.000124131 7.85588e-05 4.15e-06 
589 287.54 0.638414 83491.2 365.786 7.2393e+09 6.22439e+07 -0.000535062 0.00130018 0.00506656 0.00012779 7.79213e-05 4.00393e-06 
590 288.012 0.59975 83762.9 341.953 7.28579e+09 5.77206e+07 -0.000378502 0.00139294 0.005024 0.00013128 7.65579e-05 4.1004e-06 
591 288.568 0.559068 84081.9 321.334 7.33989e+09 5.53006e+07 -0.00058622 0.0014379 0.00501953 0.000124258 7.61478e-05 3.76873e-06 
592 289.094 0.543484 84386.2 313.805 7.3922e+09 5.45549e+07 -0.000680647 0.00127085 0.0049995 0.00013256 7.59198e-05 3.95431e-06 
593 289.504 0.604521 84624.8 349.421 7.43392e+09 6.03331e+07 -0.00102587 0.00124657 0.00503124 0.000147442 7.69701e-05 5.00312e-06 
594 290.03 0.517786 84933.7 303.576 7.48858e+09 5.38934e+07 -0.000878269 0.00140278 0.00502398 0.000127504 7.68482e-05 4.35699e-06 
595 290.551 0.567614 85242.8 329.566 7.54421e+09 5.76347e+07 -0.00075229 0.00129527 0.0050204 0.000127519 7.71256e-05 4.26416e-06 
596 291.006 0.546949 85509.4 317.22 7.59142e+09 5.51329e+07 -0.000631165 0.0012701 0.00501204 0.00013881 7.67538e-05 4.68277e-06 
597 291.485 0.553869 85790.8 322.357 7.64119e+09 5.63495e+07 -0.00071153 0.0012209 0.00498636 0.000136592 7.61245e-05 4.80176e-06 
598 292.011 0.576207 86097 338.07 7.69469e+09 6.01287e+07 -0.00070521 0.00129364 0.00497502 0.000132391 7.60292e-05 4.63928e-06 
599 292.576 0.585005 86426.8 341.314 7.75235e+09 6.1444e+07 -0.000968541 0.0012736 0.00496884 0.000109652 7.56141e-05 3.86459e-06 
600 293.111 0.555397 86741.9 322.387 7.8083e+09 5.60467e+07 -0.000958308 0.00129522 0.00494603 0.000114754 7.47529e-05 4.08474e-06 
601 293.517 0.549964 86981.3 322.191 7.8512e+09 5.71466e+07 -0.00107781 0.00124799 0.00495324 0.000114825 7.48409e-05 4.00183e-06 
602 294.093 0.6263 87323.9 365.09 7.91342e+09 6.39535e+07 -0.000770497 0.00134641 0.00494631 0.000134756 7.46407e-05 4.75281e-06 
603 294.529 0.612097 87579.5 361.082 7.95865e+09 6.47558e+07 -0.000541032 0.00129423 0.00495828 0.000114114 7.52035e-05 3.87149e-06 
604 294.952 0.615542 87829 362.624 8.00354e+09 6.50197e+07 -0.000309053 0.00124515 0.00495499 0.000119446 7.49323e-05 4.1256e-06 
605 295.317 0.674865 88050.4 396.571 8.04502e+09 7.05521e+07 -0.00053275 0.00126943 0.00495904 0.000107775 7.46624e-05 3.88219e-06 
606 295.753 0.675492 88307.7 397.191 8.09109e+09 7.06577e+07 -0.000696175 0.00129473 0.00494165 0.000111246 7.39272e-05 3.91152e-06 
607 296.427 0.634279 88705.5 374.801 8.16248e+09 6.73302e+07 -0.000634005 0.00132405 0.00493883 0.000112381 7.36401e-05 4.1504e-06 
608 296.945 0.62448 89012.6 371.217 8.21784e+09 6.74876e+07 -0.000747041 0.00130545 0.0049364 0.00012426 7.36642e-05 4.58877e-06 
609 297.409 0.636872 89293.7 380.322 8.27084e+09 6.98189e+07 -0.000774837 0.00123792 0.00493894 0.000121708 7.36216e-05 4.51006e-06 
610 298.011 0.573244 89656.3 340.552 8.33845e+09 6.19574e+07 -0.000492007 0.00127103 0.00493988 0.000125003 7.34528e-05 4.63034e-06 
611 298.503 0.576949 89946.6 343.872 8.39071e+09 6.31094e+07 -0.000348515 0.0012944 0.00493878 0.000135145 7.32781e-05 4.46903e-06 
612 299.014 0.618633 90254 366.803 8.44757e+09 6.64355e+07 3.78807e-05 0.00128361 0.00494905 0.000133981 7.40248e-05 4.54116e-06 
613 299.502 0.625353 90546.1 372.673 8.50139e+09 6.82456e+07 -1.75844e-06 0.00129556 0.00493406 0.000111648 7.32553e-05 3.57822e-06 
614 299.944 0.58781 90813.3 353.241 8.55144e+09 6.56036e+07 -0.000164204 0.00142061 0.00492523 0.000120163 7.23196e-05 3.77279e-06 
615 300.41 0.638085 91098.9 384.214 8.60646e+09 7.16745e+07 -0.000337271 0.00143936 0.0049241 0.000120509 7.22542e-05 3.7932e-06 
616 300.929 0.577454 91408.3 347.771 8.66307e+09 6.4882e+07 -0.000395939 0.0014325 0.0049222 0.000130288 7.1654e-05 4.24503e-06 
617 301.406 0.607235 91697.9 366.196 8.71788e+09 6.8399e+07 -0.000463389 0.00133925 0.00491059 0.00012867 7.16077e-05 3.98644e-06 
618 301.894 0.617363 91991.7 369.302 8.77283e+09 6.81272e+07 -0.000429992 0.00166477 0.0048783 0.000116848 7.08089e-05 3.70289e-06 
619 302.327 0.676502 92256.3 407.525 8.82355e+09 7.60729e+07 -0.000599199 0.0016716 0.00486655 0.000122653 7.0535e-05 3.8405e-06 
620 302.846 0.650829 92569.9 397.127 8.88256e+09 7.6115e+07 -0.000138413 0.0018219 0.00486591 0.000137568 7.07191e-05 3.99412e-06 
621 303.233 0.609323 92805 370.278 8.92704e+09 7.03951e+07 -0.000105394 0.00158213 0.00485584 0.000160689 7.01362e-05 4.45373e-06 
622 303.602 0.600328 93026.8 361.602 8.96838e+09 6.74622e+07 -5.59434e-05 0.00157445 0.00483344 0.000164976 6.94734e-05 4.67385e-06 
623 304.16 0.633699 93368.8 383.544 9.03436e+09 7.2249e+07 0.000148928 0.00151047 0.00482341 0.000163591 6.9283e-05 4.31218e-06 
624 304.635 0.598328 93661.9 361.722 9.09178e+09 6.80469e+07 0.000227406 0.00154305 0.00482671 0.000158815 6.94507e-05 4.25509e-06 
625 305.003 0.58429 93884.9 357.064 9.13379e+09 6.85546e+07 0.000430712 0.00168238 0.00481983 0.000137877 6.91494e-05 3.86609e-06 
626 305.337 0.649392 94092.2 396.22 9.17475e+09 7.58475e+07 0.000263258 0.00145864 0.00482943 0.000135829 6.93541e-05 4.15896e-06 
627 305.828 0.712151 94393.9 435.836 9.23357e+09 8.40422e+07 -2.38841e-05 0.00137514 0.0048249 0.000129251 6.90542e-05 4.15506e-06 
628 306.327 0.725824 94700 444.108 9.2926e+09 8.50617e+07 0.000120789 0.00128772 0.00481729 0.000123431 6.9011e-05 4.15027e-06 
629 306.794 0.748111 94981.9 457.376 9.34563e+09 8.75553e+07 2.01003e-05 0.00132589 0.00484418 0.000134283 6.9773e-05 4.39403e-06 
630 307.315 0.698527 95300.9 425.878 9.40706e+09 8.12842e+07 1.35e-05 0.0013603 0.00483823 0.00013989 6.94395e-05 4.26106e-06 
631 307.759 0.718422 95581.7 440.73 9.4643e+09 8.54125e+07 -0.000108142 0.00140648 0.00482066 0.000128672 6.88941e-05 3.94178e-06 
632 308.3 0.678192 95919.4 417.162 9.53187e+09 8.12443e+07 0.000349311 0.0013232 0.00481929 0.000124298 6.87461e-05 4.12447e-06 
633 308.657 0.706085 96140.6 437.441 9.57553e+09 8.61713e+07 0.00021579 0.0013895 0.00480168 0.000137926 6.82916e-05 4.29388e-06 
634 309.149 0.704308 96443.7 436.984 9.63452e+09 8.61172e+07 0.000171282 0.00147597 0.00477756 0.000135213 6.76739e-05 4.46397e-06 
635 309.701 0.735606 96789.4 458.676 9.704e+09 9.11965e+07 0.000301482 0.00139672 0.00477866 0.000137732 6.75146e-05 4.39874e-06 
636 310.134 0.720251 97060.2 450.817 9.75845e+09 9.01836e+07 0.000279568 0.00135476 0.00474775 0.000140848 6.64827e-05 3.95142e-06 
637 310.615 0.755249 97363.9 473.972 9.82059e+09 9.55642e+07 9.26127e-05 0.00135374 0.00476463 0.000132111 6.67703e-05 3.72505e-06 
638 311.089 0.695261 97656.7 435.667 9.87788e+09 8.78082e+07 9.6482e-05 0.00135478 0.0047501 0.000142114 6.62226e-05 3.84704e-06 
639 311.702 0.683539 98039.1 426.479 9.95407e+09 8.53472e+07 0.000268053 0.00141577 0.00473549 0.000146534 6.59464e-05 4.01645e-06 
640 312.122 0.756025 98301 478.991 1.00065e+10 9.77112e+07 0.000469459 0.00142687 0.00472146 0.000149526 6.5474e-05 4.32554e-06 
641 312.53 0.801197 98560.7 506.407 1.00605e+10 1.02898e+08 0.000311717 0.00143487 0.0047264 0.000142495 6.51948e-05 4.16513e-06 
642 313.038 0.911569 98876.3 578.472 1.01232e+10 1.17975e+08 0.00120148 0.00140878 0.00471391 0.000145192 6.52661e-05 4.02925e-06 
643 313.566 0.937908 99213.2 600.297 1.01934e+10 1.24384e+08 0.00105627 0.00137886 0.00470846 0.000152478 6.49285e-05 4.00051e-06 
644 313.995 0.876082 99483.2 560.069 1.02485e+10 1.1574e+08 0.000920131 0.00136927 0.00470502 0.000160939 6.4765e-05 4.15936e-06 
645 314.467 0.830837 99783.3 531.911 1.03108e+10 1.1018e+08 0.000897236 0.00138588 0.00469302 0.000148346 6.43804e-05 4.09971e-06 
646 314.973 0.780704 100100 496.348 1.03745e+10 1.02951e+08 0.000850792 0.00145367 0.00470137 0.000153198 6.46444e-05 4.43066e-06 
647 315.376 0.733338 100353 465.496 1.04258e+10 9.62861e+07 0.000767395 0.00144628 0.00469819 0.000153832 6.47132e-05 4.55992e-06 
648 315.705 0.683622 100567 428.285 1.04715e+10 8.76296e+07 0.000655178 0.00144879 0.00470343 0.00015789 6.45906e-05 4.33254e-06 
