0.5 -1.82097 60398500000
196.107 0.792749
1 0 0 
2 1 4.30159e-09 
3 2.66658 0.000390684 
4 4.41977 0.00102604 
5 6.81952 0.00158822 
6 9.07517 0.00255819 
7 11.9364 0.00352325 
8 14.5309 0.0052643 
9 17.7585 0.00653617 
10 20.7 0.00797538 
11 24.2297 0.0102686 
12 27.4904 0.0127134 
13 31.2938 0.0145744 
14 34.8407 0.0186426 
15 38.8964 0.0201398 
16 42.7097 0.0233165 
17 47.0139 0.025766 
18 51.087 0.0307721 
19 55.6374 0.032269 
20 59.9532 0.0320033 
21 64.7037 0.0371241 
22 69.2273 0.0398806 
23 74.1472 0.0523424 
24 78.8792 0.0492239 
25 84.0324 0.0559014 
26 88.9773 0.0551416 
27 94.3117 0.0618346 
28 99.4599 0.0666661 
29 105.003 0.0827746 
30 110.397 0.072433 
31 116.058 0.0812645 
32 121.582 0.0835271 
33 127.434 0.0996144 
34 133.118 0.12131 
35 139.184 0.135167 
36 145.064 0.149502 
37 151.217 0.152611 
38 157.207 0.157252 
39 163.565 0.150109 
40 169.743 0.143922 
41 176.352 0.156449 
42 182.694 0.163317 
43 189.41 0.166508 
44 195.944 0.167147 
45 202.833 0.176908 
46 209.487 0.180984 
47 216.464 0.181466 
48 223.276 0.211773 
49 230.468 0.21222 
50 237.459 0.20675 
51 244.705 0.211095 
52 251.798 0.222869 
53 259.275 0.243466 
54 266.504 0.246531 
55 274.138 0.259138 
56 281.528 0.266976 
57 289.074 0.28503 
58 296.626 0.328853 
59 304.407 0.342518 
60 312.026 0.337781 
61 319.994 0.339409 
62 327.737 0.318979 
63 335.874 0.331199 
64 343.767 0.42558 
65 351.899 0.400324 
66 359.918 0.397307 
67 368.264 0.392693 
68 376.54 0.424702 
69 384.995 0.434582 
70 393.247 0.437725 
71 401.887 0.433551 
72 410.32 0.399708 
73 418.881 0.436663 
74 427.294 0.504123 
75 435.968 0.515489 
76 444.618 0.51083 
77 453.378 0.565637 
78 462.206 0.571098 
79 471.193 0.571189 
80 479.999 0.693866 
81 489.189 0.72032 
82 498.336 0.724591 
83 507.673 0.696136 
84 516.626 0.717203 
85 525.894 0.699012 
86 535.084 0.76193 
87 544.624 0.813808 
88 553.905 0.872152 
89 563.272 0.95003 
90 572.621 0.928018 
91 582.273 1.01993 
92 591.682 0.973277 
93 601.49 1.00767 
94 611.158 1.01545 
95 621.007 1.05993 
96 630.917 1.04236 
97 640.752 1.0855 
98 650.714 1.20703 
99 661.181 1.14934 
100 671.015 1.03201 
101 681.39 1.07226 
102 691.21 1.084 
103 701.333 1.2018 
104 711.294 1.19155 
105 721.507 1.1809 
106 731.752 1.11597 
107 741.4 1.16245 
108 751.732 1.13278 
109 762.126 1.27001 
110 772.537 1.45444 
111 782.894 1.55966 
112 793.102 1.62894 
113 803.596 1.44028 
114 814.099 1.17386 
115 824.875 1.25098 
116 836.011 1.32636 
117 846.743 1.46001 
118 857.168 1.58801 
119 868.079 1.54111 
120 879.115 1.48321 
121 890.448 1.63193 
122 900.945 1.63034 
123 912.455 1.70189 
124 923.68 1.48757 
125 935.14 1.41333 
126 946.186 1.51685 
127 957.464 1.53023 
128 968.538 1.48856 
129 979.78 1.60555 
130 991.004 1.53477 
131 1002.47 1.48675 
132 1013.76 1.54355 
133 1025.33 1.58966 
134 1036.27 1.72674 
135 1048.1 1.69736 
136 1059.61 1.71941 
137 1071.03 1.777 
138 1082.64 1.7972 
139 1094.79 1.82628 
140 1106.76 1.87846 
141 1118.72 1.9621 
142 1130.56 1.95008 
143 1142.75 1.96764 
144 1154.78 1.9843 
145 1166.68 2.19678 
146 1178.9 2.33617 
147 1191.16 2.17697 
148 1203.31 2.06821 
149 1215.23 2.33249 
150 1227.38 2.33742 
151 1238.63 2.19918 
152 1251.1 2.17526 
153 1263 2.23536 
154 1275.51 2.46317 
155 1288.1 2.98381 
156 1301.04 3.14499 
157 1313.39 3.20265 
158 1325.56 3.74246 
159 1338.33 3.63029 
160 1351.08 3.74542 
161 1363.87 3.56417 
162 1375.33 3.70367 
163 1388.41 3.77819 
164 1401.36 3.6068 
165 1414.21 3.61993 
166 1427.55 3.75841 
167 1440.63 3.80037 
168 1453.06 3.71586 
169 1465.66 3.47013 
170 1478.42 3.4044 
171 1491.64 3.71454 
172 1504.39 3.76367 
173 1516.83 3.52423 
174 1530.35 3.69381 
175 1544.42 3.63825 
176 1557.7 3.63647 
177 1570.94 3.50803 
178 1584.19 3.4424 
179 1598.23 3.39125 
180 1611.42 3.23177 
181 1623.92 3.23056 
182 1637.85 3.40964 
183 1651.67 3.52424 
184 1663.3 3.89552 
185 1676.57 3.8881 
186 1690.02 3.82322 
187 1704.67 4.53414 
188 1717.86 4.63051 
189 1731.96 4.93032 
190 1745.47 5.00989 
191 1759.12 5.36613 
192 1772.8 5.84323 
193 1786.91 5.56995 
194 1801.93 6.19561 
195 1816.49 6.49584 
196 1828.15 5.9578 
197 1842.81 5.32078 
198 1857.49 4.68458 
199 1871.7 5.22134 
200 1885.72 5.0158 
201 1899.83 4.782 
202 1914.4 4.90664 
203 1928.67 4.58305 
204 1943.23 5.05891 
205 1957.65 4.35338 
206 1971.91 4.28731 
207 1987.25 4.50716 
208 1998.82 4.2903 
209 2013.07 4.69414 
210 2028.3 4.50581 
211 2043.44 5.10477 
212 2057.62 5.21851 
213 2073.16 4.97003 
214 2088.79 5.03399 
215 2103.97 5.18272 
216 2118.92 5.58132 
217 2133.49 5.13157 
218 2148.14 4.91005 
219 2163.23 5.53589 
220 2179.94 5.92888 
221 2196.3 6.25271 
222 2206.9 5.3058 
223 2221.78 5.51518 
224 2237.26 5.71281 
225 2251.97 5.89239 
226 2266.18 5.72046 
227 2282.89 5.77139 
228 2297.44 5.63678 
229 2313.47 5.69712 
230 2328.28 6.01768 
231 2343.18 6.17447 
232 2358.38 6.22256 
233 2373.71 6.99486 
234 2389.96 6.48792 
235 2406.19 6.35854 
236 2417.22 6.23106 
237 2432.2 6.16319 
238 2447.4 6.51768 
239 2462.69 6.7223 
240 2478.63 6.5337 
241 2495.44 6.63002 
242 2510.22 7.14609 
243 2525.75 7.25824 
244 2541.88 7.32865 
245 2558.89 7.02747 
246 2574.27 8.04255 
247 2589.42 7.69242 
248 2606.12 8.51771 
249 2621.7 9.35149 
250 2638.4 10.0556 
251 2648.96 7.62037 
252 2665.02 7.50496 
253 2678.89 7.69944 
254 2694.56 7.97033 
255 2711.01 7.70058 
256 2727.99 7.89334 
257 2744.46 8.33877 
258 2760.45 8.98877 
259 2777.17 8.59575 
260 2795.88 9.20903 
261 2811.7 8.21041 
262 2827.72 8.81962 
263 2844.06 8.42266 
264 2862.87 8.89074 
265 2880.84 9.04244 
266 2898.25 9.71384 
267 2909.74 8.56687 
268 2924.47 8.61649 
269 2940.25 8.71212 
270 2956.06 8.85067 
271 2971.98 9.01041 
272 2988.85 8.76893 
273 3006.86 8.93722 
274 3026.15 9.33239 
275 3043.64 9.93892 
276 3061.44 9.25981 
277 3077.22 9.31592 
278 3095.3 9.80843 
279 3113.45 10.1402 
280 3129.63 10.0349 
281 3148.51 9.75192 
282 3165.32 11.4849 
283 3183.05 12.4357 
284 3194.09 10.5441 
285 3212.4 10.2717 
286 3230.66 10.6983 
287 3248.88 10.8556 
288 3266.78 10.6241 
289 3283.27 10.6832 
290 3300.1 10.4849 
291 3319.53 10.9732 
292 3337.12 11.0392 
293 3349 10.7267 
294 3363.32 10.9592 
295 3380.71 12.1266 
296 3398.27 11.2381 
297 3415.37 11.5973 
298 3435.52 12.1751 
299 3453.16 11.4535 
300 3472.92 12.4548 
301 3490.45 12.633 
302 3508.25 13.2492 
303 3519.95 11.4156 
304 3539.3 12.5407 
305 3558.59 12.6878 
306 3578.57 12.2111 
307 3594.34 12.349 
308 3612.91 13.0677 
309 3628.46 13.4774 
310 3645.95 13.8297 
311 3663.63 14.012 
312 3673.98 14.435 
313 3692.03 13.3919 
314 3710.04 13.0606 
315 3727.95 14.1089 
316 3747 13.5975 
317 3767.47 13.1259 
318 3786.67 13.588 
319 3802.76 14.0684 
320 3823.77 14.0541 
321 3843.85 14.4293 
322 3863.02 14.1915 
323 3871.84 13.4964 
324 3889.98 13.4682 
325 3908.44 13.2318 
326 3924.95 12.9016 
327 3944.4 13.7468 
328 3962.39 14.2107 
329 3982.26 13.6395 
330 4003.14 13.9036 
331 4022.04 13.9024 
332 4042.25 15.5158 
333 4061.75 15.9456 
334 4071.79 15.0672 
335 4089.1 14.5496 
336 4109.26 16.5076 
337 4126.81 15.1594 
338 4141.81 15.2806 
339 4161.22 15.6858 
340 4182.17 15.0181 
341 4197.85 15.6431 
342 4216.15 16.2086 
343 4235.95 15.9955 
344 4255.18 17.0317 
345 4271.22 16.6021 
346 4283.63 15.8212 
347 4300.25 16.706 
348 4319.69 16.0957 
349 4338.68 16.3482 
350 4356.61 17.2012 
351 4377.67 17.7867 
352 4397.13 18.5607 
353 4415.76 17.4995 
354 4438.24 18.0995 
355 4454.9 17.805 
356 4474.14 18.2497 
357 4495.87 17.5711 
358 4508.22 17.7975 
359 4528.29 19.1053 
360 4550.05 18.7643 
361 4574.95 19.9019 
362 4594.9 20.5741 
363 4613.01 20.9592 
364 4634.09 20.431 
365 4656.1 18.4978 
366 4681.75 18.7413 
367 4696.07 19.9514 
368 4715.87 19.8919 
369 4733.07 20.8873 
370 4751.17 20.1012 
371 4772.51 21.6347 
372 4784.53 21.0832 
373 4804.59 21.5 
374 4823.86 20.2967 
375 4843.09 20.9133 
376 4863.09 20.8431 
377 4881.71 20.9821 
378 4900.23 22.7222 
379 4920.6 21.1575 
380 4939.13 21.7564 
381 4954.63 22.1077 
382 4977.88 23.0127 
383 4999.48 23.3367 
384 5021.2 21.9666 
385 5042.11 22.5459 
386 5063.97 23.0466 
387 5085.07 23.7648 
388 5099.63 23.6944 
389 5118.13 23.7479 
390 5138.92 23.5303 
391 5161.61 24.7507 
392 5180.92 23.8036 
393 5198.76 24.0515 
394 5216.22 24.0623 
395 5234.51 24.5579 
396 5254.76 25.7697 
397 5274.32 26.6565 
398 5291.72 24.933 
399 5311.45 25.2417 
400 5332.15 24.5252 
401 5354.98 25.1176 
402 5381.25 25.2299 
403 5401.54 25.766 
404 5421.75 26.0027 
405 5442.18 26.7942 
406 5461.26 25.7064 
407 5485.34 26.2551 
408 5504.91 27.0378 
409 5526.02 27.0282 
410 5551.48 28.5578 
411 5576.38 28.342 
412 5595.09 27.0769 
413 5609.59 27.6996 
414 5630.75 28.3366 
415 5655.63 28.4139 
416 5671.86 28.7706 
417 5695.76 29.1457 
418 5710.86 28.7324 
419 5733.33 29.0863 
420 5756.58 30.1075 
421 5775.61 28.7749 
422 5789.53 29.5441 
423 5807.28 31.4869 
424 5827.47 30.781 
425 5851.38 31.4542 
426 5869.36 31.6334 
427 5887.49 31.3953 
428 5910.43 31.7591 
429 5934.26 32.5839 
430 5954.53 32.6232 
431 5973.11 31.197 
432 5990.37 33.6206 
433 6014.25 34.637 
434 6033.94 34.976 
435 6052.51 32.7782 
436 6074.53 34.2364 
437 6092.88 33.0986 
438 6116.6 34.6062 
439 6143.44 33.9026 
440 6165.32 35.7125 
441 6190.33 34.4342 
442 6206.04 36.1313 
443 6224.75 37.7072 
444 6237.52 36.7204 
445 6259.19 37.9684 
446 6279.45 36.8527 
447 6304.86 36.812 
448 6323.62 36.7319 
449 6351.83 38.2913 
450 6377.2 39.7267 
451 6403.6 37.1829 
452 6425.15 38.6149 
453 6439.85 37.4916 
454 6450.55 38.2675 
455 6470.21 38.3725 
456 6496.24 40.7769 
457 6511.84 39.9108 
458 6537.93 40.7973 
459 6554.95 40.9942 
460 6578.32 39.9827 
461 6598.53 42.754 
462 6626.58 40.632 
463 6650.48 41.9883 
464 6674.81 43.8118 
465 6690.31 43.3245 
466 6711.25 42.7097 
467 6727.79 42.1543 
468 6746.45 43.3357 
469 6776.27 44.6555 
470 6791.67 43.5356 
471 6811.77 47.0925 
472 6836.1 44.7804 
473 6867.03 46.4261 
474 6886.82 45.8937 
475 6906.91 50.9751 
476 6931.21 45.5527 
477 6959.44 49.2848 
478 6974.47 48.5723 
479 6992.8 50.8821 
480 7012.6 49.2385 
481 7032.97 49.8268 
482 7053.44 55.8398 
483 7079.82 57.5937 
484 7092.97 58.2996 
485 7116.53 48.0581 
486 7139.83 49.7622 
487 7164.54 50.5305 
488 7191.73 50.4293 
489 7217.67 48.9177 
490 7238.79 52.3723 
491 7256.66 49.0038 
492 7277.04 52.0656 
493 7290.05 50.4479 
494 7310.12 50.6024 
495 7342.06 52.8384 
496 7354.98 53.6748 
497 7382.27 50.3171 
498 7396.38 52.0434 
499 7419.36 53.9891 
500 7443.45 57.4375 
501 7476.59 54.2754 
502 7503.09 54.0488 
503 7536.01 52.4986 
504 7554.97 54.4804 
505 7580.71 51.5044 
506 7603.6 55.1795 
507 7621.83 57.6348 
508 7640.71 52.3273 
509 7670.11 54.3214 
510 7694.82 54.8511 
511 7715.57 55.8077 
512 7733.07 57.6535 
513 7751.14 55.0157 
514 7766.76 55.5816 
515 7783.35 57.9398 
516 7818.4 57.6267 
517 7854.77 57.2498 
518 7872.84 57.026 
519 7890.48 60.4947 
520 7913.95 59.3838 
521 7921.83 59.1282 
522 7942.27 60.2313 
523 7962.44 59.6065 
524 7986.5 63.9029 
525 8016.99 62.7344 
526 8062.69 67.3576 
527 8076.67 65.9196 
528 8097.86 65.1074 
529 8118.08 69.5192 
530 8132.34 68.929 
531 8158.74 69.3565 
532 8177.57 71.8237 
533 8198.4 72.5882 
534 8223.01 68.7165 
535 8248.74 71.6289 
536 8273.11 69.0317 
537 8290.01 75.9672 
538 8307.38 74.0946 
539 8339.98 75.9705 
540 8348.89 78.9524 
541 8369.41 85.3776 
542 8403.7 85.507 
543 8442.99 80.1351 
544 8456.17 82.103 
545 8480.75 76.4434 
546 8503 88.659 
547 8521.53 83.5934 
548 8547.88 83.504 
549 8577.04 82.8224 
550 8593.58 81.5521 
551 8615.78 74.9664 
552 8642.56 77.6927 
553 8654.44 82.5614 
554 8680.24 80.9353 
555 8695.23 87.9891 
556 8710.3 87.7629 
557 8738.62 86.0394 
558 8766.98 80.1079 
559 8802.34 77.3655 
560 8827.11 82.0455 
561 8839.81 82.2211 
562 8875.63 86.4655 
563 8879.64 87.0485 
564 8911.86 90.1887 
565 8938.78 89.8003 
566 8946.64 86.2238 
567 8984.18 90.5224 
568 9012.87 104.939 
569 9047.93 96.3066 
570 9062.88 95.6065 
571 9093.49 89.7807 
572 9133.04 89.0067 
573 9169.53 103.003 
574 9173.1 108.332 
575 9203.88 107.908 
576 9233.02 115.306 
577 9261.04 121.074 
578 9278.45 117.444 
579 9291.24 106.485 
580 9320.03 100.142 
581 9338.51 100.45 
582 9358.2 113.575 
583 9378.43 124.088 
584 9415.69 114.928 
585 9447.67 119.749 
586 9456.98 122.697 
587 9485.43 121.948 
588 9494.18 132.74 
589 9520.79 129.224 
590 9546.68 143.293 
591 9564.01 138.626 
592 9589.8 130.915 
593 9621.76 120.361 
594 9637.69 119.02 
595 9666.65 105.253 
596 9698.79 107.832 
597 9736.32 144.023 
598 9762.13 133.899 
599 9769.26 140.042 
600 9795.79 133.698 
601 9821.69 123.321 
602 9863.68 120.426 
603 9884.04 115.773 
604 9882.67 108.386 
605 9903.58 113.766 
606 9928.82 111.16 
607 9948.82 110.003 
608 9966.26 112.816 
609 9985.38 109.318 
610 10003.5 133.382 
611 10034 150.111 
612 10062.4 146.268 
613 10077.9 128.045 
614 10080.7 124.324 
615 10103 122.568 
616 10128.4 123.024 
617 10177.5 133.76 
618 10204.9 131.774 
619 10228.9 120.884 
620 10241.5 127.545 
621 10275.9 134.596 
622 10278.9 130.104 
623 10298.1 130.896 
624 10331.1 122.567 
625 10354.2 121.824 
626 10368.5 122.853 
627 10407.7 126.934 
628 10432.3 136.367 
629 10479 135.939 
630 10499.5 136.728 
631 10507.8 152.985 
632 10541.5 144.602 
633 10565.1 148.462 
634 10595 154.805 
635 10619.9 177.077 
636 10646.2 162.429 
637 10661.1 145.916 
638 10686.7 153.271 
639 10710.7 149.047 
640 10701.8 133.069 
641 10739 137.872 
642 10766.8 152.17 
643 10781.7 142.737 
644 10825.4 161.414 
645 10860.8 151.344 
646 10876.6 151.142 
647 10867.5 150.862 
648 10916.1 163.782 
