N J h steps 
10000 0.831 0 415000000000
-16507 5
-16506 14
-16505 52
-16504 64
-16503 24
-16502 104
-16501 127
-16500 45
-16499 284
-16498 179
-16497 47
-16496 110
-16495 425
-16494 376
-16493 492
-16492 971
-16491 1445
-16490 1201
-16489 2467
-16488 2947
-16487 3475
-16486 3833
-16485 3533
-16484 2560
-16483 2378
-16482 4464
-16481 5425
-16480 5542
-16479 8629
-16478 4696
-16477 8049
-16476 9559
-16475 9987
-16474 9508
-16473 7440
-16472 7218
-16471 6100
-16470 8901
-16469 7633
-16468 11832
-16467 12416
-16466 11137
-16465 13067
-16464 15553
-16463 11938
-16462 15864
-16461 14563
-16460 18607
-16459 19283
-16458 20645
-16457 20528
-16456 20900
-16455 23145
-16454 21359
-16453 24826
-16452 28667
-16451 25727
-16450 30572
-16449 20529
-16448 24613
-16447 20970
-16446 19915
-16445 21154
-16444 22427
-16443 23059
-16442 23524
-16441 18898
-16440 21592
-16439 18860
-16438 17037
-16437 17101
-16436 14422
-16435 18825
-16434 17648
-16433 21458
-16432 21200
-16431 23857
-16430 19086
-16429 22378
-16428 20665
-16427 16256
-16426 21715
-16425 20330
-16424 27129
-16423 26954
-16422 24791
-16421 24074
-16420 27265
-16419 25239
-16418 29411
-16417 26224
-16416 29377
-16415 34069
-16414 34181
-16413 38826
-16412 34245
-16411 37478
-16410 47375
-16409 46820
-16408 45948
-16407 59290
-16406 56142
-16405 58378
-16404 54437
-16403 51810
-16402 46695
-16401 48257
-16400 51522
-16399 59814
-16398 55653
-16397 62520
-16396 58104
-16395 66103
-16394 62475
-16393 64840
-16392 59637
-16391 50368
-16390 51123
-16389 54197
-16388 55138
-16387 59766
-16386 48411
-16385 46138
-16384 47991
-16383 49632
-16382 51717
-16381 53137
-16380 49854
-16379 60503
-16378 57780
-16377 70656
-16376 64438
-16375 62073
-16374 58101
-16373 65264
-16372 55175
-16371 51600
-16370 57034
-16369 62111
-16368 61850
-16367 59745
-16366 67459
-16365 62667
-16364 68745
-16363 61961
-16362 68102
-16361 71495
-16360 78022
-16359 75773
-16358 75897
-16357 77055
-16356 68080
-16355 80412
-16354 96236
-16353 95956
-16352 101508
-16351 103626
-16350 119732
-16349 105467
-16348 109264
-16347 114386
-16346 115138
-16345 117662
-16344 114582
-16343 105517
-16342 108641
-16341 111140
-16340 110411
-16339 118717
-16338 110533
-16337 108575
-16336 112487
-16335 112909
-16334 117906
-16333 124124
-16332 120199
-16331 112682
-16330 131795
-16329 140371
-16328 123113
-16327 121638
-16326 130735
-16325 137833
-16324 142673
-16323 142109
-16322 139153
-16321 142618
-16320 142131
-16319 145225
-16318 150065
-16317 157117
-16316 153757
-16315 137197
-16314 144175
-16313 163024
-16312 153873
-16311 152088
-16310 154841
-16309 169229
-16308 161640
-16307 165112
-16306 163950
-16305 156680
-16304 154060
-16303 164175
-16302 162557
-16301 167121
-16300 179681
-16299 180379
-16298 184972
-16297 180479
-16296 200332
-16295 191439
-16294 189662
-16293 207870
-16292 210615
-16291 207240
-16290 215418
-16289 227055
-16288 223225
-16287 230705
-16286 261776
-16285 224985
-16284 238356
-16283 246205
-16282 228310
-16281 233342
-16280 227211
-16279 222390
-16278 229406
-16277 219928
-16276 231329
-16275 233708
-16274 262330
-16273 258964
-16272 252270
-16271 255160
-16270 253877
-16269 263702
-16268 261497
-16267 244483
-16266 263824
-16265 278156
-16264 278156
-16263 306739
-16262 299890
-16261 297976
-16260 315588
-16259 332988
-16258 301703
-16257 319131
-16256 341093
-16255 318938
-16254 329159
-16253 347301
-16252 333601
-16251 352000
-16250 348374
-16249 337598
-16248 341926
-16247 339846
-16246 326714
-16245 342813
-16244 331050
-16243 340210
-16242 320281
-16241 332998
-16240 328902
-16239 333793
-16238 339821
-16237 344817
-16236 353515
-16235 357096
-16234 347557
-16233 332949
-16232 353516
-16231 349651
-16230 332658
-16229 331009
-16228 337229
-16227 332392
-16226 353094
-16225 356375
-16224 371681
-16223 370135
-16222 368863
-16221 381632
-16220 377274
-16219 394718
-16218 370745
-16217 379838
-16216 369611
-16215 371283
-16214 406887
-16213 416619
-16212 380406
-16211 408631
-16210 402715
-16209 417948
-16208 411486
-16207 436370
-16206 440822
-16205 466965
-16204 440683
-16203 451106
-16202 488432
-16201 482245
-16200 483420
-16199 478760
-16198 487433
-16197 484973
-16196 476872
-16195 460995
-16194 511724
-16193 530000
-16192 494018
-16191 533693
-16190 503684
-16189 502333
-16188 504392
-16187 508003
-16186 497499
-16185 495557
-16184 481009
-16183 511175
-16182 500763
-16181 507264
-16180 519041
-16179 518844
-16178 536600
-16177 575090
-16176 547586
-16175 552855
-16174 560944
-16173 574309
-16172 586224
-16171 582422
-16170 595272
-16169 598328
-16168 617122
-16167 616870
-16166 585163
-16165 606938
-16164 603834
-16163 628336
-16162 608611
-16161 628163
-16160 625249
-16159 603163
-16158 651118
-16157 642012
-16156 644077
-16155 677709
-16154 667366
-16153 667102
-16152 649776
-16151 671543
-16150 681892
-16149 696587
-16148 698720
-16147 737844
-16146 721717
-16145 748741
-16144 720646
-16143 720378
-16142 703050
-16141 743664
-16140 745263
-16139 746807
-16138 732653
-16137 754980
-16136 751883
-16135 753420
-16134 788375
-16133 796835
-16132 788546
-16131 802589
-16130 812116
-16129 800977
-16128 817933
-16127 792884
-16126 834008
-16125 834284
-16124 866042
-16123 863298
-16122 854344
-16121 895389
-16120 884127
-16119 907522
-16118 902596
-16117 898869
-16116 903482
-16115 887649
-16114 927493
-16113 896513
-16112 936239
-16111 918845
-16110 930314
-16109 954209
-16108 954439
-16107 993498
-16106 1038206
-16105 1029326
-16104 1016170
-16103 1045050
-16102 1057391
-16101 1056113
-16100 1082291
-16099 1087155
-16098 1112114
-16097 1099151
-16096 1105922
-16095 1119968
-16094 1136882
-16093 1174400
-16092 1168654
-16091 1168707
-16090 1177686
-16089 1169726
-16088 1200700
-16087 1198601
-16086 1216607
-16085 1262432
-16084 1255489
-16083 1259927
-16082 1291250
-16081 1272579
-16080 1288286
-16079 1340878
-16078 1339799
-16077 1334731
-16076 1333019
-16075 1327231
-16074 1354640
-16073 1351186
-16072 1330162
-16071 1384352
-16070 1338857
-16069 1384130
-16068 1413273
-16067 1368269
-16066 1432843
-16065 1400328
-16064 1420915
-16063 1430787
-16062 1464932
-16061 1471557
-16060 1481224
-16059 1472103
-16058 1469835
-16057 1511289
-16056 1523180
-16055 1534819
-16054 1550602
-16053 1593590
-16052 1620857
-16051 1600477
-16050 1650843
-16049 1652831
-16048 1684998
-16047 1711412
-16046 1756134
-16045 1723923
-16044 1730454
-16043 1769109
-16042 1806996
-16041 1871437
-16040 1911036
-16039 1924458
-16038 1918578
-16037 1926860
-16036 1944640
-16035 1971081
-16034 1975415
-16033 1956796
-16032 1983840
-16031 1944218
-16030 2007734
-16029 2059042
-16028 2055087
-16027 2040393
-16026 2083859
-16025 2077386
-16024 2115653
-16023 2137192
-16022 2101856
-16021 2201922
-16020 2197828
-16019 2266436
-16018 2229022
-16017 2264708
-16016 2290156
-16015 2280742
-16014 2284073
-16013 2337814
-16012 2393321
-16011 2344882
-16010 2319246
-16009 2363745
-16008 2365617
-16007 2378563
-16006 2369286
-16005 2468247
-16004 2482494
-16003 2489294
-16002 2486070
-16001 2484940
-16000 2515152
-15999 2529528
-15998 2562139
-15997 2599444
-15996 2610708
-15995 2642057
-15994 2680594
-15993 2674229
-15992 2691204
-15991 2744849
-15990 2747313
-15989 2791036
-15988 2812487
-15987 2813474
-15986 2860543
-15985 2889980
-15984 2883688
-15983 2932872
-15982 2955038
-15981 3027882
-15980 2945501
-15979 2986535
-15978 2942864
-15977 2957621
-15976 2988087
-15975 2987229
-15974 3008400
-15973 3028296
-15972 3112367
-15971 3081867
-15970 3127345
-15969 3142377
-15968 3168759
-15967 3113952
-15966 3146031
-15965 3200652
-15964 3173480
-15963 3216323
-15962 3280293
-15961 3323648
-15960 3278817
-15959 3316986
-15958 3363893
-15957 3379070
-15956 3460070
-15955 3441358
-15954 3501106
-15953 3550583
-15952 3515916
-15951 3543060
-15950 3571164
-15949 3623734
-15948 3627921
-15947 3684420
-15946 3775892
-15945 3763463
-15944 3781205
-15943 3807454
-15942 3809212
-15941 3856562
-15940 3878532
-15939 3955993
-15938 3995761
-15937 3958129
-15936 3973109
-15935 4036241
-15934 4032781
-15933 4066671
-15932 4129749
-15931 4090157
-15930 4106791
-15929 4148626
-15928 4179940
-15927 4190658
-15926 4241044
-15925 4284567
-15924 4308705
-15923 4360572
-15922 4384526
-15921 4381005
-15920 4357233
-15919 4457143
-15918 4435882
-15917 4424104
-15916 4432641
-15915 4554000
-15914 4646101
-15913 4640990
-15912 4682185
-15911 4682878
-15910 4664507
-15909 4701319
-15908 4740418
-15907 4834663
-15906 4904845
-15905 4790892
-15904 4829428
-15903 4893304
-15902 4937148
-15901 5016366
-15900 5039579
-15899 4951843
-15898 5085228
-15897 5109723
-15896 5019835
-15895 5103231
-15894 5188948
-15893 5242639
-15892 5250493
-15891 5279205
-15890 5314172
-15889 5413906
-15888 5476448
-15887 5484757
-15886 5575020
-15885 5622932
-15884 5585886
-15883 5641984
-15882 5683877
-15881 5676387
-15880 5710539
-15879 5738749
-15878 5853606
-15877 5868277
-15876 5985631
-15875 5971979
-15874 6081947
-15873 6142386
-15872 6177623
-15871 6181293
-15870 6217902
-15869 6258501
-15868 6351147
-15867 6383667
-15866 6329980
-15865 6394955
-15864 6485782
-15863 6403263
-15862 6456733
-15861 6531465
-15860 6551872
-15859 6609956
-15858 6598968
-15857 6699850
-15856 6721105
-15855 6768548
-15854 6788459
-15853 6885231
-15852 6946258
-15851 7015992
-15850 7069723
-15849 7018835
-15848 7130212
-15847 7241331
-15846 7177260
-15845 7204850
-15844 7351115
-15843 7318216
-15842 7327703
-15841 7392741
-15840 7408604
-15839 7510446
-15838 7504378
-15837 7604843
-15836 7616098
-15835 7582285
-15834 7660910
-15833 7628970
-15832 7709285
-15831 7756961
-15830 7851188
-15829 7911585
-15828 7943106
-15827 7984996
-15826 8028582
-15825 8124261
-15824 8105626
-15823 8182225
-15822 8165402
-15821 8203481
-15820 8381302
-15819 8384316
-15818 8487826
-15817 8558803
-15816 8581050
-15815 8662640
-15814 8730107
-15813 8758921
-15812 8837387
-15811 8895956
-15810 8992163
-15809 9025177
-15808 9151846
-15807 9164692
-15806 9232374
-15805 9298335
-15804 9324312
-15803 9560470
-15802 9483785
-15801 9676935
-15800 9775690
-15799 9715832
-15798 9803858
-15797 9924313
-15796 9963538
-15795 10174853
-15794 10309858
-15793 10279322
-15792 10406190
-15791 10455615
-15790 10543511
-15789 10644016
-15788 10750684
-15787 10842995
-15786 10919628
-15785 10893788
-15784 11071984
-15783 11076744
-15782 11069410
-15781 11142474
-15780 11252451
-15779 11335130
-15778 11469291
-15777 11395736
-15776 11519516
-15775 11484735
-15774 11612448
-15773 11680729
-15772 11763395
-15771 11877818
-15770 12004203
-15769 11996456
-15768 12063398
-15767 12175351
-15766 12225538
-15765 12274509
-15764 12305020
-15763 12466563
-15762 12488661
-15761 12500024
-15760 12591681
-15759 12630774
-15758 12703429
-15757 12892874
-15756 12910329
-15755 13042331
-15754 12973921
-15753 13025679
-15752 13218012
-15751 13314485
-15750 13349664
-15749 13543998
-15748 13627508
-15747 13602272
-15746 13757314
-15745 13965542
-15744 14046770
-15743 14131192
-15742 14279733
-15741 14402514
-15740 14406589
-15739 14335246
-15738 14578747
-15737 14635406
-15736 14752890
-15735 14927702
-15734 14945481
-15733 15057327
-15732 15088232
-15731 15349207
-15730 15378582
-15729 15682906
-15728 15563856
-15727 15730036
-15726 15888620
-15725 15975494
-15724 16072715
-15723 16088715
-15722 16235737
-15721 16450996
-15720 16486119
-15719 16629665
-15718 16665845
-15717 16929380
-15716 17093449
-15715 17209141
-15714 17296042
-15713 17447011
-15712 17437778
-15711 17495485
-15710 17792691
-15709 17885175
-15708 18203276
-15707 18154746
-15706 18292111
-15705 18349768
-15704 18467853
-15703 18640648
-15702 18650415
-15701 18834565
-15700 18974968
-15699 19023066
-15698 19067924
-15697 19177840
-15696 19310392
-15695 19309980
-15694 19542158
-15693 19540425
-15692 19678899
-15691 19796222
-15690 19898855
-15689 20063686
-15688 20113582
-15687 20191334
-15686 20382852
-15685 20475524
-15684 20727987
-15683 20659557
-15682 21010405
-15681 21143927
-15680 21298349
-15679 21507208
-15678 21579245
-15677 21566791
-15676 21553466
-15675 21689860
-15674 21961782
-15673 21943065
-15672 21977262
-15671 22120760
-15670 22247611
-15669 22475075
-15668 22512319
-15667 22732600
-15666 22946048
-15665 23234262
-15664 23221868
-15663 23427084
-15662 23603918
-15661 23650658
-15660 23700764
-15659 23958110
-15658 24019310
-15657 24140759
-15656 24191266
-15655 24376716
-15654 24454410
-15653 24608803
-15652 24797545
-15651 24912705
-15650 25061577
-15649 25184159
-15648 25419378
-15647 25528123
-15646 25623935
-15645 25949825
-15644 26065234
-15643 26183677
-15642 26217817
-15641 26128063
-15640 26515425
-15639 26659303
-15638 26740114
-15637 26843403
-15636 26903814
-15635 27186705
-15634 27234543
-15633 27447519
-15632 27599217
-15631 27749463
-15630 27928463
-15629 28005391
-15628 28166727
-15627 28323118
-15626 28498267
-15625 28737591
-15624 28620660
-15623 28840489
-15622 29119790
-15621 29232624
-15620 29385693
-15619 29609031
-15618 29667473
-15617 29794267
-15616 30066520
-15615 30110795
-15614 30318006
-15613 30575593
-15612 30531088
-15611 30479452
-15610 30738888
-15609 31097715
-15608 31215205
-15607 31336209
-15606 31364985
-15605 31559428
-15604 31710694
-15603 32100179
-15602 32054621
-15601 32224311
-15600 32511482
-15599 32665942
-15598 32900915
-15597 32962767
-15596 33133471
-15595 33499956
-15594 33876468
-15593 33738030
-15592 33854004
-15591 34179099
-15590 34138708
-15589 34449024
-15588 34727043
-15587 34775285
-15586 34924185
-15585 35307393
-15584 35268952
-15583 35473123
-15582 35643992
-15581 35684801
-15580 36071949
-15579 36264996
-15578 36344616
-15577 36446439
-15576 36720542
-15575 36828957
-15574 37089959
-15573 37137697
-15572 37455747
-15571 37580353
-15570 37877605
-15569 38227019
-15568 38362615
-15567 38547438
-15566 38759176
-15565 39045551
-15564 39189935
-15563 39343609
-15562 39366798
-15561 39639143
-15560 40017464
-15559 40240393
-15558 40181486
-15557 40399051
-15556 40719567
-15555 40784331
-15554 41093901
-15553 41372192
-15552 41403747
-15551 41688504
-15550 41950078
-15549 42107533
-15548 42186879
-15547 42455814
-15546 42668266
-15545 42700733
-15544 42760347
-15543 43051982
-15542 43244161
-15541 43542136
-15540 43624017
-15539 43974249
-15538 44056795
-15537 44202637
-15536 44552684
-15535 44803847
-15534 45096822
-15533 45418812
-15532 45726244
-15531 45949273
-15530 46151897
-15529 46551682
-15528 46670023
-15527 46911099
-15526 47069612
-15525 47348444
-15524 47676592
-15523 47707707
-15522 47885128
-15521 48289400
-15520 48419405
-15519 48795702
-15518 49066887
-15517 49466230
-15516 49631754
-15515 49640260
-15514 49729104
-15513 49883533
-15512 50395493
-15511 50789072
-15510 51047170
-15509 51316612
-15508 51338640
-15507 51728368
-15506 51882118
-15505 52403411
-15504 52577154
-15503 52907854
-15502 53417067
-15501 53651997
-15500 53927179
-15499 54430060
-15498 54423294
-15497 54862592
-15496 55144176
-15495 55160412
-15494 55446341
-15493 55659209
-15492 55883455
-15491 56246341
-15490 56381819
-15489 56510295
-15488 57030731
-15487 57207406
-15486 57181971
-15485 57384411
-15484 57671550
-15483 58180312
-15482 58469977
-15481 58515472
-15480 58686026
-15479 58840023
-15478 59177373
-15477 59426749
-15476 59478534
-15475 59950357
-15474 59997519
-15473 60330278
-15472 60589487
-15471 60942805
-15470 61211028
-15469 61664227
-15468 61740501
-15467 61879736
-15466 62139922
-15465 62701907
-15464 62954488
-15463 63329942
-15462 63465535
-15461 63886772
-15460 64269615
-15459 64590838
-15458 64850321
-15457 65075386
-15456 65446630
-15455 65610505
-15454 65759354
-15453 66215668
-15452 66717334
-15451 66824140
-15450 67216288
-15449 67447189
-15448 67855606
-15447 68129838
-15446 68646934
-15445 68980987
-15444 69240803
-15443 69544025
-15442 69838761
-15441 70137697
-15440 70433078
-15439 70626124
-15438 71057958
-15437 71285061
-15436 71784083
-15435 72013540
-15434 72554497
-15433 73042605
-15432 73177218
-15431 73277172
-15430 73703878
-15429 74109584
-15428 74597455
-15427 74586084
-15426 74981688
-15425 75267183
-15424 75408408
-15423 75707690
-15422 75947406
-15421 76521850
-15420 76540805
-15419 76525928
-15418 76919523
-15417 77328031
-15416 77554456
-15415 78144427
-15414 78432309
-15413 78876782
-15412 79258724
-15411 79465768
-15410 79633047
-15409 80352649
-15408 80223246
-15407 80721762
-15406 81229510
-15405 81513498
-15404 81954871
-15403 82537689
-15402 82560729
-15401 83109723
-15400 83363115
-15399 83863161
-15398 84123777
-15397 84460874
-15396 84941378
-15395 85124222
-15394 85753978
-15393 86241372
-15392 86421177
-15391 86831482
-15390 87161615
-15389 87451192
-15388 88120240
-15387 88226128
-15386 88723551
-15385 89076517
-15384 89719908
-15383 89984272
-15382 90513814
-15381 90863646
-15380 91344961
-15379 91654498
-15378 92184206
-15377 92475796
-15376 92822823
-15375 93199432
-15374 93744221
-15373 93873848
-15372 94301424
-15371 94666473
-15370 95365897
-15369 95992735
-15368 96290482
-15367 96603965
-15366 97114000
-15365 97327978
-15364 97986564
-15363 98205891
-15362 98637497
-15361 99219609
-15360 99206240
-15359 99704768
-15358 99968749
-15357 100535557
-15356 100823123
-15355 101391058
-15354 102234440
-15353 102255761
-15352 102984693
-15351 102665650
-15350 103655716
-15349 104017284
-15348 104390683
-15347 104716469
-15346 105464952
-15345 105608737
-15344 106045458
-15343 106162005
-15342 107055578
-15341 107524029
-15340 107806606
-15339 108278744
-15338 108375482
-15337 108901220
-15336 109410374
-15335 109823327
-15334 110047470
-15333 111063312
-15332 110862581
-15331 111441936
-15330 111921842
-15329 112520570
-15328 112685299
-15327 113338792
-15326 113663383
-15325 114157501
-15324 114476841
-15323 114893182
-15322 115037376
-15321 115760813
-15320 116077679
-15319 116425884
-15318 117052062
-15317 117446878
-15316 117837189
-15315 118353514
-15314 118916953
-15313 119380160
-15312 120046877
-15311 120689620
-15310 120905222
-15309 121440298
-15308 121357392
-15307 122354360
-15306 122620652
-15305 123049648
-15304 123606632
-15303 123999237
-15302 124475572
-15301 125200319
-15300 125255289
-15299 125860264
-15298 126456303
-15297 126801852
-15296 127082224
-15295 127830539
-15294 127909631
-15293 128687982
-15292 129256684
-15291 129510848
-15290 129849383
-15289 130509951
-15288 131008738
-15287 131497315
-15286 132113413
-15285 132892236
-15284 133244761
-15283 133782086
-15282 134325278
-15281 134756430
-15280 135699113
-15279 135901319
-15278 136382822
-15277 136948825
-15276 137337170
-15275 137721767
-15274 138418928
-15273 138888814
-15272 139272898
-15271 139761477
-15270 140252002
-15269 140787663
-15268 141566048
-15267 141719097
-15266 142277358
-15265 142521262
-15264 143128617
-15263 143681039
-15262 144391604
-15261 145177496
-15260 145768008
-15259 146690824
-15258 147439277
-15257 147269256
-15256 147894658
-15255 148524574
-15254 149324121
-15253 149924472
-15252 150605844
-15251 151436782
-15250 151994552
-15249 152448654
-15248 153178070
-15247 153362117
-15246 154077621
-15245 154988972
-15244 155641960
-15243 156433901
-15242 156754027
-15241 157339504
-15240 157990114
-15239 158550575
-15238 159313671
-15237 159825868
-15236 160374330
-15235 161498099
-15234 161721454
-15233 162282933
-15232 163511452
-15231 164006656
-15230 164450286
-15229 164922054
-15228 165305188
-15227 166106690
-15226 166565013
-15225 166935609
-15224 167597567
-15223 168169806
-15222 168666215
-15221 169261138
-15220 170371700
-15219 170762392
-15218 171099464
-15217 172160991
-15216 172669919
-15215 172986731
-15214 173958755
-15213 174494134
-15212 174979048
-15211 175468957
-15210 176223014
-15209 177152739
-15208 177778182
-15207 178319377
-15206 179265951
-15205 179556466
-15204 180355981
-15203 180920523
-15202 181237651
-15201 182151669
-15200 183044835
-15199 183463358
-15198 184137522
-15197 185133472
-15196 185634223
-15195 186331969
-15194 187010152
-15193 187579843
-15192 188312019
-15191 189056610
-15190 189739709
-15189 190076927
-15188 190891664
-15187 191383337
-15186 192002351
-15185 192851843
-15184 193821298
-15183 194418433
-15182 195402861
-15181 196270150
-15180 196991980
-15179 197919475
-15178 198375330
-15177 198683624
-15176 199246608
-15175 199728726
-15174 200294846
-15173 201173501
-15172 201939821
-15171 202541281
-15170 203332789
-15169 203678340
-15168 204716825
-15167 205085084
-15166 205586031
-15165 206390420
-15164 206835808
-15163 207319193
-15162 208118661
-15161 209120202
-15160 209461894
-15159 210227677
-15158 211328793
-15157 211799446
-15156 212675698
-15155 213102058
-15154 214070964
-15153 214546014
-15152 215221403
-15151 215907492
-15150 216352030
-15149 217009167
-15148 217278126
-15147 218530866
-15146 218769124
-15145 219334675
-15144 219914215
-15143 220895364
-15142 221177987
-15141 221495754
-15140 222541934
-15139 223379751
-15138 224436945
-15137 225152266
-15136 225617829
-15135 226885435
-15134 227858000
-15133 227872101
-15132 228570928
-15131 229431818
-15130 230092875
-15129 230461355
-15128 231392686
-15127 232111014
-15126 232630809
-15125 233547505
-15124 234019516
-15123 234994270
-15122 235021477
-15121 235936769
-15120 237156280
-15119 237903459
-15118 237947074
-15117 239244674
-15116 240014735
-15115 240382675
-15114 240761690
-15113 241747532
-15112 241886750
-15111 243066398
-15110 243292992
-15109 244324809
-15108 244810705
-15107 245863152
-15106 246059184
-15105 246918580
-15104 247604542
-15103 248401953
-15102 249061959
-15101 249678298
-15100 250310528
-15099 251537753
-15098 251869075
-15097 252480297
-15096 253161473
-15095 253798166
-15094 254427140
-15093 254941745
-15092 255522726
-15091 255915280
-15090 256776750
-15089 257051942
-15088 257551041
-15087 258580884
-15086 258899147
-15085 259777192
-15084 260139439
-15083 260891542
-15082 261910367
-15081 262060720
-15080 262643748
-15079 263361755
-15078 264168782
-15077 264718367
-15076 265450212
-15075 266157975
-15074 266958104
-15073 267557968
-15072 267676081
-15071 268144057
-15070 268910019
-15069 269602523
-15068 269928728
-15067 270425899
-15066 271318280
-15065 271986433
-15064 272359240
-15063 273099113
-15062 273943837
-15061 274638547
-15060 275013631
-15059 275534498
-15058 276009810
-15057 276524108
-15056 277131116
-15055 278103251
-15054 278148465
-15053 278749272
-15052 279640393
-15051 280009247
-15050 280808443
-15049 281888135
-15048 282751499
-15047 282877828
-15046 283822595
-15045 285026745
-15044 285257081
-15043 286421051
-15042 287059096
-15041 287649106
-15040 288223901
-15039 289492496
-15038 289966097
-15037 290657215
-15036 291364363
-15035 291754737
-15034 292668224
-15033 293720015
-15032 294069677
-15031 294964491
-15030 295431408
-15029 296180626
-15028 296808115
-15027 297436572
-15026 298031427
-15025 298600163
-15024 298826563
-15023 300107836
-15022 299908886
-15021 300216816
-15020 301294015
-15019 300919067
-15018 302358146
-15017 303200537
-15016 303878855
-15015 304073252
-15014 304824211
-15013 305030743
-15012 306027852
-15011 306403651
-15010 306965335
-15009 307474975
-15008 308138357
-15007 309098625
-15006 310063269
-15005 311142162
-15004 311140194
-15003 312314159
-15002 312226806
-15001 313067126
-15000 313422812
-14999 313500076
-14998 314587293
-14997 314948608
-14996 315650792
-14995 315672887
-14994 316377428
-14993 316844358
-14992 317715244
-14991 318375355
-14990 318370691
-14989 318853437
-14988 319305438
-14987 319273392
-14986 320043095
-14985 320747682
-14984 320973825
-14983 321049125
-14982 322218021
-14981 322355638
-14980 323381640
-14979 323975263
-14978 324357014
-14977 325062958
-14976 326179097
-14975 326362097
-14974 327758406
-14973 328189004
-14972 328826179
-14971 329220724
-14970 330029465
-14969 330190672
-14968 331026615
-14967 330870246
-14966 331500667
-14965 332385744
-14964 333239672
-14963 334018394
-14962 334681466
-14961 334545851
-14960 335316659
-14959 336098554
-14958 337046123
-14957 337605663
-14956 337756155
-14955 338657762
-14954 339627613
-14953 339823958
-14952 339902906
-14951 340483654
-14950 341350735
-14949 341507818
-14948 342244765
-14947 342498453
-14946 343040044
-14945 343534893
-14944 344378194
-14943 344912969
-14942 345860651
-14941 346066110
-14940 346733637
-14939 347619562
-14938 347620761
-14937 347896576
-14936 348584795
-14935 348520958
-14934 349254808
-14933 349731104
-14932 350363111
-14931 351463176
-14930 351962762
-14929 352712175
-14928 353599816
-14927 353964842
-14926 354525682
-14925 355215608
-14924 356199022
-14923 356912980
-14922 357631290
-14921 358012935
-14920 358363201
-14919 359539591
-14918 359972939
-14917 360653465
-14916 361079965
-14915 361529789
-14914 362728104
-14913 363452924
-14912 363838699
-14911 364810106
-14910 365410078
-14909 365943445
-14908 366771232
-14907 366887690
-14906 367802007
-14905 368056718
-14904 368514862
-14903 369058925
-14902 369544253
-14901 370033891
-14900 370012926
-14899 370682523
-14898 371003378
-14897 371792658
-14896 372781987
-14895 372690348
-14894 373630721
-14893 374618370
-14892 374784535
-14891 375000483
-14890 375468406
-14889 376563609
-14888 376971820
-14887 377326705
-14886 377969287
-14885 378145691
-14884 378551472
-14883 379130521
-14882 379746926
-14881 380136592
-14880 380847810
-14879 381443756
-14878 381681008
-14877 382239178
-14876 382544079
-14875 383266477
-14874 383619740
-14873 384377166
-14872 385331599
-14871 385463607
-14870 385382174
-14869 386482076
-14868 386501475
-14867 386895214
-14866 387544955
-14865 387922483
-14864 389083114
-14863 389972499
-14862 390682732
-14861 391105005
-14860 391062769
-14859 391525931
-14858 391984711
-14857 392625018
-14856 393165714
-14855 393822487
-14854 394521236
-14853 394689838
-14852 395322247
-14851 396117201
-14850 396059409
-14849 397213936
-14848 397274766
-14847 397538449
-14846 398084035
-14845 398379725
-14844 399969483
-14843 400506388
-14842 400494533
-14841 401611714
-14840 401429468
-14839 402429709
-14838 402428611
-14837 403307867
-14836 404018092
-14835 404429334
-14834 404690713
-14833 405241017
-14832 405987290
-14831 406447520
-14830 406904777
-14829 407381510
-14828 407960140
-14827 408306062
-14826 408320201
-14825 409196643
-14824 409711238
-14823 410420930
-14822 410429478
-14821 411118295
-14820 411946477
-14819 413000511
-14818 412691481
-14817 413278392
-14816 413683073
-14815 414070657
-14814 414192194
-14813 414878269
-14812 415359172
-14811 415669491
-14810 415785932
-14809 417197077
-14808 417019328
-14807 417733991
-14806 417668630
-14805 418358487
-14804 418832406
-14803 419965013
-14802 420407978
-14801 420782453
-14800 420807457
-14799 420884384
-14798 422026761
-14797 422374150
-14796 423003880
-14795 423853525
-14794 423643873
-14793 424143338
-14792 424967345
-14791 425197060
-14790 425395155
-14789 426293074
-14788 426327387
-14787 427353410
-14786 427484459
-14785 427942361
-14784 428144783
-14783 429284047
-14782 430062317
-14781 430522837
-14780 431143432
-14779 431980250
-14778 431925338
-14777 432755956
-14776 433094733
-14775 433142645
-14774 434602111
-14773 434717908
-14772 435462986
-14771 435772303
-14770 436333833
-14769 436696281
-14768 436937972
-14767 438053638
-14766 437406506
-14765 438204854
-14764 439220855
-14763 439390148
-14762 440167803
-14761 440300211
-14760 440473524
-14759 441267725
-14758 441553756
-14757 441430072
-14756 442297740
-14755 443135682
-14754 443723162
-14753 444206295
-14752 444064503
-14751 444180956
-14750 444075851
-14749 445093235
-14748 445260641
-14747 445870304
-14746 446164979
-14745 446090577
-14744 446221926
-14743 446530835
-14742 447736936
-14741 447525900
-14740 447922866
-14739 448302240
-14738 448543228
-14737 449071207
-14736 449434880
-14735 450064054
-14734 450845032
-14733 450843539
-14732 451117628
-14731 452035013
-14730 452605405
-14729 452753634
-14728 453541970
-14727 453747694
-14726 454802086
-14725 454345765
-14724 455228534
-14723 455488883
-14722 455562748
-14721 455839495
-14720 455867887
-14719 456174157
-14718 456699488
-14717 457538185
-14716 457491493
-14715 458255042
-14714 458811187
-14713 458507660
-14712 459249064
-14711 459900843
-14710 460006405
-14709 460563901
-14708 460739803
-14707 461221972
-14706 461381855
-14705 460973483
-14704 462347551
-14703 462339146
-14702 462786134
-14701 463283894
-14700 463422654
-14699 463789260
-14698 463653402
-14697 464862552
-14696 465038978
-14695 464631830
-14694 465211966
-14693 465659790
-14692 465348434
-14691 465951019
-14690 466122542
-14689 465661390
-14688 466073355
-14687 465802520
-14686 465844552
-14685 466148043
-14684 466070825
-14683 466567326
-14682 467395578
-14681 467592195
-14680 467164737
-14679 467284540
-14678 468058247
-14677 467982426
-14676 469277337
-14675 469590972
-14674 469827867
-14673 470313261
-14672 470394646
-14671 470608977
-14670 471022520
-14669 470923434
-14668 470837999
-14667 471149635
-14666 471560031
-14665 471000113
-14664 471841538
-14663 471528405
-14662 472056520
-14661 471868754
-14660 472491299
-14659 472549762
-14658 472545019
-14657 472834255
-14656 472453450
-14655 472443337
-14654 473361958
-14653 473363450
-14652 473413401
-14651 473701752
-14650 474025980
-14649 473921749
-14648 473756964
-14647 473952129
-14646 474141649
-14645 475216254
-14644 475387427
-14643 475414215
-14642 475652172
-14641 475742719
-14640 475144338
-14639 475125771
-14638 475379582
-14637 475790127
-14636 475206327
-14635 475528771
-14634 475949926
-14633 475180691
-14632 475885617
-14631 475410940
-14630 475174499
-14629 475236715
-14628 475764931
-14627 476110492
-14626 475630254
-14625 475681686
-14624 475291435
-14623 474693189
-14622 474532347
-14621 474327537
-14620 474580571
-14619 474227183
-14618 473664826
-14617 473795863
-14616 473241000
-14615 473898822
-14614 473589316
-14613 473471294
-14612 473313186
-14611 473063978
-14610 472976174
-14609 472597438
-14608 472626058
-14607 472459058
-14606 472908708
-14605 472783304
-14604 472730275
-14603 471985273
-14602 472074561
-14601 471758803
-14600 471439198
-14599 471117815
-14598 470929403
-14597 470764820
-14596 470814057
-14595 471076828
-14594 469580801
-14593 469920427
-14592 469391919
-14591 469231483
-14590 468806551
-14589 468582625
-14588 468129034
-14587 467829254
-14586 467730535
-14585 467425597
-14584 467252546
-14583 466887663
-14582 466335106
-14581 466359637
-14580 466751256
-14579 466204371
-14578 465486191
-14577 464856787
-14576 464350571
-14575 464169363
-14574 463713257
-14573 463984148
-14572 463710449
-14571 463289108
-14570 462788592
-14569 462109671
-14568 461663911
-14567 461765142
-14566 461404007
-14565 460863390
-14564 461060932
-14563 460307493
-14562 459677003
-14561 459293580
-14560 459591907
-14559 459228213
-14558 458744605
-14557 458891475
-14556 458091150
-14555 457973172
-14554 457507374
-14553 457307252
-14552 456484802
-14551 455619371
-14550 454831561
-14549 454117649
-14548 454163713
-14547 453100867
-14546 453106793
-14545 452499493
-14544 451770055
-14543 451277585
-14542 451094678
-14541 450900210
-14540 449989400
-14539 449535546
-14538 449235875
-14537 447747534
-14536 447852786
-14535 447054254
-14534 446303046
-14533 445815202
-14532 445319541
-14531 444256426
-14530 443364116
-14529 443237033
-14528 442981183
-14527 442038699
-14526 441725790
-14525 440987224
-14524 440121793
-14523 439534296
-14522 438960993
-14521 439100362
-14520 438178412
-14519 437654581
-14518 436932593
-14517 436645881
-14516 436076969
-14515 435643877
-14514 435206590
-14513 434674177
-14512 434762226
-14511 433733590
-14510 433373649
-14509 433146222
-14508 432235360
-14507 431977036
-14506 431047049
-14505 430721178
-14504 430416088
-14503 430008872
-14502 429047145
-14501 428657658
-14500 427744469
-14499 427071151
-14498 426075629
-14497 425102633
-14496 424431256
-14495 423183837
-14494 422892816
-14493 421518583
-14492 420847258
-14491 419852882
-14490 419284343
-14489 418141058
-14488 416835005
-14487 416141426
-14486 416622996
-14485 415828807
-14484 415348099
-14483 414964159
-14482 413814263
-14481 413479066
-14480 412075378
-14479 411907092
-14478 410701199
-14477 409375374
-14476 408936207
-14475 407979181
-14474 407649658
-14473 406967232
-14472 406486597
-14471 406051932
-14470 405001017
-14469 404590813
-14468 403990488
-14467 403017589
-14466 402395446
-14465 401802212
-14464 401386662
-14463 400840800
-14462 399963170
-14461 398971571
-14460 398354044
-14459 397302424
-14458 396356294
-14457 396438965
-14456 394892104
-14455 394667974
-14454 393472499
-14453 392797116
-14452 392031760
-14451 391178315
-14450 390387949
-14449 389486276
-14448 388551321
-14447 387772551
-14446 387148746
-14445 386087145
-14444 385219284
-14443 384323424
-14442 384053350
-14441 382525347
-14440 381675856
-14439 381371571
-14438 380301794
-14437 379326838
-14436 378575892
-14435 377509366
-14434 377409231
-14433 376116539
-14432 375876106
-14431 374473279
-14430 373726569
-14429 372689307
-14428 371888580
-14427 370546262
-14426 370459207
-14425 368905712
-14424 368461595
-14423 367459642
-14422 366739689
-14421 365479311
-14420 364237097
-14419 363834112
-14418 362610011
-14417 361196405
-14416 360865882
-14415 359405353
-14414 358851206
-14413 358372918
-14412 356985688
-14411 356110113
-14410 355187987
-14409 353943585
-14408 352621049
-14407 351478607
-14406 351655854
-14405 350143131
-14404 349104665
-14403 348177860
-14402 347227265
-14401 346300950
-14400 345533646
-14399 344633199
-14398 343785725
-14397 342768291
-14396 342177139
-14395 341093669
-14394 340066355
-14393 339032107
-14392 338534649
-14391 336981534
-14390 335941549
-14389 334938057
-14388 334195248
-14387 333483322
-14386 332552259
-14385 331662129
-14384 330749147
-14383 329676598
-14382 329173120
-14381 327815814
-14380 326541929
-14379 325686322
-14378 324568501
-14377 323512646
-14376 322577466
-14375 321923754
-14374 320759254
-14373 319718710
-14372 318824193
-14371 317978859
-14370 317404585
-14369 316279534
-14368 315768008
-14367 314460792
-14366 313545375
-14365 312548178
-14364 311723649
-14363 310629652
-14362 309715348
-14361 309128506
-14360 307841153
-14359 307517696
-14358 306586441
-14357 305689171
-14356 304754988
-14355 303750552
-14354 302707404
-14353 301955016
-14352 300654706
-14351 299457320
-14350 298826226
-14349 297529387
-14348 297034068
-14347 296093744
-14346 295119660
-14345 294054535
-14344 293308270
-14343 292345584
-14342 291438560
-14341 290114419
-14340 289537095
-14339 288245908
-14338 287385397
-14337 286288485
-14336 285392301
-14335 284473169
-14334 283692907
-14333 282472339
-14332 281453031
-14331 280374385
-14330 279066393
-14329 278418684
-14328 277459125
-14327 276076529
-14326 275928922
-14325 274525862
-14324 273521581
-14323 272289644
-14322 271554672
-14321 270515613
-14320 269481518
-14319 268556113
-14318 267267152
-14317 266422589
-14316 265641090
-14315 264507935
-14314 263537725
-14313 262611676
-14312 261713173
-14311 260754476
-14310 259363466
-14309 259153452
-14308 258051504
-14307 257368214
-14306 256449962
-14305 255483575
-14304 254268680
-14303 253414952
-14302 252396550
-14301 251239228
-14300 250073025
-14299 248787445
-14298 248107713
-14297 247168794
-14296 246398816
-14295 245084650
-14294 244610121
-14293 243311050
-14292 242513113
-14291 241458412
-14290 240529239
-14289 239582405
-14288 238183560
-14287 237624282
-14286 236580424
-14285 235976576
-14284 234818860
-14283 234144980
-14282 232956945
-14281 231908465
-14280 231148312
-14279 229869442
-14278 229088767
-14277 228290024
-14276 227216755
-14275 226271931
-14274 225031742
-14273 224211996
-14272 223050450
-14271 221855926
-14270 221100273
-14269 219222113
-14268 218444311
-14267 217029181
-14266 215926678
-14265 214882461
-14264 214023935
-14263 213271764
-14262 212309210
-14261 211452989
-14260 210275472
-14259 209993323
-14258 208769900
-14257 207977812
-14256 207031953
-14255 206377152
-14254 205176171
-14253 204541950
-14252 203502576
-14251 202577823
-14250 202342358
-14249 200997682
-14248 200184445
-14247 199269800
-14246 197817890
-14245 197075977
-14244 196581560
-14243 195336124
-14242 194474683
-14241 193926156
-14240 192459920
-14239 191858651
-14238 191057022
-14237 190500913
-14236 189577260
-14235 188650388
-14234 187886768
-14233 186949957
-14232 186191247
-14231 184855092
-14230 184234042
-14229 183132012
-14228 182458084
-14227 181947376
-14226 180974223
-14225 180009481
-14224 179454870
-14223 178539274
-14222 177287193
-14221 176774015
-14220 175737050
-14219 174999344
-14218 174287734
-14217 173372682
-14216 172633936
-14215 171754638
-14214 171023115
-14213 170286649
-14212 169290687
-14211 168595709
-14210 167777373
-14209 167016424
-14208 166000156
-14207 165141139
-14206 163996973
-14205 163101883
-14204 162502663
-14203 161823592
-14202 160673953
-14201 159867599
-14200 159300095
-14199 158571002
-14198 157887477
-14197 156888582
-14196 155830768
-14195 155341608
-14194 154164152
-14193 153667807
-14192 152714310
-14191 151712138
-14190 150894719
-14189 150236595
-14188 149551647
-14187 148686459
-14186 147892331
-14185 146935109
-14184 146165079
-14183 145672135
-14182 144563138
-14181 143820484
-14180 142758829
-14179 142249672
-14178 141279253
-14177 140792114
-14176 140213036
-14175 139226282
-14174 138760833
-14173 137844672
-14172 137433378
-14171 136590076
-14170 135990766
-14169 135234023
-14168 134587554
-14167 134032891
-14166 133194557
-14165 132692561
-14164 131617592
-14163 130937453
-14162 130122473
-14161 129457207
-14160 128618249
-14159 128021946
-14158 127130226
-14157 126502653
-14156 125674574
-14155 125052534
-14154 124270366
-14153 123083656
-14152 122517942
-14151 121716619
-14150 121216392
-14149 120590660
-14148 119843753
-14147 118960999
-14146 118475725
-14145 117703149
-14144 116930770
-14143 116105304
-14142 115536289
-14141 114968605
-14140 114473865
-14139 113779941
-14138 113180376
-14137 112535380
-14136 111793775
-14135 110942720
-14134 110630845
-14133 109812812
-14132 109205991
-14131 108417388
-14130 107755804
-14129 106755540
-14128 106309138
-14127 105614864
-14126 104673979
-14125 104276602
-14124 103428039
-14123 102822253
-14122 102078114
-14121 101502518
-14120 101066623
-14119 100139512
-14118 99761907
-14117 98848479
-14116 98439577
-14115 97731192
-14114 96863022
-14113 96584216
-14112 95840204
-14111 95338644
-14110 94525766
-14109 94078083
-14108 93723024
-14107 92707425
-14106 92177413
-14105 91632485
-14104 90893976
-14103 90495890
-14102 89838078
-14101 89264788
-14100 88740905
-14099 88246758
-14098 87503757
-14097 87194345
-14096 86564770
-14095 86112397
-14094 85345121
-14093 84987102
-14092 84502616
-14091 84177814
-14090 83470120
-14089 82840699
-14088 82094619
-14087 81770405
-14086 81086617
-14085 80561860
-14084 79935507
-14083 79594362
-14082 78983598
-14081 78462731
-14080 77776669
-14079 77258539
-14078 76841565
-14077 76212769
-14076 75695601
-14075 74987892
-14074 74533389
-14073 74052327
-14072 73539952
-14071 73522435
-14070 72937005
-14069 72378049
-14068 71896907
-14067 71510738
-14066 70834037
-14065 70551563
-14064 69873287
-14063 69466224
-14062 68824235
-14061 68435029
-14060 68314964
-14059 67747929
-14058 67445313
-14057 67111503
-14056 66698444
-14055 66243777
-14054 65888668
-14053 65464396
-14052 65031001
-14051 64499418
-14050 64037807
-14049 63653283
-14048 63151415
-14047 62391382
-14046 62355093
-14045 61903894
-14044 61437059
-14043 60832162
-14042 60519111
-14041 59969767
-14040 59495504
-14039 59094862
-14038 58674101
-14037 58291367
-14036 57797427
-14035 57286035
-14034 56693565
-14033 56289441
-14032 56038470
-14031 55209822
-14030 55042580
-14029 54745239
-14028 54270027
-14027 53711442
-14026 53431318
-14025 52863730
-14024 52513990
-14023 52179627
-14022 51574942
-14021 51254614
-14020 50891460
-14019 50502074
-14018 50015865
-14017 49742694
-14016 49429095
-14015 49296192
-14014 48705249
-14013 48435383
-14012 48007240
-14011 47737587
-14010 47104644
-14009 47054781
-14008 46426708
-14007 46002284
-14006 45773711
-14005 45327877
-14004 44903948
-14003 44679459
-14002 44282955
-14001 44180448
-14000 43976100
-13999 43451955
-13998 43162211
-13997 42816672
-13996 42483172
-13995 42254551
-13994 41766700
-13993 41479945
-13992 40982348
-13991 40685184
-13990 40542359
-13989 40195773
-13988 39895657
-13987 39642225
-13986 39326687
-13985 38868879
-13984 38504567
-13983 38255104
-13982 38148651
-13981 37615336
-13980 37262107
-13979 37167143
-13978 36580481
-13977 36434918
-13976 36258520
-13975 35879865
-13974 35527053
-13973 35195213
-13972 34893356
-13971 34539103
-13970 34298985
-13969 34064741
-13968 33626154
-13967 33177381
-13966 32972271
-13965 32743919
-13964 32456504
-13963 32019695
-13962 31886897
-13961 31519374
-13960 31277967
-13959 30892276
-13958 30773093
-13957 30385853
-13956 30351189
-13955 30044976
-13954 29807653
-13953 29540202
-13952 29214671
-13951 29122705
-13950 28850625
-13949 28639736
-13948 28501718
-13947 28147858
-13946 27808140
-13945 27580774
-13944 27345950
-13943 27156064
-13942 26728522
-13941 26476349
-13940 26132035
-13939 25938323
-13938 25838675
-13937 25534910
-13936 25236358
-13935 25057621
-13934 24677051
-13933 24469021
-13932 24396645
-13931 24184974
-13930 24055674
-13929 23811770
-13928 23611178
-13927 23388654
-13926 23182972
-13925 22912276
-13924 22751974
-13923 22682069
-13922 22402909
-13921 22165811
-13920 21927234
-13919 21734152
-13918 21373565
-13917 21217170
-13916 21022281
-13915 20928430
-13914 20736884
-13913 20538972
-13912 20404728
-13911 20248603
-13910 20102087
-13909 19915829
-13908 19695737
-13907 19570309
-13906 19343209
-13905 19287166
-13904 19052076
-13903 18955098
-13902 18650199
-13901 18422643
-13900 18142120
-13899 18015755
-13898 17773453
-13897 17569399
-13896 17407481
-13895 17131706
-13894 16912679
-13893 16813452
-13892 16575683
-13891 16395766
-13890 16200552
-13889 16081773
-13888 15951537
-13887 15792883
-13886 15605371
-13885 15446385
-13884 15183417
-13883 14983289
-13882 14799934
-13881 14568631
-13880 14510348
-13879 14244999
-13878 14027295
-13877 13933033
-13876 13828038
-13875 13714483
-13874 13510532
-13873 13402170
-13872 13159859
-13871 13035129
-13870 12874101
-13869 12702713
-13868 12575568
-13867 12440921
-13866 12331930
-13865 12116340
-13864 11991129
-13863 11945467
-13862 11623587
-13861 11566446
-13860 11424716
-13859 11266118
-13858 11083103
-13857 11030245
-13856 10904002
-13855 10667866
-13854 10676245
-13853 10551679
-13852 10356188
-13851 10223973
-13850 10100067
-13849 9993038
-13848 9853602
-13847 9829462
-13846 9628405
-13845 9500370
-13844 9450149
-13843 9302266
-13842 9240539
-13841 9129815
-13840 8988002
-13839 8970369
-13838 8790051
-13837 8746524
-13836 8641419
-13835 8572613
-13834 8417826
-13833 8355126
-13832 8216334
-13831 8103955
-13830 8029563
-13829 7977305
-13828 7870781
-13827 7844297
-13826 7688720
-13825 7594182
-13824 7553592
-13823 7524366
-13822 7370093
-13821 7386378
-13820 7270363
-13819 7168735
-13818 7098067
-13817 7029741
-13816 7014147
-13815 6901427
-13814 6836885
-13813 6714403
-13812 6610334
-13811 6515555
-13810 6357216
-13809 6255203
-13808 6153838
-13807 6177354
-13806 6099215
-13805 5957889
-13804 5904414
-13803 5827314
-13802 5787388
-13801 5671604
-13800 5617812
-13799 5516669
-13798 5355150
-13797 5292760
-13796 5225889
-13795 5194080
-13794 5095257
-13793 5075941
-13792 5036055
-13791 4940954
-13790 4840657
-13789 4860555
-13788 4802208
-13787 4732039
-13786 4681431
-13785 4625545
-13784 4559318
-13783 4484734
-13782 4462228
-13781 4449933
-13780 4342357
-13779 4308355
-13778 4245718
-13777 4185139
-13776 4080301
-13775 4021581
-13774 3949550
-13773 3919570
-13772 3838635
-13771 3809643
-13770 3764253
-13769 3765293
-13768 3728066
-13767 3664064
-13766 3591426
-13765 3538845
-13764 3525400
-13763 3452131
-13762 3439582
-13761 3419117
-13760 3344454
-13759 3315406
-13758 3294532
-13757 3218859
-13756 3133159
-13755 3114294
-13754 3024246
-13753 2975313
-13752 2933151
-13751 2891998
-13750 2865535
-13749 2817307
-13748 2756671
-13747 2686957
-13746 2679409
-13745 2663988
-13744 2619731
-13743 2600705
-13742 2538908
-13741 2526978
-13740 2460034
-13739 2434913
-13738 2364866
-13737 2329793
-13736 2265237
-13735 2269255
-13734 2210420
-13733 2203105
-13732 2104369
-13731 2135628
-13730 2100530
-13729 2082760
-13728 2049788
-13727 2036100
-13726 2020265
-13725 1954359
-13724 1970037
-13723 1926541
-13722 1888078
-13721 1845140
-13720 1845096
-13719 1827166
-13718 1788876
-13717 1743215
-13716 1749922
-13715 1721372
-13714 1677456
-13713 1622525
-13712 1633373
-13711 1610020
-13710 1612226
-13709 1612787
-13708 1586891
-13707 1587287
-13706 1578020
-13705 1566223
-13704 1559427
-13703 1559321
-13702 1510662
-13701 1499680
-13700 1493320
-13699 1463989
-13698 1453413
-13697 1445493
-13696 1407448
-13695 1436965
-13694 1377943
-13693 1340823
-13692 1348120
-13691 1338886
-13690 1337055
-13689 1301354
-13688 1319400
-13687 1304045
-13686 1298503
-13685 1245947
-13684 1256981
-13683 1250816
-13682 1237250
-13681 1264677
-13680 1218935
-13679 1195102
-13678 1181942
-13677 1129292
-13676 1145446
-13675 1132659
-13674 1125362
-13673 1098610
-13672 1064532
-13671 1065018
-13670 1055625
-13669 1038898
-13668 1024044
-13667 1035292
-13666 1038081
-13665 1015482
-13664 992103
-13663 1009420
-13662 960514
-13661 951070
-13660 914453
-13659 915655
-13658 935238
-13657 888943
-13656 875372
-13655 866441
-13654 863565
-13653 890461
-13652 846782
-13651 830504
-13650 844949
-13649 831647
-13648 792001
-13647 785401
-13646 786430
-13645 769595
-13644 746566
-13643 764855
-13642 739082
-13641 727889
-13640 710796
-13639 678159
-13638 689593
-13637 676858
-13636 676434
-13635 658076
-13634 670937
-13633 644526
-13632 654630
-13631 645004
-13630 622199
-13629 616500
-13628 629778
-13627 628313
-13626 622692
-13625 610672
-13624 604211
-13623 611913
-13622 595911
-13621 567745
-13620 564633
-13619 542764
-13618 534736
-13617 503303
-13616 505890
-13615 510990
-13614 515071
-13613 494301
-13612 499898
-13611 486763
-13610 466649
-13609 466085
-13608 459105
-13607 467185
-13606 448622
-13605 451150
-13604 444086
-13603 428966
-13602 425814
-13601 417815
-13600 422815
-13599 417850
-13598 421262
-13597 404216
-13596 410542
-13595 390526
-13594 415014
-13593 392910
-13592 388321
-13591 381489
-13590 358177
-13589 359720
-13588 356744
-13587 350001
-13586 337557
-13585 324745
-13584 319478
-13583 308252
-13582 307451
-13581 286094
-13580 283067
-13579 269835
-13578 270796
-13577 260537
-13576 267525
-13575 247217
-13574 252846
-13573 232471
-13572 236152
-13571 247171
-13570 237295
-13569 231954
-13568 226227
-13567 221840
-13566 229807
-13565 226993
-13564 221814
-13563 220165
-13562 210044
-13561 207898
-13560 212980
-13559 213403
-13558 212941
-13557 224768
-13556 216775
-13555 211706
-13554 210818
-13553 208225
-13552 215688
-13551 211423
-13550 212283
-13549 217201
-13548 216849
-13547 223084
-13546 214811
-13545 214663
-13544 213906
-13543 204301
-13542 201959
-13541 211103
-13540 209466
-13539 215345
-13538 206399
-13537 207961
-13536 207653
-13535 200030
-13534 197644
-13533 199986
-13532 191007
-13531 185230
-13530 180219
-13529 166902
-13528 154956
-13527 157921
-13526 156068
-13525 150591
-13524 154223
-13523 147028
-13522 145766
-13521 132058
-13520 142194
-13519 130219
-13518 136813
-13517 128967
-13516 135352
-13515 118978
-13514 120751
-13513 112821
-13512 116572
-13511 114081
-13510 113149
-13509 122416
-13508 105815
-13507 112146
-13506 106610
-13505 113054
-13504 112141
-13503 98695
-13502 99751
-13501 97243
-13500 104013
-13499 95211
-13498 102204
-13497 94152
-13496 101183
-13495 93379
-13494 89256
-13493 94545
-13492 80325
-13491 87600
-13490 81853
-13489 78928
-13488 71447
-13487 66245
-13486 63963
-13485 66491
-13484 59989
-13483 56484
-13482 59558
-13481 58430
-13480 55522
-13479 54319
-13478 51976
-13477 50436
-13476 45765
-13475 49055
-13474 44557
-13473 44204
-13472 44750
-13471 47933
-13470 44368
-13469 41662
-13468 43575
-13467 43975
-13466 49690
-13465 50205
-13464 51091
-13463 49093
-13462 39872
-13461 40019
-13460 38829
-13459 37495
-13458 38687
-13457 36087
-13456 40655
-13455 34092
-13454 35940
-13453 38068
-13452 34053
-13451 33991
-13450 36651
-13449 40096
-13448 34138
-13447 33875
-13446 31996
-13445 37499
-13444 32690
-13443 35609
-13442 33135
-13441 36264
-13440 36270
-13439 37204
-13438 31841
-13437 33612
-13436 32619
-13435 32119
-13434 27100
-13433 28882
-13432 27325
-13431 25426
-13430 31248
-13429 30799
-13428 24367
-13427 28501
-13426 25173
-13425 30750
-13424 28533
-13423 31491
-13422 25229
-13421 21250
-13420 23642
-13419 22392
-13418 22151
-13417 21342
-13416 22763
-13415 18431
-13414 21793
-13413 16001
-13412 13847
-13411 12828
-13410 14740
-13409 15575
-13408 14517
-13407 16085
-13406 15803
-13405 15021
-13404 15855
-13403 15759
-13402 13777
-13401 13192
-13400 13470
-13399 11354
-13398 13928
-13397 12758
-13396 12642
-13395 15487
-13394 16658
-13393 13594
-13392 14963
-13391 17770
-13390 16997
-13389 15787
-13388 17037
-13387 15892
-13386 15119
-13385 15390
-13384 14103
-13383 11105
-13382 10481
-13381 9861
-13380 9361
-13379 8086
-13378 7729
-13377 8256
-13376 9833
-13375 9162
-13374 8648
-13373 8810
-13372 8367
-13371 9825
-13370 10068
-13369 10902
-13368 8466
-13367 9444
-13366 7699
-13365 7236
-13364 5418
-13363 4733
-13362 4518
-13361 4738
-13360 4559
-13359 5958
-13358 5087
-13357 7305
-13356 8979
-13355 6733
-13354 7693
-13353 6613
-13352 6770
-13351 6033
-13350 5841
-13349 6322
-13348 4533
-13347 4925
-13346 6693
-13345 6550
-13344 5490
-13343 4947
-13342 5987
-13341 10717
-13340 7939
-13339 11212
-13338 9717
-13337 11449
-13336 10440
-13335 10102
-13334 8276
-13333 8410
-13332 9584
-13331 7939
-13330 11788
-13329 8914
-13328 10758
-13327 11179
-13326 10952
-13325 10265
-13324 15359
-13323 10827
-13322 10136
-13321 8673
-13320 8239
-13319 9058
-13318 8606
-13317 8988
-13316 8439
-13315 9705
-13314 9426
-13313 8568
-13312 6934
-13311 9761
-13310 11761
-13309 11806
-13308 12586
-13307 12233
-13306 11631
-13305 14097
-13304 14443
-13303 17037
-13302 16272
-13301 17528
-13300 18161
-13299 18341
-13298 19662
-13297 14811
-13296 15842
-13295 15938
-13294 16069
-13293 14156
-13292 15569
-13291 13215
-13290 13086
-13289 15074
-13288 13973
-13287 14337
-13286 16085
-13285 17337
-13284 14353
-13283 15155
-13282 10919
-13281 13382
-13280 11017
-13279 10236
-13278 8071
-13277 10534
-13276 11121
-13275 11099
-13274 11391
-13273 10098
-13272 10149
-13271 12355
-13270 13369
-13269 11501
-13268 15441
-13267 15972
-13266 17174
-13265 16748
-13264 17510
-13263 12878
-13262 12861
-13261 13358
-13260 13945
-13259 14459
-13258 11582
-13257 12659
-13256 13204
-13255 14383
-13254 13718
-13253 14267
-13252 14636
-13251 14488
-13250 16683
-13249 15271
-13248 13891
-13247 13045
-13246 13972
-13245 16456
-13244 12463
-13243 11848
-13242 12930
-13241 13311
-13240 12467
-13239 14658
-13238 15577
-13237 17815
-13236 15032
-13235 16798
-13234 14923
-13233 15658
-13232 15747
-13231 15924
-13230 12391
-13229 13574
-13228 14380
-13227 11494
-13226 10611
-13225 13256
-13224 11648
-13223 10179
-13222 10182
-13221 8839
-13220 7412
-13219 7970
-13218 7466
-13217 10464
-13216 6442
-13215 6950
-13214 9821
-13213 6846
-13212 8061
-13211 8347
-13210 6993
-13209 7322
-13208 6938
-13207 6419
-13206 6902
-13205 8535
-13204 6981
-13203 9382
-13202 8200
-13201 6558
-13200 9104
-13199 6241
-13198 5517
-13197 5392
-13196 4424
-13195 5539
-13194 3526
-13193 3787
-13192 3431
-13191 2869
-13190 3104
-13189 3101
-13188 3486
-13187 4227
-13186 3852
-13185 3717
-13184 5064
-13183 3491
-13182 4755
-13181 4274
-13180 6147
-13179 4152
-13178 4266
-13177 4344
-13176 3702
-13175 3033
-13174 3835
-13173 3273
-13172 3850
-13171 3796
-13170 4440
-13169 5438
-13168 3725
-13167 2926
-13166 3634
-13165 5634
-13164 5509
-13163 6411
-13162 6378
-13161 7230
-13160 8126
-13159 8592
-13158 7814
-13157 8043
-13156 8957
-13155 7013
-13154 6970
-13153 8937
-13152 6635
-13151 6705
-13150 8322
-13149 10747
-13148 9321
-13147 8767
-13146 9442
-13145 13947
-13144 12492
-13143 11914
-13142 9915
-13141 10663
-13140 11384
-13139 11894
-13138 9818
-13137 8226
-13136 12277
-13135 13650
-13134 11674
-13133 11404
-13132 11571
-13131 12340
-13130 13079
-13129 14329
-13128 14664
-13127 17676
-13126 17149
-13125 17778
-13124 19129
-13123 21123
-13122 17670
-13121 18632
-13120 20365
-13119 19286
-13118 19688
-13117 20583
-13116 19408
-13115 16945
-13114 23489
-13113 21774
-13112 23590
-13111 22759
-13110 24202
-13109 28265
-13108 25359
-13107 28809
-13106 30326
-13105 29262
-13104 30090
-13103 29357
-13102 32142
-13101 30386
-13100 35491
-13099 35309
-13098 36255
-13097 37003
-13096 41150
-13095 42979
-13094 44378
-13093 47158
-13092 44525
-13091 46178
-13090 45828
-13089 41492
-13088 47138
-13087 49299
-13086 47521
-13085 49585
-13084 54602
-13083 56647
-13082 58609
-13081 57165
-13080 56187
-13079 58169
-13078 58944
-13077 70054
-13076 67139
-13075 64561
-13074 66323
-13073 68329
-13072 82026
-13071 74287
-13070 78182
-13069 77648
-13068 83515
-13067 78916
-13066 81064
-13065 76399
-13064 81961
-13063 77357
-13062 83221
-13061 80589
-13060 72808
-13059 69902
-13058 83171
-13057 69208
-13056 68570
-13055 65204
-13054 70125
-13053 78069
-13052 74164
-13051 81764
-13050 77252
-13049 73061
-13048 77303
-13047 64535
-13046 71095
-13045 66102
-13044 69381
-13043 75869
-13042 69692
-13041 70757
-13040 72777
-13039 80313
-13038 75791
-13037 79146
-13036 82678
-13035 80324
-13034 80337
-13033 76966
-13032 74641
-13031 77367
-13030 73590
-13029 77062
-13028 82851
-13027 80564
-13026 77721
-13025 81212
-13024 78684
-13023 77808
-13022 79091
-13021 79657
-13020 96925
-13019 91297
-13018 100639
-13017 106079
-13016 111943
-13015 113516
-13014 104984
-13013 111090
-13012 114108
-13011 115350
-13010 121109
-13009 115026
-13008 118222
-13007 128936
-13006 121141
-13005 132466
-13004 120337
-13003 126822
-13002 124413
-13001 135463
-13000 130569
-12999 145483
-12998 137102
-12997 136353
-12996 134482
-12995 122869
-12994 134379
-12993 127260
-12992 132551
-12991 132232
-12990 138803
-12989 135446
-12988 135600
-12987 146938
-12986 151017
-12985 139072
-12984 149932
-12983 154401
-12982 155622
-12981 148333
-12980 147483
-12979 150900
-12978 146782
-12977 162026
-12976 148838
-12975 142068
-12974 135062
-12973 137600
-12972 125057
-12971 139475
-12970 131907
-12969 137338
-12968 143342
-12967 139280
-12966 145244
-12965 140781
-12964 144496
-12963 143742
-12962 137498
-12961 145594
-12960 137539
-12959 133530
-12958 134763
-12957 129963
-12956 134283
-12955 142280
-12954 129448
-12953 135555
-12952 124746
-12951 125805
-12950 139436
-12949 136403
-12948 139568
-12947 132169
-12946 134165
-12945 131529
-12944 133779
-12943 140066
-12942 139028
-12941 147841
-12940 158842
-12939 154490
-12938 144831
-12937 155610
-12936 149002
-12935 162695
-12934 154349
-12933 167799
-12932 165408
-12931 172964
-12930 178023
-12929 174335
-12928 172762
-12927 172362
-12926 161605
-12925 163824
-12924 166008
-12923 166041
-12922 173081
-12921 172856
-12920 178658
-12919 170183
-12918 177529
-12917 163395
-12916 170734
-12915 162007
-12914 171572
-12913 172312
-12912 168926
-12911 171334
-12910 172007
-12909 183123
-12908 168433
-12907 176147
-12906 174282
-12905 170769
-12904 182905
-12903 185735
-12902 179575
-12901 190183
-12900 203022
-12899 189480
-12898 180724
-12897 185920
-12896 198990
-12895 189612
-12894 179360
-12893 185346
-12892 184213
-12891 194083
-12890 190572
-12889 203525
-12888 195624
-12887 199456
-12886 191003
-12885 190466
-12884 189445
-12883 201664
-12882 195155
-12881 198077
-12880 203876
-12879 209625
-12878 208673
-12877 203886
-12876 218804
-12875 208726
-12874 213371
-12873 223607
-12872 217491
-12871 207701
-12870 215667
-12869 208963
-12868 212656
-12867 206512
-12866 214465
-12865 213071
-12864 205035
-12863 206871
-12862 206019
-12861 203857
-12860 194414
-12859 196594
-12858 198308
-12857 204256
-12856 200303
-12855 203299
-12854 194863
-12853 200490
-12852 198560
-12851 200601
-12850 202232
-12849 198151
-12848 198308
-12847 187496
-12846 181872
-12845 189627
-12844 183004
-12843 187918
-12842 176202
-12841 178505
-12840 194256
-12839 182880
-12838 180633
-12837 181111
-12836 178834
-12835 182101
-12834 181045
-12833 188071
-12832 166934
-12831 183844
-12830 176001
-12829 173384
-12828 184348
-12827 175177
-12826 183808
-12825 186498
-12824 183024
-12823 193993
-12822 189488
-12821 179566
-12820 174129
-12819 165801
-12818 177022
-12817 156939
-12816 156210
-12815 158759
-12814 145097
-12813 147053
-12812 136987
-12811 138962
-12810 133844
-12809 128391
-12808 120780
-12807 121486
-12806 127088
-12805 128112
-12804 130070
-12803 127902
-12802 133450
-12801 132755
-12800 133738
-12799 144221
-12798 137457
-12797 145513
-12796 149475
-12795 140341
-12794 139093
-12793 149033
-12792 148495
-12791 157404
-12790 148595
-12789 151347
-12788 143983
-12787 140241
-12786 143695
-12785 141583
-12784 139340
-12783 141077
-12782 138342
-12781 130938
-12780 127468
-12779 119079
-12778 111248
-12777 117237
-12776 120679
-12775 119839
-12774 113662
-12773 106848
-12772 104541
-12771 114670
-12770 106561
-12769 106160
-12768 112381
-12767 119868
-12766 118793
-12765 110487
-12764 118937
-12763 119252
-12762 116840
-12761 117436
-12760 116618
-12759 116785
-12758 119781
-12757 117470
-12756 112067
-12755 112840
-12754 106764
-12753 105480
-12752 103009
-12751 108451
-12750 110999
-12749 108477
-12748 106750
-12747 113993
-12746 105319
-12745 102924
-12744 100216
-12743 108483
-12742 104600
-12741 110248
-12740 109326
-12739 110400
-12738 108754
-12737 104537
-12736 94826
-12735 102464
-12734 99309
-12733 91042
-12732 93676
-12731 94861
-12730 98486
-12729 91019
-12728 97673
-12727 102697
-12726 103798
-12725 93942
-12724 102586
-12723 101817
-12722 89066
-12721 104856
-12720 100179
-12719 97518
-12718 98077
-12717 84096
-12716 94711
-12715 83597
-12714 87162
-12713 93414
-12712 92549
-12711 84754
-12710 90729
-12709 87269
-12708 78545
-12707 79543
-12706 70041
-12705 70193
-12704 71316
-12703 64643
-12702 61499
-12701 65912
-12700 61745
-12699 60289
-12698 60953
-12697 61519
-12696 60426
-12695 59521
-12694 52339
-12693 52186
-12692 51020
-12691 47213
-12690 47339
-12689 50067
-12688 48618
-12687 44966
-12686 45331
-12685 44132
-12684 44271
-12683 46016
-12682 50867
-12681 46203
-12680 46604
-12679 48147
-12678 51708
-12677 51334
-12676 49659
-12675 55072
-12674 55136
-12673 58153
-12672 59138
-12671 60092
-12670 65701
-12669 63395
-12668 61251
-12667 68985
-12666 59633
-12665 64369
-12664 70614
-12663 65191
-12662 62533
-12661 65018
-12660 60118
-12659 52597
-12658 52627
-12657 54773
-12656 56777
-12655 46952
-12654 52252
-12653 50244
-12652 48237
-12651 54224
-12650 53891
-12649 57949
-12648 57589
-12647 55009
-12646 59798
-12645 56565
-12644 52666
-12643 54077
-12642 54328
-12641 58400
-12640 52360
-12639 58814
-12638 50094
-12637 50161
-12636 53771
-12635 53871
-12634 49494
-12633 46513
-12632 51128
-12631 44985
-12630 46871
-12629 46739
-12628 42279
-12627 42208
-12626 40975
-12625 43335
-12624 48860
-12623 37314
-12622 37510
-12621 43145
-12620 38418
-12619 38799
-12618 36771
-12617 35000
-12616 30194
-12615 34569
-12614 27342
-12613 28838
-12612 28314
-12611 29404
-12610 27472
-12609 28244
-12608 33006
-12607 28286
-12606 28575
-12605 26924
-12604 26163
-12603 28090
-12602 27569
-12601 24940
-12600 24089
-12599 24668
-12598 22844
-12597 27533
-12596 24166
-12595 26063
-12594 26360
-12593 26602
-12592 24427
-12591 30342
-12590 23216
-12589 29669
-12588 24389
-12587 28220
-12586 26626
-12585 24082
-12584 22920
-12583 23616
-12582 23821
-12581 19390
-12580 22051
-12579 19861
-12578 21824
-12577 21809
-12576 19392
-12575 19563
-12574 17543
-12573 14664
-12572 18219
-12571 16978
-12570 19577
-12569 16617
-12568 18501
-12567 18976
-12566 19678
-12565 18502
-12564 19374
-12563 16513
-12562 20426
-12561 23506
-12560 15157
-12559 22567
-12558 12583
-12557 11144
-12556 8669
-12555 7988
-12554 10117
-12553 9144
-12552 11409
-12551 7607
-12550 8985
-12549 8359
-12548 9224
-12547 7983
-12546 10641
-12545 9512
-12544 11040
-12543 10561
-12542 9696
-12541 11476
-12540 9486
-12539 9205
-12538 8557
-12537 10164
-12536 11460
-12535 8464
-12534 8850
-12533 8445
-12532 8776
-12531 8308
-12530 10944
-12529 8988
-12528 11382
-12527 10576
-12526 12538
-12525 13154
-12524 15024
-12523 16579
-12522 14301
-12521 15939
-12520 16741
-12519 17391
-12518 14916
-12517 19577
-12516 13874
-12515 15519
-12514 16088
-12513 17826
-12512 16447
-12511 16974
-12510 17572
-12509 18765
-12508 18569
-12507 15911
-12506 15187
-12505 16560
-12504 19539
-12503 14023
-12502 16225
-12501 16944
-12500 18473
-12499 17977
-12498 17612
-12497 16950
-12496 21543
-12495 16596
-12494 18395
-12493 20821
-12492 19250
-12491 22752
-12490 22806
-12489 23865
-12488 26637
-12487 23942
-12486 28718
-12485 25469
-12484 26556
-12483 26651
-12482 29135
-12481 26695
-12480 28617
-12479 31672
-12478 28088
-12477 30802
-12476 30672
-12475 31150
-12474 31895
-12473 32505
-12472 34166
-12471 35707
-12470 36145
-12469 33037
-12468 33313
-12467 36488
-12466 40819
-12465 36930
-12464 36899
-12463 40729
-12462 39032
-12461 37351
-12460 42145
-12459 38857
-12458 39575
-12457 42652
-12456 43187
-12455 46007
-12454 47920
-12453 48410
-12452 47506
-12451 49061
-12450 48801
-12449 50768
-12448 47900
-12447 49681
-12446 51299
-12445 54247
-12444 57395
-12443 64239
-12442 64679
-12441 66784
-12440 72552
-12439 75127
-12438 72330
-12437 75010
-12436 81555
-12435 76687
-12434 76267
-12433 74501
-12432 74991
-12431 77094
-12430 68362
-12429 82005
-12428 72257
-12427 76339
-12426 85485
-12425 79084
-12424 79521
-12423 84979
-12422 82617
-12421 85212
-12420 98858
-12419 86145
-12418 89951
-12417 96240
-12416 94522
-12415 95287
-12414 100211
-12413 98990
-12412 111274
-12411 113227
-12410 125734
-12409 120742
-12408 125037
-12407 127501
-12406 121241
-12405 112758
-12404 118973
-12403 125343
-12402 124369
-12401 123989
-12400 136191
-12399 123880
-12398 124996
-12397 130271
-12396 137083
-12395 134859
-12394 125255
-12393 135207
-12392 133728
-12391 134427
-12390 142838
-12389 139032
-12388 148694
-12387 140325
-12386 148116
-12385 148612
-12384 154634
-12383 147028
-12382 155691
-12381 149015
-12380 159948
-12379 163207
-12378 169240
-12377 156708
-12376 173764
-12375 168505
-12374 179977
-12373 182883
-12372 181902
-12371 180921
-12370 187514
-12369 185537
-12368 183697
-12367 190451
-12366 183972
-12365 193933
-12364 199351
-12363 177071
-12362 185461
-12361 182901
-12360 194244
-12359 191162
-12358 184687
-12357 185484
-12356 182277
-12355 182589
-12354 177056
-12353 191231
-12352 189626
-12351 186184
-12350 190976
-12349 194772
-12348 196741
-12347 196402
-12346 196135
-12345 198773
-12344 193834
-12343 200485
-12342 201059
-12341 205860
-12340 192019
-12339 209624
-12338 206944
-12337 206011
-12336 216400
-12335 210755
-12334 232531
-12333 227873
-12332 245757
-12331 224073
-12330 234221
-12329 221335
-12328 218579
-12327 236798
-12326 228351
-12325 229532
-12324 248850
-12323 240491
-12322 235904
-12321 248626
-12320 249762
-12319 237094
-12318 253080
-12317 248706
-12316 259873
-12315 261214
-12314 253938
-12313 261293
-12312 258613
-12311 266983
-12310 261431
-12309 269354
-12308 285002
-12307 277195
-12306 287921
-12305 291061
-12304 292990
-12303 305556
-12302 301081
-12301 285517
-12300 279634
-12299 290141
-12298 271899
-12297 271883
-12296 269357
-12295 268729
-12294 260200
-12293 258053
-12292 262004
-12291 280182
-12290 277865
-12289 285467
-12288 272537
-12287 275441
-12286 266585
-12285 257712
-12284 271197
-12283 256344
-12282 271031
-12281 260362
-12280 263191
-12279 269946
-12278 276082
-12277 276945
-12276 272700
-12275 284228
-12274 284771
-12273 301661
-12272 293186
-12271 300569
-12270 305298
-12269 294413
-12268 309733
-12267 308078
-12266 307949
-12265 302160
-12264 306151
-12263 317245
-12262 314817
-12261 317197
-12260 313625
-12259 306427
-12258 306801
-12257 311651
-12256 309069
-12255 311838
-12254 316727
-12253 319100
-12252 320109
-12251 341465
-12250 323976
-12249 336300
-12248 326179
-12247 317211
-12246 318322
-12245 311868
-12244 344322
-12243 341804
-12242 342570
-12241 342173
-12240 350758
-12239 351410
-12238 357345
-12237 367603
-12236 353533
-12235 365874
-12234 364271
-12233 371099
-12232 363957
-12231 351925
-12230 369698
-12229 354442
-12228 359734
-12227 364066
-12226 358883
-12225 361530
-12224 364871
-12223 373572
-12222 379691
-12221 370728
-12220 373783
-12219 369929
-12218 363049
-12217 360692
-12216 355101
-12215 348338
-12214 357633
-12213 363733
-12212 359333
-12211 375505
-12210 356686
-12209 364426
-12208 370156
-12207 371304
-12206 369372
-12205 384526
-12204 381943
-12203 378363
-12202 391060
-12201 382143
-12200 392266
-12199 382463
-12198 378557
-12197 378666
-12196 365683
-12195 379915
-12194 377516
-12193 373321
-12192 387085
-12191 371411
-12190 366915
-12189 368591
-12188 373569
-12187 359470
-12186 373281
-12185 352300
-12184 358754
-12183 352509
-12182 339604
-12181 338561
-12180 327802
-12179 330201
-12178 318258
-12177 322710
-12176 318257
-12175 306532
-12174 304382
-12173 313879
-12172 305739
-12171 315119
-12170 311303
-12169 321389
-12168 323345
-12167 318396
-12166 327878
-12165 329218
-12164 332501
-12163 321640
-12162 322523
-12161 326940
-12160 324659
-12159 335170
-12158 335886
-12157 332904
-12156 330985
-12155 324981
-12154 337616
-12153 326618
-12152 339597
-12151 319435
-12150 329389
-12149 319659
-12148 312526
-12147 318668
-12146 330267
-12145 328073
-12144 330371
-12143 346899
-12142 335277
-12141 325493
-12140 337834
-12139 322562
-12138 335636
-12137 341665
-12136 347903
-12135 343115
-12134 340881
-12133 325578
-12132 328168
-12131 336281
-12130 336057
-12129 326738
-12128 317612
-12127 319756
-12126 319852
-12125 324361
-12124 323079
-12123 321402
-12122 326431
-12121 309176
-12120 313821
-12119 303331
-12118 285715
-12117 298091
-12116 300202
-12115 313736
-12114 311353
-12113 299278
-12112 301165
-12111 282309
-12110 285215
-12109 269047
-12108 279696
-12107 278265
-12106 259279
-12105 261833
-12104 258381
-12103 257740
-12102 243099
-12101 251390
-12100 241769
-12099 239357
-12098 221798
-12097 222926
-12096 220292
-12095 224923
-12094 225145
-12093 221745
-12092 226452
-12091 221765
-12090 219363
-12089 228111
-12088 215033
-12087 208889
-12086 189772
-12085 192929
-12084 187644
-12083 187467
-12082 184381
-12081 171618
-12080 171601
-12079 168675
-12078 170323
-12077 157962
-12076 158752
-12075 155624
-12074 144796
-12073 138713
-12072 132338
-12071 144801
-12070 142409
-12069 135030
-12068 137812
-12067 128238
-12066 142954
-12065 141791
-12064 136781
-12063 142238
-12062 139075
-12061 135731
-12060 139216
-12059 134943
-12058 133220
-12057 133190
-12056 127943
-12055 131667
-12054 121333
-12053 111084
-12052 110352
-12051 114896
-12050 112985
-12049 112242
-12048 118984
-12047 120083
-12046 115664
-12045 111882
-12044 120881
-12043 112749
-12042 111685
-12041 115623
-12040 108949
-12039 108839
-12038 118874
-12037 108459
-12036 110248
-12035 104537
-12034 109390
-12033 97280
-12032 105189
-12031 101432
-12030 102744
-12029 95453
-12028 95331
-12027 88878
-12026 85549
-12025 86815
-12024 82373
-12023 81737
-12022 78710
-12021 70726
-12020 71606
-12019 67592
-12018 61544
-12017 71273
-12016 62235
-12015 68570
-12014 66515
-12013 63470
-12012 60806
-12011 68676
-12010 67819
-12009 63204
-12008 56525
-12007 59202
-12006 53946
-12005 52333
-12004 51348
-12003 52291
-12002 54078
-12001 55525
-12000 55673
-11999 51368
-11998 51983
-11997 51159
-11996 53101
-11995 46662
-11994 50736
-11993 46239
-11992 44444
-11991 42726
-11990 36868
-11989 35863
-11988 34807
-11987 32239
-11986 30907
-11985 34967
-11984 30813
-11983 31555
-11982 28719
-11981 30352
-11980 30156
-11979 26168
-11978 26530
-11977 24846
-11976 24292
-11975 23640
-11974 26834
-11973 25339
-11972 24877
-11971 21604
-11970 22369
-11969 20547
-11968 23381
-11967 20238
-11966 19946
-11965 19996
-11964 20121
-11963 18166
-11962 16023
-11961 19178
-11960 18429
-11959 18461
-11958 18835
-11957 17939
-11956 17429
-11955 18727
-11954 20665
-11953 20630
-11952 17006
-11951 14681
-11950 13933
-11949 15938
-11948 15707
-11947 11260
-11946 10779
-11945 9512
-11944 10554
-11943 9041
-11942 10771
-11941 10586
-11940 12935
-11939 12041
-11938 11719
-11937 10692
-11936 12210
-11935 14300
-11934 12891
-11933 10792
-11932 11286
-11931 11687
-11930 13183
-11929 10132
-11928 10880
-11927 9925
-11926 10562
-11925 13281
-11924 9489
-11923 11248
-11922 10312
-11921 9787
-11920 11319
-11919 11647
-11918 10117
-11917 9543
-11916 12153
-11915 12127
-11914 12813
-11913 11392
-11912 11612
-11911 12426
-11910 9525
-11909 10276
-11908 7596
-11907 8384
-11906 7229
-11905 7210
-11904 6838
-11903 4686
-11902 4412
-11901 4228
-11900 3565
-11899 3092
-11898 4602
-11897 2781
-11896 4215
-11895 2832
-11894 2524
-11893 2454
-11892 2847
-11891 2945
-11890 3513
-11889 4158
-11888 3816
-11887 4722
-11886 4256
-11885 5535
-11884 4461
-11883 3988
-11882 3014
-11881 3105
-11880 4065
-11879 3192
-11878 3846
-11877 3711
-11876 3682
-11875 3914
-11874 4183
-11873 2513
-11872 1983
-11871 1725
-11870 1952
-11869 2664
-11868 2774
-11867 1638
-11866 2415
-11865 2802
-11864 1094
-11863 1625
-11862 2612
-11861 2086
-11860 1920
-11859 1849
-11858 1826
-11857 1549
-11856 1409
-11855 1120
-11854 814
-11853 522
-11852 667
-11851 626
-11850 653
-11849 1086
-11848 1083
-11847 1354
-11846 1473
-11845 1448
-11844 1554
-11843 1364
-11842 1413
-11841 1247
-11840 2131
-11839 1895
-11838 2283
-11837 4261
-11836 3104
-11835 3422
-11834 2982
-11833 3580
-11832 4411
-11831 4968
-11830 5956
-11829 4784
-11828 6500
-11827 7117
-11826 6514
-11825 7163
-11824 8768
-11823 9522
-11822 10894
-11821 9195
-11820 11031
-11819 11593
-11818 11984
-11817 11331
-11816 10523
-11815 12204
-11814 8783
-11813 8743
-11812 7556
-11811 6789
-11810 7276
-11809 6428
-11808 8755
-11807 5752
-11806 6376
-11805 6265
-11804 7306
-11803 7270
-11802 8324
-11801 6915
-11800 7657
-11799 8321
-11798 8438
-11797 7794
-11796 7000
-11795 7745
-11794 10006
-11793 5822
-11792 6946
-11791 6015
-11790 7456
-11789 7760
-11788 8484
-11787 7941
-11786 9181
-11785 10195
-11784 9590
-11783 10816
-11782 11424
-11781 10755
-11780 12687
-11779 13434
-11778 13852
-11777 13634
-11776 10942
-11775 17356
-11774 11463
-11773 13723
-11772 12188
-11771 13384
-11770 13695
-11769 12545
-11768 12950
-11767 13670
-11766 16969
-11765 16575
-11764 16102
-11763 16265
-11762 17560
-11761 17579
-11760 21656
-11759 18517
-11758 19326
-11757 19503
-11756 14911
-11755 16681
-11754 14389
-11753 15251
-11752 16815
-11751 12901
-11750 13963
-11749 12485
-11748 11809
-11747 11269
-11746 11037
-11745 12050
-11744 9770
-11743 9317
-11742 10998
-11741 6104
-11740 7289
-11739 6327
-11738 5613
-11737 6925
-11736 6449
-11735 5531
-11734 5811
-11733 4448
-11732 4689
-11731 4726
-11730 4668
-11729 4819
-11728 4216
-11727 4225
-11726 4642
-11725 3242
-11724 4689
-11723 4240
-11722 4000
-11721 2423
-11720 2596
-11719 1894
-11718 1934
-11717 1798
-11716 1561
-11715 2428
-11714 1606
-11713 1475
-11712 2735
-11711 1483
-11710 1796
-11709 1956
-11708 2372
-11707 2150
-11706 3509
-11705 1949
-11704 1457
-11703 1767
-11702 1767
-11701 1755
-11700 1521
-11699 1130
-11698 1803
-11697 1160
-11696 1286
-11695 1710
-11694 1823
-11693 2281
-11692 2937
-11691 4702
-11690 5093
-11689 4560
-11688 5017
-11687 5880
-11686 5485
-11685 5131
-11684 4895
-11683 4843
-11682 4936
-11681 4416
-11680 4040
-11679 3747
-11678 3838
-11677 3445
-11676 3619
-11675 2931
-11674 4110
-11673 4279
-11672 4031
-11671 3417
-11670 5251
-11669 4214
-11668 4340
-11667 5099
-11666 4419
-11665 4290
-11664 3913
-11663 3567
-11662 4184
-11661 4149
-11660 4775
-11659 5363
-11658 5742
-11657 6079
-11656 5773
-11655 6714
-11654 6674
-11653 6620
-11652 6702
-11651 8313
-11650 6069
-11649 8154
-11648 7580
-11647 7658
-11646 8126
-11645 7687
-11644 8953
-11643 7737
-11642 8618
-11641 10697
-11640 11247
-11639 9942
-11638 8322
-11637 7771
-11636 8846
-11635 9503
-11634 10675
-11633 7168
-11632 7392
-11631 6986
-11630 6424
-11629 5781
-11628 5853
-11627 4820
-11626 5947
-11625 5255
-11624 5394
-11623 5500
-11622 5790
-11621 5320
-11620 6108
-11619 6513
-11618 6223
-11617 6869
-11616 8803
-11615 7868
-11614 11593
-11613 9013
-11612 10253
-11611 10152
-11610 10992
-11609 10103
-11608 9833
-11607 12351
-11606 12386
-11605 14954
-11604 15116
-11603 14119
-11602 14569
-11601 13531
-11600 14817
-11599 14489
-11598 16088
-11597 19127
-11596 18387
-11595 17179
-11594 19869
-11593 20849
-11592 21733
-11591 21702
-11590 23434
-11589 23966
-11588 25107
-11587 25804
-11586 27815
-11585 27890
-11584 29754
-11583 25911
-11582 27442
-11581 27053
-11580 30117
-11579 29174
-11578 29202
-11577 29763
-11576 31290
-11575 26572
-11574 33426
-11573 30010
-11572 30771
-11571 32292
-11570 31498
-11569 33530
-11568 28979
-11567 37780
-11566 34342
-11565 40136
-11564 41339
-11563 45837
-11562 45724
-11561 41500
-11560 47970
-11559 47621
-11558 49947
-11557 48626
-11556 45157
-11555 45926
-11554 55891
-11553 43676
-11552 41732
-11551 45498
-11550 47391
-11549 52792
-11548 51376
-11547 50011
-11546 48290
-11545 52706
-11544 52549
-11543 55121
-11542 52694
-11541 60008
-11540 62472
-11539 55221
-11538 68465
-11537 54956
-11536 57470
-11535 53534
-11534 51743
-11533 50458
-11532 47955
-11531 47970
-11530 48088
-11529 45630
-11528 43863
-11527 48131
-11526 44078
-11525 47991
-11524 48702
-11523 48717
-11522 46056
-11521 49962
-11520 54690
-11519 50019
-11518 48315
-11517 51495
-11516 51699
-11515 53954
-11514 52392
-11513 52587
-11512 53909
-11511 51209
-11510 56853
-11509 56078
-11508 58440
-11507 65243
-11506 59244
-11505 58461
-11504 55380
-11503 66764
-11502 59544
-11501 59787
-11500 58386
-11499 60297
-11498 62646
-11497 63923
-11496 57312
-11495 64146
-11494 59645
-11493 62305
-11492 64014
-11491 61177
-11490 59341
-11489 60228
-11488 59499
-11487 58282
-11486 59616
-11485 63207
-11484 60167
-11483 61014
-11482 57937
-11481 58797
-11480 62067
-11479 55337
-11478 57077
-11477 56456
-11476 57530
-11475 56997
-11474 57114
-11473 60848
-11472 55898
-11471 56660
-11470 52823
-11469 55228
-11468 53162
-11467 54228
-11466 57086
-11465 54559
-11464 50735
-11463 54343
-11462 54410
-11461 51425
-11460 55434
-11459 55089
-11458 52400
-11457 48451
-11456 49919
-11455 51455
-11454 50008
-11453 50688
-11452 49551
-11451 44332
-11450 43710
-11449 42128
-11448 35714
-11447 43704
-11446 42691
-11445 39262
-11444 41691
-11443 37680
-11442 39819
-11441 37767
-11440 41911
-11439 37605
-11438 33350
-11437 33468
-11436 38752
-11435 37463
-11434 36242
-11433 34359
-11432 38369
-11431 37870
-11430 37413
-11429 39026
-11428 37909
-11427 38334
-11426 37822
-11425 34723
-11424 44033
-11423 37695
-11422 34459
-11421 34501
-11420 31314
-11419 32092
-11418 30982
-11417 32657
-11416 30557
-11415 31918
-11414 29267
-11413 30788
-11412 28115
-11411 31168
-11410 31866
-11409 29705
-11408 27594
-11407 24558
-11406 27761
-11405 26151
-11404 24432
-11403 22452
-11402 24017
-11401 22587
-11400 19862
-11399 18645
-11398 18799
-11397 19483
-11396 18882
-11395 28110
-11394 21623
-11393 19431
-11392 21229
-11391 20701
-11390 21699
-11389 17406
-11388 21070
-11387 16951
-11386 17383
-11385 16316
-11384 13852
-11383 14581
-11382 14352
-11381 12850
-11380 11447
-11379 12627
-11378 10387
-11377 11795
-11376 9877
-11375 11666
-11374 11826
-11373 10440
-11372 11073
-11371 10537
-11370 9748
-11369 8377
-11368 9431
-11367 8645
-11366 8388
-11365 10016
-11364 9255
-11363 9571
-11362 9783
-11361 10392
-11360 10174
-11359 10615
-11358 8468
-11357 8448
-11356 8981
-11355 8597
-11354 9401
-11353 7412
-11352 7595
-11351 7215
-11350 7349
-11349 7322
-11348 6059
-11347 6553
-11346 6676
-11345 6222
-11344 7986
-11343 6497
-11342 7953
-11341 9200
-11340 8828
-11339 8291
-11338 8171
-11337 7968
-11336 7856
-11335 10416
-11334 9221
-11333 11930
-11332 10159
-11331 10686
-11330 10278
-11329 11706
-11328 10130
-11327 9829
-11326 9960
-11325 10316
-11324 11248
-11323 12559
-11322 13724
-11321 13582
-11320 13832
-11319 14158
-11318 14052
-11317 15780
-11316 17609
-11315 18000
-11314 15878
-11313 17462
-11312 19513
-11311 18480
-11310 18861
-11309 19618
-11308 18493
-11307 19797
-11306 21899
-11305 24263
-11304 19875
-11303 19979
-11302 23313
-11301 19636
-11300 23505
-11299 18548
-11298 18198
-11297 17868
-11296 14447
-11295 16910
-11294 17713
-11293 19566
-11292 18504
-11291 22282
-11290 22743
-11289 20197
-11288 25445
-11287 28781
-11286 26658
-11285 32255
-11284 28159
-11283 27685
-11282 23329
-11281 25629
-11280 24337
-11279 25735
-11278 25661
-11277 21441
-11276 22071
-11275 21033
-11274 22269
-11273 23261
-11272 24862
-11271 23948
-11270 27640
-11269 22545
-11268 24321
-11267 25124
-11266 28383
-11265 27103
-11264 24822
-11263 22033
-11262 22850
-11261 22725
-11260 18768
-11259 21693
-11258 22943
-11257 19852
-11256 20116
-11255 20138
-11254 21507
-11253 17051
-11252 18519
-11251 16474
-11250 21260
-11249 15281
-11248 17516
-11247 18458
-11246 11804
-11245 11314
-11244 12167
-11243 12063
-11242 9122
-11241 9617
-11240 8771
-11239 10450
-11238 8042
-11237 10677
-11236 11924
-11235 12009
-11234 11165
-11233 11132
-11232 13967
-11231 14445
-11230 13283
-11229 12547
-11228 12933
-11227 12529
-11226 18141
-11225 12196
-11224 14594
-11223 9261
-11222 13247
-11221 11675
-11220 10451
-11219 11825
-11218 11713
-11217 17133
-11216 16825
-11215 13831
-11214 13234
-11213 14192
-11212 15117
-11211 15706
-11210 18340
-11209 18102
-11208 16848
-11207 20283
-11206 16369
-11205 17856
-11204 18174
-11203 19181
-11202 21494
-11201 22285
-11200 26521
-11199 27004
-11198 27673
-11197 32049
-11196 27515
-11195 29347
-11194 30957
-11193 36555
-11192 36467
-11191 47599
-11190 39334
-11189 46809
-11188 44511
-11187 45766
-11186 43030
-11185 41904
-11184 40598
-11183 42034
-11182 44614
-11181 42194
-11180 42204
-11179 44464
-11178 50076
-11177 49477
-11176 46109
-11175 41282
-11174 42768
-11173 43702
-11172 43433
-11171 41499
-11170 46448
-11169 40942
-11168 49399
-11167 48095
-11166 43253
-11165 46955
-11164 46585
-11163 41490
-11162 40839
-11161 44128
-11160 34216
-11159 38252
-11158 41224
-11157 38136
-11156 43227
-11155 39227
-11154 40291
-11153 41829
-11152 39276
-11151 38995
-11150 36033
-11149 39709
-11148 40968
-11147 48072
-11146 41915
-11145 48051
-11144 51828
-11143 46530
-11142 47532
-11141 44876
-11140 46314
-11139 51775
-11138 51155
-11137 50215
-11136 53095
-11135 52656
-11134 60865
-11133 54466
-11132 54136
-11131 52015
-11130 55888
-11129 51893
-11128 56965
-11127 56009
-11126 52052
-11125 54084
-11124 66109
-11123 68139
-11122 63919
-11121 63542
-11120 60605
-11119 61956
-11118 66493
-11117 55726
-11116 53338
-11115 55098
-11114 53845
-11113 50104
-11112 60458
-11111 58725
-11110 50584
-11109 48426
-11108 47395
-11107 45986
-11106 45872
-11105 45915
-11104 45623
-11103 53897
-11102 44211
-11101 51752
-11100 50722
-11099 57237
-11098 55290
-11097 55180
-11096 60271
-11095 56686
-11094 62340
-11093 64646
-11092 57871
-11091 65453
-11090 50754
-11089 52128
-11088 50681
-11087 49032
-11086 50446
-11085 51178
-11084 47917
-11083 49733
-11082 47173
-11081 52329
-11080 51577
-11079 49819
-11078 49350
-11077 50528
-11076 50199
-11075 55320
-11074 58044
-11073 55213
-11072 57480
-11071 61215
-11070 57985
-11069 58865
-11068 60380
-11067 60408
-11066 56384
-11065 54129
-11064 53037
-11063 55027
-11062 48784
-11061 51197
-11060 45386
-11059 50328
-11058 47718
-11057 48352
-11056 45527
-11055 44669
-11054 42657
-11053 49708
-11052 42489
-11051 43639
-11050 43694
-11049 40222
-11048 41989
-11047 38607
-11046 46180
-11045 37805
-11044 34968
-11043 33708
-11042 37098
-11041 32732
-11040 38740
-11039 37488
-11038 36425
-11037 37561
-11036 37227
-11035 39540
-11034 34074
-11033 36154
-11032 37712
-11031 35900
-11030 33907
-11029 31589
-11028 39296
-11027 33471
-11026 36537
-11025 34827
-11024 37330
-11023 37794
-11022 37923
-11021 34188
-11020 34218
-11019 34645
-11018 32269
-11017 33629
-11016 33421
-11015 33765
-11014 33459
-11013 34528
-11012 38060
-11011 30033
-11010 29509
-11009 34798
-11008 31956
-11007 36644
-11006 31126
-11005 30433
-11004 27374
-11003 29386
-11002 24379
-11001 29159
-11000 26257
-10999 25802
-10998 25695
-10997 23239
-10996 24717
-10995 23947
-10994 22176
-10993 21658
-10992 18633
-10991 22264
-10990 22588
-10989 24421
-10988 27485
-10987 24087
-10986 24268
-10985 27788
-10984 23287
-10983 20051
-10982 21851
-10981 22874
-10980 21262
-10979 20971
-10978 22855
-10977 21538
-10976 21492
-10975 24770
-10974 22452
-10973 21901
-10972 20441
-10971 21429
-10970 23407
-10969 24016
-10968 17865
-10967 17773
-10966 17845
-10965 19291
-10964 14805
-10963 14432
-10962 15288
-10961 16515
-10960 17657
-10959 15998
-10958 13473
-10957 11389
-10956 12927
-10955 10552
-10954 10177
-10953 11298
-10952 9616
-10951 10948
-10950 11063
-10949 9797
-10948 9813
-10947 7277
-10946 7826
-10945 9044
-10944 7622
-10943 7717
-10942 8988
-10941 8854
-10940 9650
-10939 8898
-10938 11271
-10937 8889
-10936 7594
-10935 8479
-10934 7512
-10933 9044
-10932 8619
-10931 10406
-10930 7746
-10929 8302
-10928 7249
-10927 4111
-10926 5171
-10925 3791
-10924 3440
-10923 3848
-10922 3877
-10921 3076
-10920 2078
-10919 2359
-10918 4083
-10917 1390
-10916 1596
-10915 1363
-10914 2317
-10913 2782
-10912 2495
-10911 2187
-10910 3422
-10909 2979
-10908 1968
-10907 2186
-10906 2679
-10905 3122
-10904 3052
-10903 5019
-10902 2800
-10901 2652
-10900 1266
-10899 1195
-10898 1027
-10897 914
-10896 671
-10895 703
-10894 773
-10893 1331
-10892 1170
-10891 747
-10890 1239
-10889 1110
-10888 784
-10887 1180
-10886 806
-10885 831
-10884 928
-10883 895
-10882 419
-10881 599
-10880 391
-10879 387
-10878 276
-10877 500
-10876 1036
-10875 964
-10874 1117
-10873 1037
-10872 1371
-10871 1177
-10870 564
-10869 1101
-10868 544
-10867 643
-10866 246
-10865 255
-10864 296
-10863 148
-10862 174
-10861 34
-10860 28
-10859 2
