N J h steps 
100 0.51 0 29570729000
-100 1247
-98 8281
-96 29722
-94 77475
-92 169213
-90 325440
-88 586827
-86 983160
-84 1575968
-82 2396597
-80 3555385
-78 5112505
-76 7149709
-74 9815701
-72 13178265
-70 17327407
-68 22506958
-66 28845969
-64 36438144
-62 45554106
-60 56384658
-58 68904647
-56 83477215
-54 100094246
-52 118831156
-50 139938355
-48 163448658
-46 189382186
-44 217597844
-42 248136691
-40 280861131
-38 315398049
-36 351954203
-34 390079928
-32 429853756
-30 470541842
-28 511611508
-26 553107430
-24 594585276
-22 634771369
-20 673793873
-18 710961633
-16 745663690
-14 777532936
-12 806805504
-10 831466864
-8 852122473
-6 868616308
-4 880766647
-2 888120844
0 890624362
2 887919478
4 880112588
6 867852866
8 850860889
10 829964299
12 804755925
14 775634547
16 743398320
18 708512857
20 671519246
22 632724497
24 592737150
26 551684631
28 510616982
30 469652336
32 429318981
34 390043791
36 351943454
38 315370948
40 280531884
42 247757557
44 217383783
46 189340938
48 163571470
50 140315502
52 119312074
54 100508062
56 83763947
58 69246961
60 56701080
62 45916025
64 36728356
66 29012242
68 22616184
70 17383907
72 13129393
74 9785606
76 7174081
78 5108771
80 3560873
82 2419191
84 1582383
86 985103
88 581895
90 328588
92 168359
94 81831
96 25496
98 9576
100 736
