N J h steps 
400 0.55 0 22310625000
-388 747
-386 869
-384 1238
-382 2356
-380 4537
-378 11373
-376 21253
-374 32416
-372 59600
-370 76523
-368 101664
-366 137538
-364 175703
-362 233222
-360 286766
-358 337907
-356 392345
-354 455551
-352 547005
-350 663275
-348 770725
-346 860767
-344 1005744
-342 1084967
-340 1205107
-338 1339734
-336 1442229
-334 1606718
-332 1727331
-330 1853898
-328 2006737
-326 2230990
-324 2392451
-322 2546489
-320 2728506
-318 2894574
-316 3107338
-314 3358961
-312 3591204
-310 3849299
-308 4000483
-306 4207919
-304 4366132
-302 4602107
-300 4800831
-298 4959614
-296 5148706
-294 5407828
-292 5670103
-290 5876854
-288 6082750
-286 6319057
-284 6584717
-282 6748128
-280 7046728
-278 7280690
-276 7565237
-274 7783893
-272 8070304
-270 8265571
-268 8455668
-266 8629692
-264 8912803
-262 9194450
-260 9431488
-258 9657379
-256 9930335
-254 10239925
-252 10523173
-250 10756432
-248 11040456
-246 11238851
-244 11493931
-242 11725657
-240 12017086
-238 12322237
-236 12627392
-234 12962010
-232 13255192
-230 13573090
-228 13860619
-226 14266842
-224 14681385
-222 15052113
-220 15388604
-218 15836613
-216 16268436
-214 16688038
-212 17130241
-210 17568189
-208 18094143
-206 18577678
-204 19091589
-202 19605796
-200 20199501
-198 20752491
-196 21387490
-194 22119549
-192 22803048
-190 23499428
-188 24254362
-186 25006912
-184 25783720
-182 26580588
-180 27438240
-178 28276454
-176 29187995
-174 30150092
-172 31138731
-170 32150660
-168 33225816
-166 34317298
-164 35363535
-162 36412996
-160 37574016
-158 38826538
-156 40146198
-154 41507303
-152 42946980
-150 44334716
-148 45790092
-146 47258945
-144 48851628
-142 50502561
-140 52137617
-138 53686884
-136 55368512
-134 57083568
-132 58849220
-130 60898185
-128 62821976
-126 64801900
-124 66980285
-122 69183193
-120 71373141
-118 73572540
-116 75795586
-114 78017892
-112 80286551
-110 82676821
-108 85197815
-106 87722824
-104 90227563
-102 92728125
-100 95247314
-98 97856717
-96 100418393
-94 103178938
-92 105824174
-90 108556525
-88 111283521
-86 114023319
-84 116899971
-82 119595996
-80 122525647
-78 125464953
-76 128268565
-74 131206235
-72 134022747
-70 136952044
-68 139748460
-66 142630340
-64 145453964
-62 148344676
-60 151003580
-58 153615144
-56 156102978
-54 158641669
-52 161233733
-50 163691763
-48 166125948
-46 168316085
-44 170525459
-42 172811730
-40 174937953
-38 176955233
-36 178893409
-34 180869746
-32 182748093
-30 184677355
-28 186330190
-26 188153758
-24 189546805
-22 190795921
-20 192126573
-18 193192686
-16 194131430
-14 195007221
-12 195697049
-10 196325705
-8 196948249
-6 197199057
-4 197488256
-2 197585089
0 197886198
2 197787077
4 197573768
6 197229051
8 196804363
10 196220520
12 195705601
14 194766987
16 194016320
18 193095785
20 191965037
22 190688107
24 189292728
26 187843115
28 186233602
30 184567535
32 182718704
34 181085857
36 179296904
38 177323995
40 175178931
42 173019547
44 170800712
46 168457402
48 166266757
50 163767578
52 161244564
54 158673209
56 155969389
58 153433031
60 150828306
62 148185420
64 145534210
66 142968014
68 140295575
70 137699746
72 134709521
74 132083463
76 129220194
78 126385127
80 123506354
82 120679575
84 117897366
86 115052607
88 112143210
90 109378662
92 106478767
94 103679732
96 101075322
98 98383161
100 95798678
102 93344787
104 90742901
106 88204777
108 85680622
110 83226758
112 80963497
114 78630080
116 76257911
118 74038322
120 71806528
122 69789285
124 67576372
126 65498834
128 63497312
130 61419483
132 59609271
134 57665611
136 55725663
138 53965886
140 52315062
142 50513720
144 48943289
146 47393344
148 45814082
150 44323127
152 42912648
154 41439008
156 40185966
158 38856023
160 37539576
162 36365505
164 35197448
166 34016453
168 32930701
170 31782805
172 30722934
174 29766161
176 28880263
178 27863892
180 27058276
182 26206815
184 25441404
186 24614171
188 23922285
190 23160229
192 22423625
194 21771801
196 21029463
198 20461778
200 19791925
202 19187516
204 18599315
206 18051208
208 17533163
210 17021654
212 16448007
214 15974374
216 15527936
218 15106663
220 14682922
222 14279325
224 13883382
226 13506850
228 13178215
230 12827263
232 12469069
234 12225786
236 11896471
238 11635542
240 11342760
242 11067988
244 10784060
246 10589463
248 10305178
250 10083768
252 9799954
254 9536216
256 9302192
258 9027354
260 8909083
262 8665176
264 8410438
266 8186003
268 7937921
270 7769463
272 7580143
274 7394567
276 7185113
278 6991096
280 6791054
282 6551696
284 6354338
286 6109209
288 5910349
290 5697755
292 5494149
294 5261245
296 5045813
298 4839758
300 4623690
302 4391624
304 4198566
306 3966816
308 3714402
310 3551087
312 3361947
314 3162817
316 2997678
318 2799707
320 2641649
322 2440434
324 2290893
326 2107032
328 1930626
330 1793373
332 1643544
334 1494722
336 1353580
338 1183086
340 1073780
342 949667
344 844004
346 751357
348 663070
350 592786
352 502852
354 421346
356 357488
358 302425
360 237848
362 193742
364 143142
366 105745
368 87553
370 55198
372 43495
374 35961
376 24720
378 17438
380 9392
382 9124
384 3893
386 1367
388 19
