1.5 -1.959 368690000000
60.2778 4.26324 
n radius_n error   
0 0 0
1 1 5.63211e-09
2 2.66668 3.99687e-05
3 3.97924 0.0001402
4 6.15967 0.000205706
5 7.4103 0.000378427
6 9.81452 0.000492561
7 10.6955 0.000763823
8 13.2019 0.000903726
9 13.9974 0.00126919
10 16.3964 0.00172276
11 17.1982 0.00189863
12 19.5655 0.00219846
13 20.2537 0.00245093
14 22.6802 0.00283387
15 23.2412 0.00343551
16 25.6811 0.00417762
17 26.1688 0.00465685
18 28.608 0.00484268
19 29.0128 0.00565159
20 31.466 0.00660284
21 31.7893 0.00730893
22 34.2555 0.0083852
23 34.4801 0.00955901
24 36.9862 0.010929
25 37.1269 0.012248
26 39.6261 0.0155446
27 39.6816 0.0150233
28 42.1779 0.018597
29 42.1654 0.0193014
30 44.711 0.0197444
31 44.6123 0.0252902
32 47.1672 0.025297
33 47.0013 0.0299198
34 49.5692 0.03515
35 49.3525 0.0312007
36 51.8891 0.0361783
37 51.6591 0.0456068
38 54.2012 0.0408414
39 53.8719 0.0615447
40 56.4573 0.0535552
41 56.0994 0.0513269
42 58.6863 0.062925
43 58.2906 0.0582272
44 60.8041 0.0783697
45 60.3524 0.0787939
46 62.9613 0.0773006
47 62.4778 0.083901
48 65.0958 0.0887822
49 64.5868 0.105798
50 67.1852 0.108424
51 66.439 0.190602
52 69.1981 0.108552
53 68.4018 0.138781
54 70.9977 0.165478
55 69.864 0.331682
56 72.7495 0.235147
57 72.1688 0.19923
58 74.9717 0.153729
59 74.4767 0.163276
60 76.8314 0.200812
61 76.1411 0.240194
62 78.5087 0.274147
63 78.0001 0.406723
64 80.3212 0.348001
65 79.5379 0.288265
66 82.2634 0.277713
67 81.6824 0.225254
68 84.1999 0.253574
69 83.2911 0.287695
70 86.0454 0.468733
71 85.6346 0.270638
72 88.2024 0.252707
73 86.656 0.574283
74 89.7126 0.379837
75 88.8486 0.688196
76 91.8066 0.312117
77 89.6881 0.470069
78 92.8004 0.53469
79 90.958 0.488586
80 94.1 0.576638
81 92.9375 0.522378
82 95.7664 0.812328
83 94.928 0.39177
84 97.6457 0.4453
85 96.2584 0.427522
86 98.0111 0.872488
87 97.5889 0.616367
88 100.283 0.527996
89 99.1248 0.732565
90 102.216 0.534766
91 100.798 0.700199
92 103.461 0.592759
93 103.466 0.598783
94 105.338 0.65942
95 103.392 0.719401
96 105.28 0.746291
97 104.038 1.38464
98 107.684 0.837846
99 104.782 2.09095
100 109.643 0.919914
101 106.532 1.40202
102 107.11 3.76124
103 107.875 1.66582
104 112.281 1.21933
105 112.891 1.65882
106 114.006 1.64745
107 110.982 1.97084
108 116.237 1.4135
109 114.806 1.00024
110 117.97 1.56505
111 116.23 1.73401
112 118.399 1.39082
113 116.557 1.32663
114 118.662 1.79759
115 117.772 2.75718
116 120.088 1.9899
117 117.977 2.67037
118 121.947 1.81936
119 119.107 2.35727
120 122.49 3.2999
121 119.53 3.48077
122 124.305 1.86441
123 123.164 1.76209
124 126.87 2.05729
125 124.7 1.55984
126 129.354 2.06395
127 126.107 2.24571
128 128.368 3.65648
129 127.888 2.02491
130 129.602 3.25621
131 127.764 2.60276
132 132.537 2.92816
133 130.159 2.23775
134 133.634 2.0704
135 130.826 2.24255
136 133.268 2.79203
137 122.726 9.64684
138 136.879 2.47319
139 129.492 4.56088
140 138.096 3.32235
141 128.495 5.98937
142 144.54 5.6877
143 138.961 5.53512
144 139.51 4.31083
145 142.969 9.7523
146 138.81 5.4266
147 139.159 12.3822
148 140.191 4.1994
149 137.692 5.24378
150 140.446 4.09583
151 137.428 5.89015
152 146.537 3.68921
153 144.202 4.68761
154 147.886 2.88266
155 142.876 3.82019
156 145.855 3.54163
157 144.27 3.32963
158 148.574 4.31023
159 145.089 4.21921
160 153.578 5.71639
161 142.216 4.83922
162 148.42 3.53744
163 148.987 3.60942
164 151.668 4.30027
165 151.969 3.9727
166 154.109 3.94762
167 154.711 4.52199
168 158.394 3.79376
169 157.485 4.30554
170 158.218 3.67351
171 156.122 4.73835
172 161.999 3.84827
173 156.976 4.70824
174 162.26 4.25536
175 157.652 5.34358
176 164.277 4.27479
177 165.064 7.32931
178 161.989 5.70857
179 166.835 4.12407
180 164.105 3.32188
181 163.575 4.5786
182 167.668 4.83554
183 166.431 3.97554
184 173.28 4.11488
185 168.369 4.58566
186 173.896 3.99049
187 169.793 5.66991
188 174.323 4.41802
189 175.093 5.31915
190 179.187 5.78419
191 175.858 7.57463
192 175.954 4.2909
193 179.798 7.67943
194 178.911 5.66243
195 175.064 7.68484
196 176.106 5.14535
197 174.275 7.74479
198 178.733 4.92916
199 173.342 6.57062
200 176.961 5.3829
201 167.413 5.78848
202 173.512 7.90326
203 161.713 7.90945
204 178.569 6.36899
205 171.39 8.08466
206 182.61 7.26679
207 173.509 9.80978
208 186.237 7.96259
209 173.355 11.9402
210 195.292 6.8967
211 189.475 7.09233
212 192.537 5.37073
213 186.657 7.8287
214 186.817 5.60261
215 187.039 7.0222
216 190.342 6.5686
217 186.511 6.94419
218 184.734 6.79577
219 188.918 7.62342
220 198.805 18.0731
221 172.146 8.64846
222 182.977 9.75043
223 182.176 7.90989
224 196.587 17.2807
225 182.423 9.40816
226 186.117 7.72744
227 189.68 8.20034
228 187.353 9.41766
229 193.485 10.6193
230 175.08 12.32
231 183.264 9.31379
232 180.355 12.5578
233 180.462 10.5951
234 179.543 12.1824
235 177.509 11.9122
236 183.674 14.7737
237 172.212 14.693
238 176.023 13.705
239 161.956 18.0535
240 177.301 17.6364
241 167.653 16.0411
242 179.98 22.6655
243 165.587 13.0205
244 177.111 24.1725
245 155.317 10.4883
246 161.038 23.0063
247 154.246 13.0296
248 159.085 24.8352
249 153.242 11.4843
250 163.629 22.7935
251 155.069 13.518
252 169.936 23.0045
253 161.924 16.3123
254 189.651 17.1725
255 174.433 15.074
256 188.762 19.8525
257 179.089 14.6662
258 200.579 16.6353
259 186.38 15.6097
260 203.262 17.3245
261 188.84 19.3664
262 206.169 18.2391
263 190.08 19.031
264 202.601 17.0895
265 203.025 18.9143
266 203.215 16.5363
267 201.662 19.7441
268 205.244 18.8362
269 200.587 21.5605
270 208.556 20.5843
271 196.452 23.3583
272 219.347 26.5288
273 203.722 25.7652
274 214.658 22.2462
275 203.18 20.1428
276 219.228 21.0323
277 204.385 22.3852
278 208.583 24.7032
279 208.553 22.9873
280 210.37 20.7451
281 200.998 19.1031
282 211.037 18.2371
283 203.505 22.8992
284 213.476 20.3742
285 212.272 24.0033
286 222.811 22.4089
287 218.567 22.732
288 221.221 23.092
289 210.984 25.7713
290 223.856 25.0281
291 213.386 21.9698
292 246.323 31.4944
293 252.099 30.3482
294 222.562 22.6934
295 211.686 22.8407
296 227.176 24.2487
297 220.636 31.0487
298 221.649 22.8791
299 223.226 29.0616
300 224.586 21.9124
301 228.471 29.6498
302 223.107 21.7044
303 226.845 24.0729
304 236.629 21.3974
305 231.615 25.7307
306 240.502 20.5376
307 231.052 21.9378
308 250.013 17.2218
309 233.114 27.2961
310 243.74 17.1268
311 237.777 23.6743
312 239.152 18.1178
313 230.43 25.2675
314 241.963 23.0965
315 232.249 20.5545
316 242.94 24.4039
317 223.413 18.272
318 242.373 16.9287
319 241.458 17.7828
320 265.144 20.1797
321 238.508 31.9021
322 274.554 26.1358
323 250.77 16.7787
324 252.253 18.3567
325 260.61 18.0688
326 265.262 20.5759
327 273.904 19.1922
328 264.959 20.7454
329 254.997 19.3802
330 271.638 23.4795
331 267.153 20.1304
332 278.095 21.5993
333 270.935 18.745
334 298.851 29.2178
335 268.617 20.2085
336 261.085 24.3001
337 285.156 29.177
338 287.2 28.2683
339 245.733 22.3123
340 262.307 19.7072
341 244.523 17.9719
342 228.264 22.6867
343 237.057 26.8536
344 242.177 34.1614
345 258.892 20.7346
346 200.32 35.5131
347 279.375 20.1815
348 274.607 23.8542
349 285.955 21.2992
350 275.213 27.1641
351 275.298 27.181
352 285.499 22.8869
353 280.164 23.1458
354 243.438 32.0778
355 287.727 19.6463
356 227.776 40.3508
357 289.817 17.882
358 247.805 35.4511
359 297.812 20.036
360 279.179 24.7954
361 282.966 20.0239
362 272.801 32.7235
363 277.646 16.9491
364 237.458 40.9223
365 300.169 19.4591
366 284.045 19.5815
367 299.969 15.8875
368 254.456 27.0949
369 303.749 16.0533
370 278.261 20.3361
371 315.143 15.5326
372 308.683 17.9362
373 322.192 19.043
374 303.454 23.1231
375 301.615 23.432
376 249.856 31.9417
377 280.439 23.6905
378 212.664 42.4637
379 258.692 38.9841
380 130.509 16.2807
381 306.844 29.0577
382 215.39 40.9921
383 322 22.908
384 347.874 23.4994
385 354.167 24.7517
386 352.979 24.7395
387 327.394 23.8019
388 351.652 26.9763
389 315.35 28.7751
390 326.544 19.6775
391 274.431 27.8841
392 320.731 23.4778
393 300.327 30.8477
394 309.86 26.8279
395 273.982 41.4542
396 297.023 29.025
397 237.655 33.8871
398 297.357 25.6935
399 270.188 29.9195
400 290.168 26.5321
401 245.034 32.3055
402 300.482 35.9221
403 287.25 36.1535
404 259.1 38.1423
405 261.452 32.3647
406 192.307 44.9048
407 293.152 29.1749
408 294.629 28.9014
409 285.116 26.7419
410 308.332 25.8411
411 260.62 27.2962
412 258.785 27.501
413 212.157 29.952
414 313.437 22.9889
415 297.507 18.499
416 302.867 23.1692
417 287.046 21.7635
418 288.078 32.047
419 287.824 21.3044
420 313.511 21.7968
421 308.312 27.3413
422 315.923 30.2562
423 301.736 27.5428
424 330.478 23.2059
425 319.297 21.7903
426 328.67 26.8728
427 328.57 22.6501
428 341.259 24.0665
429 335.444 25.2133
430 340.416 25.8178
431 338.325 28.1121
432 344.432 25.9711
433 346.461 24.4522
434 366.377 21.6425
435 338.497 24.5905
436 353.897 20.6074
437 340.058 21.1106
438 338.074 21.6001
439 325.138 24.9961
440 340.575 25.1906
441 320.684 26.8788
442 338.165 24.5991
443 316.491 23.845
444 302.463 25.8621
445 287.67 24.4965
446 263.978 37.0145
447 338.965 24.5939
448 341.639 25.7117
449 330.501 24.4744
450 341.619 23.0257
451 333.3 27.6253
452 336.85 23.859
453 321.423 28.6683
454 333.367 30.8098
455 313.339 33.1733
456 310.611 32.8671
457 288.144 33.4258
458 330.323 35.0039
459 307.932 39.6414
460 330.881 30.8742
461 353.159 24.4721
462 364.094 26.1047
463 344.827 29.9109
464 364.541 23.0706
465 355.69 31.1732
466 373.049 27.517
467 353.79 30.8029
468 363.817 24.709
469 316.154 33.223
470 369.625 25.1343
471 370.147 23.7042
472 385.646 21.5014
473 361.435 23.3546
474 376.964 22.3616
475 361.249 23.7581
476 398.833 22.2175
477 368.063 23.6578
478 414.316 26.9791
479 366.496 21.9544
480 363.74 30.4671
481 409.748 37.0226
482 412.796 22.0434
483 368.543 35.4563
484 345.365 29.7224
485 369.389 36.1725
486 392.446 28.5991
487 376.094 28.7693
488 398.258 31.1843
489 368.733 32.7674
490 377.501 35.6919
491 377.531 33.4438
492 402.633 51.0374
493 416.168 22.6901
494 437.547 42.5062
495 404.719 37.2816
496 403.994 39.5581
497 379.527 38.8856
498 456.842 40.8819
499 400.712 34.9653
500 434.33 24.8211
501 445.566 25.4833
502 435.193 36.873
503 434.61 25.2754
504 427.287 39.586
505 436.628 28.4887
506 438.145 35.1364
507 416.32 32.5297
508 437.402 28.4073
509 413.295 41.8411
510 450.71 27.6921
511 430.078 41.3425
512 453.984 39.5132
513 417.415 60.892
514 468.59 40.2947
515 463.597 44.1263
516 481.549 38.5622
517 451.545 46.9168
518 467.164 36.6303
519 470.876 43.9076
520 473.301 41.7496
521 460.697 37.0984
522 486.466 58.0358
523 445.897 46.1492
524 432.408 53.1456
525 454.346 41.8316
526 468.568 47.5342
527 459.666 38.1563
528 456.325 51.3925
529 473.412 40.2161
530 446.158 54.4029
531 464.937 42.6003
532 457.986 58.9015
533 478.344 53.6232
534 485.014 51.4112
535 507.733 53.3687
536 544.253 60.1685
537 517.848 52.6548
538 537.572 53.4605
539 514.639 49.7868
540 508.571 45.5853
541 509.914 48.3844
542 503.276 44.3527
543 523.837 49.9637
544 519.358 62.1493
545 611.018 53.5833
546 535.893 59.4287
547 536.424 57.4205
548 539.523 73.617
549 517.402 66.0942
550 556.807 75.4556
551 539.069 69.603
552 575.167 73.4736
553 580.87 71.1913
554 588.559 66.1046
555 561.192 84.1916
556 541.392 67.081
557 561.13 70.1324
558 566.713 75.4515
559 546.045 55.7802
560 551.401 68.1039
561 546.066 72.7308
562 577.428 61.2348
563 558.6 79.7757
564 582.814 79.9545
565 593.54 85.5617
566 576.599 77.8176
567 590.714 76.3679
568 554.366 68.5112
569 588.267 70.4577
570 546.629 76.7037
571 542.864 81.2903
572 558.084 69.2247
573 546.405 73.6812
574 483.815 68.1511
575 623.06 70.0837
576 597.036 85.867
577 648.729 55.6693
578 635.55 72.1399
579 638.397 52.8182
580 634.19 65.001
581 642.837 53.0115
582 660.913 51.7017
583 681.725 29.53
584 650.146 74.4949
585 664.04 66.9639
586 653.074 64.2654
587 637.939 72.012
588 621.869 58.0563
589 645.602 54.3809
590 633.514 48.7591
591 638.306 45.4758
592 647.63 64.1991
593 636.771 52.4763
594 640.725 64.502
595 626.287 71.301
596 626.188 55.2742
597 640.785 62.917
598 584.938 65.9651
599 650.21 60.6936
600 609.823 112.617
601 686.583 88.7868
602 666.629 72.8715
603 629.053 75.2291
604 677.198 78.6237
605 688.188 80.9185
606 702.593 68.7247
607 683.185 56.1672
608 710.11 61.6983
609 687.6 63.1585
610 708.446 64.0636
611 679.256 58.3915
612 672.965 75.3397
613 673.837 79.0313
614 679.777 85.4605
615 678.017 80.521
616 702.916 74.6306
617 661.04 76.9096
618 708.264 92.8225
619 669.824 72.4191
620 697.29 71.2741
621 656.51 78.5372
622 678.998 86.4462
623 642.27 102.553
624 710.063 83.7861
625 763.463 139.912
626 715.392 85.3563
627 653.142 85.026
628 698.275 85.7826
629 739.139 81.8833
630 680.268 77.5526
631 675.784 69.5167
632 687.428 75.5765
633 677.659 70.9907
634 745.469 93.1628
635 757.474 98.9229
636 755.16 106.441
637 761.573 84.1397
638 770.88 93.6394
639 767.588 102.681
640 920.374 84.5048
641 766.189 121.703
642 706.522 78.9344
643 641.041 79.3302
644 714.87 100.237
645 663.711 99.8049
646 714.302 64.0252
647 683.909 70.3965
648 732.443 69.7629
649 617.142 76.7335
650 676.251 74.5843
651 651.579 84.6712
652 672.955 83.8276
653 667.601 104.981
654 684.114 89.6692
655 638.981 94.8991
656 721.203 75.9044
657 694.733 69.6774
658 779.741 77.0726
659 725.449 91.2947
660 873.621 67.9229
661 648.741 107.43
662 688.051 98.4063
663 516.554 97.0827
664 743.424 96.8724
665 715.946 84.1616
666 777.775 123.351
667 657.966 96.4988
668 675.634 86.3053
669 663.823 74.128
670 681.607 94.9217
671 697.554 67.5913
672 644.664 120.142
673 739.479 69.291
674 748.646 105.532
675 716.579 72.2037
676 761.469 74.708
677 675.554 75.6045
678 645.894 104.659
679 717.555 82.2653
680 684.594 129.056
681 731.493 81.8224
682 659.275 102.895
683 713.407 82.1434
684 597.27 125.736
685 773.483 69.6103
686 753.102 87.0057
687 748.206 83.734
688 815.959 96.0209
689 771.375 89.7383
690 823.67 107.952
691 876.4 106.131
692 849.477 82.2586
693 828.316 78.7433
694 819.301 134.437
695 904.011 177.201
696 809.384 96.374
697 766.471 83.8158
698 828.35 91.5147
699 792.902 78.781
700 848.198 81.7175
701 802.417 77.1027
702 818.31 93.3357
703 792.681 79.6162
704 850.483 86.8437
705 756.313 100.519
706 841.252 67.3707
707 775.303 96.2301
708 838.774 70.9954
709 797.347 119.575
710 842.918 69.7444
711 840.603 95.248
712 828.517 65.4501
713 821.043 100.9
714 801.226 71.8531
715 705.43 95.4883
716 853.175 78.9417
717 833.301 75.9044
718 847.118 101.469
719 881.13 63.7962
720 862.736 77.5546
721 845.073 60.5889
722 842.618 65.9688
723 864.486 66.0445
724 846.889 57.9914
725 854.346 63.9328
726 862.953 56.5922
727 916.599 56.0928
728 874.238 49.916
729 866.301 59.3596
730 857.694 52.493
731 877.759 54.2716
732 850.169 60.333
733 874.599 58.681
734 897.346 58.2631
735 909.666 52.3076
736 898.263 47.2869
737 889.433 69.1741
738 912.588 60.4631
739 863.829 51.128
740 901.744 64.626
741 865.492 59.6926
742 909.396 65.849
743 895.623 49.0978
744 916.301 59.6693
745 889.535 65.9088
746 894.715 72.9447
747 866.853 60.5382
748 879.605 65.3093
749 850.109 87.2823
750 853.923 87.778
751 798.015 91.8852
752 853.86 81.3702
753 827.931 76.3213
754 838.434 65.3515
755 901.097 77.3652
756 860.239 88.0144
757 827.257 66.4688
758 850.072 77.5032
759 858.084 80.3901
760 859.606 88.0883
761 818.06 94.3233
762 788.747 100.403
763 591.125 159.911
764 766.017 103.776
765 655.604 138.023
766 821.425 92.8078
767 871.083 66.1215
768 847.596 71.3907
769 857.789 67.1752
770 860.929 77.4257
771 867.477 75.7687
772 865.645 89.8067
773 857.674 77.4932
774 873.077 93.3414
775 946.421 94.2689
776 912.35 82.7075
777 941.012 80.597
778 967.314 73.2379
779 1007.08 65.9477
780 952.969 70.5659
781 1065.95 73.2036
782 869.01 91.2953
783 851.054 102.868
784 889.518 83.8619
785 871.491 82.233
786 908.461 80.8174
787 904.061 70.7576
788 885.255 83.9221
789 920.401 85.0373
790 916.628 95.134
791 915.946 87.5665
792 881.581 73.7602
793 903.907 91.87
794 890.725 84.0928
795 849.618 120.516
796 870.213 77.1563
797 889.159 71.969
798 860.988 82.518
799 865.249 95.7259
800 918.37 79.627
801 836.593 106.515
802 768.404 100.976
803 816.436 105.975
804 892.324 61.6048
805 832.485 110.542
806 901.57 88.0036
807 792.125 103.971
808 856.616 60.0345
809 809.472 115.76
810 907.844 80.4699
811 829.399 124.875
812 838.35 97.9282
813 840.278 103.856
814 885.61 78.7662
815 857.326 102.696
816 899.225 63.5165
817 844.809 98.0904
818 933.712 94.7744
819 854.614 105.028
820 929.862 114.318
821 903.496 114.178
822 944.889 94.0289
823 903.846 122.386
824 968.596 100.107
825 900.773 90.5161
826 929.25 99.3083
827 911.267 107.325
828 889.631 104.855
829 925.843 83.5853
830 869.158 112.034
831 908.049 86.545
832 914.69 88.1624
833 986.195 124.376
834 965.227 149.281
835 964.274 117.74
836 994.09 97.9822
837 980.179 108.971
838 1004.21 83.0172
839 1109.84 83.1442
840 1210.5 113.45
841 1037.15 143.086
842 1151.04 146.039
843 952.827 94.2525
844 910.031 89.3937
845 1003.69 101.204
846 921.177 114.781
847 963.959 107.087
848 977.919 115.39
849 1034.62 108.426
850 950.461 83.416
851 995.072 129.932
852 925.853 119.767
853 962.567 106.718
854 925.603 97.2483
855 955.583 111.142
856 938.511 111.861
857 928.748 103.105
858 877.916 88.9441
859 915.495 110.832
860 875.141 106.89
861 910.033 99.915
862 795.784 65.5757
863 781.011 108.931
864 813.137 95.0679
865 823.964 95.3913
866 866.702 68.7639
867 816.062 87.6821
868 730.806 75.8647
869 756.441 120.025
870 689.622 104.469
871 684.615 108.158
872 632.977 105.065
873 612.699 111.127
874 570.636 111.209
875 624.24 116.039
876 558.498 131.813
877 768.044 138.019
878 594.385 99.7488
879 686.348 119.934
880 585.498 98.7599
881 700.179 119.644
882 630.738 101.448
883 807.366 109.677
884 705.608 140.838
885 877.415 99.6046
886 760.64 106.075
887 986.058 114.817
888 863.627 91.7888
889 978.703 131.006
890 875.971 79.5809
891 967.052 106.665
892 829.361 110.284
893 947.898 99.522
894 795.211 115.602
895 857.648 149.053
896 686.242 116.64
897 769.211 141.27
898 815.152 122.091
899 820.817 126.61
900 775.358 135.587
901 741.488 136.959
902 642.508 130.812
903 668.12 124.662
904 837.884 139.721
905 823.79 139.43
906 819.924 133.971
907 632.105 129.75
908 828.881 92.393
909 733.693 113.741
910 748.373 104.576
911 781.886 108.179
912 724.887 77.2564
913 751.919 114.344
914 769.622 91.913
915 766.794 167.761
916 930.763 160.262
917 709.454 133.26
918 1033.46 178.541
919 1019.21 172.619
920 1055.82 174.568
921 1006.11 150.507
922 1031.26 158.759
923 970.269 148.494
924 1011.64 173.929
925 954.954 179.645
926 995.152 172.602
927 895.975 146.816
928 827.299 136.475
929 914.177 198.906
930 1047.79 156.747
931 932.241 168.752
932 999.958 122.409
933 964.858 142.966
934 1000.9 143.842
935 992.977 140.906
936 1001.88 130.839
937 939.704 109.8
938 997.158 138.293
939 919.281 130.334
940 948.187 139.192
941 969.27 126.454
942 965.09 143.626
943 916.28 163.712
944 962.653 158.196
945 916.229 182.657
946 992.476 119.705
947 895.711 149.299
948 1017.15 139.502
949 983.491 130.239
950 966.284 126.376
951 869.273 116.14
952 985.408 136.413
953 997.083 104.933
954 996.784 118.662
955 1183.86 108.697
956 1058.06 127.819
957 1228.29 131.231
958 1144.41 105.524
959 1319.16 179.191
960 1063.03 166.419
961 1017.32 141.945
962 1106.51 167.199
963 1100.25 175.977
964 1013.87 139.521
965 983.322 159.396
966 1044.11 159.906
967 1026.92 211.262
968 927.611 189.196
969 902.521 178.342
970 849.338 125.653
971 714.774 239.371
972 881.761 177.325
973 795.935 195.154
974 736.937 177.361
975 477.501 129.356
976 946.156 185.715
977 551.859 169.204
978 764.765 192.917
979 594.559 191.831
980 608.957 177.939
981 538.547 183.283
982 554.851 200.889
983 464.513 205.821
984 821.153 199.091
985 548.633 186.277
986 687.513 196.767
987 232.439 126.897
988 1072.51 77.9999
989 977.793 126.152
990 867.327 95.3961
991 1037.46 145.675
992 898.288 101.01
993 1002.84 145.204
994 1118.02 184.437
995 963.312 156.291
996 1058.69 146.192
997 973.417 167.073
998 1097.51 168.369
999 1015.76 156.855
1000 1080.47 135.284
1001 1209.6 263.174
1002 902.558 97.1423
1003 1200.39 213.998
1004 1108.47 159.824
1005 1095.51 138.21
1006 1117.05 201.272
1007 962.872 164.548
1008 1090.95 128.281
1009 1059.73 174.543
1010 1071.12 122.192
1011 1028.46 141.986
1012 1055.17 144.011
1013 1076.25 185.095
1014 1243.35 253.96
1015 1045.45 111.587
1016 1179.69 141.578
1017 1043.69 142.865
1018 1130.6 147.675
1019 1068.82 158.543
1020 1118.92 216.565
1021 1191.81 158.314
1022 1181.86 171.54
1023 1182.14 203.563
1024 1197.01 163.054
1025 1084.45 166.403
1026 1185.66 237.789
1027 1119.71 176.892
1028 1192.46 204.096
1029 1162.94 123.503
1030 1197.67 174.293
1031 1140.75 159.672
1032 1162.9 158.779
1033 1156.01 144.075
1034 1265.79 137.014
1035 1159.39 159.971
1036 1131.98 189.919
1037 1075.4 130.758
1038 1186.36 98.9542
1039 1089.51 122.716
1040 1160.37 125.008
1041 1120.4 149.433
1042 1109.05 97.0894
1043 1091.06 179.965
1044 1060.05 119.987
1045 833.71 139.824
1046 1100.27 168.4
1047 1053.83 149.744
1048 1127.63 113.752
1049 922.392 131.216
1050 1063.01 178.728
1051 743.115 100.773
1052 970.679 135.552
1053 747.472 115.969
1054 971.492 130.227
1055 729.917 141.612
1056 1036.26 135.114
1057 722.23 141.404
1058 885.538 148.453
1059 632.354 85.6241
1060 745.519 126.258
1061 645.223 123.644
1062 903.127 151.156
1063 601.564 95.5474
1064 864.276 144.169
1065 599.725 73.8162
1066 763.217 184.737
1067 610.708 106.16
1068 827.954 143.454
1069 603.032 106.517
1070 962.434 108.717
1071 686.95 120.61
1072 1020.84 115.151
1073 646.032 117.77
1074 1037.53 114.828
1075 649.5 121.023
1076 892.708 151.129
1077 694.639 134.26
1078 980.614 112.014
1079 693.237 139.163
1080 1059.2 89.984
1081 818.055 158.486
1082 1033.87 109.775
1083 845.578 135.404
1084 1076.28 92.3485
1085 873.982 136.914
1086 999.097 153.744
1087 959.92 111.451
1088 1093.32 90.4185
1089 1136.18 115.047
1090 1210.47 176.27
1091 1214.63 126.314
1092 1520.99 347.203
1093 1142.24 128.191
1094 1109.38 104.557
1095 1238.89 131.172
1096 1105.98 166.98
1097 1303.61 108.449
1098 1195.98 124.684
1099 1423.21 151.014
1100 1161 131.641
1101 1182.91 118.315
1102 1029.81 137.908
1103 1027.1 115.564
1104 1070.73 145.056
1105 1074.34 146.951
1106 1046.7 187.936
1107 1012.3 141.312
1108 855.283 201.266
1109 1070.44 179.836
1110 1163.01 141.513
1111 1166.2 175.546
1112 1125.58 127.793
1113 1223.92 117.12
1114 1181.3 83.4468
1115 1185.17 103.828
1116 1115.63 96.595
1117 1114.53 131.395
1118 1069.9 101.263
1119 1121.41 107.686
1120 1072.41 107.872
1121 943.226 107.095
1122 948.005 135.763
1123 1030.21 129.896
1124 751.267 156.098
1125 1132.34 100.82
1126 1119.3 130.119
1127 1113.48 121.24
1128 1127.05 100.597
1129 1252.24 132.45
1130 1211.35 109.798
1131 1309.65 113.98
1132 1319.97 108.835
1133 1310.48 123.265
1134 1200.5 83.2073
1135 1259.31 78.7006
1136 1192.72 74.5926
1137 1225.13 70.2638
1138 1181.25 53.7604
1139 1240.95 64.0889
1140 1225.05 58.3127
1141 1278.99 56.0882
1142 1216.03 73.6572
1143 1276.51 79.4254
1144 1258.73 45.7012
1145 1297.87 41.1225
1146 1290.11 69.4634
1147 1399.4 79.1969
1148 1284.49 72.0348
1149 1313.03 74.3957
1150 1307.74 69.2816
1151 1354.75 79.9248
1152 1328.46 78.6093
1153 1341.04 75.434
1154 1208.63 61.0418
1155 1293.3 70.1195
1156 1189.41 51.7041
1157 1267.95 75.595
1158 1058.7 165.535
1159 1262.62 116.599
1160 924.435 186.114
1161 1170.11 102.419
1162 776.374 180.742
1163 1191.45 65.8817
1164 1262.47 72.6449
1165 1403.28 50.3552
1166 1349.21 61.7124
1167 1345.58 35.4612
1168 1455.05 84.1669
1169 1354.21 78.8852
1170 1314.52 76.9383
1171 1392.7 57.7038
1172 1367.25 62.5591
1173 1396.06 54.5041
1174 1396.75 64.214
1175 1306.16 64.2807
1176 1278.31 73.8614
1177 1331.47 60.6561
1178 1287.42 48.2398
1179 1315.9 62.6451
1180 1302.19 58.1164
1181 1329.19 39.2325
1182 1282.88 57.0537
1183 1393.13 57.6459
1184 1255.53 41.0027
1185 1340.55 48.1012
1186 1285.86 42.9589
1187 1279.19 44.1906
1188 1234.76 42.725
1189 1255.79 34.9124
1190 1213.16 36.596
1191 1304.89 35.7851
1192 1274.2 32.9975
1193 1320.7 43.3492
1194 1280.99 36.6015
1195 1374.35 52.4528
1196 1290.45 32.5931
1197 1337.99 37.334
1198 1220.24 43.8388
1199 1331.1 31.8605
1200 1308.12 29.6343
1201 1307.22 29.7967
1202 1303.94 26.348
1203 1349.12 26.4229
1204 1328.27 38.254
1205 1320.21 32.6948
1206 1250.36 48.5401
1207 1304.38 32.774
1208 1372.88 45.6082
1209 1351.98 42.3292
1210 1372.54 47.9797
1211 1309.35 67.8345
1212 1357.25 57.5098
1213 1396.85 50.1789
1214 1287.01 70.7582
1215 1306.83 60.0601
1216 1284.7 77.0757
1217 1414.61 34.5829
1218 1254.8 52.8191
1219 1419.83 34.0264
1220 1409.02 37.751
1221 1436.66 39.6474
1222 1381.75 60.0778
1223 1397.47 38.6995
1224 1359.57 53.3547
1225 1379.06 58.4474
1226 1271.35 58.0239
1227 1386.34 50.602
1228 1286.17 53.618
1229 1428.62 51.83
1230 1324.08 75.794
1231 1503.65 36.4523
1232 1559.71 19.5761
1233 1562.45 27.9613
1234 1563.46 25.9323
1235 1557.33 20.4326
1236 1551.06 15.8419
1237 1581.03 17.1408
1238 1573.84 14.754
1239 1589.9 11.9447
1240 1575.2 15.6118
1241 1586.2 14.1118
1242 1567.61 21.068
1243 1579.77 18.7407
1244 1598.5 31.6265
1245 1599.16 20.8919
1246 1607.1 39.6926
1247 1614.89 40.2825
1248 1642.38 50.6624
1249 1602.99 56.5411
1250 1681.09 59.3093
1251 1549.1 54.6044
1252 1596.64 46.2491
1253 1536.35 46.1171
1254 1552.37 52.7534
1255 1519.09 68.2019
1256 1560.35 79.4379
1257 1464.07 81.1721
1258 1559.59 75.1992
1259 1425.33 131.983
1260 1581.01 76.5308
1261 1558.96 120.702
1262 1736.05 83.2528
1263 1681.62 94.7174
1264 1785.24 64.808
1265 1690.6 78.2689
1266 1716.16 99.0574
1267 1668.41 80.4495
1268 1673.41 108.856
1269 1619.15 87.2404
1270 1713.29 110.491
1271 1668.73 93.957
1272 1648.76 83.0575
1273 1676.27 121.897
1274 1619.28 111.281
1275 1611.83 118.763
1276 1643.51 88.5567
1277 1705.62 113.745
1278 1761.35 89.6653
1279 1748.45 122.382
1280 1746.77 111.011
1281 1751.11 119.407
1282 1727.17 131.107
1283 1646.8 107.832
1284 1613.51 142.905
1285 1522.72 168.859
1286 1629.89 132.086
1287 1552.89 145.001
1288 1686.61 153.835
1289 1664.69 148.006
1290 1656.57 142.828
1291 1671.42 169.807
1292 1712.32 146.199
1293 1682.73 175.794
1294 1557.22 141.391
1295 1695.79 185.338
1296 1543.65 162.351
1297 1672.26 154.084
1298 1494.16 154.455
1299 1527.79 160.931
1300 1298.09 113.192
1301 1586.9 188.468
1302 1528.94 175.418
1303 1750.51 198.519
1304 1268.39 168.558
1305 1696.43 210.422
1306 1880.14 164.25
1307 1918.05 183.436
1308 2038.95 155.528
1309 1961.29 182.772
1310 1773.13 195.323
1311 1841.96 199.129
1312 1851.73 186.235
1313 1766 201.601
1314 2060.68 188.333
1315 1945.15 227.09
1316 2171.11 204.953
1317 1929.04 200.403
1318 2114.34 347.77
1319 1851.98 181.625
1320 1919.48 211.361
1321 1718.28 225.211
1322 1857.02 227.747
1323 1770.88 185.457
1324 1889.2 253.221
1325 1923.37 273.47
1326 1881.18 231.758
1327 1900.01 252.928
1328 1938.25 247.4
1329 1786.29 238.689
1330 1832.81 205.715
1331 1993.22 220.675
1332 1936.8 211.811
1333 2035.69 247.382
1334 1966.24 194.025
1335 2102.54 238.773
1336 2044.62 164.307
1337 2348.05 168.267
1338 2056.62 137.737
1339 2134.84 205.658
1340 2067.8 140.668
1341 2137.91 199.689
1342 2042.17 157.626
1343 2033.97 255.237
1344 1920.98 130.761
1345 1973.68 244.328
1346 1885.61 122.277
1347 1913.71 206.718
1348 1986.69 193
1349 2004.65 211.275
1350 2053.79 211.286
1351 1931.55 222.208
1352 1934.08 166.93
1353 1840.48 182.286
1354 2006.09 207.115
1355 1862.3 193.146
1356 1977.1 287.67
1357 1832.84 222.944
1358 1890.48 275.13
1359 1842.8 294.637
1360 1911.49 279.254
1361 1821.16 290.918
1362 1779.11 286.858
1363 1852.95 253.227
1364 1868.35 306.774
1365 1984.22 296.637
1366 1872.82 298.118
1367 1736.7 286.955
1368 1693.29 305.59
1369 1719.76 241.123
1370 1638.94 299.272
1371 1842.5 332.976
1372 2138.53 296.07
1373 1654.91 313.791
1374 1510.86 262.692
1375 1587.93 309.682
1376 1606.22 263.794
1377 1695.25 306.628
1378 1534.72 265.101
1379 1709.25 210.666
1380 1472.81 247.822
1381 1753.88 223.767
1382 1487.69 218.872
1383 1638.14 250.993
1384 1503.71 237.217
1385 1739.14 218.207
1386 1457.04 198.136
1387 1736.47 219.501
1388 1274.84 129.479
1389 1723.85 237.777
1390 1546.15 275.891
1391 1750.06 337.919
1392 2175.37 488.344
1393 2975.84 570.664
1394 1930.88 550.383
1395 2787.35 540.036
1396 2366.37 718.377
1397 2607.57 515.913
1398 2037.39 528.839
1399 2383.96 572.316
1400 1883.43 566.235
1401 2357.76 660.895
1402 2018.2 523.2
1403 2347.09 706.953
1404 2092.6 496.504
1405 2118.92 458.611
1406 1979.33 544.515
1407 2085.84 551.984
1408 1690.75 510.967
1409 1755.74 441.153
1410 1742.13 552.87
1411 1575.78 431.737
1412 1659.99 542.067
1413 1665.08 509.597
1414 1721.13 426.105
1415 1641.9 497.114
1416 1503.21 421.164
1417 1627.96 421.192
1418 1516.04 436.047
1419 1560.68 335.325
1420 1494.17 321.428
1421 1627.49 429.434
1422 1526.15 302.978
1423 1513.84 382.086
1424 1409.64 224.789
1425 1450.19 280.237
1426 1419.95 246.861
1427 1405.81 246.759
1428 1336.12 261.352
1429 1462.11 321.843
1430 1405.84 272.799
1431 1440.84 286.862
1432 1615.95 303.748
1433 1749.45 355.496
1434 1998.08 302.151
1435 1771.4 280.095
1436 2233.52 208.512
1437 1935.58 372.386
1438 2410.66 217.549
1439 2401.85 274.967
1440 2549.16 178.719
1441 2243.27 329.237
1442 2457.33 270.321
1443 2078.89 370.828
1444 2013.43 342.168
1445 2435.49 421.01
1446 1656.07 343.392
1447 2712.14 292.038
1448 2327.88 372.891
1449 2667.18 312.936
1450 2702.69 283.254
1451 2987.02 205.284
1452 3111.15 261.503
1453 3005.69 347.947
1454 3167.86 172.385
1455 3112.66 319.109
1456 3301.34 131.783
1457 3287.75 173.766
1458 3189.95 247.759
1459 3210.21 188.864
1460 3243.48 238.824
1461 3340.58 323.291
1462 3462.78 161.811
1463 3383 218.669
1464 3347.92 94.8516
1465 3269.54 294.09
1466 3473.97 163.359
1467 3382.7 308.81
1468 3386.93 417.331
1469 3691.32 431.094
1470 3561.2 246.54
1471 3270.48 360.49
1472 3251.4 341.597
1473 3502.83 220.648
1474 3491.92 207.736
1475 3481.54 288.105
1476 3350.01 262.552
1477 3346.93 380.988
1478 3658.17 319.536
1479 3366.13 271.778
1480 3151.78 384.15
1481 2227.27 625.137
1482 2308.92 486.856
1483 2937.47 589.261
1484 3314.88 349.878
1485 3016.47 511.994
1486 3102.57 381.93
1487 2144.87 562.989
1488 2000.88 512.67
1489 2265.09 585.122
1490 2485.51 446.598
1491 3113.8 365.743
1492 3370.59 233.409
1493 3521.23 244.943
1494 3466.05 221.157
1495 3247.11 313.516
1496 3414.02 309.847
1497 3392.53 297.364
1498 3428.2 419.134
1499 3454.91 401.626
1500 3516.91 375.548
1501 3409.28 284.561
1502 3654.98 233.265
1503 3667.34 145.277
1504 3770.18 502.39
1505 3045.8 450.039
1506 3335.24 279.56
1507 3567.37 200.509
1508 3766.15 142.843
1509 3552.8 157.709
1510 3716.47 141.965
1511 3628.07 146.02
1512 3650.56 104.165
1513 3763.19 153.569
1514 3759.8 140.092
1515 3914.74 158.803
1516 3915.14 122.055
1517 3887.75 107.309
1518 3966.72 105.082
1519 3936.17 75.3337
1520 4102.96 163.636
1521 4002.37 132.513
1522 3973.64 160.218
1523 4054.44 161.022
1524 4052.28 151.282
1525 3929.54 200.192
1526 3974.06 169.357
1527 3964.5 223.583
1528 3501.46 160.603
1529 3926.07 186.14
1530 3719.88 236.102
1531 3569.41 276.584
1532 3459.94 229.892
1533 3052.52 193.518
1534 3523.41 223.613
1535 3870.74 205.911
1536 3560.43 293.639
1537 3491.95 174.131
1538 3341.45 176.583
1539 3461.23 253.668
1540 3260.84 230.645
1541 3348.58 262.407
1542 3310.8 146.972
1543 3863.41 406.998
1544 3205.67 100.291
1545 3387.88 159.643
1546 3268.91 153.242
1547 3248.95 129.526
1548 3271.64 150.08
1549 3243.14 187.444
1550 3697.87 294.412
1551 3135.21 141.575
1552 3185.08 129.453
1553 3021.86 140.851
1554 2930.82 163.555
1555 3088.73 128.266
1556 3122.34 122.82
1557 2998.41 120.127
1558 2892.56 64.1151
1559 2955.32 95.6304
1560 2848.09 67.283
1561 2930.88 70.4391
1562 2931.05 58.4161
1563 2987.28 165.237
1564 2880.39 75.8067
1565 2804.95 54.7596
1566 2792.55 46.8607
1567 2798.37 39.4863
1568 2706.73 57.7286
1569 2788.82 71.5876
1570 2645.84 78.3783
1571 2754.53 55.774
1572 2758.6 37.8652
1573 2709.9 36.5656
1574 2695.02 38.2337
1575 2712.7 29.0536
1576 2768.73 9.61596
1577 2824.25 4.31628
1578 2907.46 9.78372
1579 2965.85 11.0423
1580 3067.79 9.69905
1581 3053.9 14.2755
1582 3177.31 12.3354
1583 3115.43 18.9129
1584 3132.91 19.02
1585 3066.65 27.447
1586 3258.79 113.275
1587 4041.91 98.1957
1588 4025.9 138.419
1589 3883.8 141.884
1590 3864.86 81.7684
1591 3783.75 57.1569
1592 3500.08 88.6112
1593 3619.13 73.6085
1594 3353.27 22.183
1595 3614.08 37.6312
1596 3593.48 41.5252
1597 3550.79 17.2151
1598 3792.45 58.3011
1599 3712.75 28.6074
1600 3754 0
