N J h steps 
7500 0.845 0 510000000000
-4397 8
-4396 74
-4395 7
-4394 15
-4393 32
-4392 167
-4391 82
-4390 220
-4389 419
-4388 392
-4387 372
-4386 246
-4385 502
-4384 531
-4383 241
-4382 712
-4381 585
-4380 419
-4379 356
-4378 265
-4377 339
-4376 430
-4375 487
-4374 748
-4373 582
-4372 548
-4371 355
-4370 486
-4369 639
-4368 1030
-4367 647
-4366 937
-4365 2449
-4364 2620
-4363 3356
-4362 2985
-4361 4396
-4360 4877
-4359 4400
-4358 5468
-4357 4783
-4356 6929
-4355 7725
-4354 8521
-4353 6711
-4352 7470
-4351 7059
-4350 8464
-4349 7351
-4348 7268
-4347 7139
-4346 5716
-4345 5006
-4344 5734
-4343 5897
-4342 4458
-4341 4637
-4340 5569
-4339 6354
-4338 7297
-4337 7453
-4336 6873
-4335 7152
-4334 8192
-4333 9478
-4332 11030
-4331 9687
-4330 9178
-4329 10630
-4328 13881
-4327 11781
-4326 12952
-4325 16175
-4324 14797
-4323 16693
-4322 14484
-4321 15996
-4320 17137
-4319 15854
-4318 16271
-4317 17933
-4316 12069
-4315 11293
-4314 13358
-4313 11257
-4312 11531
-4311 13856
-4310 12044
-4309 14748
-4308 15115
-4307 16562
-4306 16220
-4305 15955
-4304 15038
-4303 14540
-4302 15335
-4301 18548
-4300 16036
-4299 22193
-4298 17082
-4297 21038
-4296 18794
-4295 18440
-4294 18277
-4293 20691
-4292 18966
-4291 19469
-4290 20487
-4289 18859
-4288 22320
-4287 26064
-4286 22178
-4285 23362
-4284 23692
-4283 22702
-4282 23355
-4281 26085
-4280 24492
-4279 23932
-4278 34478
-4277 25084
-4276 29929
-4275 33006
-4274 32071
-4273 36427
-4272 37149
-4271 39262
-4270 37247
-4269 47398
-4268 43238
-4267 42917
-4266 47149
-4265 48716
-4264 49522
-4263 49273
-4262 51408
-4261 50548
-4260 52967
-4259 53113
-4258 53520
-4257 52038
-4256 51063
-4255 61521
-4254 59679
-4253 55665
-4252 57556
-4251 58099
-4250 55370
-4249 59871
-4248 55560
-4247 61500
-4246 64956
-4245 62252
-4244 66323
-4243 80124
-4242 72533
-4241 75049
-4240 79518
-4239 89619
-4238 92310
-4237 94504
-4236 103958
-4235 107449
-4234 107554
-4233 112147
-4232 125900
-4231 130245
-4230 140794
-4229 150015
-4228 154980
-4227 168169
-4226 184677
-4225 188286
-4224 204012
-4223 223490
-4222 235236
-4221 240468
-4220 240844
-4219 252138
-4218 263979
-4217 261613
-4216 271626
-4215 285160
-4214 292888
-4213 303376
-4212 306228
-4211 306788
-4210 302370
-4209 328917
-4208 338300
-4207 334594
-4206 332985
-4205 340240
-4204 345107
-4203 349468
-4202 364405
-4201 363159
-4200 371461
-4199 385318
-4198 383257
-4197 384171
-4196 417608
-4195 411304
-4194 423564
-4193 423092
-4192 437492
-4191 422051
-4190 437097
-4189 432951
-4188 446224
-4187 452914
-4186 463982
-4185 482644
-4184 457416
-4183 494248
-4182 476059
-4181 496365
-4180 516941
-4179 524808
-4178 559382
-4177 545932
-4176 562050
-4175 576141
-4174 586065
-4173 607100
-4172 600989
-4171 623132
-4170 631757
-4169 627474
-4168 662116
-4167 665277
-4166 656113
-4165 675008
-4164 687229
-4163 701461
-4162 721876
-4161 716533
-4160 720584
-4159 736805
-4158 757353
-4157 761418
-4156 764550
-4155 763551
-4154 793192
-4153 781487
-4152 797915
-4151 779680
-4150 809079
-4149 836097
-4148 843832
-4147 856406
-4146 849574
-4145 873834
-4144 874051
-4143 900351
-4142 895217
-4141 903121
-4140 899265
-4139 935278
-4138 946315
-4137 961793
-4136 969038
-4135 990065
-4134 987325
-4133 1018665
-4132 1053398
-4131 1034813
-4130 1026828
-4129 1036485
-4128 1057478
-4127 1049998
-4126 1106578
-4125 1103462
-4124 1094812
-4123 1096348
-4122 1110677
-4121 1156890
-4120 1169757
-4119 1168334
-4118 1172222
-4117 1180830
-4116 1191923
-4115 1200643
-4114 1245689
-4113 1262725
-4112 1232826
-4111 1271210
-4110 1281786
-4109 1312708
-4108 1314973
-4107 1339575
-4106 1364900
-4105 1370710
-4104 1368638
-4103 1383270
-4102 1395200
-4101 1421162
-4100 1412231
-4099 1442517
-4098 1444462
-4097 1477706
-4096 1495834
-4095 1473394
-4094 1476899
-4093 1499442
-4092 1495378
-4091 1483872
-4090 1488399
-4089 1516875
-4088 1502992
-4087 1513656
-4086 1503048
-4085 1496760
-4084 1536900
-4083 1568807
-4082 1557651
-4081 1561674
-4080 1569290
-4079 1598907
-4078 1604075
-4077 1606097
-4076 1620957
-4075 1618115
-4074 1640147
-4073 1685574
-4072 1672446
-4071 1713066
-4070 1695538
-4069 1725160
-4068 1709613
-4067 1745385
-4066 1725657
-4065 1794606
-4064 1772231
-4063 1788467
-4062 1832651
-4061 1834535
-4060 1831182
-4059 1851968
-4058 1855836
-4057 1852950
-4056 1912559
-4055 1912007
-4054 1952219
-4053 2022372
-4052 2005560
-4051 2039008
-4050 2063572
-4049 2084540
-4048 2097597
-4047 2084071
-4046 2149698
-4045 2107226
-4044 2128935
-4043 2131817
-4042 2135636
-4041 2100868
-4040 2127456
-4039 2133819
-4038 2125847
-4037 2118485
-4036 2135457
-4035 2166190
-4034 2141544
-4033 2151139
-4032 2164257
-4031 2166418
-4030 2126887
-4029 2088937
-4028 2124691
-4027 2110109
-4026 2083552
-4025 2117604
-4024 2114049
-4023 2082594
-4022 2125191
-4021 2125918
-4020 2095425
-4019 2111093
-4018 2094503
-4017 2074879
-4016 2090658
-4015 2084144
-4014 2080135
-4013 2157047
-4012 2116963
-4011 2139390
-4010 2121628
-4009 2088976
-4008 2150127
-4007 2121976
-4006 2117030
-4005 2098616
-4004 2120712
-4003 2163460
-4002 2100648
-4001 2103411
-4000 2149321
-3999 2134980
-3998 2150736
-3997 2114982
-3996 2137915
-3995 2115579
-3994 2140035
-3993 2131372
-3992 2073346
-3991 2140106
-3990 2146774
-3989 2159986
-3988 2167096
-3987 2172833
-3986 2199912
-3985 2235509
-3984 2156264
-3983 2232930
-3982 2274262
-3981 2269280
-3980 2307449
-3979 2288002
-3978 2308420
-3977 2356880
-3976 2353472
-3975 2387545
-3974 2371208
-3973 2373937
-3972 2378618
-3971 2415908
-3970 2417963
-3969 2404413
-3968 2444522
-3967 2476180
-3966 2483742
-3965 2494645
-3964 2485392
-3963 2487144
-3962 2518010
-3961 2539433
-3960 2531382
-3959 2592232
-3958 2522680
-3957 2578802
-3956 2628446
-3955 2612168
-3954 2593039
-3953 2624789
-3952 2556579
-3951 2625693
-3950 2639842
-3949 2628597
-3948 2655189
-3947 2645031
-3946 2705232
-3945 2668234
-3944 2690398
-3943 2729580
-3942 2710226
-3941 2715550
-3940 2727842
-3939 2742164
-3938 2774157
-3937 2783640
-3936 2753806
-3935 2792934
-3934 2789375
-3933 2822909
-3932 2847391
-3931 2883389
-3930 2863108
-3929 2880030
-3928 2906584
-3927 2901523
-3926 2878643
-3925 2899662
-3924 2915752
-3923 2942440
-3922 2941261
-3921 3021804
-3920 2990005
-3919 3033628
-3918 3066052
-3917 3088194
-3916 3093707
-3915 3120223
-3914 3119685
-3913 3158268
-3912 3162505
-3911 3200554
-3910 3191903
-3909 3174837
-3908 3273042
-3907 3248605
-3906 3301821
-3905 3286615
-3904 3316618
-3903 3311336
-3902 3279054
-3901 3342293
-3900 3322717
-3899 3373576
-3898 3416555
-3897 3441761
-3896 3479957
-3895 3534660
-3894 3592442
-3893 3618270
-3892 3646325
-3891 3639396
-3890 3650603
-3889 3726254
-3888 3763041
-3887 3815301
-3886 3789240
-3885 3871820
-3884 3869943
-3883 3937663
-3882 4020094
-3881 4040393
-3880 4070656
-3879 4095089
-3878 4044823
-3877 4156099
-3876 4230726
-3875 4253049
-3874 4310049
-3873 4361103
-3872 4454796
-3871 4571673
-3870 4553843
-3869 4607795
-3868 4635930
-3867 4642861
-3866 4639301
-3865 4668267
-3864 4703010
-3863 4691350
-3862 4708114
-3861 4802331
-3860 4804516
-3859 4772922
-3858 4877267
-3857 4931737
-3856 4917474
-3855 4890390
-3854 4850003
-3853 4945755
-3852 4962848
-3851 5008435
-3850 5074631
-3849 5017590
-3848 5063121
-3847 5116034
-3846 5089963
-3845 5110838
-3844 5065881
-3843 5077560
-3842 5167328
-3841 5174599
-3840 5224686
-3839 5286833
-3838 5287953
-3837 5392876
-3836 5433995
-3835 5477108
-3834 5442440
-3833 5486977
-3832 5487488
-3831 5546227
-3830 5563712
-3829 5564670
-3828 5593716
-3827 5635685
-3826 5720998
-3825 5707852
-3824 5682983
-3823 5765752
-3822 5836390
-3821 5838519
-3820 5856359
-3819 5923539
-3818 5996621
-3817 5966557
-3816 6044121
-3815 6045700
-3814 6043776
-3813 6146692
-3812 6032782
-3811 6167184
-3810 6150828
-3809 6198088
-3808 6223067
-3807 6291732
-3806 6346775
-3805 6374792
-3804 6381447
-3803 6415233
-3802 6375748
-3801 6426433
-3800 6484509
-3799 6473172
-3798 6515779
-3797 6533328
-3796 6519278
-3795 6479242
-3794 6525805
-3793 6544105
-3792 6523540
-3791 6604434
-3790 6654789
-3789 6693566
-3788 6724995
-3787 6652538
-3786 6729406
-3785 6715353
-3784 6754205
-3783 6803845
-3782 6880173
-3781 6844508
-3780 6894599
-3779 6889844
-3778 6899250
-3777 6894222
-3776 6897955
-3775 6976486
-3774 6989063
-3773 6991546
-3772 7049124
-3771 7156294
-3770 7089618
-3769 7197439
-3768 7047433
-3767 7134261
-3766 7132857
-3765 7120943
-3764 7224388
-3763 7190294
-3762 7326012
-3761 7315917
-3760 7437050
-3759 7389985
-3758 7403436
-3757 7483875
-3756 7453023
-3755 7515396
-3754 7599745
-3753 7715744
-3752 7685453
-3751 7739867
-3750 7828843
-3749 7770315
-3748 7771071
-3747 7821944
-3746 7848291
-3745 7975094
-3744 7938984
-3743 7981733
-3742 8018417
-3741 8079845
-3740 8033481
-3739 8107240
-3738 8167063
-3737 8208245
-3736 8175851
-3735 8309083
-3734 8288351
-3733 8374800
-3732 8340302
-3731 8393530
-3730 8402867
-3729 8519913
-3728 8543260
-3727 8528916
-3726 8619920
-3725 8544620
-3724 8765258
-3723 8911353
-3722 8840971
-3721 8933065
-3720 8994843
-3719 8942525
-3718 9048260
-3717 9125179
-3716 9116496
-3715 9171480
-3714 9331284
-3713 9366422
-3712 9379747
-3711 9427024
-3710 9482664
-3709 9669844
-3708 9698881
-3707 9725152
-3706 9802463
-3705 9858561
-3704 10025684
-3703 9997557
-3702 10123789
-3701 10150249
-3700 10129488
-3699 10202448
-3698 10304373
-3697 10365041
-3696 10453311
-3695 10439390
-3694 10386696
-3693 10506917
-3692 10491481
-3691 10599796
-3690 10678991
-3689 10656514
-3688 10707489
-3687 10737893
-3686 10712864
-3685 10807238
-3684 10910834
-3683 10911676
-3682 11006917
-3681 10958017
-3680 10961969
-3679 10913639
-3678 11019084
-3677 11034500
-3676 11009786
-3675 10978343
-3674 10985562
-3673 11023935
-3672 11210773
-3671 11167270
-3670 11238894
-3669 11214622
-3668 11223012
-3667 11448111
-3666 11396910
-3665 11482591
-3664 11563128
-3663 11532166
-3662 11634713
-3661 11684871
-3660 11716254
-3659 11741236
-3658 11823564
-3657 11864705
-3656 11793167
-3655 11908405
-3654 11968868
-3653 12002738
-3652 12013231
-3651 12138431
-3650 12099015
-3649 12313004
-3648 12322973
-3647 12432279
-3646 12623667
-3645 12575242
-3644 12664479
-3643 12772677
-3642 12807356
-3641 12896959
-3640 13060947
-3639 13073571
-3638 13097672
-3637 13102649
-3636 13197170
-3635 13294497
-3634 13337429
-3633 13332546
-3632 13400711
-3631 13463340
-3630 13609862
-3629 13677312
-3628 13733318
-3627 13873063
-3626 13917927
-3625 13893134
-3624 14043236
-3623 14064729
-3622 14178723
-3621 14132629
-3620 14400272
-3619 14479663
-3618 14579806
-3617 14721203
-3616 14921191
-3615 14962820
-3614 15174462
-3613 15229952
-3612 15290335
-3611 15344747
-3610 15371197
-3609 15427099
-3608 15556679
-3607 15654162
-3606 15815362
-3605 15958283
-3604 16001199
-3603 16146878
-3602 16205272
-3601 16392070
-3600 16475066
-3599 16609622
-3598 16841246
-3597 16762178
-3596 16855210
-3595 17135930
-3594 17026185
-3593 17303988
-3592 17401384
-3591 17585803
-3590 17725796
-3589 17789214
-3588 17912184
-3587 17963643
-3586 18342880
-3585 18438022
-3584 18643134
-3583 18833837
-3582 19112969
-3581 19249346
-3580 19252455
-3579 19427431
-3578 19548231
-3577 19692926
-3576 19864395
-3575 20016769
-3574 20170561
-3573 20320729
-3572 20258518
-3571 20530268
-3570 20798621
-3569 20809241
-3568 20947229
-3567 21193763
-3566 21369723
-3565 21531458
-3564 21770925
-3563 21908499
-3562 21932264
-3561 22117771
-3560 22227839
-3559 22482131
-3558 22468379
-3557 22663419
-3556 22943538
-3555 23148617
-3554 23348672
-3553 23473671
-3552 23733538
-3551 23776302
-3550 24003839
-3549 24182449
-3548 24348107
-3547 24458244
-3546 24833059
-3545 24937987
-3544 25185522
-3543 25463436
-3542 25629161
-3541 25991175
-3540 26299587
-3539 26353399
-3538 26625366
-3537 26949548
-3536 27077927
-3535 27287225
-3534 27554578
-3533 27839998
-3532 28118517
-3531 28210142
-3530 28421756
-3529 28673026
-3528 28972788
-3527 29232354
-3526 29317161
-3525 29856482
-3524 30060491
-3523 30471490
-3522 30539362
-3521 30997431
-3520 31079764
-3519 31495752
-3518 31803170
-3517 31914699
-3516 32286106
-3515 32442118
-3514 32652497
-3513 32998805
-3512 33270958
-3511 33683522
-3510 33789605
-3509 34057300
-3508 34302781
-3507 34705878
-3506 35010055
-3505 35233622
-3504 35608609
-3503 35784374
-3502 36339747
-3501 36586721
-3500 36984534
-3499 37214000
-3498 37475664
-3497 37997808
-3496 38339375
-3495 38555453
-3494 38958255
-3493 39361994
-3492 39707197
-3491 40144586
-3490 40417684
-3489 40992470
-3488 41548926
-3487 41810296
-3486 42361393
-3485 42661147
-3484 43094979
-3483 43538310
-3482 44022396
-3481 44409659
-3480 44816562
-3479 45127404
-3478 45626029
-3477 46093392
-3476 46459179
-3475 46653566
-3474 47109720
-3473 47396353
-3472 48044444
-3471 48430707
-3470 48853261
-3469 49258588
-3468 49440983
-3467 49894053
-3466 50526388
-3465 50684033
-3464 51217036
-3463 51509975
-3462 52044442
-3461 52358746
-3460 52563477
-3459 52880950
-3458 53310337
-3457 53799076
-3456 54087993
-3455 54280189
-3454 55010939
-3453 55461758
-3452 55784044
-3451 55989031
-3450 56598679
-3449 56950309
-3448 57370972
-3447 57945913
-3446 58045127
-3445 58514195
-3444 59067352
-3443 59538030
-3442 60154168
-3441 60354352
-3440 60891370
-3439 61383074
-3438 61930444
-3437 62233742
-3436 62717091
-3435 63373779
-3434 63805370
-3433 64425752
-3432 64959435
-3431 65558602
-3430 66202405
-3429 66579263
-3428 67236456
-3427 67748487
-3426 68572940
-3425 69220823
-3424 69515696
-3423 70023069
-3422 70716371
-3421 71146831
-3420 71846272
-3419 72266927
-3418 73070366
-3417 73910852
-3416 74641637
-3415 75207197
-3414 75932789
-3413 76837582
-3412 77461570
-3411 78098376
-3410 78969549
-3409 79716887
-3408 80270960
-3407 81280197
-3406 81690346
-3405 82467279
-3404 83268987
-3403 84091397
-3402 85000632
-3401 85925526
-3400 86672705
-3399 87056181
-3398 87870765
-3397 88804588
-3396 89574230
-3395 90118122
-3394 91027925
-3393 91661314
-3392 92457642
-3391 93380390
-3390 94022791
-3389 94599934
-3388 95322344
-3387 96166723
-3386 97020929
-3385 97802563
-3384 98778385
-3383 99397647
-3382 100163029
-3381 100791167
-3380 101575952
-3379 102680483
-3378 103484787
-3377 104169248
-3376 104984413
-3375 105920880
-3374 106916938
-3373 107542096
-3372 108498614
-3371 109676758
-3370 110384291
-3369 111202685
-3368 112252088
-3367 113182240
-3366 113932286
-3365 114424625
-3364 115628866
-3363 116200705
-3362 117055886
-3361 118280227
-3360 118975530
-3359 120084697
-3358 120825746
-3357 121584314
-3356 122420202
-3355 123290261
-3354 123787010
-3353 124977873
-3352 125883286
-3351 127139396
-3350 127954413
-3349 129059482
-3348 129858763
-3347 131050476
-3346 131557894
-3345 132599800
-3344 133507716
-3343 134712968
-3342 135931194
-3341 136754779
-3340 137596731
-3339 138487988
-3338 139287376
-3337 140628018
-3336 141820781
-3335 142777344
-3334 143270969
-3333 144370784
-3332 145181012
-3331 146527538
-3330 147187293
-3329 148237489
-3328 149076729
-3327 150209005
-3326 151146171
-3325 152291571
-3324 153366612
-3323 154626394
-3322 156054782
-3321 156675603
-3320 158008057
-3319 159119363
-3318 160387288
-3317 161785504
-3316 162859601
-3315 163623279
-3314 164834592
-3313 166352358
-3312 167276354
-3311 168912192
-3310 170268333
-3309 171172574
-3308 172456894
-3307 173647436
-3306 174319045
-3305 176059568
-3304 176751981
-3303 178203230
-3302 179480402
-3301 180366141
-3300 181752712
-3299 182813184
-3298 184132283
-3297 185713224
-3296 187006735
-3295 188111068
-3294 189606537
-3293 190834065
-3292 191883545
-3291 193123703
-3290 194311683
-3289 195770322
-3288 197422197
-3287 198461635
-3286 200074149
-3285 201181812
-3284 202173833
-3283 203160764
-3282 204626403
-3281 206108863
-3280 207590671
-3279 208991672
-3278 210344214
-3277 212108287
-3276 212925156
-3275 214409446
-3274 215722413
-3273 216809845
-3272 218192312
-3271 219562620
-3270 221580829
-3269 223133334
-3268 224485517
-3267 226113265
-3266 227595106
-3265 229535066
-3264 230867231
-3263 232130806
-3262 233855088
-3261 235464235
-3260 237218678
-3259 239477785
-3258 240108124
-3257 242550391
-3256 244131311
-3255 246048093
-3254 247786174
-3253 249349323
-3252 250853438
-3251 252651914
-3250 254588313
-3249 256693562
-3248 257807812
-3247 259870630
-3246 261465600
-3245 263620330
-3244 265404902
-3243 267171358
-3242 269627737
-3241 271183987
-3240 272475146
-3239 274386272
-3238 275749432
-3237 278080222
-3236 280048075
-3235 281195368
-3234 283761369
-3233 285127670
-3232 287065022
-3231 288813361
-3230 290204354
-3229 292126294
-3228 293561108
-3227 295265986
-3226 297194430
-3225 299216527
-3224 300977449
-3223 302607567
-3222 305192208
-3221 305987197
-3220 307791832
-3219 310011737
-3218 311871862
-3217 313905293
-3216 315617032
-3215 317007578
-3214 319294627
-3213 321011471
-3212 322880247
-3211 325232550
-3210 326809996
-3209 329048102
-3208 330778201
-3207 332182273
-3206 334985227
-3205 337387319
-3204 338712490
-3203 341370526
-3202 343016953
-3201 345029154
-3200 346934554
-3199 349085558
-3198 351045064
-3197 352976702
-3196 354489161
-3195 356380331
-3194 358680510
-3193 360299897
-3192 361830360
-3191 364031420
-3190 366074153
-3189 367866894
-3188 369648546
-3187 370958757
-3186 373176732
-3185 374305284
-3184 376960091
-3183 379350262
-3182 381790679
-3181 382991851
-3180 385760091
-3179 387751990
-3178 390497389
-3177 392371474
-3176 393964144
-3175 396057625
-3174 398284818
-3173 399650068
-3172 401930361
-3171 403827116
-3170 405899648
-3169 407279416
-3168 409787791
-3167 412052707
-3166 414030311
-3165 416056292
-3164 418105122
-3163 420336655
-3162 422438476
-3161 424289136
-3160 426547250
-3159 428824801
-3158 430161810
-3157 433531290
-3156 435227703
-3155 437620962
-3154 439447831
-3153 441694568
-3152 443422426
-3151 445419000
-3150 446900245
-3149 450218492
-3148 451311902
-3147 454289546
-3146 456344564
-3145 458243156
-3144 459317968
-3143 462629003
-3142 464380419
-3141 466689183
-3140 468772006
-3139 470578665
-3138 472603136
-3137 475295135
-3136 477315349
-3135 479113792
-3134 481260508
-3133 483945549
-3132 485788964
-3131 487576314
-3130 490312741
-3129 491953615
-3128 494887048
-3127 496643126
-3126 499184130
-3125 501086879
-3124 503251726
-3123 505658375
-3122 507907489
-3121 510450444
-3120 511945730
-3119 513835402
-3118 516605602
-3117 518911124
-3116 521389322
-3115 523639262
-3114 525882526
-3113 527829956
-3112 530746367
-3111 532887713
-3110 535437491
-3109 537929907
-3108 540556962
-3107 542365353
-3106 545573012
-3105 547778964
-3104 549888348
-3103 551669409
-3102 554937195
-3101 556593934
-3100 558395815
-3099 561687878
-3098 563265026
-3097 566405953
-3096 568243536
-3095 571325695
-3094 573276738
-3093 575353339
-3092 577936130
-3091 579407831
-3090 581519073
-3089 584168472
-3088 585980753
-3087 588201031
-3086 590949076
-3085 592874272
-3084 594589168
-3083 597681627
-3082 600056137
-3081 602845571
-3080 604991096
-3079 608032196
-3078 609553370
-3077 612393336
-3076 614647935
-3075 616878862
-3074 619821606
-3073 621943837
-3072 623960356
-3071 627048476
-3070 629680496
-3069 632120918
-3068 635052174
-3067 637972032
-3066 639966573
-3065 642175969
-3064 645310849
-3063 647686227
-3062 649559417
-3061 652352116
-3060 655296413
-3059 656954863
-3058 659886402
-3057 662510069
-3056 665495865
-3055 667199702
-3054 669745424
-3053 671887163
-3052 674559271
-3051 676959568
-3050 680296973
-3049 682338762
-3048 683695372
-3047 687229576
-3046 689476582
-3045 691988866
-3044 695020416
-3043 697745833
-3042 699815734
-3041 703476105
-3040 705305923
-3039 708765411
-3038 710679586
-3037 712547543
-3036 715606736
-3035 717907950
-3034 721801098
-3033 724073041
-3032 727237067
-3031 730465588
-3030 733112932
-3029 734374183
-3028 737279693
-3027 740252625
-3026 741639476
-3025 745078266
-3024 748132077
-3023 749693738
-3022 752621031
-3021 755637423
-3020 758689857
-3019 761435310
-3018 763198968
-3017 765692820
-3016 768516514
-3015 771316554
-3014 773600440
-3013 775177846
-3012 778062766
-3011 780443031
-3010 782677801
-3009 785539485
-3008 787380736
-3007 790125435
-3006 793240569
-3005 795062142
-3004 797647339
-3003 799952248
-3002 802935041
-3001 804658821
-3000 808431721
-2999 810421909
-2998 813067932
-2997 815406916
-2996 817595268
-2995 820384391
-2994 822486351
-2993 825915417
-2992 827492756
-2991 830699994
-2990 832629914
-2989 834862519
-2988 837604188
-2987 840084600
-2986 841176793
-2985 844031603
-2984 846729438
-2983 848924261
-2982 851100219
-2981 853584286
-2980 855801046
-2979 858573415
-2978 859393843
-2977 861574978
-2976 864202354
-2975 866910260
-2974 868556177
-2973 871256291
-2972 873929597
-2971 875589627
-2970 877875946
-2969 879985004
-2968 883029732
-2967 884422183
-2966 885578589
-2965 888320414
-2964 890203054
-2963 891984260
-2962 893930843
-2961 895133971
-2960 897919320
-2959 899979757
-2958 901625320
-2957 904494179
-2956 905726417
-2955 906820869
-2954 910068458
-2953 911685367
-2952 912849712
-2951 915949957
-2950 917188001
-2949 919156750
-2948 919898439
-2947 922020363
-2946 923540944
-2945 925949197
-2944 926835496
-2943 928704603
-2942 930155088
-2941 930855989
-2940 933334870
-2939 934040564
-2938 936377002
-2937 938258290
-2936 939564568
-2935 940721778
-2934 942568969
-2933 944595954
-2932 945957587
-2931 947940754
-2930 949615241
-2929 949997720
-2928 951192236
-2927 953981945
-2926 955074576
-2925 955426929
-2924 957147929
-2923 958150876
-2922 959685621
-2921 959598404
-2920 960205739
-2919 961817982
-2918 963203502
-2917 964821925
-2916 964992017
-2915 966283276
-2914 967525133
-2913 968388799
-2912 968517505
-2911 969643666
-2910 970043555
-2909 971929970
-2908 973583651
-2907 973721416
-2906 974822917
-2905 974199730
-2904 974837736
-2903 974576068
-2902 976077244
-2901 977155568
-2900 976418664
-2899 978499443
-2898 978966769
-2897 978869113
-2896 978605244
-2895 979636061
-2894 980623309
-2893 981567082
-2892 980121786
-2891 981428173
-2890 981544192
-2889 981955777
-2888 982611042
-2887 984043612
-2886 984502851
-2885 984051296
-2884 984171332
-2883 985090703
-2882 984533617
-2881 986027593
-2880 984695327
-2879 986132460
-2878 987038861
-2877 987622279
-2876 986745943
-2875 987328657
-2874 986159787
-2873 986817722
-2872 986607268
-2871 986943142
-2870 987649408
-2869 987248619
-2868 987165823
-2867 987236561
-2866 987638601
-2865 987820804
-2864 986944439
-2863 986228398
-2862 986377554
-2861 986254165
-2860 986365446
-2859 985475530
-2858 984789105
-2857 984754183
-2856 984253989
-2855 983945293
-2854 983617096
-2853 983457535
-2852 983395803
-2851 982707880
-2850 982047618
-2849 981297844
-2848 981800676
-2847 982063608
-2846 981935998
-2845 981185046
-2844 979605443
-2843 978816425
-2842 977756146
-2841 977198305
-2840 975882524
-2839 976475761
-2838 975725717
-2837 976086730
-2836 974848157
-2835 973569147
-2834 972119936
-2833 971872277
-2832 971467708
-2831 969260075
-2830 967748166
-2829 966213182
-2828 965485605
-2827 965659627
-2826 963000367
-2825 962187269
-2824 960874544
-2823 959580761
-2822 959954945
-2821 957765793
-2820 956836916
-2819 954558272
-2818 953050198
-2817 951046114
-2816 950053812
-2815 948321705
-2814 947299221
-2813 945998242
-2812 943860823
-2811 941849472
-2810 940711772
-2809 939101958
-2808 938247415
-2807 937189444
-2806 935123719
-2805 932306027
-2804 931700177
-2803 928403411
-2802 927828252
-2801 926007732
-2800 924234964
-2799 922342631
-2798 920064261
-2797 920074320
-2796 917825474
-2795 915219882
-2794 914046296
-2793 911927167
-2792 910153127
-2791 908446025
-2790 907198040
-2789 904910044
-2788 902494268
-2787 900324211
-2786 899014886
-2785 897372853
-2784 895543718
-2783 892774329
-2782 891083631
-2781 888631822
-2780 887050708
-2779 884570841
-2778 881307373
-2777 881194445
-2776 877789672
-2775 875320020
-2774 873112090
-2773 871640057
-2772 869326345
-2771 867151508
-2770 865207066
-2769 863265009
-2768 861267954
-2767 858734280
-2766 855946006
-2765 853758596
-2764 852464151
-2763 848992272
-2762 846808075
-2761 844228415
-2760 841885337
-2759 839100201
-2758 835732964
-2757 833378294
-2756 830573526
-2755 827616677
-2754 825431481
-2753 823257979
-2752 821540351
-2751 818481192
-2750 814516053
-2749 813125545
-2748 809493081
-2747 806542881
-2746 804953014
-2745 802117932
-2744 798390945
-2743 796078915
-2742 793353400
-2741 791122793
-2740 788592920
-2739 786572757
-2738 783984413
-2737 780045450
-2736 776453655
-2735 775322926
-2734 771952426
-2733 769041683
-2732 766330321
-2731 763284332
-2730 760733884
-2729 757520728
-2728 754633409
-2727 752065759
-2726 748213529
-2725 745137309
-2724 741889851
-2723 739014026
-2722 735548760
-2721 733157419
-2720 730604936
-2719 727133112
-2718 724435212
-2717 721357550
-2716 717827296
-2715 715007428
-2714 711796116
-2713 708704474
-2712 705438943
-2711 701917174
-2710 698441413
-2709 696194366
-2708 692509278
-2707 689773116
-2706 686594975
-2705 682986473
-2704 680422514
-2703 676284546
-2702 672788113
-2701 670056906
-2700 666877701
-2699 663377060
-2698 659202721
-2697 657042246
-2696 653344843
-2695 650363704
-2694 646624679
-2693 643244495
-2692 639902624
-2691 635501866
-2690 631505694
-2689 628474129
-2688 624355251
-2687 621632472
-2686 617951729
-2685 615839777
-2684 611691565
-2683 608628499
-2682 604770755
-2681 603232404
-2680 599700877
-2679 596528008
-2678 593088673
-2677 589961254
-2676 586256387
-2675 583043644
-2674 579453084
-2673 575952888
-2672 572575079
-2671 569015416
-2670 564850149
-2669 562124261
-2668 559665679
-2667 556309360
-2666 552487243
-2665 548609359
-2664 545105402
-2663 542805003
-2662 539224791
-2661 535364811
-2660 531870615
-2659 528193508
-2658 525175076
-2657 521697075
-2656 518518635
-2655 514610201
-2654 511702066
-2653 507576935
-2652 504463040
-2651 500654493
-2650 497290132
-2649 493795374
-2648 490196213
-2647 485841307
-2646 483113368
-2645 479227565
-2644 476074016
-2643 472952837
-2642 470028924
-2641 466361550
-2640 463242598
-2639 458900643
-2638 456438201
-2637 452914374
-2636 448846405
-2635 446188835
-2634 442170672
-2633 438984497
-2632 436297319
-2631 431907829
-2630 428832558
-2629 424491306
-2628 421266907
-2627 418130401
-2626 415602566
-2625 411824245
-2624 409127882
-2623 405458683
-2622 401791893
-2621 398021635
-2620 394783358
-2619 391227514
-2618 387631361
-2617 384691937
-2616 381871689
-2615 378301788
-2614 375650945
-2613 371961778
-2612 369361275
-2611 366033380
-2610 362644003
-2609 358787151
-2608 355770566
-2607 352338740
-2606 349783664
-2605 346436306
-2604 343355701
-2603 340293955
-2602 337594226
-2601 333851823
-2600 331109919
-2599 327359854
-2598 324969113
-2597 321680565
-2596 319134596
-2595 315850518
-2594 313482985
-2593 310616992
-2592 307722592
-2591 304947140
-2590 301544192
-2589 298582351
-2588 295933482
-2587 293299414
-2586 290146060
-2585 287784429
-2584 284886450
-2583 282762379
-2582 279491471
-2581 277290703
-2580 274133017
-2579 271372858
-2578 268620727
-2577 265514394
-2576 262497299
-2575 261374984
-2574 258357805
-2573 256747572
-2572 253902839
-2571 250977489
-2570 248717879
-2569 246274749
-2568 243794996
-2567 240717482
-2566 238825996
-2565 236210582
-2564 234031240
-2563 231688153
-2562 228826305
-2561 226990942
-2560 224615932
-2559 222641185
-2558 220222413
-2557 218366245
-2556 216335811
-2555 214019342
-2554 211457137
-2553 209187992
-2552 207150456
-2551 204928076
-2550 202625893
-2549 200553452
-2548 198589002
-2547 196084683
-2546 193647724
-2545 191657953
-2544 189747590
-2543 186910716
-2542 184908724
-2541 182537139
-2540 180635158
-2539 178866625
-2538 177121899
-2537 175027151
-2536 172916547
-2535 170659327
-2534 168620686
-2533 166683940
-2532 164987267
-2531 163024484
-2530 160926373
-2529 158815882
-2528 157137965
-2527 155598583
-2526 153580252
-2525 152192818
-2524 150001280
-2523 148398133
-2522 146626991
-2521 144582542
-2520 143230529
-2519 141525679
-2518 140038339
-2517 138160570
-2516 136518932
-2515 134924585
-2514 132969030
-2513 131388378
-2512 130427035
-2511 128469178
-2510 126496361
-2509 125375124
-2508 123904090
-2507 122061397
-2506 120396968
-2505 118874943
-2504 117302269
-2503 116013558
-2502 114348848
-2501 112880158
-2500 111396526
-2499 109547095
-2498 108192954
-2497 106409454
-2496 105088446
-2495 103734686
-2494 101994439
-2493 100444918
-2492 99319861
-2491 97588915
-2490 96209685
-2489 95138888
-2488 93791387
-2487 92680587
-2486 91383974
-2485 89897865
-2484 88545821
-2483 87348155
-2482 86430796
-2481 85021300
-2480 83739496
-2479 82918409
-2478 81919494
-2477 80882218
-2476 79460707
-2475 78357405
-2474 77198414
-2473 75873653
-2472 74821831
-2471 73829145
-2470 73044013
-2469 71918305
-2468 70940285
-2467 69737701
-2466 68814017
-2465 67805527
-2464 66705649
-2463 65511239
-2462 64353692
-2461 63663721
-2460 62671175
-2459 61467600
-2458 60695479
-2457 59541289
-2456 58570296
-2455 57621748
-2454 56685499
-2453 55795094
-2452 54754440
-2451 54121627
-2450 53092558
-2449 52285728
-2448 51446339
-2447 50587076
-2446 49953957
-2445 49303907
-2444 48390804
-2443 47339431
-2442 46844732
-2441 45893617
-2440 45343025
-2439 44552290
-2438 43683577
-2437 42959725
-2436 42387876
-2435 41661633
-2434 40996430
-2433 40591419
-2432 39856839
-2431 38947458
-2430 38244047
-2429 37557043
-2428 37027022
-2427 36235576
-2426 35835270
-2425 34996969
-2424 34566368
-2423 33844826
-2422 33322430
-2421 32728840
-2420 32291888
-2419 31714147
-2418 31275773
-2417 30670950
-2416 30105438
-2415 29447197
-2414 29159674
-2413 28569775
-2412 28285894
-2411 27601147
-2410 27265897
-2409 26936910
-2408 26520600
-2407 25981386
-2406 25547822
-2405 25170935
-2404 24616343
-2403 24148742
-2402 23701675
-2401 23133927
-2400 22556445
-2399 22211109
-2398 21901156
-2397 21350643
-2396 20949903
-2395 20506507
-2394 20219297
-2393 19762330
-2392 19325149
-2391 18971405
-2390 18504171
-2389 18196880
-2388 17957389
-2387 17549315
-2386 17269802
-2385 17087962
-2384 16576167
-2383 16174200
-2382 15851526
-2381 15648353
-2380 15400078
-2379 15083684
-2378 14760862
-2377 14313811
-2376 14019654
-2375 13746392
-2374 13302417
-2373 13194277
-2372 12880717
-2371 12633454
-2370 12295859
-2369 12000923
-2368 11827488
-2367 11606987
-2366 11324318
-2365 11085656
-2364 10846602
-2363 10635137
-2362 10338425
-2361 10136135
-2360 10016397
-2359 9861458
-2358 9617754
-2357 9319737
-2356 9069414
-2355 8735265
-2354 8623321
-2353 8453451
-2352 8303625
-2351 7997296
-2350 7873022
-2349 7802805
-2348 7545209
-2347 7432695
-2346 7326138
-2345 7145778
-2344 7027262
-2343 6897406
-2342 6712370
-2341 6589151
-2340 6418085
-2339 6389521
-2338 6261630
-2337 6056948
-2336 5992541
-2335 5821547
-2334 5732146
-2333 5600607
-2332 5383692
-2331 5213617
-2330 5105096
-2329 5034890
-2328 4866456
-2327 4761654
-2326 4630055
-2325 4475029
-2324 4393705
-2323 4350807
-2322 4255976
-2321 4139401
-2320 4012909
-2319 3821747
-2318 3774800
-2317 3721900
-2316 3621785
-2315 3533550
-2314 3368418
-2313 3247709
-2312 3237744
-2311 3117623
-2310 2976586
-2309 2884304
-2308 2858377
-2307 2738007
-2306 2770495
-2305 2584121
-2304 2548660
-2303 2524111
-2302 2410313
-2301 2395344
-2300 2328942
-2299 2280053
-2298 2215489
-2297 2206695
-2296 2142247
-2295 2075680
-2294 2062543
-2293 1952093
-2292 1961541
-2291 1871745
-2290 1858400
-2289 1814260
-2288 1792629
-2287 1705208
-2286 1691636
-2285 1567228
-2284 1567093
-2283 1529041
-2282 1521374
-2281 1440467
-2280 1418227
-2279 1387783
-2278 1311714
-2277 1261808
-2276 1208508
-2275 1202511
-2274 1168182
-2273 1137233
-2272 1111855
-2271 1064594
-2270 1051967
-2269 1011744
-2268 956244
-2267 921911
-2266 930531
-2265 870125
-2264 867650
-2263 839357
-2262 829757
-2261 793767
-2260 752980
-2259 742316
-2258 712962
-2257 681867
-2256 679992
-2255 643380
-2254 607763
-2253 601413
-2252 557627
-2251 566030
-2250 533775
-2249 505398
-2248 476624
-2247 486541
-2246 456467
-2245 455820
-2244 437602
-2243 439064
-2242 416244
-2241 420732
-2240 388795
-2239 394817
-2238 384352
-2237 330495
-2236 339064
-2235 329488
-2234 341016
-2233 299166
-2232 295329
-2231 297969
-2230 274627
-2229 263095
-2228 268598
-2227 242145
-2226 231727
-2225 223748
-2224 210485
-2223 210086
-2222 196059
-2221 174666
-2220 162938
-2219 160029
-2218 156549
-2217 166973
-2216 165268
-2215 160554
-2214 158067
-2213 152677
-2212 162174
-2211 150408
-2210 149178
-2209 142828
-2208 131126
-2207 146600
-2206 138695
-2205 120525
-2204 118402
-2203 122489
-2202 128151
-2201 115609
-2200 118420
-2199 111719
-2198 105827
-2197 97755
-2196 96721
-2195 99365
-2194 94681
-2193 88760
-2192 87643
-2191 73619
-2190 67918
-2189 76681
-2188 68708
-2187 69447
-2186 68753
-2185 77086
-2184 70452
-2183 63520
-2182 51144
-2181 44817
-2180 48812
-2179 53797
-2178 40112
-2177 39934
-2176 38117
-2175 42410
-2174 36518
-2173 29589
-2172 31065
-2171 24485
-2170 29090
-2169 22827
-2168 21978
-2167 19104
-2166 19122
-2165 14747
-2164 15533
-2163 15436
-2162 11380
-2161 12310
-2160 10484
-2159 8108
-2158 8616
-2157 8534
-2156 8558
-2155 4815
-2154 6011
-2153 4946
-2152 7567
-2151 7109
-2150 6347
-2149 4661
-2148 4888
-2147 5221
-2146 7050
-2145 5169
-2144 7042
-2143 4855
-2142 8284
-2141 5453
-2140 5809
-2139 4894
-2138 2338
-2137 5659
-2136 2420
-2135 4242
-2134 4358
-2133 2976
-2132 2258
-2131 2906
-2130 3720
-2129 3865
-2128 1771
-2127 2293
-2126 2881
-2125 1419
-2124 2146
-2123 2298
-2122 1944
-2121 2709
-2120 1244
-2119 1829
-2118 1420
-2117 1913
-2116 1088
-2115 1675
-2114 1225
-2113 399
-2112 1362
-2111 134
-2110 384
-2109 277
-2108 128
-2107 80
-2105 4
-2104 323
