N J h steps 
6000 0.836 0 234000000000
-10238 15
-10236 2
-10235 13
-10234 100
-10233 82
-10232 130
-10231 188
-10230 169
-10229 49
-10228 130
-10227 324
-10226 186
-10225 511
-10224 140
-10223 231
-10222 390
-10221 403
-10220 611
-10219 877
-10218 1092
-10217 477
-10216 591
-10215 517
-10214 197
-10213 293
-10212 1119
-10211 810
-10210 2032
-10209 1127
-10208 1320
-10207 1349
-10206 1510
-10205 1419
-10204 1399
-10203 1306
-10202 1344
-10201 1464
-10200 2036
-10199 2447
-10198 1473
-10197 1502
-10196 1533
-10195 1807
-10194 2624
-10193 2133
-10192 1968
-10191 1428
-10190 1317
-10189 2371
-10188 1111
-10187 928
-10186 1677
-10185 1269
-10184 1308
-10183 1307
-10182 1228
-10181 1153
-10180 664
-10179 800
-10178 651
-10177 539
-10176 735
-10175 859
-10174 580
-10173 723
-10172 1095
-10171 662
-10170 1621
-10169 1961
-10168 2124
-10167 1029
-10166 1535
-10165 1390
-10164 1728
-10163 1503
-10162 1474
-10161 1628
-10160 2311
-10159 2024
-10158 2256
-10157 2343
-10156 2370
-10155 2346
-10154 1849
-10153 3366
-10152 3843
-10151 3844
-10150 2415
-10149 3419
-10148 3756
-10147 4075
-10146 4079
-10145 4621
-10144 3915
-10143 2974
-10142 4551
-10141 3344
-10140 3903
-10139 5385
-10138 4153
-10137 5293
-10136 6398
-10135 6982
-10134 5372
-10133 4417
-10132 5235
-10131 4267
-10130 5251
-10129 4754
-10128 4105
-10127 4573
-10126 5985
-10125 6065
-10124 9533
-10123 8552
-10122 8617
-10121 12705
-10120 13603
-10119 14883
-10118 12532
-10117 12798
-10116 11535
-10115 14131
-10114 14806
-10113 11876
-10112 13874
-10111 13294
-10110 17357
-10109 13649
-10108 17182
-10107 16686
-10106 17092
-10105 13705
-10104 21197
-10103 14402
-10102 16533
-10101 15826
-10100 23158
-10099 24750
-10098 24901
-10097 19720
-10096 20713
-10095 20751
-10094 18149
-10093 20431
-10092 22406
-10091 26334
-10090 24020
-10089 27003
-10088 26059
-10087 29717
-10086 26857
-10085 31516
-10084 33716
-10083 32201
-10082 40063
-10081 40458
-10080 33380
-10079 42001
-10078 38539
-10077 39847
-10076 41290
-10075 46332
-10074 47838
-10073 44956
-10072 44208
-10071 46985
-10070 45504
-10069 38923
-10068 42214
-10067 42521
-10066 45802
-10065 49801
-10064 53197
-10063 53473
-10062 54304
-10061 54735
-10060 52594
-10059 62337
-10058 70348
-10057 71670
-10056 74702
-10055 78804
-10054 78881
-10053 83239
-10052 86600
-10051 85682
-10050 86403
-10049 96789
-10048 104054
-10047 102969
-10046 106483
-10045 113169
-10044 108719
-10043 116710
-10042 119471
-10041 115256
-10040 127815
-10039 139387
-10038 130785
-10037 140178
-10036 138699
-10035 136708
-10034 151858
-10033 162957
-10032 163462
-10031 188184
-10030 170190
-10029 185255
-10028 187516
-10027 188006
-10026 190274
-10025 176652
-10024 187028
-10023 184549
-10022 200419
-10021 210947
-10020 211615
-10019 223430
-10018 217238
-10017 243323
-10016 225743
-10015 233357
-10014 255747
-10013 258517
-10012 267698
-10011 275140
-10010 287817
-10009 299911
-10008 293758
-10007 293112
-10006 325308
-10005 313129
-10004 323490
-10003 329239
-10002 346250
-10001 332551
-10000 339955
-9999 358149
-9998 356516
-9997 382269
-9996 368367
-9995 377979
-9994 384004
-9993 376828
-9992 387159
-9991 378503
-9990 393281
-9989 382183
-9988 412412
-9987 415881
-9986 413536
-9985 427806
-9984 443465
-9983 443165
-9982 441892
-9981 434377
-9980 453812
-9979 466686
-9978 476652
-9977 507850
-9976 495343
-9975 520499
-9974 506930
-9973 527456
-9972 548204
-9971 527652
-9970 540354
-9969 561121
-9968 561537
-9967 573159
-9966 585539
-9965 594691
-9964 614563
-9963 640486
-9962 648912
-9961 675080
-9960 645354
-9959 658468
-9958 662842
-9957 716781
-9956 732952
-9955 738366
-9954 747224
-9953 772770
-9952 817580
-9951 832489
-9950 803345
-9949 824057
-9948 845989
-9947 890322
-9946 894104
-9945 927874
-9944 922995
-9943 940301
-9942 933728
-9941 969579
-9940 1012575
-9939 1005299
-9938 1006803
-9937 999990
-9936 1064708
-9935 1066676
-9934 1119960
-9933 1130097
-9932 1139549
-9931 1174819
-9930 1206945
-9929 1189039
-9928 1237791
-9927 1257603
-9926 1246800
-9925 1280657
-9924 1323300
-9923 1321895
-9922 1341431
-9921 1359075
-9920 1374550
-9919 1367390
-9918 1419444
-9917 1414676
-9916 1445898
-9915 1471419
-9914 1506435
-9913 1500330
-9912 1488615
-9911 1526876
-9910 1552239
-9909 1593637
-9908 1581730
-9907 1656193
-9906 1650149
-9905 1664580
-9904 1709172
-9903 1748045
-9902 1780601
-9901 1815429
-9900 1792780
-9899 1875240
-9898 1874013
-9897 1942935
-9896 1928899
-9895 1977346
-9894 1977054
-9893 1946095
-9892 2031255
-9891 2085308
-9890 2110466
-9889 2162849
-9888 2195617
-9887 2219377
-9886 2279927
-9885 2301499
-9884 2319238
-9883 2339692
-9882 2425365
-9881 2466284
-9880 2516523
-9879 2549818
-9878 2550368
-9877 2576816
-9876 2641865
-9875 2636785
-9874 2719574
-9873 2784973
-9872 2819681
-9871 2851656
-9870 2905626
-9869 2918940
-9868 2955490
-9867 3020892
-9866 3102710
-9865 3207762
-9864 3196492
-9863 3262475
-9862 3276142
-9861 3337928
-9860 3336249
-9859 3394127
-9858 3431912
-9857 3514765
-9856 3542915
-9855 3639177
-9854 3674612
-9853 3775588
-9852 3850654
-9851 3902984
-9850 3951321
-9849 4016242
-9848 4076101
-9847 4108994
-9846 4164742
-9845 4205938
-9844 4317606
-9843 4329613
-9842 4471584
-9841 4491076
-9840 4568700
-9839 4647184
-9838 4657867
-9837 4699903
-9836 4796365
-9835 4832135
-9834 4891307
-9833 4974698
-9832 5024935
-9831 5103431
-9830 5112433
-9829 5344668
-9828 5268152
-9827 5310368
-9826 5366322
-9825 5533976
-9824 5608467
-9823 5683885
-9822 5771792
-9821 5843084
-9820 5884864
-9819 5995888
-9818 6086269
-9817 6167196
-9816 6199512
-9815 6311223
-9814 6445350
-9813 6465215
-9812 6606250
-9811 6644934
-9810 6698923
-9809 6862019
-9808 6950206
-9807 6982239
-9806 7108216
-9805 7201298
-9804 7364262
-9803 7449022
-9802 7559477
-9801 7679924
-9800 7750375
-9799 7936508
-9798 8057731
-9797 8108833
-9796 8183527
-9795 8336517
-9794 8445665
-9793 8639217
-9792 8722497
-9791 8865823
-9790 9030906
-9789 9104151
-9788 9196092
-9787 9310174
-9786 9401511
-9785 9586511
-9784 9696867
-9783 9719502
-9782 9978464
-9781 9929160
-9780 10120753
-9779 10230770
-9778 10258030
-9777 10490375
-9776 10671640
-9775 10864662
-9774 10987875
-9773 11109391
-9772 11288890
-9771 11344094
-9770 11426874
-9769 11493687
-9768 11796167
-9767 11816497
-9766 12040188
-9765 12170996
-9764 12334354
-9763 12604388
-9762 12684311
-9761 12802087
-9760 13054410
-9759 13130914
-9758 13346797
-9757 13509400
-9756 13740178
-9755 13897834
-9754 14013451
-9753 14244820
-9752 14424043
-9751 14709880
-9750 14747020
-9749 14951999
-9748 15119347
-9747 15290397
-9746 15544520
-9745 15688414
-9744 16083800
-9743 16244236
-9742 16394982
-9741 16636310
-9740 16725189
-9739 16893940
-9738 17195867
-9737 17427575
-9736 17564313
-9735 17763316
-9734 17907431
-9733 18157466
-9732 18242103
-9731 18483013
-9730 18724801
-9729 18971182
-9728 19223450
-9727 19391502
-9726 19517149
-9725 19835650
-9724 20094414
-9723 20205972
-9722 20499863
-9721 20766200
-9720 21053541
-9719 21314588
-9718 21614720
-9717 21765250
-9716 22082101
-9715 22392823
-9714 22556964
-9713 22843953
-9712 22960180
-9711 23291725
-9710 23584661
-9709 23812566
-9708 24254533
-9707 24512492
-9706 24778292
-9705 25016862
-9704 25245136
-9703 25539537
-9702 25888423
-9701 26096741
-9700 26509214
-9699 26828046
-9698 27026177
-9697 27222930
-9696 27585905
-9695 27967568
-9694 28238187
-9693 28587770
-9692 28927626
-9691 29154125
-9690 29673139
-9689 29904881
-9688 30042759
-9687 30311017
-9686 30537810
-9685 30972195
-9684 31226974
-9683 31588663
-9682 31834951
-9681 32275850
-9680 32529532
-9679 32949624
-9678 33266275
-9677 33581931
-9676 33958730
-9675 34155900
-9674 34573072
-9673 34929306
-9672 35319662
-9671 35674395
-9670 36025366
-9669 36150125
-9668 36688557
-9667 37106848
-9666 37334593
-9665 37786224
-9664 38086830
-9663 38721559
-9662 39038425
-9661 39423391
-9660 39849537
-9659 40196031
-9658 40476886
-9657 40667094
-9656 41335377
-9655 41805390
-9654 41832271
-9653 42278330
-9652 43026987
-9651 43304432
-9650 43696766
-9649 44153100
-9648 44306507
-9647 44844694
-9646 45236351
-9645 45525333
-9644 46197023
-9643 46529128
-9642 47229021
-9641 47717848
-9640 48048369
-9639 48409774
-9638 48930964
-9637 49221074
-9636 49700033
-9635 50299906
-9634 50776731
-9633 51160558
-9632 51689166
-9631 52072761
-9630 52440806
-9629 53088987
-9628 53639649
-9627 53879188
-9626 54357024
-9625 54877969
-9624 55288526
-9623 55901206
-9622 56357094
-9621 56764888
-9620 57173403
-9619 57591167
-9618 58130190
-9617 58536744
-9616 59170570
-9615 59609842
-9614 59880917
-9613 60474778
-9612 60978773
-9611 61304625
-9610 61871515
-9609 62256391
-9608 62902144
-9607 63265790
-9606 64105967
-9605 64658761
-9604 65176235
-9603 65465290
-9602 66240800
-9601 66544249
-9600 67091359
-9599 67783820
-9598 68116691
-9597 68669634
-9596 69140953
-9595 69582044
-9594 70081465
-9593 70716346
-9592 71012431
-9591 71968063
-9590 72482165
-9589 73025866
-9588 73541608
-9587 74155492
-9586 74472763
-9585 74970424
-9584 75497341
-9583 76104755
-9582 76574900
-9581 77344275
-9580 77797738
-9579 78150056
-9578 78919240
-9577 79405142
-9576 80110833
-9575 80717843
-9574 81245781
-9573 82328044
-9572 82563637
-9571 83274729
-9570 83849195
-9569 84314660
-9568 84750610
-9567 85443758
-9566 86161640
-9565 86636066
-9564 86899601
-9563 87502889
-9562 87944558
-9561 88813760
-9560 89432826
-9559 90019627
-9558 90592599
-9557 91412823
-9556 91856100
-9555 92478825
-9554 93141083
-9553 93876003
-9552 94521494
-9551 95395887
-9550 95772613
-9549 96636500
-9548 97176246
-9547 97730736
-9546 98442287
-9545 98990528
-9544 99508451
-9543 100099060
-9542 100898876
-9541 101358390
-9540 101865743
-9539 102592889
-9538 103215231
-9537 103892600
-9536 104380277
-9535 104948548
-9534 105879963
-9533 106295792
-9532 106894211
-9531 107657615
-9530 108156382
-9529 108906430
-9528 109149288
-9527 109771865
-9526 110749971
-9525 111417771
-9524 111662155
-9523 112576987
-9522 113201301
-9521 113647769
-9520 114320754
-9519 115150636
-9518 115578315
-9517 116120601
-9516 116736555
-9515 117618830
-9514 118330279
-9513 118816283
-9512 119858605
-9511 120509555
-9510 121144579
-9509 122110605
-9508 122792036
-9507 123224474
-9506 124013670
-9505 124828115
-9504 125548006
-9503 126071796
-9502 126762126
-9501 127360072
-9500 128220840
-9499 128902832
-9498 129456369
-9497 130295698
-9496 130937138
-9495 131445685
-9494 132272069
-9493 133018474
-9492 133842324
-9491 134500392
-9490 135484826
-9489 135986707
-9488 136707744
-9487 137212728
-9486 138136278
-9485 139075454
-9484 139657306
-9483 140305863
-9482 141363425
-9481 141778481
-9480 142607365
-9479 143489253
-9478 144160495
-9477 144920026
-9476 145570178
-9475 146478158
-9474 146758088
-9473 147775382
-9472 148436924
-9471 149316204
-9470 150034946
-9469 150585954
-9468 151241952
-9467 151794475
-9466 152675132
-9465 153556303
-9464 154145930
-9463 155085118
-9462 155718033
-9461 156203736
-9460 156851237
-9459 157319088
-9458 158323230
-9457 159167105
-9456 159757443
-9455 160563303
-9454 161316325
-9453 162184053
-9452 162769053
-9451 163758763
-9450 164423765
-9449 165554527
-9448 165897608
-9447 166619475
-9446 167992012
-9445 168401699
-9444 169345861
-9443 169588302
-9442 170888153
-9441 171591353
-9440 172658659
-9439 173196521
-9438 174096263
-9437 174700568
-9436 175550480
-9435 176462626
-9434 177133202
-9433 177518355
-9432 178334409
-9431 179293632
-9430 180142810
-9429 181354069
-9428 181665924
-9427 182541807
-9426 183422796
-9425 184090435
-9424 184789958
-9423 185948236
-9422 186279814
-9421 187007801
-9420 187764584
-9419 189124623
-9418 189865543
-9417 190887979
-9416 191483784
-9415 192478001
-9414 192962100
-9413 193695437
-9412 193839517
-9411 194945332
-9410 195872078
-9409 197138088
-9408 197857217
-9407 198799954
-9406 198967293
-9405 199974721
-9404 200902437
-9403 201625420
-9402 202469594
-9401 202764960
-9400 204080841
-9399 204384059
-9398 205623985
-9397 206085826
-9396 206678686
-9395 207812572
-9394 208829153
-9393 209665896
-9392 210091946
-9391 210876718
-9390 211588124
-9389 212711088
-9388 213659745
-9387 214347996
-9386 215217197
-9385 215784575
-9384 216563194
-9383 217655575
-9382 217785461
-9381 218941200
-9380 219604928
-9379 220204984
-9378 221075398
-9377 221340358
-9376 221927153
-9375 222507775
-9374 223771902
-9373 224380939
-9372 225309253
-9371 225637544
-9370 226906229
-9369 227461486
-9368 228281234
-9367 228976433
-9366 230285470
-9365 230578094
-9364 231517190
-9363 232088607
-9362 232415570
-9361 233328943
-9360 234410796
-9359 235371666
-9358 235883884
-9357 237271238
-9356 237170097
-9355 237694612
-9354 238626150
-9353 239186778
-9352 240232741
-9351 240631669
-9350 241554650
-9349 241871195
-9348 242956266
-9347 243603358
-9346 244297145
-9345 245101887
-9344 245996723
-9343 246484618
-9342 247162144
-9341 247451815
-9340 248221643
-9339 248995827
-9338 249725849
-9337 250390451
-9336 250920081
-9335 251959966
-9334 252518736
-9333 253384252
-9332 254415245
-9331 255180147
-9330 255975556
-9329 256622610
-9328 257497461
-9327 258131053
-9326 259139910
-9325 259724597
-9324 260600055
-9323 260954537
-9322 262249980
-9321 262582257
-9320 263238619
-9319 263779288
-9318 264588123
-9317 264988376
-9316 265812170
-9315 266264300
-9314 266466791
-9313 267273976
-9312 267689102
-9311 268046630
-9310 268822572
-9309 269308090
-9308 269922338
-9307 270565355
-9306 270814921
-9305 271405306
-9304 272688920
-9303 272783654
-9302 273259935
-9301 273912960
-9300 274743952
-9299 275356533
-9298 275748716
-9297 275843866
-9296 276369321
-9295 277030523
-9294 277510640
-9293 278074564
-9292 278793857
-9291 279236194
-9290 279496927
-9289 280739971
-9288 280884734
-9287 281594846
-9286 281792212
-9285 282177843
-9284 283213952
-9283 283377983
-9282 284293908
-9281 284956664
-9280 285286017
-9279 285532443
-9278 286169714
-9277 286616120
-9276 287475965
-9275 287969956
-9274 288652142
-9273 289466796
-9272 289725766
-9271 290742231
-9270 290869898
-9269 291185993
-9268 292506228
-9267 292568668
-9266 293725676
-9265 293874148
-9264 294179487
-9263 294765990
-9262 295710017
-9261 295794706
-9260 295782210
-9259 296410114
-9258 296807255
-9257 297383579
-9256 298000371
-9255 297855131
-9254 298182091
-9253 298732743
-9252 299701331
-9251 300316189
-9250 300956623
-9249 301188496
-9248 301460716
-9247 301945920
-9246 302442443
-9245 302666298
-9244 302838468
-9243 303401511
-9242 304062648
-9241 304705857
-9240 305384150
-9239 305661053
-9238 306126461
-9237 306001619
-9236 307065516
-9235 307222586
-9234 307849194
-9233 308237984
-9232 308752633
-9231 308831444
-9230 309297694
-9229 309723651
-9228 310405178
-9227 310983589
-9226 310795111
-9225 311586420
-9224 311229981
-9223 312237708
-9222 312327307
-9221 312426441
-9220 312917146
-9219 313222304
-9218 313130176
-9217 314353534
-9216 314413766
-9215 314862009
-9214 314729937
-9213 315256675
-9212 315972237
-9211 315791628
-9210 316141271
-9209 316588781
-9208 316721215
-9207 317177088
-9206 317571768
-9205 317842257
-9204 317920171
-9203 318198522
-9202 319190336
-9201 319641150
-9200 320079440
-9199 320006190
-9198 320847424
-9197 321036162
-9196 321339598
-9195 321745192
-9194 322461823
-9193 322531884
-9192 323009090
-9191 323716955
-9190 323430445
-9189 323663906
-9188 324121387
-9187 324414487
-9186 324945911
-9185 324577092
-9184 325245637
-9183 325712463
-9182 325545541
-9181 326010913
-9180 326243873
-9179 327404158
-9178 327220045
-9177 327823213
-9176 328438601
-9175 328422549
-9174 328951667
-9173 329213547
-9172 329778078
-9171 330067705
-9170 330236727
-9169 330343846
-9168 330169491
-9167 330731055
-9166 331307545
-9165 331398998
-9164 331703650
-9163 332197158
-9162 332477631
-9161 332529089
-9160 332892119
-9159 333021916
-9158 333342881
-9157 333463232
-9156 333397245
-9155 333834290
-9154 334141075
-9153 334071120
-9152 334040514
-9151 334241432
-9150 334155711
-9149 334758330
-9148 335146243
-9147 335431582
-9146 335804107
-9145 335836662
-9144 336168295
-9143 335722987
-9142 336385672
-9141 336122774
-9140 336315505
-9139 336551170
-9138 336444413
-9137 336554950
-9136 336335820
-9135 337073826
-9134 337309241
-9133 336991396
-9132 337408236
-9131 337405952
-9130 337678437
-9129 337738303
-9128 338315867
-9127 338484187
-9126 338438280
-9125 338873762
-9124 339002901
-9123 339193429
-9122 339310368
-9121 339308407
-9120 339016951
-9119 339439428
-9118 339336701
-9117 339716920
-9116 339677459
-9115 339795718
-9114 339991770
-9113 340173042
-9112 339264893
-9111 339738323
-9110 339638463
-9109 339430489
-9108 339659231
-9107 339756424
-9106 339458109
-9105 339892907
-9104 339933784
-9103 340234320
-9102 340546480
-9101 339837806
-9100 340119656
-9099 340175967
-9098 340166536
-9097 339992151
-9096 340197787
-9095 340124210
-9094 339554002
-9093 339784302
-9092 339527771
-9091 339569025
-9090 339651063
-9089 339575909
-9088 338777497
-9087 338889052
-9086 338878257
-9085 338711904
-9084 338728947
-9083 339187377
-9082 339136356
-9081 339604404
-9080 338807318
-9079 338822356
-9078 338917933
-9077 338745056
-9076 338480325
-9075 338649698
-9074 338658794
-9073 338297736
-9072 338278144
-9071 337970981
-9070 338500709
-9069 337821184
-9068 337556889
-9067 337159978
-9066 337171856
-9065 336478832
-9064 336952756
-9063 336578477
-9062 335895209
-9061 335507590
-9060 335414124
-9059 335187272
-9058 335091316
-9057 334697161
-9056 334732617
-9055 334149626
-9054 334089323
-9053 334185837
-9052 333885323
-9051 333806428
-9050 333276126
-9049 332694109
-9048 333092737
-9047 332566889
-9046 332385348
-9045 332226203
-9044 331988362
-9043 332028969
-9042 332018191
-9041 331605884
-9040 330917123
-9039 330533838
-9038 330790800
-9037 330855836
-9036 330113268
-9035 330256378
-9034 330019534
-9033 329644363
-9032 329197986
-9031 329122704
-9030 328625779
-9029 328566327
-9028 329115834
-9027 328541554
-9026 328195739
-9025 328404246
-9024 328509797
-9023 327747122
-9022 327489331
-9021 326861310
-9020 326957112
-9019 326901381
-9018 325997290
-9017 325967524
-9016 325834464
-9015 324866163
-9014 325024912
-9013 324851511
-9012 324111179
-9011 323577202
-9010 322910331
-9009 322616760
-9008 322386241
-9007 322282200
-9006 321640094
-9005 321046699
-9004 320389640
-9003 320396844
-9002 319606360
-9001 318893976
-9000 319342334
-8999 318339519
-8998 317788049
-8997 316810953
-8996 316749493
-8995 316365129
-8994 315879420
-8993 315183369
-8992 315040430
-8991 314359668
-8990 314094097
-8989 313546798
-8988 313487084
-8987 312400847
-8986 312249199
-8985 312116925
-8984 311431780
-8983 310617980
-8982 310125389
-8981 310077972
-8980 310149136
-8979 309274885
-8978 308768786
-8977 308495926
-8976 307404248
-8975 306910793
-8974 306705070
-8973 305742463
-8972 305630540
-8971 305285778
-8970 304208210
-8969 303907684
-8968 303422259
-8967 302766173
-8966 302195638
-8965 301452980
-8964 300776166
-8963 300460286
-8962 299925298
-8961 299746107
-8960 298676207
-8959 298701155
-8958 298267469
-8957 297242882
-8956 296493713
-8955 295796640
-8954 295394186
-8953 294839743
-8952 294228537
-8951 294040273
-8950 293313363
-8949 292527778
-8948 291936918
-8947 291166563
-8946 290432787
-8945 290136788
-8944 289423095
-8943 288527035
-8942 287723899
-8941 287313916
-8940 286861602
-8939 286444867
-8938 285710637
-8937 285192405
-8936 284493626
-8935 283828061
-8934 283754062
-8933 282884788
-8932 281957234
-8931 281527579
-8930 280867613
-8929 279789021
-8928 279015927
-8927 278609131
-8926 277284936
-8925 277209113
-8924 276625914
-8923 275953332
-8922 275379890
-8921 274976718
-8920 273943076
-8919 273355668
-8918 272745148
-8917 272276413
-8916 271332782
-8915 270843931
-8914 270168201
-8913 269338168
-8912 268364081
-8911 267870846
-8910 266842158
-8909 266496539
-8908 265990591
-8907 265257513
-8906 264318729
-8905 263288304
-8904 262821212
-8903 262369412
-8902 262145139
-8901 261161386
-8900 260155923
-8899 259585309
-8898 259150950
-8897 258232072
-8896 257370101
-8895 256804168
-8894 256239177
-8893 255806062
-8892 255471981
-8891 254289188
-8890 253709227
-8889 252898412
-8888 252305922
-8887 251699727
-8886 250741129
-8885 250136469
-8884 249120618
-8883 248301995
-8882 247566668
-8881 247300837
-8880 245781188
-8879 244987243
-8878 244435971
-8877 243356154
-8876 242841928
-8875 241862349
-8874 241014381
-8873 240496260
-8872 239484773
-8871 239467551
-8870 238555722
-8869 237619743
-8868 237173771
-8867 236413646
-8866 235502819
-8865 235036315
-8864 233870607
-8863 233112860
-8862 232864829
-8861 231802476
-8860 231045675
-8859 230948453
-8858 230015284
-8857 228901984
-8856 228151386
-8855 228045621
-8854 227190056
-8853 226389317
-8852 225563911
-8851 225079250
-8850 224062965
-8849 223435332
-8848 222290077
-8847 222090663
-8846 221148758
-8845 220311100
-8844 219241488
-8843 218826512
-8842 218223603
-8841 217254850
-8840 216596177
-8839 215981341
-8838 214820608
-8837 214203999
-8836 213213392
-8835 212215690
-8834 211296763
-8833 210166955
-8832 209636828
-8831 208392001
-8830 207393897
-8829 206840391
-8828 205784248
-8827 205053758
-8826 204127424
-8825 203397318
-8824 202667819
-8823 201933070
-8822 200887415
-8821 200310029
-8820 199565622
-8819 198490477
-8818 197993608
-8817 197213744
-8816 196676400
-8815 195845732
-8814 195140597
-8813 193858824
-8812 193804311
-8811 193107181
-8810 191978780
-8809 191276251
-8808 190198186
-8807 189721994
-8806 188578997
-8805 188136434
-8804 187241347
-8803 186528756
-8802 185642716
-8801 184838220
-8800 183991655
-8799 183347550
-8798 183026657
-8797 182190810
-8796 181321152
-8795 180349744
-8794 179459434
-8793 178864063
-8792 178119266
-8791 177109883
-8790 176726238
-8789 175931131
-8788 174798702
-8787 174376799
-8786 173407083
-8785 172586903
-8784 172243058
-8783 171463897
-8782 170349817
-8781 169873783
-8780 168803508
-8779 168335000
-8778 167212146
-8777 166205011
-8776 165570676
-8775 164409185
-8774 163755939
-8773 163162618
-8772 162435377
-8771 161853108
-8770 160636317
-8769 159748280
-8768 158836613
-8767 158134579
-8766 157282599
-8765 156554882
-8764 155686159
-8763 155055431
-8762 154519506
-8761 153801504
-8760 152805954
-8759 152400453
-8758 151774275
-8757 150830374
-8756 150250532
-8755 149020624
-8754 148257648
-8753 147333621
-8752 146730405
-8751 146044804
-8750 145284235
-8749 144833422
-8748 143997173
-8747 143590999
-8746 142688074
-8745 142222203
-8744 141332609
-8743 140928454
-8742 140040221
-8741 139072779
-8740 138922399
-8739 137893875
-8738 137231611
-8737 136408023
-8736 135653293
-8735 134879240
-8734 134212446
-8733 133189956
-8732 132708439
-8731 131787298
-8730 131255785
-8729 130223767
-8728 129397544
-8727 129103722
-8726 128535052
-8725 127386958
-8724 126686334
-8723 126116361
-8722 125391418
-8721 124545431
-8720 123727080
-8719 123048532
-8718 122457521
-8717 121881387
-8716 121005406
-8715 120689628
-8714 119716475
-8713 119179799
-8712 118454293
-8711 117565518
-8710 117232191
-8709 116468820
-8708 115826207
-8707 115022188
-8706 114379641
-8705 113680878
-8704 112849934
-8703 112282184
-8702 111449906
-8701 110912512
-8700 110586260
-8699 109884032
-8698 109330687
-8697 108789775
-8696 108049827
-8695 107554840
-8694 106884406
-8693 105985530
-8692 105920467
-8691 104950253
-8690 104250268
-8689 103746833
-8688 102989852
-8687 102570509
-8686 101757994
-8685 101349749
-8684 100294668
-8683 99845139
-8682 99132757
-8681 98449293
-8680 97908111
-8679 96936141
-8678 96607510
-8677 95973246
-8676 95266608
-8675 94791207
-8674 94409879
-8673 94023094
-8672 93332767
-8671 92593026
-8670 92042049
-8669 91415623
-8668 90762894
-8667 90096793
-8666 89776307
-8665 89278277
-8664 88645159
-8663 88237935
-8662 87427327
-8661 87336741
-8660 86689625
-8659 85943585
-8658 85680282
-8657 85123784
-8656 84465162
-8655 84032218
-8654 83341856
-8653 82837882
-8652 82526725
-8651 81862431
-8650 81347687
-8649 80850531
-8648 80509202
-8647 79799645
-8646 79220650
-8645 78623137
-8644 78068843
-8643 77531783
-8642 77233969
-8641 76695423
-8640 76272688
-8639 75498266
-8638 75071435
-8637 74775140
-8636 74029731
-8635 73461366
-8634 72962068
-8633 72392594
-8632 72084800
-8631 71463981
-8630 71120811
-8629 70597295
-8628 70080988
-8627 69584293
-8626 69186355
-8625 68600372
-8624 68289302
-8623 67758958
-8622 67060599
-8621 66813671
-8620 66202130
-8619 65723785
-8618 65157537
-8617 64662755
-8616 64243663
-8615 63746538
-8614 63409597
-8613 62601005
-8612 62131907
-8611 61775623
-8610 61367169
-8609 60649481
-8608 60352853
-8607 59812497
-8606 59287497
-8605 58826631
-8604 58389348
-8603 57785159
-8602 57493083
-8601 56994320
-8600 56696822
-8599 56259306
-8598 55800907
-8597 55168497
-8596 54819694
-8595 54403276
-8594 54047165
-8593 53447152
-8592 53138860
-8591 52600125
-8590 52183099
-8589 51952294
-8588 51454268
-8587 51104614
-8586 50464745
-8585 50075461
-8584 49662828
-8583 49419095
-8582 48948000
-8581 48496093
-8580 48010750
-8579 47738664
-8578 47288105
-8577 47071836
-8576 46697074
-8575 46281040
-8574 45892301
-8573 45567878
-8572 45354410
-8571 44887402
-8570 44662498
-8569 44293673
-8568 44038030
-8567 43664722
-8566 43249627
-8565 42901136
-8564 42391785
-8563 42227392
-8562 41842879
-8561 41374514
-8560 41007534
-8559 40735922
-8558 40198913
-8557 39964622
-8556 39699301
-8555 39262218
-8554 38949296
-8553 38530779
-8552 38386118
-8551 38021814
-8550 37626104
-8549 37389113
-8548 36797209
-8547 36604653
-8546 36263107
-8545 35774123
-8544 35490846
-8543 35163120
-8542 34924658
-8541 34510582
-8540 34394801
-8539 33984410
-8538 33728868
-8537 33447991
-8536 33129256
-8535 32762278
-8534 32499445
-8533 32162982
-8532 31816908
-8531 31794292
-8530 31538042
-8529 31168187
-8528 30790435
-8527 30452694
-8526 30100255
-8525 29712768
-8524 29332872
-8523 29106292
-8522 28927099
-8521 28716688
-8520 28432830
-8519 28229653
-8518 27963648
-8517 27862169
-8516 27443571
-8515 27264004
-8514 26926884
-8513 26721850
-8512 26458321
-8511 26113420
-8510 25834455
-8509 25563419
-8508 25350310
-8507 25015102
-8506 24795921
-8505 24546288
-8504 24341526
-8503 24014518
-8502 23763056
-8501 23494322
-8500 23201130
-8499 22958099
-8498 22675054
-8497 22499337
-8496 22280883
-8495 22160397
-8494 21817432
-8493 21536425
-8492 21373429
-8491 21155206
-8490 20876981
-8489 20789551
-8488 20543540
-8487 20376722
-8486 20035046
-8485 19938492
-8484 19743269
-8483 19517307
-8482 19382649
-8481 19187241
-8480 18969758
-8479 18822394
-8478 18642523
-8477 18385769
-8476 18227834
-8475 18001253
-8474 17779574
-8473 17735597
-8472 17461796
-8471 17256314
-8470 17194184
-8469 16915423
-8468 16749573
-8467 16526750
-8466 16371748
-8465 16202437
-8464 16046716
-8463 15827437
-8462 15687892
-8461 15448842
-8460 15396040
-8459 15243479
-8458 15075230
-8457 14861415
-8456 14794312
-8455 14646177
-8454 14461174
-8453 14428191
-8452 14154118
-8451 14098002
-8450 14006930
-8449 13773636
-8448 13646969
-8447 13428387
-8446 13345229
-8445 13240973
-8444 13084442
-8443 12960927
-8442 12805364
-8441 12717866
-8440 12471492
-8439 12333873
-8438 12225725
-8437 12065994
-8436 11924144
-8435 11796077
-8434 11757267
-8433 11577350
-8432 11432812
-8431 11335555
-8430 11140744
-8429 10962795
-8428 10806303
-8427 10670340
-8426 10572593
-8425 10442407
-8424 10365443
-8423 10233290
-8422 9969216
-8421 9888270
-8420 9752000
-8419 9658345
-8418 9565844
-8417 9451898
-8416 9400065
-8415 9318427
-8414 9201673
-8413 9144813
-8412 9054406
-8411 8875203
-8410 8807536
-8409 8728272
-8408 8619512
-8407 8523183
-8406 8457316
-8405 8335127
-8404 8311993
-8403 8187892
-8402 8098765
-8401 8042646
-8400 7975488
-8399 7869338
-8398 7785717
-8397 7690654
-8396 7620214
-8395 7531496
-8394 7448977
-8393 7370369
-8392 7264529
-8391 7169644
-8390 7104135
-8389 6971651
-8388 6881356
-8387 6911582
-8386 6789129
-8385 6737526
-8384 6689857
-8383 6612678
-8382 6570174
-8381 6428099
-8380 6365977
-8379 6312864
-8378 6270712
-8377 6212605
-8376 6120260
-8375 6073134
-8374 5991889
-8373 5902538
-8372 5818063
-8371 5832866
-8370 5756668
-8369 5652419
-8368 5574003
-8367 5489723
-8366 5511858
-8365 5505128
-8364 5431035
-8363 5365630
-8362 5314114
-8361 5205084
-8360 5106426
-8359 5079415
-8358 4991400
-8357 4878943
-8356 4918348
-8355 4820670
-8354 4722601
-8353 4661168
-8352 4564162
-8351 4512749
-8350 4471562
-8349 4399218
-8348 4303487
-8347 4234310
-8346 4202185
-8345 4127749
-8344 4087294
-8343 4038162
-8342 3975021
-8341 3920027
-8340 3859723
-8339 3780558
-8338 3765887
-8337 3725983
-8336 3608571
-8335 3592464
-8334 3534176
-8333 3493934
-8332 3440764
-8331 3370571
-8330 3365745
-8329 3262755
-8328 3289977
-8327 3206442
-8326 3185919
-8325 3138729
-8324 3088633
-8323 3046787
-8322 3012171
-8321 2977548
-8320 2968972
-8319 2919430
-8318 2898091
-8317 2861538
-8316 2829476
-8315 2810807
-8314 2754359
-8313 2756428
-8312 2649996
-8311 2656000
-8310 2574917
-8309 2542656
-8308 2485576
-8307 2488878
-8306 2437378
-8305 2440222
-8304 2392140
-8303 2356487
-8302 2314298
-8301 2284878
-8300 2262820
-8299 2217476
-8298 2206333
-8297 2153558
-8296 2129980
-8295 2102959
-8294 2069868
-8293 2064064
-8292 2062471
-8291 2027584
-8290 1992837
-8289 1990458
-8288 1955093
-8287 1958384
-8286 1952127
-8285 1931447
-8284 1892780
-8283 1877976
-8282 1884681
-8281 1854127
-8280 1822707
-8279 1834425
-8278 1776350
-8277 1780111
-8276 1733365
-8275 1715853
-8274 1712176
-8273 1683935
-8272 1650418
-8271 1637520
-8270 1597195
-8269 1600423
-8268 1587408
-8267 1590540
-8266 1565968
-8265 1539653
-8264 1518449
-8263 1473339
-8262 1490148
-8261 1481175
-8260 1460753
-8259 1432734
-8258 1428689
-8257 1381470
-8256 1368583
-8255 1374813
-8254 1354966
-8253 1352293
-8252 1300556
-8251 1309815
-8250 1278018
-8249 1258799
-8248 1228033
-8247 1231237
-8246 1208185
-8245 1167901
-8244 1167098
-8243 1141167
-8242 1121265
-8241 1110412
-8240 1134593
-8239 1104372
-8238 1074849
-8237 1052550
-8236 1054425
-8235 1042207
-8234 1046333
-8233 1025231
-8232 1032861
-8231 1014741
-8230 1026548
-8229 1014900
-8228 987531
-8227 997223
-8226 987008
-8225 974674
-8224 972768
-8223 972682
-8222 971181
-8221 955877
-8220 956964
-8219 928466
-8218 938973
-8217 914104
-8216 915670
-8215 895385
-8214 881939
-8213 878550
-8212 869728
-8211 852485
-8210 833975
-8209 821954
-8208 821223
-8207 806268
-8206 804907
-8205 782551
-8204 810980
-8203 805607
-8202 788738
-8201 783707
-8200 763450
-8199 764305
-8198 750891
-8197 751205
-8196 769453
-8195 729374
-8194 727129
-8193 714655
-8192 704338
-8191 687298
-8190 678964
-8189 668005
-8188 660688
-8187 637831
-8186 663142
-8185 649280
-8184 627980
-8183 626121
-8182 620189
-8181 618701
-8180 598115
-8179 597561
-8178 610908
-8177 580016
-8176 586035
-8175 592394
-8174 594706
-8173 582416
-8172 572828
-8171 570527
-8170 548431
-8169 543045
-8168 537261
-8167 534992
-8166 524881
-8165 512145
-8164 516237
-8163 505896
-8162 498113
-8161 485081
-8160 489789
-8159 480258
-8158 486610
-8157 474475
-8156 468779
-8155 461555
-8154 484842
-8153 450704
-8152 443587
-8151 439635
-8150 424664
-8149 418022
-8148 425177
-8147 408592
-8146 406354
-8145 399730
-8144 390121
-8143 376226
-8142 372819
-8141 350196
-8140 345346
-8139 346815
-8138 343207
-8137 337863
-8136 314635
-8135 321877
-8134 325689
-8133 332500
-8132 317305
-8131 309902
-8130 310730
-8129 303785
-8128 306350
-8127 301580
-8126 301571
-8125 302507
-8124 293912
-8123 291090
-8122 297788
-8121 296216
-8120 294476
-8119 296950
-8118 282598
-8117 287235
-8116 279449
-8115 278876
-8114 275434
-8113 276566
-8112 281547
-8111 286320
-8110 278221
-8109 291292
-8108 280850
-8107 287231
-8106 280992
-8105 285788
-8104 282956
-8103 289958
-8102 283028
-8101 282841
-8100 278076
-8099 276292
-8098 269798
-8097 265408
-8096 266282
-8095 262168
-8094 265424
-8093 254332
-8092 246224
-8091 246380
-8090 253882
-8089 257573
-8088 249193
-8087 251641
-8086 244535
-8085 236599
-8084 234961
-8083 237488
-8082 232101
-8081 237772
-8080 240696
-8079 236869
-8078 239957
-8077 237881
-8076 237330
-8075 238239
-8074 248879
-8073 239531
-8072 238607
-8071 231591
-8070 242349
-8069 242590
-8068 236360
-8067 240741
-8066 228599
-8065 234633
-8064 224532
-8063 216387
-8062 214804
-8061 226439
-8060 236781
-8059 238530
-8058 238203
-8057 238745
-8056 232875
-8055 230758
-8054 227968
-8053 237501
-8052 239669
-8051 233720
-8050 225460
-8049 219302
-8048 215472
-8047 224782
-8046 219536
-8045 214792
-8044 222816
-8043 208855
-8042 212657
-8041 204499
-8040 211596
-8039 205121
-8038 211423
-8037 197537
-8036 204509
-8035 210507
-8034 206903
-8033 205992
-8032 223056
-8031 213496
-8030 218277
-8029 224172
-8028 219909
-8027 214802
-8026 222926
-8025 224784
-8024 211652
-8023 214436
-8022 209567
-8021 221990
-8020 224385
-8019 234874
-8018 219659
-8017 216762
-8016 215096
-8015 223803
-8014 223945
-8013 221384
-8012 218948
-8011 227657
-8010 217758
-8009 210655
-8008 209583
-8007 214400
-8006 194369
-8005 209103
-8004 215398
-8003 212554
-8002 221494
-8001 216788
-8000 217855
-7999 237472
-7998 212968
-7997 207698
-7996 207065
-7995 213281
-7994 215137
-7993 195648
-7992 203863
-7991 216055
-7990 219995
-7989 204189
-7988 210399
-7987 204791
-7986 214651
-7985 199593
-7984 202349
-7983 217616
-7982 215111
-7981 213305
-7980 223257
-7979 208437
-7978 225148
-7977 228058
-7976 223491
-7975 233275
-7974 228243
-7973 235194
-7972 244790
-7971 240361
-7970 237850
-7969 234512
-7968 250618
-7967 231072
-7966 238429
-7965 237213
-7964 217055
-7963 228610
-7962 224722
-7961 230856
-7960 224772
-7959 223509
-7958 223635
-7957 223822
-7956 224528
-7955 232151
-7954 221520
-7953 214266
-7952 227154
-7951 218299
-7950 232953
-7949 238666
-7948 231914
-7947 222223
-7946 225725
-7945 216148
-7944 217405
-7943 215954
-7942 214309
-7941 210445
-7940 214735
-7939 215436
-7938 216487
-7937 212405
-7936 216042
-7935 217261
-7934 215353
-7933 206165
-7932 209879
-7931 205975
-7930 200376
-7929 204205
-7928 207882
-7927 203176
-7926 206247
-7925 196111
-7924 202090
-7923 192638
-7922 198776
-7921 183442
-7920 185416
-7919 178102
-7918 177460
-7917 182311
-7916 188472
-7915 179946
-7914 176546
-7913 167634
-7912 172309
-7911 181460
-7910 177690
-7909 174819
-7908 173067
-7907 176039
-7906 167074
-7905 169834
-7904 169993
-7903 171677
-7902 170407
-7901 174287
-7900 178495
-7899 178119
-7898 170169
-7897 172938
-7896 175911
-7895 168049
-7894 167303
-7893 163101
-7892 166483
-7891 164921
-7890 158332
-7889 164390
-7888 158439
-7887 163054
-7886 168136
-7885 164387
-7884 167195
-7883 167443
-7882 167912
-7881 167388
-7880 172487
-7879 176601
-7878 171247
-7877 177001
-7876 169003
-7875 164216
-7874 169469
-7873 165084
-7872 163690
-7871 172322
-7870 172955
-7869 162574
-7868 163460
-7867 157228
-7866 156935
-7865 168508
-7864 160055
-7863 164998
-7862 152579
-7861 153139
-7860 149587
-7859 160124
-7858 152213
-7857 154069
-7856 150973
-7855 149012
-7854 141861
-7853 143557
-7852 141256
-7851 136140
-7850 138632
-7849 136282
-7848 147800
-7847 143366
-7846 134427
-7845 153615
-7844 146375
-7843 147589
-7842 152454
-7841 145546
-7840 137017
-7839 136947
-7838 138869
-7837 139009
-7836 138417
-7835 138666
-7834 141790
-7833 133217
-7832 120695
-7831 124456
-7830 131143
-7829 123144
-7828 132258
-7827 118048
-7826 123768
-7825 128423
-7824 123269
-7823 112973
-7822 111742
-7821 117491
-7820 110616
-7819 107968
-7818 115607
-7817 109549
-7816 110571
-7815 106358
-7814 104684
-7813 97556
-7812 97006
-7811 95324
-7810 98106
-7809 93363
-7808 96755
-7807 99982
-7806 93598
-7805 94137
-7804 97137
-7803 94384
-7802 92479
-7801 87386
-7800 89357
-7799 93918
-7798 86085
-7797 84993
-7796 81976
-7795 83859
-7794 81131
-7793 82404
-7792 80524
-7791 82193
-7790 75101
-7789 78144
-7788 69271
-7787 65065
-7786 61418
-7785 58401
-7784 57601
-7783 55136
-7782 58588
-7781 62067
-7780 51756
-7779 54742
-7778 51750
-7777 43906
-7776 42173
-7775 41011
-7774 36213
-7773 35949
-7772 35265
-7771 37335
-7770 36997
-7769 32363
-7768 30564
-7767 28873
-7766 27990
-7765 28771
-7764 26306
-7763 23098
-7762 22757
-7761 21733
-7760 19259
-7759 19931
-7758 17966
-7757 18516
-7756 18552
-7755 16618
-7754 17467
-7753 17081
-7752 17054
-7751 21076
-7750 15634
-7749 15307
-7748 15794
-7747 14788
-7746 15544
-7745 13537
-7744 14611
-7743 15550
-7742 17424
-7741 15298
-7740 14075
-7739 15171
-7738 14173
-7737 12460
-7736 13291
-7735 13005
-7734 11033
-7733 13535
-7732 11251
-7731 11240
-7730 11363
-7729 8799
-7728 8627
-7727 8309
-7726 8085
-7725 10068
-7724 9447
-7723 9391
-7722 10855
-7721 9325
-7720 9467
-7719 9017
-7718 8883
-7717 10412
-7716 8801
-7715 7873
-7714 7717
-7713 7201
-7712 7606
-7711 7849
-7710 7795
-7709 9073
-7708 8380
-7707 6924
-7706 5945
-7705 5690
-7704 6217
-7703 6964
-7702 6690
-7701 8893
-7700 6282
-7699 7851
-7698 6412
-7697 4530
-7696 5652
-7695 4338
-7694 5041
-7693 7997
-7692 5221
-7691 4771
-7690 5982
-7689 5949
-7688 6680
-7687 6566
-7686 6675
-7685 3950
-7684 7714
-7683 4599
-7682 8821
-7681 4787
-7680 4262
-7679 4061
-7678 4118
-7677 3007
-7676 3886
-7675 2959
-7674 2647
-7673 1775
-7672 2078
-7671 2224
-7670 2821
-7669 2518
-7668 2383
-7667 2557
-7666 2433
-7665 1625
-7664 3336
-7663 2084
-7662 2146
-7661 2098
-7660 1489
-7659 1784
-7658 1966
-7657 2503
-7656 2547
-7655 2445
-7654 1980
-7653 1847
-7652 1313
-7651 946
-7650 681
-7649 405
-7648 260
-7647 454
-7646 543
-7645 358
-7644 676
-7643 463
-7642 205
-7641 392
-7640 845
-7639 237
-7638 123
-7637 193
-7636 150
-7635 324
-7634 114
-7633 228
-7632 454
-7631 117
-7630 191
-7629 6
-7628 63
-7627 21
-7626 28
-7625 128
-7624 25
-7623 10
-7622 37
-7621 2
-7620 9
-7619 82
-7618 20
-7616 18
-7615 6
-7614 11
-7611 17
-7610 5
-7609 313
-7608 144
-7607 173
-7606 8
-7605 15
-7604 40
-7603 57
-7602 21
-7601 29
-7600 227
-7599 12
-7598 507
