N J h steps 
5000 0.827 0 465000000000
-4716 47
-4714 250
-4712 574
-4710 127
-4708 64
-4706 198
-4704 121
-4702 207
-4700 5337
-4698 11541
-4696 4966
-4694 7705
-4692 6080
-4690 7490
-4688 4365
-4686 3944
-4684 1967
-4682 3836
-4680 5545
-4678 13517
-4676 6797
-4674 5299
-4672 1794
-4670 1467
-4668 5288
-4666 1141
-4664 891
-4662 343
-4660 4030
-4658 1351
-4656 2917
-4654 2607
-4652 1428
-4650 1172
-4648 1586
-4646 1112
-4644 948
-4642 2320
-4640 2867
-4638 1295
-4636 4342
-4634 10475
-4632 5468
-4630 5553
-4628 9031
-4626 6787
-4624 7266
-4622 11362
-4620 14431
-4618 8512
-4616 4857
-4614 12629
-4612 11701
-4610 9545
-4608 6430
-4606 19368
-4604 21809
-4602 10020
-4600 19427
-4598 50230
-4596 11879
-4594 17999
-4592 5862
-4590 4909
-4588 6100
-4586 8626
-4584 4969
-4582 7550
-4580 16756
-4578 10197
-4576 26393
-4574 20019
-4572 17016
-4570 7920
-4568 8942
-4566 20099
-4564 12552
-4562 17031
-4560 18305
-4558 21583
-4556 19565
-4554 13373
-4552 11823
-4550 21386
-4548 23949
-4546 23777
-4544 18101
-4542 19643
-4540 18348
-4538 26927
-4536 18439
-4534 24970
-4532 30373
-4530 27386
-4528 19184
-4526 16482
-4524 14354
-4522 17354
-4520 26282
-4518 20331
-4516 16579
-4514 14594
-4512 19750
-4510 20045
-4508 22252
-4506 14503
-4504 31461
-4502 35656
-4500 19351
-4498 25970
-4496 34459
-4494 30296
-4492 31547
-4490 28451
-4488 52174
-4486 42846
-4484 48993
-4482 56392
-4480 54266
-4478 53368
-4476 49034
-4474 51549
-4472 27973
-4470 21859
-4468 44681
-4466 67618
-4464 59923
-4462 68572
-4460 75660
-4458 81198
-4456 80301
-4454 72685
-4452 78399
-4450 73082
-4448 87337
-4446 88574
-4444 97210
-4442 71286
-4440 86547
-4438 76164
-4436 89298
-4434 81665
-4432 79634
-4430 87425
-4428 86856
-4426 124818
-4424 110130
-4422 78843
-4420 102448
-4418 112570
-4416 90616
-4414 93179
-4412 99387
-4410 100561
-4408 92559
-4406 117363
-4404 121582
-4402 120931
-4400 114569
-4398 140832
-4396 124484
-4394 151070
-4392 131149
-4390 162153
-4388 123928
-4386 147810
-4384 139777
-4382 118121
-4380 128116
-4378 125800
-4376 154921
-4374 136051
-4372 165814
-4370 150030
-4368 170583
-4366 165671
-4364 184130
-4362 172807
-4360 144951
-4358 188123
-4356 164977
-4354 188300
-4352 168999
-4350 180817
-4348 225764
-4346 215925
-4344 227585
-4342 275470
-4340 239966
-4338 245974
-4336 286961
-4334 299930
-4332 268896
-4330 244630
-4328 270789
-4326 238443
-4324 259257
-4322 301396
-4320 268086
-4318 264767
-4316 304585
-4314 306255
-4312 318083
-4310 283740
-4308 311055
-4306 340684
-4304 314571
-4302 348447
-4300 327254
-4298 319917
-4296 316014
-4294 302152
-4292 287201
-4290 265664
-4288 291376
-4286 308026
-4284 338930
-4282 332049
-4280 342624
-4278 347599
-4276 306707
-4274 344831
-4272 333809
-4270 358186
-4268 402398
-4266 415648
-4264 398649
-4262 410440
-4260 407598
-4258 434928
-4256 423399
-4254 397229
-4252 458918
-4250 438325
-4248 402321
-4246 426635
-4244 448603
-4242 501838
-4240 430604
-4238 477735
-4236 419343
-4234 445347
-4232 417317
-4230 433998
-4228 421882
-4226 447525
-4224 461923
-4222 453263
-4220 487979
-4218 512417
-4216 503444
-4214 532688
-4212 505321
-4210 513752
-4208 483222
-4206 468631
-4204 528786
-4202 555267
-4200 609039
-4198 602815
-4196 603087
-4194 555514
-4192 566357
-4190 595514
-4188 588335
-4186 619212
-4184 707358
-4182 707134
-4180 655129
-4178 652289
-4176 659104
-4174 715394
-4172 635639
-4170 702297
-4168 673363
-4166 644015
-4164 695342
-4162 718187
-4160 674854
-4158 640910
-4156 685839
-4154 699193
-4152 745413
-4150 783570
-4148 764920
-4146 724919
-4144 733687
-4142 771536
-4140 769878
-4138 752598
-4136 758235
-4134 831287
-4132 885799
-4130 831728
-4128 809857
-4126 818674
-4124 764098
-4122 823392
-4120 849859
-4118 925035
-4116 953666
-4114 911567
-4112 1015771
-4110 1019905
-4108 993401
-4106 895326
-4104 930633
-4102 931702
-4100 988180
-4098 948755
-4096 936029
-4094 1026921
-4092 1040840
-4090 977350
-4088 975279
-4086 1025029
-4084 1067835
-4082 1050569
-4080 1080631
-4078 1070465
-4076 1104563
-4074 1071851
-4072 1134600
-4070 1133024
-4068 1110559
-4066 1114158
-4064 1166579
-4062 1161692
-4060 1137281
-4058 1161306
-4056 1146616
-4054 1165117
-4052 1245948
-4050 1277532
-4048 1278607
-4046 1221009
-4044 1210045
-4042 1275860
-4040 1315994
-4038 1271235
-4036 1276356
-4034 1322848
-4032 1354727
-4030 1370799
-4028 1325055
-4026 1335581
-4024 1307149
-4022 1375124
-4020 1362145
-4018 1465042
-4016 1440569
-4014 1347662
-4012 1394694
-4010 1403444
-4008 1517163
-4006 1517305
-4004 1391035
-4002 1459357
-4000 1565880
-3998 1641110
-3996 1610616
-3994 1578118
-3992 1637458
-3990 1595124
-3988 1583896
-3986 1580460
-3984 1559469
-3982 1586557
-3980 1584810
-3978 1689945
-3976 1662958
-3974 1615445
-3972 1704789
-3970 1673388
-3968 1802500
-3966 1779343
-3964 1717279
-3962 1767434
-3960 1635241
-3958 1792964
-3956 1755329
-3954 1656545
-3952 1770557
-3950 1792360
-3948 1912620
-3946 1892246
-3944 1866941
-3942 1863396
-3940 1778090
-3938 1835255
-3936 1843209
-3934 1933252
-3932 1898035
-3930 1863304
-3928 1936025
-3926 1896295
-3924 1920138
-3922 1992542
-3920 1981571
-3918 1949609
-3916 2008263
-3914 1998010
-3912 2023322
-3910 2075867
-3908 2023058
-3906 2139754
-3904 2133927
-3902 2096307
-3900 2114466
-3898 2136073
-3896 2152266
-3894 2238657
-3892 2277686
-3890 2201988
-3888 2263456
-3886 2320272
-3884 2253256
-3882 2329972
-3880 2240616
-3878 2412344
-3876 2428398
-3874 2376215
-3872 2364785
-3870 2461954
-3868 2443033
-3866 2594998
-3864 2597691
-3862 2554496
-3860 2651227
-3858 2539843
-3856 2581931
-3854 2578866
-3852 2535302
-3850 2563890
-3848 2540436
-3846 2624423
-3844 2651899
-3842 2675062
-3840 2642236
-3838 2796077
-3836 2796701
-3834 2808657
-3832 2857984
-3830 2723627
-3828 2788698
-3826 2925736
-3824 2907611
-3822 2847319
-3820 2870270
-3818 3042612
-3816 2959856
-3814 3037576
-3812 2999140
-3810 3072250
-3808 3102273
-3806 3168622
-3804 3079401
-3802 3084331
-3800 3190743
-3798 3153309
-3796 3165593
-3794 3204463
-3792 3225998
-3790 3143174
-3788 3258500
-3786 3308540
-3784 3321302
-3782 3354528
-3780 3377473
-3778 3452305
-3776 3348902
-3774 3271820
-3772 3398878
-3770 3394145
-3768 3434568
-3766 3536824
-3764 3457529
-3762 3378599
-3760 3439826
-3758 3502929
-3756 3475770
-3754 3489968
-3752 3533848
-3750 3569512
-3748 3538675
-3746 3643724
-3744 3752412
-3742 3790964
-3740 3731741
-3738 3708573
-3736 3635880
-3734 3776481
-3732 3726176
-3730 3727746
-3728 3928486
-3726 3855121
-3724 3888618
-3722 3880087
-3720 3957385
-3718 3947502
-3716 3988920
-3714 3943874
-3712 4065819
-3710 3964652
-3708 4011573
-3706 4005990
-3704 4112607
-3702 4252240
-3700 4207782
-3698 4250538
-3696 4222532
-3694 4277309
-3692 4383938
-3690 4340926
-3688 4349898
-3686 4378813
-3684 4333588
-3682 4489349
-3680 4404684
-3678 4360772
-3676 4360151
-3674 4502769
-3672 4656761
-3670 4481519
-3668 4512783
-3666 4531804
-3664 4460122
-3662 4534246
-3660 4722788
-3658 4674367
-3656 4781766
-3654 4605645
-3652 4666279
-3650 4772653
-3648 4804337
-3646 4744726
-3644 4822628
-3642 4986372
-3640 4986975
-3638 4964221
-3636 5146682
-3634 5107588
-3632 5018171
-3630 5040601
-3628 5112449
-3626 5079376
-3624 5067554
-3622 5230151
-3620 5174179
-3618 5146776
-3616 5251108
-3614 5289154
-3612 5285095
-3610 5320472
-3608 5226848
-3606 5175267
-3604 5170229
-3602 5181081
-3600 5359543
-3598 5523449
-3596 5407364
-3594 5414923
-3592 5362161
-3590 5415810
-3588 5484635
-3586 5537771
-3584 5739392
-3582 5638316
-3580 5737848
-3578 5721973
-3576 5828888
-3574 5738609
-3572 5741111
-3570 5765094
-3568 5991447
-3566 5957693
-3564 6050549
-3562 6060938
-3560 6277726
-3558 6134715
-3556 6065334
-3554 6044427
-3552 6283090
-3550 6146954
-3548 6206003
-3546 6332500
-3544 6279811
-3542 6190690
-3540 6294118
-3538 6432052
-3536 6346437
-3534 6224692
-3532 6423411
-3530 6567996
-3528 6648725
-3526 6650502
-3524 6633714
-3522 6648056
-3520 6639836
-3518 6783909
-3516 6769979
-3514 6831802
-3512 6927783
-3510 6991412
-3508 7034927
-3506 7233365
-3504 7135565
-3502 7344691
-3500 7256112
-3498 7360857
-3496 7302129
-3494 7476543
-3492 7517579
-3490 7507703
-3488 7597741
-3486 7647355
-3484 7650032
-3482 7791662
-3480 7631131
-3478 7592411
-3476 7690217
-3474 7790311
-3472 7673718
-3470 7863417
-3468 7699037
-3466 7811588
-3464 7892995
-3462 7708794
-3460 7874703
-3458 7659563
-3456 7746686
-3454 7961774
-3452 7836560
-3450 7782860
-3448 7944223
-3446 8029024
-3444 7880186
-3442 8021949
-3440 8211439
-3438 8290867
-3436 8341558
-3434 8521732
-3432 8425788
-3430 8524398
-3428 8503399
-3426 8524068
-3424 8649630
-3422 8771467
-3420 8874216
-3418 8930452
-3416 8865841
-3414 8934925
-3412 8811077
-3410 8965338
-3408 9054481
-3406 9060472
-3404 9064248
-3402 9145135
-3400 9228516
-3398 9366941
-3396 9119612
-3394 9126265
-3392 9409879
-3390 9242207
-3388 9400250
-3386 9606203
-3384 9596919
-3382 9633799
-3380 9813956
-3378 9800271
-3376 9925343
-3374 9894234
-3372 10018580
-3370 9928446
-3368 9932359
-3366 10182438
-3364 10018575
-3362 9928609
-3360 10135855
-3358 10261690
-3356 10269088
-3354 10294316
-3352 10450583
-3350 10552657
-3348 10472137
-3346 10571827
-3344 10750667
-3342 10771542
-3340 10562365
-3338 10631614
-3336 10750148
-3334 10834650
-3332 10979011
-3330 10930096
-3328 11019234
-3326 11032235
-3324 11061388
-3322 11186446
-3320 11178509
-3318 11261235
-3316 11433593
-3314 11485849
-3312 11710191
-3310 11713584
-3308 11791352
-3306 11822417
-3304 11893947
-3302 11749236
-3300 11882518
-3298 12035284
-3296 11966528
-3294 12119359
-3292 12173555
-3290 12303211
-3288 12158166
-3286 12233978
-3284 12180839
-3282 12313012
-3280 12670174
-3278 12596995
-3276 12591585
-3274 12614769
-3272 12833909
-3270 12722581
-3268 12893424
-3266 12814079
-3264 12818828
-3262 12917732
-3260 13176416
-3258 13038780
-3256 12949182
-3254 13035380
-3252 13317791
-3250 13148840
-3248 13095199
-3246 13327688
-3244 13548046
-3242 13433984
-3240 13585066
-3238 13488649
-3236 13600019
-3234 13597983
-3232 13433538
-3230 13700153
-3228 13981507
-3226 13762340
-3224 14009265
-3222 13948397
-3220 14033249
-3218 13935945
-3216 13930756
-3214 14155216
-3212 14219262
-3210 14367879
-3208 14232925
-3206 14319529
-3204 14440802
-3202 14623214
-3200 14826920
-3198 14814587
-3196 14771233
-3194 14735562
-3192 14832778
-3190 14871502
-3188 14661427
-3186 14970461
-3184 14951946
-3182 14983507
-3180 15029280
-3178 15061700
-3176 15089031
-3174 15050153
-3172 15185035
-3170 15155481
-3168 15194348
-3166 15312517
-3164 15580890
-3162 15583059
-3160 15527182
-3158 15497946
-3156 15595278
-3154 15725101
-3152 16015968
-3150 16113238
-3148 16124811
-3146 16216660
-3144 16173035
-3142 16267756
-3140 16317217
-3138 16657171
-3136 16746540
-3134 17023098
-3132 16830789
-3130 16817372
-3128 16805339
-3126 17052177
-3124 17132719
-3122 17149821
-3120 17150404
-3118 17425457
-3116 17466057
-3114 17420872
-3112 17368856
-3110 17340299
-3108 17380699
-3106 17633856
-3104 17822188
-3102 17678347
-3100 17698917
-3098 17807585
-3096 18163978
-3094 18206193
-3092 18461692
-3090 18151812
-3088 18295065
-3086 18334882
-3084 18277329
-3082 18521067
-3080 18237069
-3078 18488835
-3076 18742996
-3074 18990234
-3072 18975461
-3070 18969996
-3068 18926805
-3066 19128137
-3064 18911307
-3062 18943611
-3060 19144339
-3058 19298088
-3056 19647619
-3054 19479249
-3052 19764729
-3050 19775016
-3048 19768729
-3046 19855898
-3044 19754065
-3042 19885139
-3040 20010584
-3038 20049091
-3036 20018423
-3034 20393006
-3032 20104639
-3030 20150449
-3028 20132308
-3026 20465822
-3024 20349883
-3022 20252991
-3020 20758191
-3018 20949368
-3016 20742511
-3014 20863622
-3012 20777495
-3010 21051812
-3008 20934383
-3006 21068888
-3004 21147434
-3002 21339998
-3000 21308371
-2998 21571038
-2996 21618306
-2994 21467181
-2992 21631777
-2990 21587269
-2988 22092190
-2986 21886825
-2984 22045193
-2982 21982376
-2980 21815086
-2978 22002595
-2976 21893652
-2974 22129663
-2972 22440538
-2970 22597723
-2968 22714122
-2966 22793538
-2964 22754400
-2962 23110690
-2960 23103563
-2958 23374902
-2956 23162536
-2954 23177310
-2952 23235626
-2950 23292402
-2948 23715085
-2946 23663494
-2944 23698081
-2942 23858445
-2940 23966721
-2938 23886679
-2936 24216301
-2934 23949760
-2932 24097527
-2930 24180917
-2928 24351779
-2926 24404992
-2924 24452612
-2922 24779917
-2920 25112603
-2918 24999877
-2916 25019701
-2914 25253430
-2912 25249685
-2910 25410771
-2908 25315191
-2906 25277583
-2904 25358936
-2902 25357980
-2900 25603530
-2898 25388821
-2896 26066331
-2894 25784850
-2892 25842133
-2890 26225901
-2888 26159789
-2886 26595991
-2884 26685501
-2882 26617291
-2880 26644851
-2878 26880248
-2876 27008445
-2874 26871364
-2872 27038750
-2870 27386043
-2868 27515382
-2866 27834984
-2864 27867514
-2862 27996499
-2860 28124929
-2858 28195605
-2856 28461993
-2854 28302357
-2852 28414160
-2850 28376865
-2848 28559729
-2846 28470625
-2844 28660525
-2842 28618585
-2840 28676550
-2838 28800400
-2836 28765389
-2834 28908580
-2832 28998249
-2830 28938289
-2828 29255493
-2826 29153634
-2824 29762111
-2822 29593682
-2820 29758754
-2818 29915443
-2816 30000080
-2814 29888676
-2812 30120005
-2810 30087783
-2808 30540430
-2806 31104059
-2804 31088625
-2802 30916878
-2800 31041902
-2798 30722380
-2796 31019391
-2794 31592960
-2792 31585048
-2790 31902422
-2788 32077061
-2786 32044104
-2784 32078108
-2782 32266077
-2780 32095771
-2778 32341080
-2776 32400258
-2774 32194560
-2772 32350843
-2770 32894286
-2768 32857819
-2766 32904134
-2764 32991866
-2762 32927737
-2760 32920201
-2758 32977394
-2756 33095424
-2754 33203787
-2752 33421471
-2750 33556319
-2748 33204677
-2746 33116808
-2744 33627092
-2742 33674735
-2740 33621063
-2738 33797770
-2736 33834190
-2734 34172177
-2732 34142257
-2730 34447950
-2728 34585312
-2726 34744116
-2724 34938943
-2722 34945182
-2720 35224251
-2718 34963802
-2716 35027922
-2714 35172294
-2712 35327679
-2710 35514258
-2708 35840761
-2706 35875009
-2704 36286008
-2702 36331765
-2700 36546876
-2698 36362202
-2696 36883641
-2694 36684685
-2692 36952030
-2690 37327084
-2688 37431273
-2686 37777907
-2684 37567239
-2682 37606178
-2680 38075670
-2678 38044574
-2676 38064410
-2674 38490576
-2672 38458775
-2670 38438284
-2668 38339350
-2666 38405919
-2664 38604834
-2662 38861334
-2660 38698291
-2658 38710255
-2656 38863806
-2654 39001504
-2652 39016844
-2650 39302053
-2648 39761938
-2646 39625376
-2644 39589157
-2642 39887422
-2640 39712015
-2638 40021921
-2636 40216777
-2634 40045210
-2632 40255723
-2630 40083441
-2628 40045665
-2626 40362558
-2624 40928246
-2622 40795378
-2620 41267367
-2618 41020986
-2616 41622209
-2614 42250157
-2612 42299146
-2610 42170346
-2608 42433505
-2606 42275571
-2604 42256560
-2602 42458630
-2600 42700587
-2598 42558092
-2596 42856076
-2594 43087353
-2592 42885158
-2590 42952215
-2588 43447507
-2586 43716791
-2584 43421961
-2582 43289419
-2580 43626164
-2578 43697324
-2576 43985995
-2574 44041609
-2572 44079263
-2570 44046191
-2568 44146774
-2566 44277331
-2564 44194143
-2562 44307524
-2560 44644324
-2558 45150582
-2556 45297484
-2554 45100503
-2552 45652680
-2550 45577989
-2548 45413541
-2546 45651077
-2544 46164305
-2542 46350421
-2540 46528950
-2538 46423729
-2536 46739823
-2534 46354077
-2532 46305053
-2530 46857711
-2528 47290711
-2526 47552126
-2524 47661723
-2522 47575194
-2520 47865533
-2518 48164098
-2516 48116328
-2514 48424582
-2512 48079309
-2510 48858761
-2508 48796509
-2506 49004384
-2504 49239022
-2502 49363565
-2500 49768764
-2498 49871661
-2496 49439422
-2494 49944318
-2492 49526703
-2490 49619584
-2488 49603229
-2486 49894833
-2484 50013113
-2482 49944412
-2480 50512040
-2478 50348149
-2476 50539661
-2474 50859442
-2472 50985179
-2470 50962206
-2468 51612064
-2466 51524223
-2464 51323555
-2462 51566127
-2460 51909802
-2458 51888954
-2456 52463993
-2454 52384636
-2452 52648709
-2450 52934578
-2448 53495702
-2446 53110434
-2444 53131528
-2442 53094106
-2440 53805246
-2438 53653066
-2436 53595115
-2434 53984914
-2432 53966505
-2430 54046791
-2428 54186231
-2426 54510593
-2424 55121815
-2422 55007583
-2420 55114950
-2418 55155248
-2416 55147842
-2414 55667926
-2412 55590213
-2410 55877770
-2408 55760984
-2406 56265192
-2404 56449342
-2402 56512162
-2400 56407256
-2398 56785767
-2396 56420109
-2394 56886599
-2392 57269973
-2390 57292766
-2388 57770794
-2386 57517943
-2384 58098210
-2382 58316101
-2380 58480828
-2378 58363232
-2376 58407282
-2374 58712284
-2372 58937527
-2370 58613022
-2368 58683163
-2366 58828284
-2364 59080459
-2362 58935900
-2360 59377103
-2358 59595322
-2356 59799142
-2354 59738918
-2352 59895520
-2350 59590761
-2348 60024656
-2346 60600407
-2344 60802125
-2342 60898831
-2340 60665828
-2338 60943017
-2336 60913628
-2334 61465535
-2332 61721473
-2330 61795155
-2328 61962471
-2326 62152200
-2324 62188424
-2322 62135422
-2320 62889228
-2318 62896640
-2316 63237084
-2314 63347947
-2312 63830731
-2310 63783041
-2308 63792539
-2306 63734614
-2304 63679841
-2302 63833384
-2300 63907492
-2298 64220039
-2296 64660598
-2294 64743221
-2292 65103241
-2290 65060390
-2288 65562564
-2286 66069440
-2284 65954078
-2282 65907727
-2280 66007198
-2278 66484199
-2276 66775729
-2274 67021736
-2272 67053949
-2270 67182271
-2268 67244378
-2266 67180632
-2264 67337762
-2262 67479710
-2260 67711791
-2258 67926283
-2256 68399658
-2254 68116072
-2252 68259205
-2250 68284639
-2248 68446647
-2246 68958376
-2244 69366616
-2242 69762683
-2240 69892492
-2238 70159291
-2236 70216725
-2234 70344094
-2232 70269042
-2230 70124032
-2228 69960427
-2226 69921590
-2224 70151062
-2222 70628760
-2220 70868141
-2218 71002167
-2216 70670332
-2214 71470315
-2212 71414318
-2210 71808118
-2208 71908291
-2206 72025404
-2204 73021883
-2202 73087402
-2200 73261877
-2198 73475961
-2196 73560587
-2194 73620009
-2192 73974925
-2190 74312450
-2188 74891994
-2186 74366423
-2184 74798885
-2182 74581579
-2180 75304961
-2178 75529534
-2176 75974824
-2174 75962716
-2172 76290370
-2170 76448354
-2168 76238906
-2166 76729247
-2164 76755858
-2162 77517837
-2160 77895215
-2158 78003811
-2156 77929581
-2154 78269536
-2152 78950574
-2150 78398377
-2148 78916507
-2146 78901246
-2144 79168042
-2142 79120043
-2140 79359869
-2138 79699937
-2136 79803539
-2134 79869968
-2132 80669444
-2130 80659772
-2128 80260107
-2126 80808891
-2124 80913940
-2122 81083582
-2120 80849517
-2118 81703348
-2116 81629402
-2114 81797595
-2112 81869599
-2110 82008203
-2108 82241637
-2106 82275599
-2104 82944901
-2102 83439025
-2100 83976917
-2098 83461903
-2096 83650897
-2094 83767564
-2092 83844761
-2090 83849430
-2088 84386532
-2086 84611722
-2084 85484973
-2082 85500819
-2080 85328131
-2078 85469060
-2076 85341093
-2074 85608248
-2072 85759798
-2070 86028873
-2068 86147067
-2066 85767656
-2064 86139140
-2062 85835252
-2060 86421042
-2058 86744703
-2056 86979381
-2054 87472950
-2052 87712681
-2050 87955948
-2048 88149388
-2046 88042152
-2044 88332391
-2042 89003682
-2040 89208011
-2038 89662877
-2036 89926713
-2034 90314079
-2032 89947006
-2030 90282599
-2028 90019331
-2026 90170715
-2024 90533900
-2022 91190101
-2020 91490324
-2018 91649305
-2016 92072840
-2014 91659913
-2012 91614425
-2010 91936232
-2008 92334932
-2006 92811197
-2004 93172783
-2002 93065738
-2000 93535911
-1998 93966398
-1996 93960689
-1994 94024097
-1992 93871184
-1990 94209479
-1988 94795739
-1986 95029674
-1984 95269728
-1982 95266841
-1980 95671026
-1978 95635881
-1976 95899972
-1974 95959477
-1972 95984942
-1970 96693156
-1968 96931309
-1966 96558998
-1964 97165740
-1962 96959155
-1960 97367314
-1958 97333657
-1956 98000611
-1954 98122825
-1952 97959932
-1950 97928549
-1948 99169553
-1946 99514963
-1944 99756376
-1942 100167172
-1940 100177966
-1938 100306503
-1936 100508921
-1934 100658574
-1932 100539614
-1930 100970185
-1928 101089444
-1926 101371637
-1924 101873425
-1922 101980924
-1920 101855402
-1918 102013940
-1916 102355530
-1914 102234156
-1912 102966875
-1910 102897011
-1908 103140531
-1906 103146313
-1904 103287660
-1902 103462628
-1900 103536546
-1898 104018854
-1896 104102160
-1894 104642133
-1892 104527574
-1890 105028528
-1888 104758397
-1886 105404898
-1884 105811842
-1882 106003006
-1880 106442610
-1878 106322072
-1876 106514469
-1874 106809746
-1872 106810756
-1870 107245053
-1868 107791236
-1866 107758322
-1864 108280247
-1862 108931597
-1860 109037948
-1858 108621323
-1856 108814192
-1854 109614557
-1852 109269090
-1850 109810283
-1848 110249850
-1846 109833649
-1844 110231365
-1842 110414215
-1840 110251812
-1838 110689897
-1836 111230853
-1834 111327139
-1832 111383660
-1830 111113288
-1828 111191200
-1826 111609953
-1824 111736804
-1822 112411485
-1820 112756756
-1818 113241255
-1816 113160194
-1814 113399974
-1812 113656634
-1810 114509915
-1808 114453858
-1806 114700315
-1804 115003758
-1802 115088927
-1800 115275428
-1798 115395156
-1796 115588724
-1794 115972143
-1792 115634025
-1790 115536079
-1788 116044886
-1786 116252219
-1784 116603474
-1782 116895338
-1780 117238835
-1778 117166278
-1776 117216764
-1774 118333867
-1772 118057122
-1770 118258278
-1768 118876862
-1766 119169819
-1764 119573027
-1762 119458534
-1760 119977926
-1758 120127848
-1756 120078876
-1754 120111958
-1752 119882566
-1750 120911603
-1748 121552933
-1746 121545172
-1744 121864969
-1742 122287826
-1740 123111814
-1738 122870318
-1736 122974052
-1734 123159933
-1732 123206977
-1730 123247738
-1728 123812878
-1726 124123383
-1724 124782513
-1722 124547267
-1720 125185409
-1718 125230861
-1716 125397860
-1714 125289059
-1712 126009804
-1710 125648121
-1708 125660790
-1706 126819295
-1704 127050514
-1702 127627549
-1700 127072137
-1698 127146424
-1696 127718799
-1694 128037273
-1692 128203460
-1690 127684808
-1688 128360786
-1686 128690000
-1684 128767109
-1682 128864309
-1680 129091784
-1678 129365686
-1676 130049260
-1674 129803164
-1672 129853166
-1670 130552664
-1668 130557227
-1666 130497219
-1664 131026129
-1662 131556545
-1660 131498340
-1658 131848942
-1656 131980050
-1654 131887156
-1652 132232484
-1650 132654600
-1648 133222030
-1646 133498487
-1644 133923610
-1642 133904156
-1640 134202241
-1638 135085799
-1636 134960712
-1634 134642961
-1632 134686595
-1630 134847922
-1628 134598871
-1626 134821768
-1624 135105040
-1622 135691122
-1620 135639588
-1618 135819654
-1616 135985325
-1614 135947307
-1612 137214475
-1610 136799219
-1608 137791542
-1606 137632657
-1604 137948548
-1602 138386947
-1600 139641252
-1598 139401663
-1596 139620603
-1594 139548875
-1592 139712903
-1590 139660739
-1588 139901829
-1586 140469441
-1584 140700127
-1582 140379020
-1580 140872676
-1578 141124421
-1576 140867733
-1574 141490010
-1572 142381403
-1570 141607099
-1568 142413833
-1566 142374146
-1564 143160011
-1562 142859743
-1560 143079644
-1558 143594029
-1556 143864510
-1554 144299240
-1552 144029376
-1550 144695568
-1548 144914228
-1546 144941143
-1544 145972182
-1542 144678519
-1540 145694683
-1538 145900872
-1536 146646222
-1534 146006994
-1532 146270078
-1530 146727061
-1528 146576001
-1526 146773397
-1524 147174734
-1522 147588242
-1520 148104378
-1518 148069269
-1516 148907983
-1514 149461865
-1512 149213618
-1510 149665420
-1508 149955414
-1506 150030492
-1504 150543429
-1502 149996642
-1500 150902498
-1498 151472568
-1496 150974412
-1494 151322809
-1492 151282131
-1490 151299136
-1488 152095352
-1486 152060442
-1484 152026622
-1482 152950511
-1480 153520542
-1478 153124823
-1476 153675995
-1474 154044723
-1472 154388983
-1470 154387776
-1468 154258650
-1466 155041260
-1464 155918142
-1462 155379218
-1460 156080514
-1458 156250904
-1456 155933001
-1454 156648307
-1452 156574809
-1450 157367353
-1448 157395534
-1446 157503204
-1444 158231414
-1442 158543805
-1440 158442585
-1438 158500386
-1436 159096092
-1434 159672472
-1432 159406886
-1430 160061231
-1428 160355541
-1426 161103120
-1424 160839676
-1422 161153238
-1420 161583890
-1418 162004767
-1416 162643607
-1414 162232892
-1412 162266217
-1410 162618683
-1408 162578302
-1406 161702774
-1404 162253054
-1402 163146742
-1400 163779255
-1398 163611836
-1396 164238161
-1394 164787996
-1392 164656502
-1390 164686773
-1388 164315724
-1386 164771884
-1384 164475416
-1382 164681331
-1380 164615295
-1378 164808763
-1376 165044405
-1374 165720661
-1372 166004870
-1370 166545481
-1368 166176508
-1366 167001612
-1364 167581739
-1362 168224662
-1360 167544234
-1358 168021018
-1356 167875448
-1354 168358660
-1352 168696384
-1350 169346981
-1348 169467449
-1346 169883951
-1344 170590149
-1342 170161430
-1340 170541246
-1338 170419494
-1336 170487137
-1334 171253995
-1332 171633795
-1330 171862019
-1328 172147196
-1326 171724427
-1324 172442418
-1322 172344459
-1320 172704257
-1318 172950513
-1316 173698402
-1314 173421012
-1312 172778940
-1310 173364959
-1308 173391347
-1306 174092539
-1304 174050729
-1302 175089528
-1300 175333240
-1298 175430385
-1296 174931906
-1294 175825615
-1292 176234000
-1290 176460775
-1288 176259809
-1286 176553816
-1284 177048893
-1282 177135222
-1280 176768508
-1278 177709601
-1276 178014745
-1274 178590057
-1272 178728038
-1270 178906900
-1268 178467076
-1266 179339203
-1264 179754475
-1262 179776935
-1260 180497012
-1258 180278087
-1256 180847508
-1254 181317487
-1252 181116370
-1250 181170391
-1248 181284508
-1246 181863452
-1244 181928287
-1242 182506194
-1240 182195658
-1238 182606370
-1236 183108214
-1234 183066838
-1232 183788267
-1230 183788207
-1228 183790653
-1226 184223165
-1224 184302434
-1222 184462840
-1220 184340362
-1218 185003247
-1216 185086609
-1214 184755591
-1212 185401717
-1210 185686778
-1208 186386640
-1206 186004065
-1204 186879547
-1202 187225978
-1200 187220679
-1198 187752852
-1196 188166735
-1194 189312739
-1192 188645154
-1190 189373891
-1188 190060943
-1186 189729485
-1184 190350605
-1182 191870043
-1180 190946877
-1178 191364344
-1176 191145927
-1174 190881911
-1172 191144844
-1170 191340761
-1168 191957973
-1166 192162376
-1164 192501430
-1162 192546892
-1160 192785095
-1158 193214399
-1156 193478143
-1154 193692122
-1152 193360546
-1150 193737061
-1148 193749870
-1146 193823989
-1144 194413577
-1142 194312300
-1140 194706918
-1138 194565288
-1136 195019593
-1134 195118330
-1132 195690549
-1130 195552286
-1128 196520529
-1126 195589237
-1124 196397126
-1122 196520854
-1120 196363306
-1118 196460972
-1116 196953427
-1114 196566272
-1112 196443118
-1110 196667261
-1108 197392882
-1106 198048138
-1104 198713418
-1102 198700581
-1100 198231987
-1098 199215819
-1096 199063970
-1094 199812759
-1092 200149476
-1090 200156490
-1088 200859888
-1086 201469208
-1084 201590508
-1082 202142390
-1080 201581303
-1078 201853881
-1076 202189049
-1074 201920440
-1072 203013937
-1070 203092419
-1068 203267674
-1066 203758831
-1064 204248291
-1062 204676152
-1060 204603524
-1058 205273612
-1056 205256239
-1054 204878143
-1052 205294956
-1050 205205326
-1048 206142115
-1046 206106524
-1044 205366488
-1042 206468272
-1040 206279595
-1038 206765188
-1036 207677072
-1034 207244673
-1032 207472478
-1030 208095281
-1028 207164327
-1026 207603181
-1024 207551762
-1022 207351980
-1020 208308372
-1018 208522585
-1016 208829302
-1014 209816357
-1012 209482209
-1010 209377573
-1008 209750405
-1006 209818538
-1004 209971541
-1002 210301916
-1000 210651329
-998 210987753
-996 210482964
-994 210651074
-992 210945933
-990 211316537
-988 212273819
-986 212690040
-984 212177761
-982 212982115
-980 213075736
-978 212706227
-976 212802854
-974 214310301
-972 213071749
-970 214248038
-968 213831670
-966 213999187
-964 214148268
-962 213639492
-960 214819708
-958 215175406
-956 215570384
-954 215164806
-952 216086461
-950 215926008
-948 215897452
-946 215511371
-944 216182981
-942 216876337
-940 216491987
-938 217181549
-936 217482422
-934 218708679
-932 218672219
-930 218605162
-928 218451444
-926 218734891
-924 218515998
-922 219097174
-920 219277603
-918 219607165
-916 219822555
-914 219704664
-912 219906771
-910 219604707
-908 219641871
-906 220052130
-904 220125570
-902 221502846
-900 221663273
-898 222081281
-896 223017557
-894 222432419
-892 223243625
-890 223229046
-888 223128030
-886 223817637
-884 224305982
-882 223913279
-880 224539816
-878 225302916
-876 225064946
-874 224811013
-872 225088203
-870 225291350
-868 225785466
-866 225998751
-864 225949429
-862 226880056
-860 226297539
-858 226768306
-856 226954589
-854 227411947
-852 226830387
-850 227179541
-848 227528977
-846 227126294
-844 227474229
-842 228362153
-840 228188842
-838 227061005
-836 228977550
-834 228273634
-832 228269419
-830 228833212
-828 228858265
-826 229218928
-824 229278807
-822 229502840
-820 228589838
-818 228719627
-816 229438160
-814 229737670
-812 229948544
-810 229952767
-808 230905421
-806 231000295
-804 230563477
-802 230748145
-800 231666022
-798 231829322
-796 232483693
-794 232838102
-792 232522425
-790 232866831
-788 233449240
-786 233170790
-784 233405936
-782 233407582
-780 234035103
-778 234722030
-776 234635082
-774 235311472
-772 235282594
-770 234942835
-768 235436761
-766 235459717
-764 236436343
-762 236424360
-760 235780539
-758 236130881
-756 237221495
-754 237501942
-752 237074934
-750 237433517
-748 237373964
-746 237907131
-744 238166405
-742 237276405
-740 238264153
-738 238422476
-736 238565077
-734 238120552
-732 238318763
-730 237458909
-728 238157091
-726 239133446
-724 238567794
-722 238830097
-720 239798234
-718 238726483
-716 239044075
-714 239233664
-712 239445089
-710 239513222
-708 239756608
-706 239801049
-704 240051491
-702 240574856
-700 240813234
-698 241208425
-696 241563388
-694 242225597
-692 242586635
-690 242084639
-688 242753795
-686 243175117
-684 242190929
-682 243131259
-680 242432782
-678 243067542
-676 243843262
-674 243317165
-672 243482419
-670 244071809
-668 244333629
-666 244358650
-664 245047635
-662 244335726
-660 244450554
-658 244571026
-656 245325948
-654 245495631
-652 245328319
-650 245407094
-648 246199585
-646 245820514
-644 245851749
-642 245779218
-640 245747377
-638 246686901
-636 246305912
-634 247144945
-632 247150871
-630 247544044
-628 247096065
-626 247264243
-624 247420216
-622 246652219
-620 248083838
-618 248340018
-616 248362729
-614 249070412
-612 248579901
-610 248755682
-608 248888790
-606 248207552
-604 248280668
-602 248455772
-600 249040413
-598 249607720
-596 249527892
-594 249389624
-592 250424254
-590 249587370
-588 250197051
-586 249854956
-584 250175924
-582 250705052
-580 251487084
-578 252222032
-576 252246266
-574 251685751
-572 251967079
-570 251973950
-568 252386123
-566 253035981
-564 252929818
-562 252970296
-560 253477281
-558 253309302
-556 253826772
-554 254266242
-552 253857706
-550 254233934
-548 253564670
-546 254871158
-544 254296940
-542 254361693
-540 255198953
-538 255248372
-536 255922855
-534 256425932
-532 255771520
-530 255342648
-528 255340608
-526 255496251
-524 254811341
-522 254994108
-520 256403239
-518 256016827
-516 255844075
-514 256928960
-512 256733504
-510 257576525
-508 258108020
-506 259329588
-504 258481125
-502 258890932
-500 258858946
-498 258719714
-496 258290831
-494 259207605
-492 257917692
-490 258574011
-488 259426706
-486 259539109
-484 259783034
-482 258843023
-480 259696961
-478 259898587
-476 260170106
-474 260293660
-472 260477231
-470 260449243
-468 260768096
-466 261840978
-464 260908627
-462 261230776
-460 261127727
-458 261278576
-456 260871033
-454 260721020
-452 261659797
-450 261699712
-448 261919885
-446 261841958
-444 261645397
-442 262444748
-440 261731892
-438 261768266
-436 262050288
-434 261950441
-432 262780469
-430 262572705
-428 262935365
-426 262324154
-424 262507144
-422 261691911
-420 262680729
-418 262634219
-416 262986465
-414 262531092
-412 262804399
-410 263016089
-408 262549266
-406 263971512
-404 263854132
-402 264159911
-400 263576906
-398 263638994
-396 263785190
-394 264642703
-392 264665621
-390 264877464
-388 265009829
-386 265260138
-384 264960855
-382 264699206
-380 264425388
-378 264742330
-376 264455333
-374 264052614
-372 264766805
-370 264855156
-368 265045789
-366 265254282
-364 264823788
-362 265105309
-360 265586588
-358 264493868
-356 264815086
-354 265092192
-352 264987252
-350 264829718
-348 265422483
-346 265636681
-344 266289718
-342 266252898
-340 266007654
-338 266198123
-336 266568655
-334 266802430
-332 266819148
-330 267423650
-328 267531239
-326 267368637
-324 267009614
-322 267121997
-320 267051637
-318 266673870
-316 267044826
-314 267983046
-312 267412601
-310 268075188
-308 267073372
-306 267562319
-304 267085004
-302 267554080
-300 267089269
-298 267105939
-296 268102964
-294 268104058
-292 267465207
-290 267550143
-288 267209318
-286 268418697
-284 268331144
-282 268445847
-280 269557521
-278 268855572
-276 269626342
-274 269735655
-272 270194528
-270 270020865
-268 270463112
-266 270263163
-264 269483757
-262 269167626
-260 269483276
-258 270386960
-256 269360387
-254 269049897
-252 269708498
-250 270066023
-248 269861195
-246 269566479
-244 270289935
-242 270657729
-240 270479459
-238 269949489
-236 269886838
-234 269731613
-232 270532855
-230 270578200
-228 270231759
-226 270372153
-224 271320086
-222 270910187
-220 271596431
-218 271175309
-216 270966843
-214 270332555
-212 271292173
-210 270931238
-208 271182681
-206 271488599
-204 271769015
-202 271959703
-200 272564600
-198 272483721
-196 272121648
-194 272094626
-192 271806983
-190 271844695
-188 271509619
-186 272265928
-184 272489751
-182 272490545
-180 272357915
-178 272251974
-176 272837313
-174 272573875
-172 272341797
-170 272930954
-168 273662784
-166 273692766
-164 273895586
-162 274344115
-160 273169124
-158 273415315
-156 273327526
-154 273799454
-152 273631515
-150 273534839
-148 273441847
-146 273743109
-144 273004631
-142 273421645
-140 273330664
-138 274366442
-136 273900024
-134 274547665
-132 274610210
-130 274193167
-128 273464822
-126 273289965
-124 273696498
-122 273627324
-120 273931830
-118 273830597
-116 272711577
-114 273113425
-112 273514958
-110 273799198
-108 274283582
-106 274209805
-104 274963803
-102 273665817
-100 274096263
-98 274563879
-96 274344972
-94 273195116
-92 273894321
-90 273614373
-88 273636263
-86 273531899
-84 274225234
-82 273678626
-80 274147014
-78 274721926
-76 273659861
-74 273402320
-72 273649506
-70 273740876
-68 274417220
-66 273494762
-64 273893308
-62 273888296
-60 273615809
-58 273619569
-56 274103497
-54 273778845
-52 274063530
-50 273583803
-48 274210803
-46 274664496
-44 275353872
-42 274885370
-40 275557571
-38 275043022
-36 274387120
-34 274641240
-32 273608201
-30 274535707
-28 274002256
-26 274229605
-24 273748109
-22 273816324
-20 273799460
-18 273683566
-16 273929819
-14 274700431
-12 273643335
-10 274209898
-8 274238559
-6 274658579
-4 273976486
-2 274504458
0 274419708
2 275076885
4 274616642
6 274110429
8 274673941
10 275206043
12 275396809
14 275398403
16 274390955
18 275189908
20 274845433
22 274758085
24 275296326
26 275746234
28 275651227
30 276211480
32 274755403
34 274989193
36 274656705
38 275323401
40 275064494
42 274546591
44 274466026
46 274432810
48 274483484
50 274686224
52 274403838
54 273886418
56 274224192
58 274400469
60 274587695
62 274761550
64 274633939
66 274498752
68 274145825
70 274551805
72 273904265
74 274059271
76 274090437
78 274144043
80 274195442
82 273632816
84 273749659
86 273372497
88 273792868
90 274103088
92 274571198
94 275283724
96 274336748
98 274347558
100 274657010
102 274221336
104 274656136
106 274022290
108 273885926
110 273625259
112 273411276
114 273326757
116 273496780
118 273844540
120 273893492
122 273595765
124 273137972
126 273849619
128 274015993
130 273772190
132 273170620
134 274114145
136 273972514
138 273161638
140 273289464
142 274012327
144 273833376
146 274170823
148 273047632
150 273908954
152 273952117
154 274094735
156 273520080
158 274056342
160 273945294
162 272910386
164 272423393
166 272161102
168 272467116
170 271831714
172 271588624
174 272898477
176 273656894
178 273213553
180 273684959
182 273405230
184 272575033
186 273575547
188 273798858
190 272686503
192 272581795
194 272733382
196 271941243
198 271958649
200 272424453
202 272383216
204 272756926
206 272469606
208 272998974
210 271652719
212 272081407
214 272211500
216 271748318
218 271936081
220 271561614
222 272338297
224 272126635
226 271775405
228 271603024
230 271885028
232 271944771
234 271347145
236 271281316
238 270684435
240 270384135
242 270835345
244 270346106
246 269550197
248 270298264
250 270001299
252 269700038
254 269966593
256 271203317
258 270194680
260 269129964
262 269265971
264 269439040
266 269060908
268 269272433
270 269166460
272 269838557
274 269617092
276 269356400
278 268899926
280 268809514
282 268170203
284 268568136
286 268190839
288 268988553
290 268572512
292 269035538
294 268995512
296 270090652
298 268642674
300 267978377
302 267570501
304 267980223
306 268152994
308 267898097
310 267448667
312 267859657
314 268044588
316 267667482
318 267612429
320 267368378
322 267421973
324 267574364
326 267948511
328 267512773
330 267896291
332 266911633
334 266796783
336 266684246
338 266581518
340 266568545
342 265954468
344 265763786
346 266314171
348 265732015
350 266107715
352 266841218
354 265634302
356 265966467
358 265700202
360 265964218
362 265889917
364 265684227
366 265782038
368 265895932
370 266414511
372 266225141
374 265909737
376 265426614
378 265915635
380 265080278
382 264047014
384 264236884
386 263202094
388 263479026
390 263734335
392 263709043
394 262675951
396 262502286
398 261538872
400 262265950
402 262049478
404 261897973
406 262632544
408 262236320
410 262757276
412 261422500
414 261345707
416 261831692
418 261760174
420 261679278
422 261293715
424 261039654
426 261494371
428 261284327
430 260922535
432 261346416
434 261267448
436 261428912
438 261725037
440 260706083
442 260060949
444 260898234
446 260692364
448 260534460
450 260768090
452 260753076
454 261162463
456 261580181
458 260834629
460 260507162
462 260235120
464 259525674
466 259792710
468 259413255
470 259819339
472 259508724
474 259316456
476 259765651
478 259016380
480 259248261
482 259354227
484 258373608
486 259106863
488 258773817
490 258703668
492 258691908
494 258588327
496 258006731
498 258557172
500 258178050
502 257366183
504 256691004
506 257409699
508 257469316
510 257097968
512 256682487
514 256718236
516 256540409
518 256053598
520 255799040
522 254965274
524 255910067
526 255862693
528 255095367
530 255091645
532 255067533
534 254497172
536 254228462
538 253694005
540 254498136
542 253918185
544 254184666
546 254061571
548 253521610
550 253523362
552 252736651
554 252173618
556 251493886
558 251673854
560 251767815
562 251781189
564 251228009
566 251717622
568 251412907
570 251907244
572 251846250
574 251517995
576 251030419
578 250877663
580 251001350
582 251083695
584 251028784
586 250637138
588 250506587
590 250719138
592 251094131
594 250246561
596 250027806
598 250303061
600 249455949
602 249628595
604 248910819
606 248782677
608 248800163
610 247735139
612 248052324
614 248218113
616 248147943
618 247837763
620 247614783
622 248229618
624 247704834
626 247190468
628 246828240
630 246798185
632 246225679
634 247245575
636 247010537
638 246728055
640 247261707
642 247812907
644 247540067
646 247181177
648 247292634
650 246446552
652 247097451
654 246226749
656 245180066
658 244839081
660 245688850
662 245537482
664 244900687
666 245292502
668 245311542
670 245007770
672 244660304
674 244809472
676 244862916
678 243774007
680 244408051
682 244192147
684 243611832
686 244454568
688 244100951
690 243638057
692 243974545
694 243206994
696 242956605
698 243345866
700 243246375
702 242995255
704 242259700
706 241872094
708 241921042
710 241521550
712 240862507
714 240983107
716 240430565
718 240536943
720 239795389
722 239774533
724 239201612
726 240079393
728 239061498
730 238673295
732 239728448
734 239471520
736 238806147
738 239148950
740 238076517
742 236928945
744 237170564
746 236082624
748 236513309
750 235838208
752 236240681
754 236347876
756 236376341
758 236563115
760 236604172
762 236413469
764 235630360
766 235296127
768 235728575
770 235200393
772 234453253
774 234444489
776 234137012
778 233714028
780 234131712
782 233653132
784 233665110
786 234093754
788 234201777
790 234525945
792 233308844
794 232554990
796 232955674
798 231756632
800 231859976
802 231798731
804 231397928
806 230985290
808 230943765
810 230709117
812 230786666
814 229948092
816 229964560
818 230230610
820 229737290
822 229004466
824 229666380
826 229552739
828 228737580
830 229139213
832 228604462
834 229302162
836 228830222
838 228333875
840 228330768
842 228518487
844 228256005
846 227983285
848 228147821
850 227194604
852 227377281
854 226773993
856 226818178
858 226814040
860 226473101
862 226694792
864 226139010
866 225426141
868 224197956
870 224173937
872 224157034
874 223827870
876 223765751
878 224231874
880 223790225
882 223391950
884 223292977
886 223489364
888 223039741
890 222903723
892 222799746
894 223021904
896 221873733
898 221926580
900 221373293
902 221324724
904 221073772
906 221213840
908 220311127
910 220785284
912 220626034
914 220910920
916 221020413
918 220973867
920 220004957
922 219497218
924 220449263
926 219476488
928 218958927
930 219109480
932 218567587
934 218727823
936 218641056
938 217883082
940 218232303
942 217391575
944 217123246
946 216221194
948 216804474
950 217322156
952 217065659
954 216332557
956 216209564
958 216488083
960 215980978
962 215956380
964 215340535
966 214758450
968 214852201
970 215137669
972 214067624
974 213509111
976 213361934
978 213396596
980 212658493
982 212975151
984 212644857
986 211878315
988 212041002
990 211834975
992 211304757
994 211608831
996 211153142
998 211324741
1000 211407271
1002 210348704
1004 210954845
1006 209725517
1008 209944970
1010 210445791
1012 210437874
1014 209829597
1016 209619901
1018 209272375
1020 209008641
1022 209145087
1024 209030020
1026 209023252
1028 207490115
1030 207827354
1032 207444591
1034 207071559
1036 206921327
1038 206087236
1040 206574112
1042 205851559
1044 205928019
1046 205445119
1048 205788235
1050 205345746
1052 205261797
1054 204833901
1056 205177741
1058 204206980
1060 204300862
1062 204782263
1064 203674388
1066 203438267
1068 203412749
1070 203194456
1072 203063997
1074 202826676
1076 202390537
1078 201964799
1080 201401590
1082 201525768
1084 200636308
1086 200804973
1088 200148096
1090 200209672
1092 200502176
1094 201180207
1096 201012485
1098 200041238
1100 200888974
1102 200045337
1104 199708849
1106 199293888
1108 198826281
1110 199104726
1112 198328301
1114 197986465
1116 198070906
1118 197434576
1120 197518549
1122 196953401
1124 196835141
1126 195861003
1128 195615040
1130 195359368
1132 195174034
1134 194723598
1136 195147165
1138 194505359
1140 194191046
1142 194330549
1144 194058014
1146 193291453
1148 192870501
1150 192933089
1152 192421351
1154 192317681
1156 192858182
1158 192416504
1160 191720023
1162 191239609
1164 191024584
1166 190455895
1168 190830309
1170 190471412
1172 189650803
1174 189359161
1176 189311732
1178 188430069
1180 188841852
1182 188977918
1184 189481697
1186 188558783
1188 187856286
1190 188696135
1192 187644389
1194 187793038
1196 187999409
1198 187109229
1200 186890822
1202 186497703
1204 186337973
1206 186401338
1208 186477720
1210 186061814
1212 186056719
1214 185856725
1216 185395497
1218 185699968
1220 184991042
1222 185038843
1224 184558991
1226 183979663
1228 184349429
1230 183377671
1232 183556739
1234 183356553
1236 183321873
1238 183069876
1240 182939379
1242 182168660
1244 182269693
1246 182685631
1248 182621410
1250 181840444
1252 181472796
1254 181643528
1256 181171179
1258 180825725
1260 180378416
1262 180518233
1264 180521677
1266 180221892
1268 179851181
1270 179778945
1272 179508853
1274 179267743
1276 179461402
1278 178972765
1280 178809973
1282 178603837
1284 178171492
1286 178175679
1288 177369595
1290 176885376
1292 176767424
1294 176417263
1296 176630684
1298 176727567
1300 176056321
1302 175560731
1304 175480427
1306 174309786
1308 174611472
1310 173593744
1312 173580425
1314 173655273
1316 172932164
1318 172681163
1320 172321090
1322 171803112
1324 172311526
1326 173354848
1328 172878227
1330 173249912
1332 172513229
1334 172081489
1336 172068503
1338 171433282
1340 170934154
1342 170817858
1344 170719390
1346 170049984
1348 169073130
1350 169893813
1352 169090701
1354 168949302
1356 168680886
1358 168088042
1360 167838505
1362 168093182
1364 168122938
1366 168001488
1368 167326813
1370 167061932
1372 166579768
1374 165793863
1376 165713444
1378 165945681
1380 165164170
1382 164729491
1384 164582182
1386 164534243
1388 164785219
1390 164239393
1392 164126437
1394 163698353
1396 163413103
1398 163183670
1400 163000025
1402 162508508
1404 162163187
1406 162291903
1408 162027134
1410 161936647
1412 161597750
1414 161890175
1416 161135080
1418 160908217
1420 160755958
1422 160269159
1424 160138412
1426 159618917
1428 159237530
1430 159303628
1432 158888199
1434 158688467
1436 158749081
1438 158846810
1440 158855823
1442 157959123
1444 157204787
1446 157198807
1448 156850882
1450 156728357
1452 156730824
1454 155883947
1456 155605446
1458 155685667
1460 155867772
1462 155744816
1464 155565578
1466 154946004
1468 154817330
1470 154550379
1472 154392809
1474 153926865
1476 154223758
1478 153874315
1480 152971092
1482 152903995
1484 152326385
1486 152213181
1488 152139465
1490 152293214
1492 151737832
1494 151709482
1496 150257954
1498 150381629
1500 150487317
1502 150349519
1504 150033448
1506 149694212
1508 149368907
1510 149847295
1512 149106301
1514 148000923
1516 148181667
1518 148431760
1520 148528941
1522 148576285
1524 147735641
1526 147385882
1528 147809458
1530 147517171
1532 146792581
1534 146755144
1536 146555414
1538 145988001
1540 145117888
1542 145302676
1544 144856760
1546 144247739
1548 144419023
1550 144152247
1552 143531915
1554 143555665
1556 143725582
1558 143043723
1560 143669160
1562 142914649
1564 141866626
1566 141316338
1568 141225521
1570 141241773
1572 140997239
1574 140565379
1576 141284004
1578 141506374
1580 141366388
1582 141106797
1584 140587069
1586 139947550
1588 139633050
1590 139166609
1592 139408023
1594 138764318
1596 138671464
1598 139086860
1600 138807642
1602 138687930
1604 138285645
1606 137938093
1608 137880366
1610 138275018
1612 138465981
1614 137763023
1616 137666205
1618 137546114
1620 137578003
1622 136358295
1624 136566920
1626 135638839
1628 135168370
1630 135224827
1632 134095174
1634 134092306
1636 133013482
1638 132921540
1640 133464569
1642 133908401
1644 133142608
1646 132634923
1648 132312959
1650 131644051
1652 132018200
1654 131400507
1656 131684616
1658 131771450
1660 131094749
1662 131026593
1664 129964128
1666 129853730
1668 129959466
1670 130573002
1672 130395784
1674 130286946
1676 129271364
1678 129287157
1680 129086322
1682 129253550
1684 128670295
1686 128273592
1688 128445133
1690 128128285
1692 127813367
1694 127890673
1696 128047929
1698 127452797
1700 127411837
1702 126607323
1704 126649423
1706 125793749
1708 126248085
1710 126270202
1712 125795028
1714 125529299
1716 125464993
1718 124871101
1720 124725957
1722 123859655
1724 124340864
1726 124170682
1728 123192916
1730 123141014
1732 123097845
1734 123032706
1736 123693957
1738 123644209
1740 123510429
1742 122846686
1744 121990607
1746 121714025
1748 122112051
1750 121559449
1752 120959095
1754 120720906
1756 120816786
1758 120243959
1760 120174842
1762 120092128
1764 119472664
1766 119305530
1768 119437197
1770 119423466
1772 119156035
1774 118574322
1776 117878029
1778 117499057
1780 117267369
1782 116718689
1784 117015642
1786 116584511
1788 116459516
1790 116151795
1792 115932406
1794 115464455
1796 115260938
1798 115159558
1800 114963023
1802 115249394
1804 115567694
1806 115091493
1808 114478453
1810 113868882
1812 113248164
1814 113420791
1816 113598945
1818 113359139
1820 113129099
1822 112786338
1824 112517523
1826 112688330
1828 111815081
1830 112079803
1832 111844375
1834 111664288
1836 112098220
1838 111499275
1840 111331648
1842 111412529
1844 111141702
1846 110469754
1848 109879218
1850 109946119
1852 109109200
1854 109496037
1856 109561038
1858 109153347
1860 108810393
1862 108178844
1864 108100200
1866 108016917
1868 108317898
1870 107791109
1872 107256270
1874 107318033
1876 106730194
1878 106365544
1880 105832240
1882 105796001
1884 105549981
1886 105622225
1888 105557718
1890 105417570
1892 104865060
1894 104426595
1896 104289075
1898 103963354
1900 104065751
1902 103483556
1904 103553956
1906 103518783
1908 103616089
1910 102871199
1912 102963311
1914 102608101
1916 101993591
1918 101736735
1920 101944424
1922 101938041
1924 101293058
1926 100964885
1928 100787189
1930 100944291
1932 100865171
1934 100092630
1936 100029756
1938 99425953
1940 99133826
1942 98862149
1944 99206680
1946 98706925
1948 98550490
1950 98568509
1952 98158710
1954 97968042
1956 97860393
1958 97463806
1960 97087759
1962 96812711
1964 96171065
1966 95924213
1968 96020069
1970 96175818
1972 96221545
1974 96141550
1976 95800801
1978 95319720
1980 95506328
1982 94912842
1984 94733000
1986 94571383
1988 94383416
1990 94112743
1992 93728257
1994 93324189
1996 93206639
1998 93086664
2000 93037103
2002 92872861
2004 92557929
2006 92690973
2008 92117963
2010 91929296
2012 91761678
2014 91826782
2016 91383761
2018 91351977
2020 90879599
2022 90574018
2024 90310581
2026 90433916
2028 90078033
2030 89577781
2032 90115770
2034 89121532
2036 89041544
2038 88369777
2040 88743189
2042 88503773
2044 88626209
2046 88127282
2048 87901667
2050 87907659
2052 87944860
2054 87764672
2056 87304668
2058 87148281
2060 86835376
2062 86825770
2064 86736998
2066 86552433
2068 85907790
2070 86288409
2072 85916585
2074 85776159
2076 85504107
2078 85441683
2080 84944216
2082 84766706
2084 84532843
2086 84101835
2088 83982836
2090 83451144
2092 83287683
2094 83464689
2096 83107047
2098 83482029
2100 82879351
2102 82771190
2104 82085540
2106 81871734
2108 81568230
2110 81826626
2112 81913063
2114 81564213
2116 81326638
2118 81710698
2120 81566271
2122 81185550
2124 80759864
2126 80696915
2128 80060809
2130 80131367
2132 79847915
2134 79917804
2136 79602399
2138 79379897
2140 79352300
2142 79204195
2144 79361346
2146 79293901
2148 78590443
2150 78596323
2152 78196534
2154 77695975
2156 77578183
2158 77710772
2160 77454172
2162 76985643
2164 77215781
2166 76761138
2168 77029239
2170 76909802
2172 76854739
2174 76927495
2176 76199416
2178 76231969
2180 76165505
2182 75846439
2184 75163589
2186 75595081
2188 75350694
2190 74992356
2192 74374330
2194 74804626
2196 73991714
2198 74057115
2200 73893350
2202 73984967
2204 73619449
2206 73542157
2208 73559132
2210 73010108
2212 72505971
2214 72446204
2216 72498027
2218 72319584
2220 72275600
2222 71600226
2224 71474144
2226 71386181
2228 70963212
2230 70862157
2232 70933857
2234 70935601
2236 70574948
2238 70479797
2240 70168789
2242 70147003
2244 69986957
2246 69591643
2248 69623167
2250 69453849
2252 69170309
2254 69218250
2256 69239439
2258 68828603
2260 68722890
2262 68214398
2264 68145345
2266 67913793
2268 67886287
2270 67471364
2272 67261534
2274 67391381
2276 67344026
2278 66940459
2280 66977349
2282 66715991
2284 66629226
2286 66815593
2288 66441976
2290 66311830
2292 65906604
2294 65725958
2296 65699211
2298 66180334
2300 65277400
2302 64947224
2304 65080536
2306 64669201
2308 64735159
2310 64471061
2312 64600011
2314 64454907
2316 64457561
2318 64130331
2320 63955292
2322 63503056
2324 63369076
2326 63008538
2328 63243035
2330 62462410
2332 62478640
2334 62236378
2336 62224700
2338 62142607
2340 61870672
2342 61265138
2344 61821957
2346 61064379
2348 61239902
2350 60849111
2352 60925515
2354 60736222
2356 60715593
2358 60434836
2360 60594569
2362 60243712
2364 59890908
2366 59772846
2368 59618469
2370 59403330
2372 58995241
2374 58872027
2376 58671036
2378 58243589
2380 58196655
2382 58304552
2384 58104793
2386 57945261
2388 57463433
2390 57568330
2392 57466193
2394 57319119
2396 57067060
2398 56650954
2400 56570309
2402 56239390
2404 56222175
2406 55976013
2408 55876570
2410 55888531
2412 55416175
2414 55353856
2416 54967799
2418 55035998
2420 55144549
2422 54900447
2424 54644750
2426 54636468
2428 54668051
2430 54197884
2432 54180946
2434 53839663
2436 53926979
2438 53611676
2440 53734517
2442 53588488
2444 53841174
2446 53650901
2448 53288446
2450 53413617
2452 53165651
2454 52930632
2456 52935336
2458 52879151
2460 52774053
2462 52356575
2464 52334225
2466 51937991
2468 51619353
2470 51453977
2472 51483163
2474 51266550
2476 51360501
2478 51014938
2480 50859380
2482 50607238
2484 50633068
2486 50196112
2488 50135181
2490 49789699
2492 49969546
2494 49930844
2496 49908207
2498 49595425
2500 49320775
2502 49096110
2504 48939156
2506 48672938
2508 48563616
2510 48607872
2512 48231072
2514 48391527
2516 47863327
2518 48054372
2520 47497666
2522 47329525
2524 47189369
2526 47047414
2528 47047825
2530 46959395
2532 46813464
2534 47199101
2536 46740143
2538 46238169
2540 46393374
2542 46506938
2544 45983349
2546 46139488
2548 45824510
2550 45464648
2552 45469769
2554 45428970
2556 45389917
2558 45084153
2560 45201316
2562 44821680
2564 44864248
2566 44590487
2568 44484912
2570 44335136
2572 44628530
2574 44461515
2576 44275678
2578 43969355
2580 43852110
2582 43860098
2584 43699907
2586 43540828
2588 43281481
2590 42796634
2592 42843280
2594 42917417
2596 42788858
2598 42355658
2600 42374258
2602 42151604
2604 42055295
2606 41973661
2608 41802971
2610 41524544
2612 41479215
2614 41642519
2616 41144854
2618 41148107
2620 41131994
2622 40687587
2624 40474217
2626 40751308
2628 40460583
2630 40614745
2632 40661853
2634 40299222
2636 40414957
2638 39810684
2640 39991516
2642 40166888
2644 40125190
2646 39813256
2648 39702000
2650 39314279
2652 39335215
2654 39571856
2656 39397730
2658 38929708
2660 38739866
2662 38582817
2664 38441377
2666 38242982
2668 38141469
2670 38433450
2672 37985906
2674 37584998
2676 37524646
2678 37895737
2680 37220950
2682 37544127
2684 36968297
2686 36948309
2688 36807678
2690 36581010
2692 36496662
2694 36730708
2696 36682453
2698 36737473
2700 36472349
2702 36214828
2704 36244050
2706 36157160
2708 35946813
2710 35942733
2712 35787772
2714 35808533
2716 35606283
2718 35338602
2720 35592556
2722 35146722
2724 35231708
2726 34747357
2728 34866619
2730 34903305
2732 34934175
2734 34486102
2736 34342755
2738 34265257
2740 34326141
2742 33699498
2744 33756738
2746 33969707
2748 33702732
2750 33442311
2752 33360211
2754 33199641
2756 33100636
2758 32781862
2760 33233155
2762 32708672
2764 32708807
2766 32467815
2768 32387514
2770 32403386
2772 32319296
2774 32512063
2776 32130332
2778 31987614
2780 32055124
2782 31734641
2784 31641383
2786 31447723
2788 31524163
2790 31299815
2792 31244124
2794 31058086
2796 31090319
2798 31162157
2800 31040454
2802 30868397
2804 30764673
2806 30835745
2808 30628280
2810 30760000
2812 30682277
2814 30264714
2816 30033269
2818 30312427
2820 29839265
2822 29823876
2824 29681489
2826 29847845
2828 29631438
2830 29211657
2832 29252118
2834 29002570
2836 29055351
2838 28672624
2840 28861981
2842 28570371
2844 28808556
2846 28454070
2848 28049082
2850 27971974
2852 27890719
2854 28080660
2856 27872047
2858 27738365
2860 27679094
2862 27453295
2864 27443334
2866 27098333
2868 27316609
2870 27176647
2872 27241750
2874 27178999
2876 27067892
2878 27153307
2880 27098537
2882 26839159
2884 26789623
2886 26682509
2888 26421138
2890 26272675
2892 26195232
2894 26189096
2896 26302790
2898 26017636
2900 25597106
2902 25854695
2904 25624988
2906 25623402
2908 25248168
2910 25095116
2912 25072541
2914 24864755
2916 24916669
2918 25002047
2920 25134953
2922 24853506
2924 24692313
2926 24334759
2928 24390110
2930 24588224
2932 24003785
2934 24140301
2936 24065697
2938 23826989
2940 24208532
2942 24070500
2944 24042601
2946 23926650
2948 24112015
2950 23756854
2952 23619879
2954 23478426
2956 23448280
2958 23303746
2960 22974973
2962 22970570
2964 23018167
2966 23036793
2968 22895006
2970 22685987
2972 23026344
2974 22574391
2976 22565752
2978 22376149
2980 22400959
2982 22429385
2984 22315771
2986 22259677
2988 22234326
2990 22009654
2992 21622008
2994 21654365
2996 21623328
2998 21859050
3000 21587648
3002 21309749
3004 21273614
3006 21129149
3008 21155135
3010 21090772
3012 20828792
3014 20705302
3016 20761626
3018 20636009
3020 20599866
3022 20388428
3024 20396889
3026 20462901
3028 20449099
3030 20305253
3032 20308310
3034 20069431
3036 20178131
3038 20235882
3040 19945573
3042 19815597
3044 19839114
3046 19901655
3048 19975416
3050 19714590
3052 19342799
3054 19441491
3056 19497413
3058 19097189
3060 18823298
3062 19067469
3064 18930313
3066 18831477
3068 19035004
3070 18880730
3072 18696998
3074 18404038
3076 18651247
3078 18598755
3080 18309761
3082 18058898
3084 18154988
3086 18054355
3088 17912979
3090 18021640
3092 18270473
3094 17930802
3096 17798262
3098 17768751
3100 17938146
3102 17729934
3104 17603106
3106 17677351
3108 17388659
3110 17435136
3112 17123901
3114 17325974
3116 17124522
3118 16999967
3120 16864066
3122 16781096
3124 16752682
3126 16677779
3128 16672484
3130 16590686
3132 16636907
3134 16561034
3136 16569804
3138 16506687
3140 16358296
3142 16530224
3144 16282148
3146 16401971
3148 16227588
3150 16067591
3152 15891260
3154 15664103
3156 15646529
3158 15643081
3160 15604412
3162 15496541
3164 15403331
3166 15233370
3168 15187692
3170 15174030
3172 15059996
3174 14813361
3176 15220955
3178 14822016
3180 14819078
3182 14841050
3184 14947770
3186 14677254
3188 14862716
3190 14913673
3192 14798070
3194 14719694
3196 14896076
3198 14759552
3200 14712725
3202 14711362
3204 14547834
3206 14481490
3208 14212922
3210 14279622
3212 14264666
3214 14078199
3216 13951719
3218 13948645
3220 14058027
3222 13913922
3224 13807783
3226 13703404
3228 13810792
3230 13515210
3232 13366722
3234 13230516
3236 13457634
3238 13348507
3240 13424673
3242 13279184
3244 13229750
3246 13228253
3248 13031917
3250 12883565
3252 12807140
3254 13002995
3256 12723605
3258 12917348
3260 12726945
3262 12554311
3264 12753504
3266 12739200
3268 12639201
3270 12480065
3272 12444451
3274 12375785
3276 12483137
3278 12406288
3280 12474414
3282 12450929
3284 12365191
3286 12301842
3288 12171935
3290 12168003
3292 12062179
3294 11888599
3296 11739333
3298 11907025
3300 11677192
3302 11519021
3304 11643925
3306 11663366
3308 11719345
3310 11427002
3312 11319585
3314 11191835
3316 11296740
3318 11312686
3320 11102206
3322 11348701
3324 11328908
3326 11132709
3328 10958376
3330 11002533
3332 11117153
3334 10998281
3336 10821766
3338 10522468
3340 10659528
3342 10621053
3344 10465798
3346 10458522
3348 10390889
3350 10579778
3352 10554591
3354 10557364
3356 10389371
3358 10360459
3360 10303568
3362 10129731
3364 10181054
3366 10273832
3368 9936879
3370 10107435
3372 9995977
3374 9957189
3376 9901492
3378 9946927
3380 9981801
3382 9827778
3384 9688355
3386 9621738
3388 9520809
3390 9598976
3392 9428733
3394 9319401
3396 9168896
3398 9302274
3400 9366249
3402 9181079
3404 9247800
3406 9092642
3408 9002515
3410 8770340
3412 8945417
3414 8856383
3416 8833914
3418 8652236
3420 8569690
3422 8579211
3424 8466986
3426 8415281
3428 8512248
3430 8533715
3432 8258348
3434 8370854
3436 8406336
3438 8324692
3440 8422683
3442 8343526
3444 8201775
3446 8191928
3448 8008726
3450 8190113
3452 8259505
3454 8313995
3456 8244900
3458 8152855
3460 8216032
3462 8273258
3464 8208573
3466 8030502
3468 8051535
3470 7932929
3472 7948510
3474 7833565
3476 7775043
3478 7666089
3480 7623225
3482 7503241
3484 7475318
3486 7459718
3488 7521820
3490 7478590
3492 7391840
3494 7415276
3496 7359877
3498 7274448
3500 7210040
3502 7335174
3504 7272769
3506 7122319
3508 6995098
3510 6997108
3512 7144099
3514 7138698
3516 6932077
3518 6921433
3520 6855880
3522 6919477
3524 6809910
3526 6732414
3528 6699930
3530 6663279
3532 6668724
3534 6695322
3536 6768960
3538 6679275
3540 6588189
3542 6707446
3544 6533957
3546 6534099
3548 6398595
3550 6368572
3552 6337829
3554 6343163
3556 6371825
3558 6197398
3560 6188467
3562 6250448
3564 6178065
3566 6180524
3568 6119624
3570 6086718
3572 6027449
3574 6041891
3576 5945952
3578 5807468
3580 5768904
3582 5879379
3584 5800199
3586 5777722
3588 5763877
3590 5659340
3592 5537571
3594 5562667
3596 5480920
3598 5622978
3600 5649012
3602 5544236
3604 5458937
3606 5500956
3608 5530504
3610 5260126
3612 5292358
3614 5318516
3616 5402614
3618 5256268
3620 5246574
3622 5282857
3624 5320394
3626 5139795
3628 5234426
3630 5148642
3632 5042831
3634 5102978
3636 5076558
3638 5049096
3640 4939481
3642 4962818
3644 5077337
3646 4906881
3648 4915633
3650 5103582
3652 4875387
3654 4843088
3656 4821231
3658 4841447
3660 4772095
3662 4800808
3664 4684415
3666 4747651
3668 4640692
3670 4641581
3672 4563596
3674 4569332
3676 4442373
3678 4539824
3680 4465554
3682 4469102
3684 4387835
3686 4486962
3688 4411369
3690 4545154
3692 4442199
3694 4510715
3696 4269208
3698 4410444
3700 4343786
3702 4275447
3704 4257037
3706 4250701
3708 4173129
3710 4156646
3712 4166234
3714 4223964
3716 4051771
3718 3965040
3720 3941463
3722 4007555
3724 3940623
3726 3780623
3728 3863701
3730 3786461
3732 3811741
3734 3647504
3736 3675973
3738 3623850
3740 3475399
3742 3611336
3744 3686971
3746 3542283
3748 3587399
3750 3540513
3752 3623970
3754 3471708
3756 3535747
3758 3559974
3760 3559702
3762 3596166
3764 3547396
3766 3447701
3768 3439119
3770 3376803
3772 3391181
3774 3386878
3776 3343379
3778 3284575
3780 3349758
3782 3204434
3784 3252849
3786 3097704
3788 3151485
3790 3267154
3792 3139753
3794 3070143
3796 3130597
3798 3042039
3800 3085974
3802 2974441
3804 2923035
3806 2979473
3808 2892979
3810 2818452
3812 2855338
3814 2885445
3816 2877726
3818 2807935
3820 2772905
3822 2829845
3824 2794900
3826 2845998
3828 2769030
3830 2757922
3832 2779582
3834 2771141
3836 2684001
3838 2670757
3840 2698728
3842 2786719
3844 2658329
3846 2649947
3848 2497417
3850 2552896
3852 2464667
3854 2570996
3856 2586603
3858 2470249
3860 2537551
3862 2515096
3864 2465304
3866 2302137
3868 2353819
3870 2329542
3872 2333388
3874 2334036
3876 2262057
3878 2272059
3880 2328215
3882 2150877
3884 2230063
3886 2254116
3888 2149539
3890 2154026
3892 2104687
3894 2055346
3896 2122647
3898 2150949
3900 2123542
3902 2030823
3904 2027731
3906 1963770
3908 2049354
3910 2082185
3912 2105206
3914 2043201
3916 2011356
3918 2085607
3920 1934489
3922 1975877
3924 1987697
3926 2039882
3928 1996381
3930 2041008
3932 1988002
3934 2078638
3936 2011198
3938 1975108
3940 1938670
3942 2002063
3944 2046993
3946 1939974
3948 1882847
3950 1891936
3952 1896614
3954 1931623
3956 1891493
3958 1822073
3960 1776528
3962 1752681
3964 1727595
3966 1637248
3968 1684904
3970 1667272
3972 1674798
3974 1625215
3976 1639022
3978 1605752
3980 1662881
3982 1635204
3984 1654232
3986 1655873
3988 1568400
3990 1542940
3992 1612875
3994 1537680
3996 1522043
3998 1452351
4000 1515930
4002 1548848
4004 1452066
4006 1453235
4008 1412844
4010 1440439
4012 1407208
4014 1386425
4016 1426500
4018 1401709
4020 1387328
4022 1395665
4024 1391300
4026 1414041
4028 1355750
4030 1316194
4032 1331554
4034 1384858
4036 1382848
4038 1318039
4040 1237322
4042 1254769
4044 1263746
4046 1263482
4048 1201377
4050 1199861
4052 1189719
4054 1146953
4056 1129617
4058 1121503
4060 1082432
4062 1099216
4064 1103811
4066 1198458
4068 1213545
4070 1306364
4072 1328109
4074 1240744
4076 1205905
4078 1104607
4080 1074350
4082 1071633
4084 1024719
4086 998302
4088 1004552
4090 987442
4092 900065
4094 912520
4096 915830
4098 897339
4100 875901
4102 934158
4104 878270
4106 910285
4108 990662
4110 1016431
4112 1018158
4114 901541
4116 908468
4118 877066
4120 949938
4122 922588
4124 929017
4126 884745
4128 848118
4130 834996
4132 911369
4134 807530
4136 891092
4138 803685
4140 797756
4142 771420
4144 813338
4146 758962
4148 811447
4150 773045
4152 663334
4154 704448
4156 690143
4158 648092
4160 636589
4162 612921
4164 643199
4166 626969
4168 603552
4170 621946
4172 616855
4174 649310
4176 598309
4178 589360
4180 586132
4182 586542
4184 577265
4186 582899
4188 622826
4190 648637
4192 673738
4194 674603
4196 633000
4198 573380
4200 534210
4202 471712
4204 508245
4206 520643
4208 542863
4210 505224
4212 527974
4214 520559
4216 487186
4218 499801
4220 501111
4222 457230
4224 453516
4226 456837
4228 496174
4230 431163
4232 384110
4234 404292
4236 410298
4238 420463
4240 429981
4242 455721
4244 404145
4246 395873
4248 365536
4250 399041
4252 378818
4254 405676
4256 374036
4258 361764
4260 351862
4262 399600
4264 367839
4266 388910
4268 360409
4270 330723
4272 333699
4274 315266
4276 304848
4278 317565
4280 330687
4282 318943
4284 323073
4286 366129
4288 286421
4290 300818
4292 307526
4294 278029
4296 274824
4298 266832
4300 259018
4302 291940
4304 286979
4306 259926
4308 289417
4310 247896
4312 243895
4314 256301
4316 296937
4318 302568
4320 252755
4322 288860
4324 237415
4326 191618
4328 226574
4330 248805
4332 220931
4334 223178
4336 216950
4338 221810
4340 217041
4342 210508
4344 195312
4346 232427
4348 207004
4350 211438
4352 170157
4354 169062
4356 183874
4358 165840
4360 200096
4362 169448
4364 162763
4366 146199
4368 127586
4370 154831
4372 138564
4374 131621
4376 132721
4378 160176
4380 140147
4382 140676
4384 139793
4386 154181
4388 152711
4390 126027
4392 115198
4394 101108
4396 97349
4398 103547
4400 97995
4402 88236
4404 104781
4406 101220
4408 114053
4410 80122
4412 89067
4414 73732
4416 82288
4418 103006
4420 115043
4422 115923
4424 108553
4426 113283
4428 67058
4430 77512
4432 66278
4434 58908
4436 62698
4438 62508
4440 64472
4442 70251
4444 49847
4446 56181
4448 50795
4450 61419
4452 58932
4454 51533
4456 56496
4458 71224
4460 90269
4462 69329
4464 67282
4466 44041
4468 56091
4470 70608
4472 75240
4474 80733
4476 77408
4478 70894
4480 77030
4482 61860
4484 47084
4486 54747
4488 50203
4490 50808
4492 72564
4494 61253
4496 52217
4498 44360
4500 42604
4502 45629
4504 44200
4506 56725
4508 44587
4510 40921
4512 38057
4514 33997
4516 34574
4518 30540
4520 35000
4522 34996
4524 41217
4526 43551
4528 22050
4530 39709
4532 28357
4534 14227
4536 7634
4538 10271
4540 7632
4542 6107
4544 8741
4546 5940
4548 8639
4550 9547
4552 3649
4554 8538
4556 7142
4558 8399
4560 6036
4562 13537
4564 11052
4566 11328
4568 4507
4570 4888
4572 9567
4574 9970
4576 10161
4578 12325
4580 8192
4582 5477
4584 11597
4586 17519
4588 6121
4590 2820
4592 5546
4594 4311
4596 5007
4598 7128
4600 7552
4602 11372
4604 19113
4606 11069
4608 9693
4610 5053
4612 7772
4614 9466
4616 2036
4618 1199
4620 127
4622 103
4624 308
4626 1265
4628 4589
4630 5798
4632 1943
4634 1972
4636 1886
4638 3738
4640 5127
4642 7552
4644 8725
4646 2252
4648 1683
4650 147
4652 92
4654 970
4656 2512
4658 1251
4660 148
4662 181
4694 34
4696 250
4698 985
4700 985
4702 126
4704 736
4706 877
4708 3132
4710 1220
4712 3482
4714 1245
4716 1062
