N J h steps 
2000 0.839 0 610000000000
-1980 269
-1978 31115
-1976 22054
-1974 65623
-1972 72641
-1970 144733
-1968 162784
-1966 183409
-1964 240659
-1962 427085
-1960 649834
-1958 882612
-1956 1056791
-1954 1432453
-1952 1590044
-1950 1884755
-1948 2325305
-1946 3010722
-1944 3729716
-1942 4400666
-1940 5351461
-1938 6110091
-1936 7157276
-1934 8056723
-1932 9084706
-1930 10089168
-1928 11474698
-1926 12779044
-1924 13627727
-1922 15026503
-1920 16250163
-1918 18006250
-1916 20365710
-1914 22504996
-1912 24215230
-1910 25039228
-1908 27367312
-1906 29566587
-1904 32160376
-1902 34017627
-1900 37088048
-1898 38595074
-1896 40354655
-1894 42535917
-1892 45925143
-1890 47524858
-1888 49019124
-1886 51856496
-1884 53898036
-1882 56505108
-1880 59764374
-1878 62423940
-1876 64461430
-1874 67939914
-1872 69666722
-1870 73092647
-1868 75309163
-1866 78023335
-1864 79952051
-1862 82356636
-1860 85372336
-1858 89080449
-1856 91043757
-1854 93759895
-1852 96244797
-1850 98919112
-1848 100784526
-1846 102756538
-1844 105773807
-1842 108095947
-1840 112007128
-1838 113918161
-1836 118095056
-1834 120231785
-1832 123148329
-1830 124659836
-1828 127550936
-1826 128876163
-1824 131440868
-1822 133965863
-1820 136018375
-1818 136943569
-1816 141036716
-1814 143855667
-1812 146201524
-1810 147552225
-1808 149320341
-1806 152319288
-1804 154692124
-1802 157086597
-1800 159492944
-1798 161610638
-1796 165057848
-1794 167481283
-1792 168461822
-1790 170359537
-1788 172566382
-1786 174479915
-1784 177767563
-1782 178679011
-1780 181054726
-1778 183935007
-1776 186149040
-1774 187817385
-1772 190314769
-1770 192560171
-1768 194665198
-1766 196892885
-1764 198676739
-1762 201273472
-1760 202281926
-1758 203292543
-1756 205039849
-1754 207383640
-1752 209451079
-1750 209120474
-1748 212092296
-1746 213336510
-1744 214103256
-1742 217218150
-1740 216988235
-1738 218989764
-1736 220681742
-1734 221384136
-1732 221613942
-1730 222812581
-1728 223857026
-1726 225657557
-1724 227213046
-1722 228742781
-1720 230780168
-1718 232045459
-1716 233753348
-1714 233538704
-1712 237467059
-1710 239280791
-1708 240268895
-1706 242046391
-1704 243812224
-1702 244396103
-1700 245436663
-1698 247951883
-1696 249807005
-1694 250686588
-1692 252565507
-1690 255074208
-1688 255236059
-1686 256882804
-1684 258253018
-1682 260293058
-1680 261768017
-1678 262255630
-1676 261103132
-1674 263323169
-1672 263681294
-1670 264206189
-1668 266550984
-1666 266255861
-1664 269217383
-1662 269530074
-1660 269792666
-1658 271259529
-1656 272270499
-1654 271649474
-1652 272666361
-1650 273126396
-1648 274281697
-1646 275202499
-1644 276447546
-1642 276169479
-1640 276993105
-1638 276457414
-1636 276570264
-1634 277516405
-1632 278884134
-1630 279219003
-1628 279225437
-1626 279822377
-1624 280639681
-1622 281453121
-1620 281541569
-1618 281416430
-1616 281745498
-1614 283583038
-1612 283611029
-1610 284363282
-1608 286462568
-1606 286051540
-1604 287856025
-1602 287570748
-1600 289121922
-1598 289806755
-1596 289657926
-1594 291023608
-1592 290680327
-1590 292022680
-1588 291388134
-1586 292831696
-1584 293420914
-1582 294427291
-1580 293012848
-1578 293206365
-1576 294547957
-1574 296650634
-1572 295893530
-1570 296982194
-1568 296713838
-1566 297105073
-1564 298095081
-1562 298348893
-1560 298178836
-1558 297368159
-1556 299310929
-1554 299215184
-1552 299629306
-1550 299629854
-1548 300876741
-1546 302152903
-1544 302512823
-1542 304318167
-1540 304465833
-1538 305128329
-1536 305624666
-1534 307400359
-1532 307910040
-1530 309237205
-1528 308920317
-1526 310731891
-1524 309911478
-1522 309906842
-1520 310040082
-1518 309813043
-1516 310642783
-1514 311957522
-1512 312344999
-1510 312625927
-1508 313457200
-1506 313454260
-1504 314208954
-1502 313247344
-1500 314049488
-1498 312475759
-1496 311836672
-1494 312663747
-1492 315611610
-1490 314378250
-1488 316038747
-1486 315654056
-1484 316608988
-1482 317046321
-1480 316881609
-1478 316486011
-1476 318926620
-1474 317311159
-1472 317456913
-1470 317101040
-1468 317134688
-1466 317014663
-1464 315844955
-1462 315519179
-1460 316811574
-1458 316740769
-1456 318058197
-1454 319522516
-1452 319146106
-1450 320108566
-1448 321276551
-1446 322514510
-1444 321546155
-1442 321968172
-1440 322093622
-1438 320827546
-1436 321791769
-1434 323087891
-1432 320706672
-1430 322228581
-1428 322553654
-1426 323341162
-1424 324279139
-1422 323406241
-1420 323168070
-1418 324452529
-1416 324783827
-1414 325227021
-1412 324420773
-1410 323637747
-1408 324923980
-1406 324427759
-1404 324844163
-1402 325763491
-1400 325930755
-1398 326761406
-1396 327099082
-1394 327522741
-1392 328576565
-1390 328343733
-1388 327773108
-1386 329023938
-1384 329826734
-1382 328229098
-1380 330681977
-1378 329429978
-1376 330683768
-1374 330789093
-1372 330120374
-1370 331486381
-1368 332573850
-1366 331629459
-1364 332428875
-1362 332542388
-1360 332544171
-1358 332445188
-1356 333552110
-1354 333208354
-1352 333827312
-1350 333571992
-1348 334908343
-1346 334782563
-1344 335520200
-1342 336047152
-1340 336032296
-1338 336840247
-1336 336846128
-1334 334905927
-1332 336005136
-1330 335346498
-1328 334792241
-1326 336511648
-1324 336941930
-1322 337328798
-1320 338726407
-1318 337920929
-1316 338221331
-1314 336451733
-1312 336512202
-1310 336438727
-1308 336877730
-1306 335873923
-1304 336484927
-1302 337086619
-1300 336853795
-1298 335643148
-1296 335922337
-1294 336663499
-1292 337734841
-1290 336937152
-1288 336641565
-1286 335740110
-1284 335675087
-1282 336037368
-1280 335736220
-1278 336535713
-1276 337728886
-1274 337817879
-1272 338196921
-1270 339296353
-1268 337716938
-1266 339007011
-1264 338140877
-1262 337876317
-1260 338998052
-1258 339078719
-1256 338556611
-1254 338668411
-1252 338625943
-1250 338893507
-1248 338294457
-1246 339208142
-1244 339398527
-1242 340101374
-1240 339336868
-1238 340483338
-1236 340963465
-1234 340971485
-1232 341191210
-1230 342345008
-1228 341684653
-1226 340918369
-1224 341385156
-1222 341726763
-1220 340838710
-1218 340525384
-1216 341895161
-1214 340023692
-1212 342581878
-1210 342885377
-1208 342087149
-1206 340487032
-1204 341049372
-1202 341489075
-1200 340368798
-1198 340100242
-1196 340179074
-1194 340745354
-1192 341565416
-1190 340616603
-1188 340130185
-1186 340491549
-1184 341370771
-1182 341035607
-1180 341242475
-1178 339763171
-1176 340640545
-1174 340432630
-1172 340177245
-1170 339992020
-1168 339528217
-1166 340137755
-1164 340637356
-1162 341807371
-1160 341403969
-1158 341522356
-1156 342405584
-1154 342907836
-1152 342348255
-1150 343258930
-1148 342540603
-1146 341488075
-1144 341495715
-1142 341713302
-1140 342535888
-1138 342846754
-1136 342044610
-1134 341552701
-1132 340613280
-1130 340969121
-1128 341669258
-1126 341146593
-1124 342242067
-1122 340867361
-1120 340743585
-1118 341768893
-1116 341418912
-1114 340826330
-1112 339923685
-1110 339441932
-1108 340346816
-1106 340223596
-1104 340408655
-1102 341082829
-1100 341255246
-1098 341369028
-1096 342142969
-1094 343127786
-1092 343546545
-1090 342329644
-1088 343033333
-1086 343301079
-1084 343501098
-1082 343343559
-1080 343685393
-1078 344310999
-1076 343600881
-1074 343204788
-1072 342584777
-1070 342417829
-1068 342437253
-1066 341981126
-1064 342693932
-1062 343104549
-1060 342137324
-1058 341292153
-1056 342077672
-1054 341506811
-1052 340423308
-1050 341627756
-1048 341544821
-1046 341433485
-1044 342603848
-1042 341983294
-1040 342329642
-1038 342652443
-1036 342871134
-1034 342489730
-1032 343669657
-1030 343073366
-1028 342326801
-1026 341192496
-1024 342193246
-1022 342445699
-1020 342894808
-1018 342413955
-1016 341680052
-1014 342953195
-1012 341536877
-1010 340105041
-1008 339871405
-1006 340624078
-1004 340791014
-1002 339621759
-1000 338536948
-998 339234112
-996 338593989
-994 338962441
-992 341202016
-990 341081917
-988 340628493
-986 341087824
-984 341348809
-982 340329827
-980 339749768
-978 338152523
-976 339031135
-974 338520441
-972 338979809
-970 338764416
-968 338736132
-966 338204500
-964 338088338
-962 337757758
-960 338058835
-958 339103090
-956 339391959
-954 339236469
-952 340223920
-950 339760424
-948 339017464
-946 337644373
-944 338449293
-942 337498120
-940 337048130
-938 336966686
-936 337308568
-934 336313129
-932 335778823
-930 336090075
-928 335952219
-926 334964402
-924 335165451
-922 335208294
-920 335029069
-918 335859111
-916 335483413
-914 335123702
-912 335286218
-910 335656130
-908 334725798
-906 334842284
-904 334166942
-902 336828236
-900 335311320
-898 335621789
-896 334601815
-894 334280250
-892 333847334
-890 335372304
-888 334644176
-886 335100523
-884 335094520
-882 334806829
-880 335386769
-878 334699822
-876 333167932
-874 333361762
-872 334584484
-870 333849507
-868 332657519
-866 333061853
-864 332983201
-862 332097278
-860 332515818
-858 333686527
-856 333848072
-854 334520279
-852 335171038
-850 335235473
-848 336079177
-846 337314635
-844 335842557
-842 334967931
-840 334647868
-838 335505296
-836 335671574
-834 335179956
-832 335434849
-830 333815925
-828 335195219
-826 334319406
-824 333897856
-822 332639775
-820 333830257
-818 334056887
-816 334779317
-814 333359139
-812 332826495
-810 332534271
-808 331139322
-806 333016409
-804 334014213
-802 334953753
-800 334610606
-798 335016123
-796 333755997
-794 333860670
-792 334320182
-790 334809284
-788 334042771
-786 333486008
-784 332995816
-782 332927515
-780 333312503
-778 332208896
-776 332417883
-774 332180944
-772 332123350
-770 331945273
-768 331040327
-766 331086890
-764 331426905
-762 330760819
-760 330549093
-758 331310784
-756 331212118
-754 331216037
-752 331627069
-750 331229654
-748 330294125
-746 330015923
-744 330007766
-742 330081275
-740 329003467
-738 328783768
-736 329998820
-734 329619308
-732 329384928
-730 328470657
-728 328092829
-726 328617657
-724 327596180
-722 327694008
-720 329321076
-718 328658266
-716 328027636
-714 328523666
-712 328674920
-710 329267994
-708 328351304
-706 328164417
-704 328461969
-702 328740141
-700 329440958
-698 330306177
-696 330175798
-694 330250553
-692 329506825
-690 329771256
-688 330430887
-686 329076143
-684 329549137
-682 328797004
-680 329544471
-678 328986578
-676 329104901
-674 330614798
-672 329885433
-670 329233567
-668 329369714
-666 330000831
-664 329761199
-662 328796443
-660 328506656
-658 328706033
-656 329136250
-654 329803575
-652 329530737
-650 328715658
-648 328625835
-646 329112706
-644 329848209
-642 329242664
-640 329513557
-638 330611292
-636 330212709
-634 330834525
-632 329761789
-630 329094087
-628 329179664
-626 330032287
-624 328882470
-622 328649988
-620 329129045
-618 329191290
-616 329726575
-614 327924297
-612 328518508
-610 329096571
-608 330200236
-606 330434689
-604 329830192
-602 330396508
-600 329742770
-598 329175941
-596 329029440
-594 328729438
-592 328694387
-590 326928355
-588 329154660
-586 327701816
-584 328319191
-582 327582604
-580 326841200
-578 326878518
-576 327357108
-574 326338152
-572 326281651
-570 327590157
-568 326710252
-566 327465725
-564 326824808
-562 326541957
-560 327622385
-558 328350742
-556 328437272
-554 327973905
-552 326931260
-550 328103005
-548 328395512
-546 328522685
-544 328331249
-542 327745210
-540 327374291
-538 328027011
-536 328834418
-534 327440117
-532 327642471
-530 328483464
-528 327445172
-526 327264458
-524 327587722
-522 327967911
-520 326951981
-518 327536279
-516 327161086
-514 326580997
-512 326520739
-510 326204675
-508 326176592
-506 325390161
-504 324993655
-502 324014973
-500 323264193
-498 323486781
-496 324226121
-494 325239744
-492 324151833
-490 323502444
-488 323412903
-486 323167912
-484 324283201
-482 324848522
-480 325208932
-478 324261544
-476 325262913
-474 325014827
-472 324972130
-470 324884854
-468 324602971
-466 324787441
-464 324820238
-462 325045694
-460 325968112
-458 324862595
-456 324973462
-454 325716723
-452 325367399
-450 325473901
-448 325110772
-446 323900501
-444 324494132
-442 324696779
-440 324931606
-438 325555737
-436 325856979
-434 325965529
-432 326056873
-430 325474400
-428 325320554
-426 325617669
-424 324283413
-422 324898246
-420 326687784
-418 324865021
-416 324410770
-414 323564822
-412 323474323
-410 324575594
-408 325604424
-406 325599968
-404 326034233
-402 325338530
-400 325469553
-398 325474814
-396 325934458
-394 326031207
-392 326460782
-390 325245818
-388 325442750
-386 324326276
-384 324451466
-382 323756330
-380 323654372
-378 323295265
-376 323967507
-374 322870264
-372 324071796
-370 322727884
-368 322133668
-366 322773276
-364 322914598
-362 322226129
-360 322491452
-358 323519741
-356 325021944
-354 324841849
-352 325290522
-350 325461948
-348 326055445
-346 326171262
-344 325555806
-342 326533718
-340 325710014
-338 325812114
-336 325129778
-334 324996293
-332 325601020
-330 324512245
-328 324630991
-326 323135112
-324 322777615
-322 322324990
-320 323664050
-318 322921618
-316 324462608
-314 324151365
-312 323257093
-310 323337491
-308 323631986
-306 324508486
-304 324273949
-302 323379938
-300 323266272
-298 323405141
-296 323211159
-294 323814164
-292 322632976
-290 323104240
-288 323519375
-286 322167548
-284 322882702
-282 324290971
-280 323954723
-278 324201054
-276 324011797
-274 324476231
-272 324090501
-270 325274215
-268 325574464
-266 325555182
-264 325180654
-262 324657466
-260 323736805
-258 323727267
-256 324990084
-254 323313812
-252 324640795
-250 324603372
-248 323814290
-246 325641344
-244 324933989
-242 325183528
-240 324975210
-238 325829659
-236 326450605
-234 326048395
-232 325553470
-230 325077727
-228 325307462
-226 326881022
-224 326172284
-222 325715514
-220 326641321
-218 327888318
-216 327655056
-214 327182066
-212 327236786
-210 326376684
-208 326957903
-206 326816459
-204 326726983
-202 327589255
-200 327274280
-198 327706846
-196 326908222
-194 327539624
-192 327783163
-190 327510739
-188 327768340
-186 327794160
-184 326908604
-182 327339699
-180 328281520
-178 328798270
-176 328753051
-174 328664034
-172 328620223
-170 328976440
-168 329229344
-166 328758169
-164 328128038
-162 328711020
-160 328114805
-158 327563571
-156 327353276
-154 327262441
-152 326727517
-150 326794001
-148 327402404
-146 327735982
-144 327006640
-142 327304242
-140 328485319
-138 328221401
-136 327725277
-134 326640060
-132 328246611
-130 330101787
-128 330409798
-126 331658448
-124 331436395
-122 330899780
-120 330235942
-118 329400934
-116 330429559
-114 330768063
-112 331601620
-110 331629646
-108 332346927
-106 331074671
-104 330996007
-102 331494185
-100 331890657
-98 331882783
-96 331087419
-94 331053701
-92 330836674
-90 331393763
-88 331062724
-86 330218743
-84 330698262
-82 330444223
-80 330330527
-78 330179480
-76 329864068
-74 328669286
-72 328119399
-70 327740254
-68 327116404
-66 327329941
-64 327304159
-62 326853529
-60 327729798
-58 326732075
-56 327228576
-54 327160773
-52 327878796
-50 326958745
-48 326890744
-46 327465520
-44 327156577
-42 327446753
-40 327585885
-38 328144011
-36 328669970
-34 328940428
-32 328995147
-30 328627232
-28 326972791
-26 327992154
-24 327532780
-22 328750828
-20 327760309
-18 327651352
-16 328945706
-14 328862864
-12 328430428
-10 329286127
-8 330774205
-6 329135357
-4 328607250
-2 329329619
0 328646109
2 329050413
4 329022794
6 329734348
8 329406737
10 330371518
12 330497007
14 329883429
16 329539739
18 329748016
20 329276525
22 329065620
24 328108943
26 328710883
28 329355818
30 329699884
32 328863651
34 328688011
36 329601954
38 329873605
40 330054082
42 328756738
44 329443283
46 329261129
48 329169987
50 329386641
52 330316983
54 329902205
56 331150671
58 331500669
60 331734192
62 330911656
64 330686896
66 330702543
68 331622439
70 331813207
72 332356766
74 332778182
76 331331824
78 332846880
80 331535442
82 331967136
84 332417285
86 333389183
88 331293934
90 332345345
92 331751378
94 331948942
96 331153913
98 333335795
100 332960878
102 333001732
104 332364157
106 332608892
108 333344022
110 332470061
112 333074423
114 331954647
116 332285563
118 331555312
120 332606845
122 331250995
124 331391441
126 331251125
128 331306794
130 330790376
132 332288128
134 332414569
136 333004436
138 333545500
140 333697501
142 333567948
144 332926808
146 332807497
148 332809561
150 333139830
152 333501313
154 333495218
156 332245820
158 332663156
160 332827569
162 332360736
164 332218343
166 332620094
168 332385613
170 333834419
172 333750599
174 334305017
176 333840799
178 334151384
180 334061627
182 334863834
184 335078300
186 335634718
188 336048380
190 334974662
192 335733120
194 334965330
196 334808486
198 333863590
200 334102065
202 334889170
204 334993026
206 335771480
208 335221730
210 335607475
212 335863646
214 334774409
216 334962392
218 334204130
220 334480869
222 335298397
224 335209481
226 335306314
228 334342335
230 335716261
232 335305381
234 336039328
236 336201614
238 336536518
240 337340830
242 336419912
244 337642764
246 337334355
248 337362994
250 336974786
252 337091405
254 337276284
256 337945123
258 337383206
260 336797312
262 336920476
264 335835692
266 336857659
268 337468309
270 337915449
272 336945056
274 336460219
276 336194923
278 336280691
280 336471193
282 336789129
284 337615623
286 338493515
288 339087447
290 337414936
292 338382457
294 337616942
296 337507593
298 337691633
300 338118003
302 336847261
304 338252332
306 337800589
308 338217913
310 338421517
312 337555496
314 338082059
316 338502024
318 338500936
320 338399954
322 338661972
324 339254326
326 339651013
328 338989760
330 338460625
332 339311375
334 338380455
336 338729368
338 338337862
340 339394074
342 340045776
344 340225191
346 340808975
348 341128311
350 340090993
352 340996417
354 340922908
356 340151402
358 340442950
360 340911002
362 343490443
364 343413210
366 343779218
368 343921181
370 345037756
372 344964884
374 345500527
376 345129815
378 344767285
380 344720402
382 345084867
384 346160446
386 345804973
388 345225898
390 344812588
392 345739583
394 345692119
396 346002995
398 347652282
400 346658128
402 346898159
404 346521903
406 347768360
408 347921531
410 348256608
412 347430890
414 347399909
416 348019725
418 347612625
420 347730655
422 348591644
424 347782972
426 347069790
428 348164798
430 346122532
432 345799004
434 345589152
436 346172383
438 346792309
440 346121856
442 345986849
444 345445323
446 344978620
448 345488539
450 344593933
452 346123826
454 345948191
456 346779751
458 345595001
460 346593490
462 345756233
464 346317280
466 346201009
468 346789428
470 347152071
472 347439608
474 348163637
476 348020924
478 345847691
480 346115649
482 346056349
484 346376439
486 345613973
488 346743177
490 346722254
492 346725666
494 346625778
496 346915005
498 347573790
500 347095032
502 346743179
504 346859669
506 346238551
508 346137944
510 346218897
512 347009585
514 348010842
516 348704434
518 348077878
520 347947785
522 347923363
524 347992451
526 349179215
528 348099510
530 346759289
532 347617313
534 348502969
536 348541231
538 348669016
540 348781048
542 348052753
544 348920471
546 348933340
548 349236245
550 349594971
552 348684589
554 347430671
556 347656238
558 347404469
560 347961257
562 348206468
564 348553434
566 348518729
568 348170865
570 348191362
572 347389966
574 347857900
576 347650411
578 348338534
580 347738140
582 348351041
584 348509773
586 347034639
588 347370849
590 348410048
592 348917159
594 348505001
596 348784074
598 347896565
600 347388687
602 347720835
604 348081374
606 346649122
608 347646028
610 346084628
612 346383657
614 346922044
616 347363484
618 346566360
620 347724524
622 349176841
624 349328183
626 349241075
628 349153905
630 349619349
632 349442396
634 350840932
636 350783534
638 349251196
640 349827001
642 350004321
644 349626903
646 350498841
648 349538463
650 350927272
652 351507098
654 349631999
656 350103147
658 349908715
660 349427051
662 349649268
664 349343256
666 349620743
668 348889801
670 348172803
672 349447138
674 348391540
676 349417712
678 347552330
680 348613171
682 348316938
684 348242041
686 348092589
688 348876611
690 348148389
692 348859113
694 349604914
696 349931209
698 349960263
700 349571203
702 350411915
704 350292424
706 350061316
708 350570269
710 350894352
712 350391724
714 350437194
716 351803786
718 351804560
720 351749407
722 351799942
724 351366051
726 352489627
728 352668552
730 353087581
732 352566955
734 352215476
736 352305479
738 351664870
740 352518491
742 352075348
744 350467712
746 349873103
748 350040924
750 349779158
752 349455708
754 350583598
756 350162204
758 349256944
760 349720050
762 348823655
764 350274777
766 351864470
768 352621656
770 351912214
772 351373647
774 349767165
776 349141605
778 350665109
780 350172743
782 351535094
784 351025777
786 350699258
788 350470007
790 349210204
792 349694113
794 350652832
796 350271637
798 351203636
800 351857566
802 352433124
804 351399571
806 350965051
808 350593753
810 351619843
812 352143835
814 352543307
816 351681719
818 351504318
820 351986759
822 351941223
824 351624927
826 352264534
828 351431093
830 351892633
832 352180072
834 350527648
836 350488420
838 350066189
840 351807753
842 351057461
844 350302099
846 353126013
848 351768244
850 352355197
852 351360316
854 351271760
856 349662999
858 351009776
860 352058267
862 350572361
864 352761574
866 352186959
868 353183092
870 353588219
872 354958747
874 353710811
876 352735155
878 354050454
880 353510153
882 353652725
884 353493097
886 353750304
888 353618815
890 354271156
892 354472897
894 354485770
896 355184302
898 355075955
900 355671410
902 354509138
904 354013783
906 353626250
908 354173601
910 355004825
912 355057471
914 354369007
916 354304484
918 355066190
920 354772911
922 355223595
924 355915234
926 356669005
928 356043872
930 356875708
932 357133920
934 357746281
936 357240187
938 357755257
940 356598326
942 356715662
944 357092207
946 356810500
948 358416874
950 358905729
952 359562097
954 358037899
956 358233852
958 359671196
960 360653415
962 360293805
964 360833034
966 361183574
968 361095814
970 360950789
972 362780136
974 363218402
976 361321766
978 363289098
980 362064706
982 362290540
984 361525760
986 361708639
988 361048371
990 360292073
992 360650664
994 361129133
996 360888174
998 360311104
1000 360778292
1002 361249822
1004 362009578
1006 361352952
1008 361623285
1010 362957960
1012 362349655
1014 362779526
1016 363424886
1018 363602009
1020 364683705
1022 365370910
1024 365182041
1026 365161543
1028 365906389
1030 364373775
1032 364124805
1034 365087034
1036 365924660
1038 365754740
1040 366024263
1042 365937583
1044 366459942
1046 367719441
1048 366927759
1050 367454509
1052 368023199
1054 366985855
1056 368710507
1058 369361834
1060 371008596
1062 372648991
1064 372582462
1066 372536155
1068 371678729
1070 372932886
1072 373085129
1074 370935048
1076 372067892
1078 373139036
1080 372901417
1082 371659045
1084 373420670
1086 372910643
1088 373916500
1090 372892913
1092 371593085
1094 372186200
1096 372848914
1098 373106431
1100 371069509
1102 370069740
1104 370404251
1106 370385686
1108 370310040
1110 369045916
1112 370633968
1114 370281775
1116 369798535
1118 369786754
1120 369742691
1122 371691567
1124 372190101
1126 371419597
1128 371441838
1130 371281835
1132 371147751
1134 372287585
1136 372256007
1138 371900724
1140 372259095
1142 372279754
1144 372142233
1146 371694434
1148 372866428
1150 371954221
1152 372829408
1154 373392147
1156 374241973
1158 374920956
1160 375078712
1162 374252627
1164 373633545
1166 374043644
1168 373526970
1170 375708109
1172 377117607
1174 377309435
1176 377123801
1178 377508080
1180 377748498
1182 377765365
1184 376325358
1186 376012849
1188 376037394
1190 376371660
1192 377836218
1194 378896538
1196 378881882
1198 378583966
1200 379259816
1202 377552877
1204 377914071
1206 376431834
1208 378107413
1210 375949242
1212 376019690
1214 376165555
1216 377064585
1218 376874431
1220 376542801
1222 375026620
1224 374625020
1226 375457513
1228 374951563
1230 374473343
1232 375530206
1234 375750413
1236 374877280
1238 375192955
1240 374980971
1242 375047618
1244 375104769
1246 376136172
1248 374261343
1250 375755959
1252 375604018
1254 373222535
1256 374283823
1258 372412823
1260 373929951
1262 373815257
1264 372938886
1266 372559995
1268 374573258
1270 374855154
1272 375920729
1274 374730099
1276 375051716
1278 374929162
1280 374117445
1282 374920172
1284 374003703
1286 374492278
1288 374131988
1290 375115771
1292 375998797
1294 375396148
1296 376561425
1298 376553561
1300 377260852
1302 376322862
1304 377133823
1306 376108402
1308 376703385
1310 376290305
1312 374767684
1314 375237346
1316 376115281
1318 375364362
1320 375332575
1322 377047023
1324 377268713
1326 376885360
1328 375894325
1330 374913883
1332 375292050
1334 375923402
1336 376941756
1338 377742506
1340 378122575
1342 378311138
1344 378056078
1346 377337914
1348 377352194
1350 377489271
1352 378430248
1354 378981518
1356 377508957
1358 377138612
1360 377933346
1362 378089335
1364 379273559
1366 378824590
1368 377578814
1370 378536870
1372 377320299
1374 376816161
1376 375878611
1378 375738913
1380 375697122
1382 375665969
1384 375920898
1386 376734303
1388 376409416
1390 376177361
1392 374371781
1394 374327856
1396 373355218
1398 372997904
1400 374273721
1402 373800128
1404 372465909
1406 372271440
1408 372449106
1410 372368312
1412 372125017
1414 371023036
1416 371267414
1418 370895144
1420 370184939
1422 370401706
1424 369188129
1426 370232495
1428 369395499
1430 367096030
1432 367490551
1434 367960363
1436 367832825
1438 365960462
1440 367585928
1442 367941131
1444 367346694
1446 367437347
1448 366089910
1450 366436355
1452 366778214
1454 368401759
1456 367731217
1458 366944202
1460 366740124
1462 364630354
1464 363626750
1466 363494746
1468 362196454
1470 362486178
1472 362252500
1474 361891087
1476 361417229
1478 360593911
1480 361247790
1482 361039309
1484 361070504
1486 360252469
1488 359699393
1490 360385927
1492 358761220
1494 359091102
1496 356946218
1498 359896019
1500 358528960
1502 359473839
1504 358035051
1506 356307717
1508 355819263
1510 355296064
1512 354398729
1514 354726924
1516 354635270
1518 354841525
1520 353844083
1522 353818703
1524 354491633
1526 354350545
1528 352740613
1530 350626747
1532 350451613
1534 347829121
1536 348084996
1538 348753069
1540 347846170
1542 347339845
1544 346743816
1546 344970923
1548 344714344
1550 346153363
1552 344447539
1554 346033083
1556 345488188
1558 343476033
1560 344927474
1562 344580346
1564 343373837
1566 344464157
1568 345141676
1570 345687135
1572 345986301
1574 344892360
1576 344441764
1578 344620333
1580 343952957
1582 341017602
1584 339486241
1586 339930920
1588 339912641
1590 339291295
1592 340981796
1594 339994312
1596 339427797
1598 338614300
1600 336912055
1602 336872742
1604 335397625
1606 334088851
1608 333419351
1610 332849964
1612 332245505
1614 332080770
1616 331669779
1618 332109417
1620 330676869
1622 330113694
1624 329801814
1626 327279723
1628 326587245
1630 325669437
1632 325957527
1634 323496151
1636 322943402
1638 322547850
1640 322119675
1642 319564165
1644 319998753
1646 320450373
1648 319155702
1650 319335046
1652 317042063
1654 317655621
1656 315170932
1658 314119879
1660 313008900
1662 311934182
1664 312960954
1666 314547260
1668 312574574
1670 311711435
1672 309747124
1674 308716345
1676 308460554
1678 307478507
1680 304776732
1682 303797916
1684 301606485
1686 301489711
1688 300001669
1690 298440753
1692 296306037
1694 295553054
1696 291664421
1698 289726428
1700 289068869
1702 288099567
1704 284986010
1706 284140147
1708 281408362
1710 282040348
1712 280452050
1714 279557361
1716 277175935
1718 278382239
1720 274476519
1722 272732220
1724 269413102
1726 266873331
1728 264941829
1730 263294149
1732 262918734
1734 261693313
1736 261475827
1738 259133400
1740 257452552
1742 256409188
1744 253133385
1746 251617567
1748 249012572
1750 247831869
1752 244906689
1754 242430067
1756 240941551
1758 238237886
1760 235973126
1762 235392772
1764 232234939
1766 230007097
1768 227397365
1770 225934267
1772 222651012
1774 220882872
1776 219319183
1778 215899611
1780 213899911
1782 212722702
1784 208961063
1786 206714310
1788 203230424
1790 201491507
1792 197642190
1794 196277758
1796 193238165
1798 190873864
1800 188753481
1802 185852692
1804 183030241
1806 180655576
1808 178699844
1810 174780225
1812 171517330
1814 168289934
1816 165786696
1818 163313106
1820 160191562
1822 157780552
1824 155241506
1826 153035063
1828 149436999
1830 148135776
1832 144344573
1834 142309954
1836 138734400
1838 136458213
1840 134190650
1842 131441291
1844 128049789
1846 125572341
1848 120820309
1850 118078154
1852 112915454
1854 110629514
1856 106397316
1858 103147854
1860 99696180
1862 96756753
1864 92655367
1866 89747743
1868 86203052
1870 84015453
1872 80177537
1874 76225267
1876 73065292
1878 70573080
1880 67255718
1882 63266870
1884 60770938
1886 57342143
1888 54275573
1890 52165443
1892 49448887
1894 46207233
1896 43420736
1898 40832136
1900 38267845
1902 36432601
1904 34501435
1906 32080716
1908 29358027
1910 27419488
1912 25401915
1914 23734183
1916 21811232
1918 19746168
1920 18552638
1922 16307919
1924 15173496
1926 13682083
1928 12692133
1930 11451434
1932 10499375
1934 9146880
1936 8200847
1938 6985636
1940 6174720
1942 5367021
1944 4516918
1946 3818384
1948 3029585
1950 2347084
1952 2153029
1954 1676125
1956 1297592
1958 952212
1960 630385
1962 524615
1964 280537
1966 256418
1968 163644
1970 85211
1972 65793
1974 30786
1976 28804
1978 26789
1980 21346
1982 8946
1984 1506
1986 344
