N J h steps 
1000 0.2 0.6 375000000000
570 66
572 297
574 532
576 1700
578 3654
580 6232
582 9891
584 16066
586 24257
588 39414
590 65277
592 98408
594 142018
596 208543
598 308224
600 425647
602 591463
604 831942
606 1165910
608 1574425
610 2173371
612 2942626
614 3940844
616 5230204
618 6910850
620 9213078
622 12123157
624 15750623
626 20382401
628 26141511
630 33502541
632 42573642
634 54089225
636 68430348
638 86367035
640 108196247
642 135225194
644 167895180
646 207817445
648 255470782
650 312546056
652 379864563
654 459402988
656 552581847
658 661541129
660 787697131
662 932959067
664 1099133042
666 1287946514
668 1501527156
670 1742081711
672 2010989487
674 2309623389
676 2637532541
678 2995304922
680 3381280610
682 3797054211
684 4242320423
686 4712918088
688 5206406383
690 5721840471
692 6253746344
694 6796504966
696 7345565242
698 7895115514
700 8435132870
702 8959906674
704 9462638329
706 9935649150
708 10367268174
710 10756260021
712 11094702157
714 11372477032
716 11588444463
718 11734827783
720 11808756776
722 11808035350
724 11735518122
726 11591034958
728 11376684290
730 11093741342
732 10748828510
734 10349559386
736 9897123956
738 9403720086
740 8874868462
742 8316634557
744 7740710138
746 7152168918
748 6563905224
750 5983315228
752 5414241497
754 4866762180
756 4346996208
758 3851719697
760 3390127883
762 2962463784
764 2569532921
766 2211998463
768 1888494846
770 1600510696
772 1345575255
774 1123018445
776 929408540
778 762577991
780 620863081
782 501118260
784 401192919
786 318573713
788 250878502
790 196010868
792 151889112
794 116449619
796 88327509
798 66369962
800 49447655
802 36544501
804 26897146
806 19643408
808 14263057
810 10278528
812 7255718
814 5056708
816 3442184
818 2346480
820 1590491
822 1055921
824 667109
826 416333
828 264417
830 167150
832 95726
834 65067
836 46750
838 29770
840 19126
842 10407
844 5404
846 2883
848 89
