N J h steps 
1000 1.4 1.8 140000000000
-207 217
-206 11
-205 36
-204 67
-203 122
-202 47
-201 469
-200 247
-199 276
-198 3422
-197 527
-196 70
-195 169
-194 821
-193 1280
-192 1352
-191 2461
-190 2104
-189 7198
-188 5102
-187 6246
-186 12357
-185 13517
-184 11183
-183 6331
-182 10027
-181 10795
-180 17173
-179 35493
-178 55023
-177 72399
-176 89393
-175 137225
-174 195935
-173 253245
-172 349258
-171 425497
-170 608976
-169 802211
-168 1092745
-167 1384466
-166 1891237
-165 2441135
-164 3082129
-163 4180417
-162 5327750
-161 6863937
-160 8911436
-159 11475082
-158 15201795
-157 19416387
-156 24748966
-155 31427166
-154 40012695
-153 50177205
-152 63220936
-151 78971517
-150 97791502
-149 120942457
-148 148992508
-147 181521271
-146 222088343
-145 269828370
-144 324644252
-143 391132217
-142 468032769
-141 554144612
-140 656351738
-139 772777898
-138 903471416
-137 1050581174
-136 1209312706
-135 1392169036
-134 1590154159
-133 1808048065
-132 2037162409
-131 2281757579
-130 2536635491
-129 2799456209
-128 3074260178
-127 3351752351
-126 3631678250
-125 3899112143
-124 4160432718
-123 4414170778
-122 4646493135
-121 4848143051
-120 5016635265
-119 5144462316
-118 5235605338
-117 5274197686
-116 5275026518
-115 5227114323
-114 5135883697
-113 4993392612
-112 4808587270
-111 4576623315
-110 4319794272
-109 4030818197
-108 3709477887
-107 3391026924
-106 3060280828
-105 2726468155
-104 2398854504
-103 2082937409
-102 1785354043
-101 1507337192
-100 1256341228
-99 1027547218
-98 827880190
-97 653988115
-96 513206037
-95 393684609
-94 296643798
-93 220975166
-92 157867334
-91 112882770
-90 77893772
-89 52825794
-88 35893852
-87 22549965
-86 14020022
-85 8610593
-84 5121436
-83 3110974
-82 1673037
-81 739275
-80 426498
-79 145176
-78 70783
-77 9709
-76 10830
