N J h steps 
7500 0.821 0 880000000000
-5663 12
-5662 25
-5661 34
-5660 47
-5659 222
-5658 175
-5657 149
-5656 222
-5655 535
-5654 405
-5653 726
-5652 844
-5651 888
-5650 1242
-5649 859
-5648 1216
-5647 979
-5646 623
-5645 894
-5644 1021
-5643 1212
-5642 1268
-5641 1465
-5640 1519
-5639 1627
-5638 1948
-5637 1952
-5636 2160
-5635 3614
-5634 4211
-5633 3713
-5632 4932
-5631 5405
-5630 6465
-5629 7108
-5628 7919
-5627 8119
-5626 9291
-5625 9889
-5624 11250
-5623 12415
-5622 13818
-5621 15691
-5620 17943
-5619 18332
-5618 19703
-5617 21700
-5616 23832
-5615 22365
-5614 22026
-5613 24705
-5612 26781
-5611 23620
-5610 23309
-5609 24647
-5608 25851
-5607 28287
-5606 27466
-5605 27965
-5604 25597
-5603 26154
-5602 31169
-5601 28403
-5600 28734
-5599 30768
-5598 32534
-5597 32222
-5596 29892
-5595 32269
-5594 33076
-5593 32213
-5592 35166
-5591 34336
-5590 37967
-5589 37164
-5588 39000
-5587 39468
-5586 38586
-5585 38058
-5584 39405
-5583 40105
-5582 41572
-5581 44535
-5580 45527
-5579 49548
-5578 47847
-5577 52017
-5576 56381
-5575 55571
-5574 58617
-5573 63424
-5572 67613
-5571 68962
-5570 72361
-5569 82337
-5568 86232
-5567 90547
-5566 98389
-5565 98951
-5564 110716
-5563 109155
-5562 116951
-5561 122463
-5560 131164
-5559 134183
-5558 136453
-5557 141681
-5556 153131
-5555 150845
-5554 153040
-5553 162351
-5552 170075
-5551 172561
-5550 166217
-5549 180666
-5548 176859
-5547 185794
-5546 184919
-5545 194605
-5544 206888
-5543 217019
-5542 224878
-5541 237032
-5540 242223
-5539 252802
-5538 252372
-5537 268246
-5536 279551
-5535 274536
-5534 287955
-5533 304949
-5532 321348
-5531 320979
-5530 330093
-5529 348195
-5528 354699
-5527 368913
-5526 377763
-5525 388066
-5524 406457
-5523 406720
-5522 432833
-5521 424013
-5520 457385
-5519 463936
-5518 481963
-5517 490520
-5516 519730
-5515 530820
-5514 543165
-5513 549530
-5512 576480
-5511 583611
-5510 576053
-5509 587073
-5508 620267
-5507 656966
-5506 665568
-5505 670553
-5504 679375
-5503 695000
-5502 707875
-5501 716442
-5500 720761
-5499 727170
-5498 734167
-5497 738878
-5496 760320
-5495 785787
-5494 782029
-5493 804492
-5492 802900
-5491 814372
-5490 823481
-5489 834609
-5488 833103
-5487 862575
-5486 858289
-5485 878098
-5484 886001
-5483 900903
-5482 890420
-5481 905350
-5480 928918
-5479 916528
-5478 947965
-5477 951517
-5476 952656
-5475 954882
-5474 962822
-5473 990156
-5472 990118
-5471 976483
-5470 983733
-5469 1024207
-5468 1014096
-5467 1024567
-5466 1034335
-5465 1048979
-5464 1064338
-5463 1076566
-5462 1083108
-5461 1095396
-5460 1095977
-5459 1091599
-5458 1115254
-5457 1129774
-5456 1159138
-5455 1199352
-5454 1204514
-5453 1213533
-5452 1223411
-5451 1238906
-5450 1274464
-5449 1312420
-5448 1333838
-5447 1383371
-5446 1384285
-5445 1427795
-5444 1448124
-5443 1483105
-5442 1507620
-5441 1552904
-5440 1576124
-5439 1616220
-5438 1618326
-5437 1653257
-5436 1704622
-5435 1692357
-5434 1706854
-5433 1733871
-5432 1786282
-5431 1766224
-5430 1788736
-5429 1817887
-5428 1849246
-5427 1886004
-5426 1895543
-5425 1947091
-5424 2010084
-5423 2049812
-5422 2087803
-5421 2137757
-5420 2162148
-5419 2250843
-5418 2292727
-5417 2334426
-5416 2402948
-5415 2430162
-5414 2468398
-5413 2513860
-5412 2614490
-5411 2608190
-5410 2679653
-5409 2722651
-5408 2811408
-5407 2862917
-5406 2937661
-5405 2976861
-5404 3027685
-5403 3105122
-5402 3183631
-5401 3263178
-5400 3308676
-5399 3375891
-5398 3399754
-5397 3511561
-5396 3554302
-5395 3612932
-5394 3671720
-5393 3757156
-5392 3811726
-5391 3898117
-5390 3971532
-5389 3997586
-5388 4066767
-5387 4191195
-5386 4239664
-5385 4330482
-5384 4414618
-5383 4463729
-5382 4547902
-5381 4600207
-5380 4685262
-5379 4767671
-5378 4837365
-5377 4852036
-5376 4985552
-5375 5061865
-5374 5087654
-5373 5200319
-5372 5264123
-5371 5321707
-5370 5505279
-5369 5603960
-5368 5646262
-5367 5771406
-5366 5804610
-5365 5903169
-5364 5995120
-5363 6149099
-5362 6208294
-5361 6261754
-5360 6436947
-5359 6556138
-5358 6643088
-5357 6806966
-5356 6915404
-5355 6998297
-5354 7138177
-5353 7299586
-5352 7395467
-5351 7554381
-5350 7727134
-5349 7717325
-5348 7861668
-5347 7976081
-5346 8111994
-5345 8214420
-5344 8375155
-5343 8469738
-5342 8578043
-5341 8680695
-5340 8855866
-5339 8889195
-5338 9097759
-5337 9226311
-5336 9349579
-5335 9485512
-5334 9597897
-5333 9759006
-5332 9946352
-5331 10069175
-5330 10257326
-5329 10367864
-5328 10528367
-5327 10673107
-5326 10854774
-5325 10879339
-5324 11147770
-5323 11225420
-5322 11415851
-5321 11566526
-5320 11732401
-5319 12004774
-5318 12096949
-5317 12281489
-5316 12492082
-5315 12676985
-5314 12815561
-5313 13015230
-5312 13149759
-5311 13304037
-5310 13577264
-5309 13692341
-5308 13809899
-5307 13948804
-5306 14217941
-5305 14353319
-5304 14538767
-5303 14713016
-5302 14881064
-5301 15120680
-5300 15257198
-5299 15404052
-5298 15545859
-5297 15831502
-5296 15975689
-5295 16216703
-5294 16363219
-5293 16554504
-5292 16806479
-5291 16981315
-5290 17087366
-5289 17384455
-5288 17629870
-5287 17742757
-5286 18070850
-5285 18287366
-5284 18560249
-5283 18716242
-5282 18912562
-5281 19153396
-5280 19412409
-5279 19657436
-5278 19906209
-5277 20159370
-5276 20374731
-5275 20665908
-5274 20857854
-5273 21208812
-5272 21428396
-5271 21621888
-5270 21950671
-5269 22262650
-5268 22484589
-5267 22675367
-5266 22906148
-5265 23328447
-5264 23534889
-5263 23961397
-5262 24255774
-5261 24512690
-5260 24801052
-5259 25134184
-5258 25419707
-5257 25690245
-5256 26062732
-5255 26257449
-5254 26611053
-5253 27091185
-5252 27318954
-5251 27798720
-5250 28082876
-5249 28455279
-5248 28936261
-5247 29248859
-5246 29531970
-5245 29867225
-5244 30247291
-5243 30690547
-5242 31132027
-5241 31524600
-5240 31991683
-5239 32450974
-5238 32835998
-5237 33323360
-5236 33842937
-5235 34340465
-5234 34818283
-5233 35258437
-5232 35727849
-5231 36211916
-5230 36691932
-5229 37091857
-5228 37717193
-5227 38289594
-5226 38772560
-5225 39390186
-5224 39950792
-5223 40686985
-5222 41202636
-5221 41780233
-5220 42409825
-5219 42940291
-5218 43527483
-5217 44105351
-5216 44768413
-5215 45437643
-5214 45876416
-5213 46663284
-5212 47394478
-5211 47955496
-5210 48651095
-5209 49173857
-5208 49869999
-5207 50439287
-5206 51113142
-5205 51646754
-5204 52332665
-5203 52991001
-5202 53636738
-5201 54344892
-5200 54841754
-5199 55811869
-5198 56386038
-5197 57141427
-5196 58031047
-5195 58592992
-5194 59470823
-5193 60142997
-5192 61057126
-5191 61843425
-5190 62415938
-5189 63357025
-5188 64461722
-5187 65070425
-5186 65795447
-5185 66742081
-5184 67412650
-5183 68230623
-5182 69107624
-5181 69975621
-5180 70839549
-5179 71684198
-5178 72616231
-5177 73444000
-5176 74290562
-5175 75331037
-5174 76207814
-5173 77305489
-5172 78343508
-5171 79346955
-5170 80278879
-5169 81563139
-5168 82573784
-5167 83562381
-5166 84641347
-5165 85586519
-5164 86787389
-5163 87862108
-5162 88943115
-5161 90292642
-5160 91453163
-5159 92676168
-5158 93442075
-5157 94902666
-5156 95887196
-5155 97113843
-5154 98057169
-5153 99346696
-5152 100612067
-5151 101764320
-5150 102765307
-5149 103986759
-5148 105201837
-5147 106579971
-5146 107680788
-5145 109050069
-5144 110054375
-5143 111498643
-5142 112971996
-5141 114181397
-5140 115526812
-5139 117126190
-5138 118412151
-5137 119870902
-5136 121071017
-5135 122645727
-5134 123796272
-5133 125247952
-5132 126698280
-5131 128142383
-5130 129847496
-5129 131113881
-5128 132808021
-5127 134604872
-5126 135930086
-5125 137330685
-5124 138737441
-5123 140620682
-5122 142086761
-5121 143645759
-5120 145084898
-5119 146814114
-5118 148711074
-5117 150390395
-5116 151728000
-5115 153604872
-5114 155461396
-5113 157218210
-5112 158609297
-5111 160106806
-5110 161764277
-5109 163729488
-5108 165441132
-5107 166936296
-5106 168480516
-5105 170272643
-5104 172018777
-5103 173534688
-5102 175679556
-5101 177658323
-5100 179425703
-5099 181111954
-5098 183046242
-5097 184874788
-5096 186804414
-5095 188990597
-5094 190754913
-5093 192903675
-5092 194650335
-5091 196755386
-5090 199008625
-5089 200709317
-5088 202897311
-5087 205249315
-5086 207401728
-5085 209399861
-5084 211538000
-5083 213747225
-5082 216062588
-5081 218324625
-5080 220475381
-5079 222690610
-5078 225368134
-5077 227817513
-5076 230113165
-5075 232413408
-5074 234766386
-5073 237043985
-5072 239353226
-5071 241736331
-5070 244292176
-5069 246459155
-5068 248953910
-5067 251223894
-5066 253713816
-5065 255942479
-5064 258528211
-5063 260773954
-5062 262961292
-5061 265263795
-5060 267626800
-5059 269743498
-5058 272332922
-5057 274234474
-5056 277196275
-5055 279656194
-5054 281503632
-5053 283787649
-5052 286494008
-5051 289084121
-5050 291391681
-5049 294125003
-5048 296372048
-5047 299217948
-5046 302038210
-5045 304612872
-5044 307327030
-5043 310237753
-5042 312592021
-5041 315737213
-5040 318520249
-5039 320778137
-5038 324038325
-5037 326495627
-5036 329363846
-5035 332130901
-5034 335015326
-5033 337572474
-5032 340782185
-5031 343623872
-5030 346789904
-5029 349610117
-5028 352608312
-5027 355788336
-5026 358441520
-5025 361655962
-5024 364866800
-5023 367992322
-5022 371306001
-5021 374425748
-5020 377651084
-5019 380616125
-5018 383543164
-5017 386936825
-5016 390101376
-5015 393206997
-5014 396710832
-5013 399787859
-5012 403325607
-5011 407375918
-5010 410567844
-5009 414184397
-5008 417622754
-5007 421562760
-5006 424969827
-5005 428503993
-5004 431816355
-5003 435867781
-5002 439141362
-5001 443356117
-5000 447039333
-4999 450970523
-4998 454721402
-4997 458455600
-4996 462170458
-4995 465394699
-4994 469436557
-4993 473183195
-4992 476963526
-4991 481583624
-4990 485353906
-4989 489158559
-4988 492661228
-4987 496751274
-4986 500737636
-4985 504725430
-4984 508559652
-4983 512566015
-4982 516514020
-4981 520510909
-4980 524858120
-4979 528593591
-4978 533191878
-4977 536897403
-4976 540751631
-4975 544934892
-4974 548755668
-4973 552469451
-4972 557050316
-4971 561480136
-4970 565080118
-4969 569849674
-4968 573708541
-4967 577774337
-4966 581539285
-4965 585686860
-4964 590001563
-4963 594241834
-4962 598104756
-4961 603042965
-4960 606897793
-4959 611564016
-4958 615240618
-4957 619639783
-4956 623485547
-4955 627521717
-4954 631872127
-4953 636424626
-4952 640567948
-4951 645440888
-4950 649095178
-4949 653109528
-4948 657573480
-4947 661798398
-4946 665535237
-4945 669693277
-4944 673803510
-4943 677864517
-4942 682267871
-4941 686386016
-4940 690475334
-4939 694472757
-4938 699021385
-4937 702924909
-4936 707572411
-4935 711504424
-4934 715644644
-4933 720755532
-4932 724744365
-4931 729016375
-4930 732777003
-4929 737715727
-4928 741038304
-4927 745522760
-4926 749538965
-4925 753801956
-4924 758306086
-4923 762204362
-4922 766335078
-4921 770620619
-4920 774985823
-4919 778528623
-4918 783173016
-4917 786281698
-4916 791099565
-4915 794835029
-4914 798830647
-4913 802094420
-4912 806713951
-4911 811237409
-4910 815383949
-4909 820056547
-4908 824177475
-4907 828636242
-4906 833087821
-4905 838643372
-4904 842127899
-4903 846522171
-4902 850889337
-4901 855358024
-4900 860500281
-4899 864794713
-4898 869185515
-4897 873318702
-4896 878566599
-4895 881980873
-4894 887941920
-4893 891713219
-4892 895369756
-4891 901012194
-4890 904969022
-4889 909750871
-4888 913762894
-4887 918780079
-4886 923084930
-4885 926721219
-4884 931520844
-4883 935995349
-4882 940513917
-4881 945558019
-4880 950013586
-4879 953796783
-4878 957645039
-4877 961769631
-4876 967069310
-4875 971485979
-4874 975771222
-4873 980625983
-4872 985292574
-4871 990375161
-4870 993833047
-4869 998171666
-4868 1001936290
-4867 1006054885
-4866 1011014990
-4865 1015510586
-4864 1019530168
-4863 1023550963
-4862 1027898399
-4861 1032356689
-4860 1036341999
-4859 1040504086
-4858 1044857798
-4857 1049172234
-4856 1052943357
-4855 1057551437
-4854 1062115040
-4853 1067295217
-4852 1070957659
-4851 1075408284
-4850 1078944060
-4849 1083931858
-4848 1088273641
-4847 1093136551
-4846 1097451259
-4845 1101450317
-4844 1106107906
-4843 1109944107
-4842 1114017756
-4841 1118892959
-4840 1122948860
-4839 1127898965
-4838 1131568470
-4837 1136643405
-4836 1140803338
-4835 1145271033
-4834 1149474527
-4833 1154439522
-4832 1158860038
-4831 1163336828
-4830 1167501592
-4829 1171538169
-4828 1175520263
-4827 1180019295
-4826 1185072212
-4825 1188239850
-4824 1192539593
-4823 1197039066
-4822 1201185384
-4821 1205294661
-4820 1209455406
-4819 1213741728
-4818 1217762933
-4817 1221539215
-4816 1225686344
-4815 1230274859
-4814 1233978270
-4813 1238090856
-4812 1242288481
-4811 1246270829
-4810 1250365542
-4809 1254409456
-4808 1257649579
-4807 1261543977
-4806 1266246676
-4805 1269305810
-4804 1274329184
-4803 1277265378
-4802 1280857170
-4801 1284665321
-4800 1289164551
-4799 1293352465
-4798 1296863674
-4797 1300004447
-4796 1303713082
-4795 1306770988
-4794 1310493419
-4793 1314259182
-4792 1319071985
-4791 1322557440
-4790 1326473091
-4789 1330522906
-4788 1333645769
-4787 1337064864
-4786 1341462574
-4785 1345435549
-4784 1349243665
-4783 1353217495
-4782 1356498598
-4781 1360684605
-4780 1363785060
-4779 1368494150
-4778 1371924325
-4777 1375089742
-4776 1378949178
-4775 1382159244
-4774 1386732354
-4773 1389377406
-4772 1392041516
-4771 1396776652
-4770 1400859890
-4769 1403936714
-4768 1408156389
-4767 1410621915
-4766 1413713496
-4765 1417277260
-4764 1420275350
-4763 1424105390
-4762 1426869556
-4761 1429666194
-4760 1433102517
-4759 1435854025
-4758 1438921464
-4757 1441325591
-4756 1444609373
-4755 1448080172
-4754 1450959523
-4753 1453771636
-4752 1457498970
-4751 1459077042
-4750 1461950895
-4749 1464934986
-4748 1467631114
-4747 1470909025
-4746 1473542149
-4745 1476096810
-4744 1479390745
-4743 1482363454
-4742 1483725620
-4741 1486338859
-4740 1488309194
-4739 1491373595
-4738 1493377327
-4737 1496126291
-4736 1498706026
-4735 1500290827
-4734 1502881167
-4733 1504878827
-4732 1506434327
-4731 1509591796
-4730 1512493486
-4729 1514234482
-4728 1516238955
-4727 1518544979
-4726 1520031568
-4725 1522615766
-4724 1524815756
-4723 1526067252
-4722 1529589641
-4721 1531752065
-4720 1533628205
-4719 1535843501
-4718 1537220580
-4717 1539190543
-4716 1540911031
-4715 1542319179
-4714 1545006978
-4713 1546302525
-4712 1548614259
-4711 1549987665
-4710 1552268742
-4709 1553066655
-4708 1555692814
-4707 1557458007
-4706 1559795767
-4705 1560124252
-4704 1561656599
-4703 1562881183
-4702 1564115241
-4701 1565769645
-4700 1567053445
-4699 1568326880
-4698 1570477077
-4697 1572013662
-4696 1574469606
-4695 1574580871
-4694 1576646306
-4693 1578247209
-4692 1579283288
-4691 1581345037
-4690 1582494023
-4689 1583451993
-4688 1584359819
-4687 1586562548
-4686 1586735943
-4685 1588291767
-4684 1589096605
-4683 1590569370
-4682 1591394434
-4681 1592453547
-4680 1593795929
-4679 1594760685
-4678 1595574861
-4677 1596101093
-4676 1595921610
-4675 1597437227
-4674 1596540821
-4673 1598536613
-4672 1598582460
-4671 1597892641
-4670 1598848564
-4669 1598836192
-4668 1598993577
-4667 1599005857
-4666 1599885580
-4665 1600240608
-4664 1599108967
-4663 1599109894
-4662 1600022583
-4661 1599794320
-4660 1599294462
-4659 1599131293
-4658 1599431449
-4657 1598739637
-4656 1598435559
-4655 1598598324
-4654 1597582711
-4653 1598265513
-4652 1596493155
-4651 1595963815
-4650 1595483823
-4649 1595666354
-4648 1594255796
-4647 1592362038
-4646 1592094907
-4645 1590971043
-4644 1589564871
-4643 1588419644
-4642 1587457356
-4641 1586732399
-4640 1585514236
-4639 1584726497
-4638 1584374956
-4637 1582524649
-4636 1582577520
-4635 1580969230
-4634 1580829772
-4633 1579181446
-4632 1577377754
-4631 1576454524
-4630 1576056532
-4629 1574327704
-4628 1572292635
-4627 1571971851
-4626 1570100331
-4625 1568087098
-4624 1567158384
-4623 1566134969
-4622 1564881829
-4621 1563679598
-4620 1561889068
-4619 1561016894
-4618 1559815042
-4617 1557620706
-4616 1556371178
-4615 1555589385
-4614 1552804205
-4613 1551341477
-4612 1549226520
-4611 1546816450
-4610 1546370325
-4609 1544737891
-4608 1542319954
-4607 1540909868
-4606 1538413108
-4605 1537103054
-4604 1535271266
-4603 1533013848
-4602 1531225082
-4601 1528831854
-4600 1527313978
-4599 1526222313
-4598 1523636112
-4597 1522140848
-4596 1519124702
-4595 1517653494
-4594 1515100920
-4593 1513239722
-4592 1511803958
-4591 1509799145
-4590 1508253181
-4589 1505833158
-4588 1503663657
-4587 1500099819
-4586 1498820029
-4585 1495810740
-4584 1493615664
-4583 1491250476
-4582 1489149495
-4581 1486512815
-4580 1483904022
-4579 1480617749
-4578 1478030445
-4577 1474378675
-4576 1472444499
-4575 1468682743
-4574 1466344983
-4573 1463631864
-4572 1459517555
-4571 1456812861
-4570 1454632878
-4569 1451685723
-4568 1448160725
-4567 1444880803
-4566 1442419590
-4565 1439019590
-4564 1436891381
-4563 1433737686
-4562 1430964930
-4561 1427517068
-4560 1424339619
-4559 1421656820
-4558 1418395497
-4557 1415910237
-4556 1412323575
-4555 1409604680
-4554 1406260530
-4553 1403291600
-4552 1399916980
-4551 1396058339
-4550 1393713097
-4549 1391427323
-4548 1388270226
-4547 1385168703
-4546 1382398386
-4545 1378968332
-4544 1375721325
-4543 1372669055
-4542 1368230888
-4541 1365053838
-4540 1361498439
-4539 1358622049
-4538 1354829898
-4537 1351041863
-4536 1347291217
-4535 1344181625
-4534 1340784518
-4533 1336727928
-4532 1332695868
-4531 1329428564
-4530 1325922540
-4529 1323545606
-4528 1318404649
-4527 1314525884
-4526 1310813913
-4525 1307772562
-4524 1303897649
-4523 1300171893
-4522 1296774589
-4521 1293108361
-4520 1289443480
-4519 1286019867
-4518 1282087786
-4517 1278767875
-4516 1274594011
-4515 1272111038
-4514 1267903655
-4513 1264211402
-4512 1261055833
-4511 1257650091
-4510 1253980455
-4509 1249744239
-4508 1246370142
-4507 1243236619
-4506 1240186882
-4505 1236898007
-4504 1234258059
-4503 1229924315
-4502 1227125887
-4501 1222578375
-4500 1219078712
-4499 1214882636
-4498 1211933570
-4497 1207042617
-4496 1204310175
-4495 1200398192
-4494 1196470510
-4493 1192938506
-4492 1188812308
-4491 1184733465
-4490 1180474295
-4489 1176113545
-4488 1172491276
-4487 1169158593
-4486 1164987168
-4485 1159928506
-4484 1155920473
-4483 1151580921
-4482 1147327062
-4481 1143582960
-4480 1139592451
-4479 1134660995
-4478 1131289172
-4477 1126600988
-4476 1123394678
-4475 1119159322
-4474 1115258966
-4473 1112083235
-4472 1108122665
-4471 1103833237
-4470 1099991794
-4469 1095745409
-4468 1091528445
-4467 1087364228
-4466 1082353807
-4465 1078315862
-4464 1074335646
-4463 1070825387
-4462 1066784107
-4461 1062622792
-4460 1058425363
-4459 1054138492
-4458 1050589122
-4457 1046522223
-4456 1042507304
-4455 1038624303
-4454 1034522930
-4453 1030895798
-4452 1026216613
-4451 1022197969
-4450 1017683487
-4449 1013243230
-4448 1009843754
-4447 1005332243
-4446 1001286806
-4445 997195333
-4444 993982171
-4443 990295363
-4442 986317281
-4441 982164214
-4440 978320646
-4439 974628479
-4438 970106834
-4437 965644600
-4436 961255137
-4435 956622512
-4434 952032458
-4433 947924754
-4432 944933629
-4431 940659835
-4430 935185364
-4429 931280827
-4428 926850121
-4427 922355110
-4426 919217607
-4425 914285152
-4424 910808593
-4423 906560609
-4422 902108527
-4421 898437500
-4420 894350576
-4419 889585301
-4418 886028499
-4417 883098182
-4416 878637071
-4415 874025651
-4414 869679789
-4413 866548666
-4412 862889282
-4411 858423121
-4410 854422245
-4409 850673616
-4408 847467051
-4407 843498563
-4406 840555210
-4405 836614022
-4404 832106555
-4403 828519446
-4402 824485954
-4401 821427959
-4400 816732984
-4399 812566590
-4398 808520450
-4397 804861522
-4396 800459045
-4395 796179471
-4394 792339459
-4393 789021134
-4392 785235643
-4391 780876840
-4390 776642439
-4389 773057684
-4388 768949883
-4387 764749591
-4386 761157643
-4385 757742884
-4384 753099327
-4383 749235892
-4382 745875128
-4381 741337829
-4380 737284023
-4379 733501168
-4378 729756676
-4377 726087971
-4376 722193828
-4375 718207066
-4374 714491032
-4373 710801238
-4372 705926320
-4371 702920399
-4370 698528541
-4369 695020725
-4368 691696189
-4367 686973629
-4366 682590191
-4365 678875897
-4364 675451009
-4363 671777102
-4362 668003914
-4361 663841793
-4360 659878678
-4359 656055890
-4358 652825128
-4357 648065859
-4356 644951639
-4355 640568457
-4354 636906890
-4353 632771224
-4352 628712213
-4351 625387954
-4350 622164522
-4349 618225761
-4348 614627773
-4347 610659448
-4346 607243503
-4345 603550384
-4344 598972510
-4343 596128411
-4342 592547249
-4341 588936170
-4340 586031896
-4339 581721317
-4338 578372184
-4337 574775701
-4336 571239620
-4335 567460587
-4334 564113298
-4333 560558834
-4332 557662337
-4331 553095101
-4330 548716803
-4329 545882788
-4328 542482120
-4327 538725141
-4326 535284458
-4325 531673015
-4324 527911816
-4323 524896825
-4322 521610871
-4321 518274437
-4320 514498281
-4319 510987199
-4318 507872468
-4317 504544094
-4316 501178415
-4315 497633458
-4314 494103730
-4313 491057073
-4312 487227195
-4311 484546861
-4310 481239200
-4309 477946434
-4308 474956076
-4307 471349006
-4306 468457920
-4305 464890015
-4304 461791848
-4303 459020925
-4302 455603167
-4301 452887468
-4300 449174447
-4299 446097678
-4298 443226475
-4297 440341785
-4296 437272476
-4295 434563463
-4294 431552548
-4293 428254599
-4292 425368368
-4291 422626616
-4290 419679767
-4289 417172374
-4288 413914055
-4287 411265618
-4286 408865477
-4285 406311669
-4284 403241743
-4283 401069295
-4282 398430212
-4281 395768200
-4280 392993543
-4279 390382027
-4278 388197552
-4277 385277517
-4276 382856725
-4275 380169078
-4274 377763111
-4273 374926303
-4272 372619329
-4271 370830130
-4270 368286056
-4269 365740564
-4268 362988572
-4267 360913825
-4266 358335516
-4265 356297890
-4264 353318816
-4263 351188195
-4262 348611515
-4261 346194023
-4260 343944036
-4259 341515511
-4258 339176574
-4257 336983670
-4256 334395418
-4255 331770252
-4254 329885589
-4253 327342988
-4252 325154972
-4251 322345291
-4250 320513428
-4249 317774622
-4248 315733052
-4247 313046114
-4246 311091424
-4245 308460377
-4244 306354794
-4243 304218970
-4242 302268399
-4241 299618794
-4240 296848849
-4239 295160676
-4238 293028731
-4237 290666724
-4236 288578191
-4235 285905354
-4234 284073031
-4233 282027653
-4232 279567337
-4231 277595534
-4230 275768856
-4229 274075207
-4228 272313329
-4227 270221358
-4226 267794291
-4225 265887821
-4224 264350416
-4223 262357839
-4222 260389417
-4221 258169671
-4220 256434145
-4219 254288283
-4218 251591598
-4217 249953988
-4216 247983552
-4215 246355902
-4214 244272503
-4213 241851115
-4212 240012511
-4211 238320689
-4210 235873512
-4209 234238719
-4208 232238370
-4207 230160271
-4206 228132956
-4205 226697811
-4204 225430694
-4203 222960211
-4202 221093147
-4201 219725764
-4200 218179720
-4199 216706525
-4198 214994739
-4197 213181349
-4196 211664945
-4195 210169911
-4194 208046450
-4193 206299939
-4192 204819680
-4191 203271443
-4190 201563528
-4189 199841770
-4188 198264316
-4187 196479953
-4186 194815728
-4185 193157364
-4184 191267284
-4183 189852994
-4182 188198875
-4181 186716261
-4180 185125175
-4179 183623857
-4178 182345422
-4177 180810023
-4176 179346016
-4175 177587430
-4174 175750088
-4173 174597751
-4172 172920239
-4171 171760210
-4170 170396531
-4169 168921540
-4168 167043622
-4167 165716218
-4166 164467739
-4165 162729633
-4164 161333418
-4163 160198992
-4162 158608987
-4161 157265352
-4160 155935178
-4159 154760503
-4158 153250706
-4157 151981000
-4156 150443970
-4155 149358444
-4154 147656574
-4153 146516030
-4152 145319437
-4151 144161380
-4150 142941562
-4149 141741903
-4148 140410885
-4147 139196964
-4146 138306524
-4145 136891650
-4144 135446204
-4143 134427989
-4142 133287034
-4141 132359011
-4140 131065151
-4139 129638223
-4138 128906943
-4137 127659512
-4136 126648575
-4135 125560114
-4134 124279860
-4133 123079973
-4132 122065783
-4131 120907286
-4130 119761430
-4129 118671838
-4128 117841722
-4127 116769870
-4126 115584477
-4125 114703256
-4124 113845216
-4123 112858434
-4122 111851682
-4121 110603745
-4120 109743209
-4119 108705478
-4118 107805082
-4117 106587623
-4116 105778729
-4115 105063292
-4114 103442884
-4113 102552399
-4112 101724609
-4111 100635956
-4110 99928585
-4109 98681666
-4108 97898343
-4107 97020280
-4106 96133724
-4105 95397695
-4104 94466857
-4103 93468742
-4102 92804611
-4101 92003230
-4100 91409997
-4099 90365969
-4098 89422793
-4097 88572698
-4096 87631430
-4095 86990892
-4094 85782938
-4093 85147373
-4092 84380796
-4091 83384757
-4090 82908030
-4089 81979149
-4088 81125886
-4087 80281904
-4086 79599434
-4085 78778294
-4084 78156008
-4083 77359482
-4082 76375853
-4081 75860353
-4080 74928365
-4079 74330288
-4078 73776534
-4077 72978740
-4076 72316750
-4075 71414897
-4074 71005187
-4073 70187211
-4072 69351094
-4071 68746772
-4070 68085665
-4069 67372418
-4068 66708508
-4067 66242470
-4066 65776519
-4065 64796392
-4064 64301657
-4063 63718994
-4062 63359839
-4061 62580665
-4060 62081855
-4059 61571354
-4058 60845940
-4057 60378579
-4056 59847569
-4055 59386303
-4054 58568780
-4053 58197872
-4052 57483037
-4051 57091225
-4050 56391559
-4049 55760814
-4048 55154481
-4047 54588388
-4046 54135427
-4045 53537069
-4044 53107225
-4043 52489972
-4042 52076303
-4041 51546315
-4040 51053535
-4039 50529194
-4038 49965721
-4037 49643660
-4036 49046723
-4035 48505470
-4034 47948796
-4033 47481827
-4032 46906395
-4031 46507785
-4030 46142604
-4029 45507566
-4028 45015713
-4027 44607410
-4026 44093162
-4025 43650343
-4024 43435959
-4023 43113755
-4022 42646517
-4021 42058600
-4020 41571505
-4019 41356453
-4018 40890994
-4017 40352054
-4016 39936883
-4015 39337349
-4014 38998710
-4013 38569556
-4012 38051361
-4011 37635878
-4010 37213168
-4009 36948592
-4008 36630361
-4007 36306421
-4006 35840685
-4005 35509192
-4004 35109228
-4003 34677814
-4002 34442350
-4001 33995580
-4000 33638600
-3999 33334554
-3998 33005606
-3997 32756195
-3996 32495562
-3995 32092292
-3994 31737779
-3993 31534313
-3992 31211668
-3991 30750835
-3990 30602545
-3989 30101605
-3988 29963538
-3987 29643909
-3986 29462860
-3985 29153343
-3984 28822657
-3983 28536671
-3982 28287207
-3981 28015971
-3980 27827901
-3979 27507205
-3978 27180706
-3977 27061221
-3976 26796744
-3975 26510739
-3974 26226650
-3973 25977402
-3972 25755701
-3971 25459555
-3970 25252666
-3969 24998163
-3968 24907679
-3967 24591505
-3966 24379406
-3965 24258333
-3964 23791102
-3963 23576561
-3962 23308793
-3961 22946313
-3960 22641748
-3959 22416258
-3958 22271200
-3957 22067365
-3956 21919486
-3955 21734285
-3954 21395709
-3953 21269945
-3952 20951886
-3951 20819671
-3950 20631985
-3949 20379823
-3948 20281243
-3947 20155130
-3946 19824604
-3945 19702905
-3944 19475425
-3943 19317676
-3942 19117790
-3941 19017224
-3940 18752665
-3939 18660894
-3938 18516023
-3937 18280804
-3936 18104777
-3935 17944193
-3934 17791867
-3933 17512704
-3932 17431767
-3931 17192788
-3930 16980236
-3929 16865735
-3928 16745011
-3927 16527464
-3926 16346909
-3925 16196072
-3924 15964714
-3923 15748022
-3922 15609983
-3921 15286938
-3920 15252563
-3919 15028206
-3918 14937784
-3917 14748290
-3916 14694047
-3915 14433170
-3914 14384208
-3913 14065919
-3912 13956671
-3911 13711191
-3910 13596539
-3909 13422922
-3908 13249615
-3907 13026395
-3906 12833487
-3905 12698334
-3904 12546004
-3903 12376042
-3902 12203944
-3901 11982951
-3900 11926567
-3899 11752746
-3898 11689161
-3897 11451682
-3896 11277298
-3895 11140568
-3894 10995424
-3893 10781760
-3892 10689468
-3891 10539336
-3890 10389980
-3889 10243400
-3888 10149532
-3887 10042748
-3886 9885413
-3885 9787588
-3884 9685144
-3883 9540584
-3882 9463743
-3881 9370887
-3880 9269514
-3879 9235041
-3878 9099883
-3877 9061756
-3876 8988193
-3875 8856334
-3874 8728574
-3873 8672617
-3872 8570820
-3871 8483689
-3870 8507758
-3869 8316135
-3868 8307353
-3867 8194931
-3866 8121543
-3865 8036920
-3864 7933865
-3863 7953578
-3862 7889561
-3861 7890120
-3860 7808031
-3859 7738536
-3858 7683192
-3857 7584253
-3856 7495621
-3855 7518547
-3854 7492198
-3853 7387952
-3852 7298067
-3851 7276995
-3850 7213062
-3849 7161058
-3848 7063546
-3847 6986676
-3846 6875700
-3845 6835887
-3844 6765869
-3843 6659205
-3842 6607319
-3841 6540195
-3840 6547086
-3839 6457419
-3838 6390479
-3837 6263854
-3836 6209464
-3835 6132576
-3834 6112674
-3833 5992280
-3832 5940696
-3831 5858260
-3830 5734553
-3829 5686014
-3828 5595973
-3827 5569124
-3826 5436795
-3825 5443502
-3824 5345940
-3823 5337840
-3822 5289074
-3821 5272471
-3820 5178542
-3819 5128184
-3818 5040040
-3817 4913249
-3816 4897311
-3815 4834382
-3814 4773806
-3813 4732668
-3812 4719095
-3811 4603683
-3810 4564296
-3809 4420190
-3808 4404382
-3807 4335082
-3806 4290780
-3805 4206252
-3804 4193197
-3803 4177033
-3802 4075134
-3801 4015184
-3800 3992263
-3799 3920765
-3798 3871170
-3797 3804832
-3796 3805579
-3795 3729945
-3794 3693877
-3793 3627475
-3792 3626043
-3791 3574360
-3790 3435980
-3789 3403159
-3788 3370245
-3787 3261308
-3786 3189751
-3785 3202844
-3784 3136429
-3783 3093615
-3782 3070521
-3781 3027446
-3780 2975683
-3779 2970090
-3778 2944255
-3777 2865649
-3776 2811688
-3775 2789102
-3774 2735457
-3773 2694748
-3772 2675116
-3771 2633809
-3770 2554111
-3769 2525665
-3768 2498833
-3767 2492955
-3766 2446785
-3765 2432843
-3764 2392011
-3763 2401089
-3762 2390943
-3761 2374518
-3760 2367696
-3759 2295011
-3758 2270881
-3757 2228167
-3756 2214330
-3755 2198274
-3754 2167116
-3753 2150016
-3752 2139335
-3751 2073413
-3750 2080080
-3749 2043517
-3748 2014099
-3747 1994311
-3746 1945647
-3745 1958914
-3744 1897582
-3743 1860979
-3742 1855437
-3741 1852789
-3740 1796984
-3739 1813954
-3738 1786662
-3737 1748372
-3736 1744131
-3735 1695209
-3734 1725394
-3733 1652995
-3732 1626455
-3731 1580168
-3730 1554300
-3729 1540446
-3728 1490116
-3727 1489772
-3726 1479301
-3725 1452107
-3724 1411902
-3723 1394642
-3722 1370214
-3721 1350418
-3720 1351049
-3719 1334016
-3718 1311332
-3717 1282822
-3716 1252422
-3715 1237964
-3714 1219764
-3713 1193736
-3712 1168018
-3711 1158630
-3710 1123734
-3709 1107766
-3708 1094809
-3707 1041336
-3706 1052252
-3705 1024403
-3704 1011650
-3703 984394
-3702 952452
-3701 963348
-3700 944033
-3699 907605
-3698 897608
-3697 873622
-3696 828698
-3695 799102
-3694 762813
-3693 757725
-3692 735592
-3691 691818
-3690 701796
-3689 667322
-3688 645684
-3687 611758
-3686 595396
-3685 600496
-3684 581563
-3683 564378
-3682 529549
-3681 518986
-3680 536354
-3679 521774
-3678 509984
-3677 499204
-3676 463281
-3675 440410
-3674 439525
-3673 424384
-3672 425243
-3671 410399
-3670 401475
-3669 382574
-3668 387158
-3667 378333
-3666 356724
-3665 355803
-3664 342970
-3663 338739
-3662 331263
-3661 306793
-3660 305951
-3659 300124
-3658 284824
-3657 269620
-3656 270241
-3655 260827
-3654 253991
-3653 259768
-3652 249261
-3651 244286
-3650 242939
-3649 240348
-3648 239489
-3647 228318
-3646 239406
-3645 221210
-3644 214373
-3643 210516
-3642 205708
-3641 197900
-3640 177452
-3639 178171
-3638 172893
-3637 160624
-3636 156124
-3635 153036
-3634 148977
-3633 153371
-3632 134633
-3631 141458
-3630 137088
-3629 137843
-3628 129300
-3627 124569
-3626 122030
-3625 123169
-3624 113684
-3623 113024
-3622 114500
-3621 114200
-3620 111951
-3619 116455
-3618 109400
-3617 107019
-3616 114729
-3615 105169
-3614 98542
-3613 96383
-3612 110600
-3611 98707
-3610 92909
-3609 100325
-3608 95152
-3607 91104
-3606 96412
-3605 86257
-3604 88330
-3603 86928
-3602 76239
-3601 79458
-3600 76965
-3599 69163
-3598 69119
-3597 75686
-3596 69871
-3595 76511
-3594 73148
-3593 69585
-3592 70609
-3591 67249
-3590 64616
-3589 70903
-3588 64596
-3587 66647
-3586 58159
-3585 54665
-3584 52173
-3583 57882
-3582 55410
-3581 44296
-3580 44548
-3579 44732
-3578 43038
-3577 42064
-3576 40822
-3575 41055
-3574 46790
-3573 40809
-3572 38272
-3571 43985
-3570 39017
-3569 35997
-3568 40478
-3567 37344
-3566 42680
-3565 41763
-3564 41186
-3563 39282
-3562 38518
-3561 35415
-3560 34289
-3559 30881
-3558 32191
-3557 32213
-3556 32892
-3555 33704
-3554 29751
-3553 26821
-3552 31196
-3551 32748
-3550 26074
-3549 29830
-3548 29423
-3547 27305
-3546 23174
-3545 22170
-3544 20282
-3543 19874
-3542 20536
-3541 20255
-3540 17473
-3539 16914
-3538 17850
-3537 18633
-3536 16256
-3535 15260
-3534 14766
-3533 14929
-3532 16229
-3531 13490
-3530 11374
-3529 13619
-3528 13127
-3527 12969
-3526 14480
-3525 13726
-3524 12509
-3523 11975
-3522 12412
-3521 14340
-3520 9501
-3519 12102
-3518 10676
-3517 9481
-3516 9716
-3515 7541
-3514 7644
-3513 5798
-3512 7869
-3511 10438
-3510 9031
-3509 7406
-3508 10001
-3507 8563
-3506 9725
-3505 8563
-3504 8884
-3503 9420
-3502 8903
-3501 6607
-3500 5964
-3499 5842
-3498 6252
-3497 5525
-3496 4924
-3495 6550
-3494 5121
-3493 4603
-3492 3127
-3491 3131
-3490 2643
-3489 3249
-3488 2966
-3487 2275
-3486 1959
-3485 2952
-3484 1535
-3483 1753
-3482 2289
-3481 3422
-3480 1820
-3479 2954
-3478 1652
-3477 1250
-3476 1675
-3475 1207
-3474 1595
-3473 1084
-3472 1607
-3471 1816
-3470 1406
-3469 1395
-3468 1714
-3467 1627
-3466 2099
-3465 1361
-3464 750
-3463 708
-3462 349
-3461 878
-3460 351
-3459 521
-3458 485
-3457 121
-3456 476
-3455 102
-3454 172
-3453 21
-3452 12
