N J h steps 
10000 0.836 0 170000000000
-16838 9
-16837 35
-16836 58
-16835 50
-16834 63
-16833 48
-16832 239
-16831 192
-16830 94
-16829 187
-16828 295
-16827 303
-16826 117
-16825 327
-16824 475
-16823 633
-16822 311
-16821 563
-16820 453
-16819 379
-16818 723
-16817 497
-16816 466
-16815 341
-16814 344
-16813 468
-16812 568
-16811 859
-16810 789
-16809 1370
-16808 2165
-16807 2159
-16806 1226
-16805 1172
-16804 1398
-16803 1466
-16802 1682
-16801 1576
-16800 1380
-16799 1245
-16798 1961
-16797 1875
-16796 1961
-16795 1316
-16794 2079
-16793 2535
-16792 2209
-16791 1755
-16790 1124
-16789 1767
-16788 2035
-16787 2245
-16786 2305
-16785 2247
-16784 2676
-16783 2069
-16782 2357
-16781 3277
-16780 3070
-16779 2433
-16778 3013
-16777 2693
-16776 2031
-16775 1340
-16774 1978
-16773 1097
-16772 1419
-16771 1264
-16770 1256
-16769 1067
-16768 869
-16767 933
-16766 1090
-16765 599
-16764 655
-16763 868
-16762 739
-16761 1148
-16760 831
-16759 922
-16758 678
-16757 922
-16756 813
-16755 1481
-16754 1562
-16753 1182
-16752 1125
-16751 1359
-16750 1098
-16749 1031
-16748 1145
-16747 1464
-16746 1753
-16745 1493
-16744 1387
-16743 1342
-16742 1422
-16741 1910
-16740 350
-16739 577
-16738 665
-16737 1123
-16736 997
-16735 1036
-16734 1000
-16733 1921
-16732 2893
-16731 2322
-16730 2574
-16729 3284
-16728 2930
-16727 2858
-16726 4550
-16725 3245
-16724 3091
-16723 3026
-16722 3238
-16721 2552
-16720 3433
-16719 2897
-16718 3543
-16717 4160
-16716 5115
-16715 6010
-16714 6136
-16713 4687
-16712 3478
-16711 4988
-16710 4801
-16709 4903
-16708 5129
-16707 3908
-16706 4277
-16705 3947
-16704 6049
-16703 6820
-16702 7198
-16701 7716
-16700 7654
-16699 8285
-16698 11230
-16697 14501
-16696 9743
-16695 9681
-16694 12164
-16693 12202
-16692 11785
-16691 10424
-16690 9941
-16689 10266
-16688 10017
-16687 8582
-16686 12191
-16685 7190
-16684 7446
-16683 9351
-16682 10271
-16681 12895
-16680 12225
-16679 13608
-16678 14683
-16677 13552
-16676 13756
-16675 19223
-16674 20637
-16673 20165
-16672 20957
-16671 23027
-16670 17191
-16669 17120
-16668 15065
-16667 14156
-16666 17457
-16665 19925
-16664 17074
-16663 17149
-16662 16966
-16661 12772
-16660 13833
-16659 13188
-16658 14819
-16657 13775
-16656 16669
-16655 18114
-16654 18493
-16653 21265
-16652 18541
-16651 18109
-16650 18580
-16649 17947
-16648 19534
-16647 22272
-16646 20629
-16645 24848
-16644 22869
-16643 25017
-16642 26170
-16641 24610
-16640 27745
-16639 23523
-16638 23410
-16637 24304
-16636 25217
-16635 20303
-16634 31469
-16633 22472
-16632 25270
-16631 25140
-16630 27282
-16629 26836
-16628 23948
-16627 27891
-16626 28277
-16625 28170
-16624 31069
-16623 37229
-16622 33873
-16621 37323
-16620 41701
-16619 43717
-16618 47162
-16617 48190
-16616 46066
-16615 48588
-16614 48382
-16613 50668
-16612 48500
-16611 58111
-16610 56109
-16609 59263
-16608 56419
-16607 57879
-16606 55333
-16605 62126
-16604 67967
-16603 70585
-16602 67455
-16601 66352
-16600 74959
-16599 77525
-16598 82511
-16597 75523
-16596 70425
-16595 74161
-16594 81875
-16593 82583
-16592 85668
-16591 85970
-16590 77895
-16589 85175
-16588 94103
-16587 99177
-16586 95965
-16585 103988
-16584 105562
-16583 102077
-16582 94696
-16581 97156
-16580 92175
-16579 93965
-16578 102236
-16577 90491
-16576 98727
-16575 89320
-16574 95404
-16573 97712
-16572 93584
-16571 107608
-16570 100674
-16569 108934
-16568 105368
-16567 115930
-16566 113077
-16565 116913
-16564 118924
-16563 116258
-16562 111134
-16561 113874
-16560 115425
-16559 122013
-16558 118075
-16557 127880
-16556 143615
-16555 131106
-16554 139676
-16553 135333
-16552 135648
-16551 144853
-16550 139289
-16549 155975
-16548 169840
-16547 188524
-16546 177292
-16545 172040
-16544 188673
-16543 181413
-16542 197967
-16541 189907
-16540 188709
-16539 186945
-16538 199795
-16537 204275
-16536 210930
-16535 216562
-16534 230370
-16533 219389
-16532 226806
-16531 240614
-16530 244723
-16529 242938
-16528 255425
-16527 252185
-16526 262166
-16525 265474
-16524 261184
-16523 274002
-16522 290543
-16521 292646
-16520 314302
-16519 304399
-16518 314155
-16517 329217
-16516 335757
-16515 333407
-16514 334807
-16513 337898
-16512 332095
-16511 357231
-16510 356351
-16509 375166
-16508 365462
-16507 367177
-16506 367815
-16505 372514
-16504 390134
-16503 371381
-16502 387077
-16501 393252
-16500 404379
-16499 408644
-16498 393922
-16497 404860
-16496 412763
-16495 398469
-16494 420568
-16493 428566
-16492 417691
-16491 425506
-16490 428705
-16489 442496
-16488 448265
-16487 457208
-16486 474015
-16485 467594
-16484 481870
-16483 475855
-16482 490086
-16481 501141
-16480 527013
-16479 524085
-16478 513660
-16477 514094
-16476 548422
-16475 584486
-16474 581855
-16473 583292
-16472 592857
-16471 566430
-16470 608524
-16469 611165
-16468 619324
-16467 616311
-16466 598028
-16465 604798
-16464 613641
-16463 629354
-16462 650886
-16461 673805
-16460 682706
-16459 677825
-16458 701627
-16457 707570
-16456 706085
-16455 749550
-16454 726517
-16453 747522
-16452 750672
-16451 754965
-16450 766338
-16449 762447
-16448 765056
-16447 804085
-16446 826767
-16445 810141
-16444 843178
-16443 828834
-16442 841208
-16441 861883
-16440 885636
-16439 899038
-16438 896304
-16437 915742
-16436 951003
-16435 955268
-16434 951415
-16433 966935
-16432 1000452
-16431 1034023
-16430 1031778
-16429 1050771
-16428 1062992
-16427 1054898
-16426 1085142
-16425 1114871
-16424 1153634
-16423 1132002
-16422 1131661
-16421 1175317
-16420 1175820
-16419 1233222
-16418 1219570
-16417 1245437
-16416 1252753
-16415 1274363
-16414 1307379
-16413 1298057
-16412 1339054
-16411 1377331
-16410 1402085
-16409 1409583
-16408 1444600
-16407 1428070
-16406 1460534
-16405 1494726
-16404 1487524
-16403 1476994
-16402 1535329
-16401 1559058
-16400 1618208
-16399 1608489
-16398 1633851
-16397 1706641
-16396 1685917
-16395 1710452
-16394 1702617
-16393 1732153
-16392 1724943
-16391 1724097
-16390 1747596
-16389 1728539
-16388 1777835
-16387 1790086
-16386 1796840
-16385 1857340
-16384 1860002
-16383 1904752
-16382 1926823
-16381 1955919
-16380 1942206
-16379 1982495
-16378 2013300
-16377 2063044
-16376 2072201
-16375 2074886
-16374 2082543
-16373 2099713
-16372 2132388
-16371 2141135
-16370 2146632
-16369 2206695
-16368 2198308
-16367 2256886
-16366 2346371
-16365 2310230
-16364 2314058
-16363 2326997
-16362 2362944
-16361 2440239
-16360 2476679
-16359 2477363
-16358 2528558
-16357 2529293
-16356 2590556
-16355 2604237
-16354 2667451
-16353 2713187
-16352 2697581
-16351 2736812
-16350 2770642
-16349 2780480
-16348 2829849
-16347 2826933
-16346 2827417
-16345 2937515
-16344 2886104
-16343 2964203
-16342 2937589
-16341 3013892
-16340 2991701
-16339 3050515
-16338 3105079
-16337 3147964
-16336 3170422
-16335 3156916
-16334 3246071
-16333 3307969
-16332 3340942
-16331 3409791
-16330 3413139
-16329 3422220
-16328 3500348
-16327 3525737
-16326 3547747
-16325 3570785
-16324 3599978
-16323 3647494
-16322 3663935
-16321 3737142
-16320 3770078
-16319 3852993
-16318 3834912
-16317 3924002
-16316 3973765
-16315 3940942
-16314 3988039
-16313 3986761
-16312 4077483
-16311 4036991
-16310 4147119
-16309 4170488
-16308 4219676
-16307 4271114
-16306 4313803
-16305 4448000
-16304 4412084
-16303 4487834
-16302 4501592
-16301 4627352
-16300 4610306
-16299 4700441
-16298 4721734
-16297 4826406
-16296 4831911
-16295 4877261
-16294 4949094
-16293 4997051
-16292 4996118
-16291 5123732
-16290 5122233
-16289 5232595
-16288 5259281
-16287 5285576
-16286 5357056
-16285 5447018
-16284 5502305
-16283 5519922
-16282 5588206
-16281 5721251
-16280 5691007
-16279 5843947
-16278 5842800
-16277 5868497
-16276 6033032
-16275 6087960
-16274 6141070
-16273 6153082
-16272 6243614
-16271 6304022
-16270 6343336
-16269 6390829
-16268 6472966
-16267 6542718
-16266 6520101
-16265 6641475
-16264 6676375
-16263 6804213
-16262 6915032
-16261 6905943
-16260 7007791
-16259 7075816
-16258 7186973
-16257 7235362
-16256 7350723
-16255 7357691
-16254 7394809
-16253 7512489
-16252 7625554
-16251 7617797
-16250 7803775
-16249 7818951
-16248 7915381
-16247 8015780
-16246 8038782
-16245 8199900
-16244 8308878
-16243 8390194
-16242 8462943
-16241 8476252
-16240 8468854
-16239 8546971
-16238 8634106
-16237 8691685
-16236 8811302
-16235 8881708
-16234 8984166
-16233 9144425
-16232 9302924
-16231 9315775
-16230 9336382
-16229 9443848
-16228 9486192
-16227 9613634
-16226 9660669
-16225 9827832
-16224 9803905
-16223 9875600
-16222 10044040
-16221 10102906
-16220 10233562
-16219 10318439
-16218 10448026
-16217 10556896
-16216 10675455
-16215 10722714
-16214 10860800
-16213 11030630
-16212 11070012
-16211 11246949
-16210 11327386
-16209 11426016
-16208 11441263
-16207 11629182
-16206 11631459
-16205 11734221
-16204 11847702
-16203 11817732
-16202 11946291
-16201 12102764
-16200 12326976
-16199 12304521
-16198 12531644
-16197 12582904
-16196 12797712
-16195 12873117
-16194 13023633
-16193 12924641
-16192 13148952
-16191 13300686
-16190 13301296
-16189 13421352
-16188 13518397
-16187 13629733
-16186 13847118
-16185 13982025
-16184 14083740
-16183 14288702
-16182 14346540
-16181 14563830
-16180 14681416
-16179 14710983
-16178 14780662
-16177 14913176
-16176 15036204
-16175 15209933
-16174 15345909
-16173 15540704
-16172 15649393
-16171 15786271
-16170 15791206
-16169 15858083
-16168 16098621
-16167 16063892
-16166 16206159
-16165 16338859
-16164 16472488
-16163 16616518
-16162 16867815
-16161 16978902
-16160 17097142
-16159 17230916
-16158 17363062
-16157 17494089
-16156 17607131
-16155 17597251
-16154 17868535
-16153 17897536
-16152 18106226
-16151 18167434
-16150 18256244
-16149 18404659
-16148 18590689
-16147 18730380
-16146 18936712
-16145 19042353
-16144 19299709
-16143 19507448
-16142 19451178
-16141 19577094
-16140 19859133
-16139 19983183
-16138 20023843
-16137 20196759
-16136 20464893
-16135 20520118
-16134 20553716
-16133 20780037
-16132 20913088
-16131 21119928
-16130 21151724
-16129 21299855
-16128 21372327
-16127 21548193
-16126 21602109
-16125 21862406
-16124 21990903
-16123 22089730
-16122 22090978
-16121 22274306
-16120 22420153
-16119 22675208
-16118 22788013
-16117 22932682
-16116 23097893
-16115 23266905
-16114 23541003
-16113 23769463
-16112 23774496
-16111 23960905
-16110 24244352
-16109 24199873
-16108 24393498
-16107 24714527
-16106 24862868
-16105 25071348
-16104 25235949
-16103 25400645
-16102 25699569
-16101 25862843
-16100 26051147
-16099 26249254
-16098 26583955
-16097 26736935
-16096 26907433
-16095 26964495
-16094 27308234
-16093 27317005
-16092 27585319
-16091 27748330
-16090 27973894
-16089 27943020
-16088 28268051
-16087 28178848
-16086 28624042
-16085 28852652
-16084 29066220
-16083 29191816
-16082 29388127
-16081 29522872
-16080 29543148
-16079 29860856
-16078 30008042
-16077 30187328
-16076 30373835
-16075 30366566
-16074 30611558
-16073 30880374
-16072 31169909
-16071 31472040
-16070 31544015
-16069 31773750
-16068 32002088
-16067 32231516
-16066 32316175
-16065 32607925
-16064 32964949
-16063 33000417
-16062 33269683
-16061 33421969
-16060 33426265
-16059 33716505
-16058 33837195
-16057 33958997
-16056 34115192
-16055 34401934
-16054 34587929
-16053 34921171
-16052 35165570
-16051 35422321
-16050 35541788
-16049 35787372
-16048 36086150
-16047 36200826
-16046 36428538
-16045 36854801
-16044 37032456
-16043 37372938
-16042 37545406
-16041 37801538
-16040 37983049
-16039 38221993
-16038 38369416
-16037 38891938
-16036 38986606
-16035 39056611
-16034 39314622
-16033 39386176
-16032 39734715
-16031 39888488
-16030 40223389
-16029 40359902
-16028 40610570
-16027 40849183
-16026 41103753
-16025 41369161
-16024 41525259
-16023 41812338
-16022 42101740
-16021 42377071
-16020 42679715
-16019 42918834
-16018 43175319
-16017 43417853
-16016 43732444
-16015 43990549
-16014 44128769
-16013 44442603
-16012 44698241
-16011 44803138
-16010 45050018
-16009 45174198
-16008 45534459
-16007 45734534
-16006 46039590
-16005 46291561
-16004 46526759
-16003 46771648
-16002 47121704
-16001 47168369
-16000 47529533
-15999 47803113
-15998 48065607
-15997 47971097
-15996 48249522
-15995 48448951
-15994 48648044
-15993 49045686
-15992 49145497
-15991 49406996
-15990 49565637
-15989 49690961
-15988 49890824
-15987 50242807
-15986 50504744
-15985 50756944
-15984 51049459
-15983 51117661
-15982 51518936
-15981 51790304
-15980 52183319
-15979 52467079
-15978 52896134
-15977 53092750
-15976 53233320
-15975 53554016
-15974 53656937
-15973 54068099
-15972 54242233
-15971 54538937
-15970 54872530
-15969 55099384
-15968 55377736
-15967 55583608
-15966 56054996
-15965 56402986
-15964 56618539
-15963 56733980
-15962 57167562
-15961 57344459
-15960 57565327
-15959 57916937
-15958 58168576
-15957 58285539
-15956 58588654
-15955 59038959
-15954 59253394
-15953 59436922
-15952 59706265
-15951 60153053
-15950 60126319
-15949 60519425
-15948 60939938
-15947 60984229
-15946 61439061
-15945 61499149
-15944 62008567
-15943 62446119
-15942 62685039
-15941 62836581
-15940 63178927
-15939 63774148
-15938 63984163
-15937 64266318
-15936 64797057
-15935 64922491
-15934 65353025
-15933 65254411
-15932 65430922
-15931 65727974
-15930 66398380
-15929 66472241
-15928 66837783
-15927 67263197
-15926 67654441
-15925 67980934
-15924 68089399
-15923 68465331
-15922 68824470
-15921 69155300
-15920 69414552
-15919 69768948
-15918 69912198
-15917 70222057
-15916 70463285
-15915 70688952
-15914 70923157
-15913 71104140
-15912 71458503
-15911 71605466
-15910 72195222
-15909 72213085
-15908 72716032
-15907 73369472
-15906 73241118
-15905 73819554
-15904 73733911
-15903 74178345
-15902 74507262
-15901 74649518
-15900 75322826
-15899 75694449
-15898 75865091
-15897 76193918
-15896 76128958
-15895 76764103
-15894 77056519
-15893 77436881
-15892 77693087
-15891 77853574
-15890 78290346
-15889 78614273
-15888 78851342
-15887 79442060
-15886 79812573
-15885 80217259
-15884 80658215
-15883 80703527
-15882 80971206
-15881 81475954
-15880 81846569
-15879 81901774
-15878 82408909
-15877 82820966
-15876 82916362
-15875 83457036
-15874 83694547
-15873 83988324
-15872 84398064
-15871 84999302
-15870 84860890
-15869 85297261
-15868 85644693
-15867 85985050
-15866 86082797
-15865 86564669
-15864 86602481
-15863 86992962
-15862 87542189
-15861 87721545
-15860 87986617
-15859 88753576
-15858 88698048
-15857 89163054
-15856 89265739
-15855 89966872
-15854 90254355
-15853 90363979
-15852 90756342
-15851 90853700
-15850 91121020
-15849 91420677
-15848 91665551
-15847 92193724
-15846 92343162
-15845 92505968
-15844 93121256
-15843 93205784
-15842 93639084
-15841 93635654
-15840 94134007
-15839 94500887
-15838 94837754
-15837 95231897
-15836 95384048
-15835 96013674
-15834 96688681
-15833 96744983
-15832 97250089
-15831 97288353
-15830 97655137
-15829 98001760
-15828 98492289
-15827 98596347
-15826 99017987
-15825 99229848
-15824 100001075
-15823 100397090
-15822 100508304
-15821 101003887
-15820 101221074
-15819 101464188
-15818 102042611
-15817 102123106
-15816 102860566
-15815 102922321
-15814 103435919
-15813 103340084
-15812 103835878
-15811 104367503
-15810 104556193
-15809 104769312
-15808 105177810
-15807 105307023
-15806 105676793
-15805 105975485
-15804 106105932
-15803 106542296
-15802 106522802
-15801 106913764
-15800 107172149
-15799 107424233
-15798 107627723
-15797 108129423
-15796 108019226
-15795 108414610
-15794 108494050
-15793 108927802
-15792 109009039
-15791 109093951
-15790 109749222
-15789 109493546
-15788 109958277
-15787 110457585
-15786 110841748
-15785 111034118
-15784 111428007
-15783 111958083
-15782 111933968
-15781 112753573
-15780 113148417
-15779 113320634
-15778 113832039
-15777 113905096
-15776 114402792
-15775 114382106
-15774 114754441
-15773 114722987
-15772 115303508
-15771 115557179
-15770 116090766
-15769 116320555
-15768 116543757
-15767 116825520
-15766 116878685
-15765 117049808
-15764 117518110
-15763 117673985
-15762 117927157
-15761 118400037
-15760 118508435
-15759 118889303
-15758 119209495
-15757 119614600
-15756 119453943
-15755 119979831
-15754 120326377
-15753 120478180
-15752 120653604
-15751 120907291
-15750 121408464
-15749 121514168
-15748 121989774
-15747 121699942
-15746 122040373
-15745 122525841
-15744 122768511
-15743 122860325
-15742 123131325
-15741 123302163
-15740 123501808
-15739 123787117
-15738 124157873
-15737 124412029
-15736 124909837
-15735 124867255
-15734 124914147
-15733 125273234
-15732 125558643
-15731 125558711
-15730 126151266
-15729 126406004
-15728 126500043
-15727 126713285
-15726 127162392
-15725 127334366
-15724 127792271
-15723 127707298
-15722 128025514
-15721 128020493
-15720 128577295
-15719 128897795
-15718 129136628
-15717 129192359
-15716 129722293
-15715 130147315
-15714 130280064
-15713 130619863
-15712 130745096
-15711 130854778
-15710 130881800
-15709 131206237
-15708 131452787
-15707 131790231
-15706 132348754
-15705 132155361
-15704 132725460
-15703 132967629
-15702 133469740
-15701 133684835
-15700 133780205
-15699 133570596
-15698 133961308
-15697 134196721
-15696 134371784
-15695 135065811
-15694 134828752
-15693 135078525
-15692 135411546
-15691 135697895
-15690 135947654
-15689 136331327
-15688 136743852
-15687 136715773
-15686 136857623
-15685 137092981
-15684 137447206
-15683 137753361
-15682 137657304
-15681 137930890
-15680 138364103
-15679 138552237
-15678 138792243
-15677 138750604
-15676 138702205
-15675 139394965
-15674 139348458
-15673 139622473
-15672 140055359
-15671 140319107
-15670 140884628
-15669 140613556
-15668 140720324
-15667 140704624
-15666 141266354
-15665 141220432
-15664 141550480
-15663 141569269
-15662 141682800
-15661 141573265
-15660 142066192
-15659 142280482
-15658 142339746
-15657 142745444
-15656 143040821
-15655 142931435
-15654 143689674
-15653 143659112
-15652 143931596
-15651 144090990
-15650 144163344
-15649 144255490
-15648 144455771
-15647 144526983
-15646 144924509
-15645 144739485
-15644 144480674
-15643 145103875
-15642 145055920
-15641 145333109
-15640 145569778
-15639 145700831
-15638 145880501
-15637 146081666
-15636 146461453
-15635 146405881
-15634 146644953
-15633 146444581
-15632 146742741
-15631 147107404
-15630 147191312
-15629 147154280
-15628 147247177
-15627 147399166
-15626 147775596
-15625 147852222
-15624 148247892
-15623 148076827
-15622 148399529
-15621 148779668
-15620 148904562
-15619 149148611
-15618 149319623
-15617 149472543
-15616 149832386
-15615 149908209
-15614 150000087
-15613 150313730
-15612 150647601
-15611 150706894
-15610 150935814
-15609 150813671
-15608 151291165
-15607 151356523
-15606 151602260
-15605 151749348
-15604 151853205
-15603 152129313
-15602 152511799
-15601 152481672
-15600 152679801
-15599 153146904
-15598 152749723
-15597 153308340
-15596 153192443
-15595 153405306
-15594 153245522
-15593 153834775
-15592 153831757
-15591 153629052
-15590 154067495
-15589 154086409
-15588 154159015
-15587 154627734
-15586 154714550
-15585 154760325
-15584 155192524
-15583 155089481
-15582 155195879
-15581 155727004
-15580 155663224
-15579 155821419
-15578 155955964
-15577 155471133
-15576 155897120
-15575 155626314
-15574 156184415
-15573 156253777
-15572 156346051
-15571 156378768
-15570 156601388
-15569 156445493
-15568 156693257
-15567 156784596
-15566 157070023
-15565 156974313
-15564 157322684
-15563 157406773
-15562 157373826
-15561 157654789
-15560 157802520
-15559 157853782
-15558 158003610
-15557 158128193
-15556 158636526
-15555 158298471
-15554 158625232
-15553 158631386
-15552 158964899
-15551 158557343
-15550 158466167
-15549 158558348
-15548 158485027
-15547 158601273
-15546 158769049
-15545 158725565
-15544 158938122
-15543 159021149
-15542 159026847
-15541 159071857
-15540 159052785
-15539 158867071
-15538 159183668
-15537 159360449
-15536 159504817
-15535 159726755
-15534 159649575
-15533 159848318
-15532 159973602
-15531 159966755
-15530 160172892
-15529 160098821
-15528 160123920
-15527 160155454
-15526 160103806
-15525 160624718
-15524 160456283
-15523 160686232
-15522 161040167
-15521 161198504
-15520 161333281
-15519 161120167
-15518 161796060
-15517 161228998
-15516 161206886
-15515 161589002
-15514 161928962
-15513 161840484
-15512 161932734
-15511 162310296
-15510 161918521
-15509 162382113
-15508 162311415
-15507 162495922
-15506 162334578
-15505 162326652
-15504 162473818
-15503 162081724
-15502 162265455
-15501 162152376
-15500 162560637
-15499 162302630
-15498 162671557
-15497 162852708
-15496 162709698
-15495 162927459
-15494 162790039
-15493 163017896
-15492 163393229
-15491 163279857
-15490 163404090
-15489 163721610
-15488 163651516
-15487 163930687
-15486 163738876
-15485 164153283
-15484 164384661
-15483 164393236
-15482 164471130
-15481 164420497
-15480 164489576
-15479 164375118
-15478 164525746
-15477 164755389
-15476 164833476
-15475 165027371
-15474 165206892
-15473 165316627
-15472 165021544
-15471 165158522
-15470 165246952
-15469 165402858
-15468 165533345
-15467 165721343
-15466 165944980
-15465 165647855
-15464 165751257
-15463 165947633
-15462 165912617
-15461 166040465
-15460 165972570
-15459 166214448
-15458 166351281
-15457 166038359
-15456 166121241
-15455 166256412
-15454 166440469
-15453 166740438
-15452 166742796
-15451 166545102
-15450 166827973
-15449 166950305
-15448 167050943
-15447 167003776
-15446 166968778
-15445 167108334
-15444 167038003
-15443 167301320
-15442 167142524
-15441 167381108
-15440 167203114
-15439 167393055
-15438 167350868
-15437 167513452
-15436 167378676
-15435 167042285
-15434 167125075
-15433 167668668
-15432 167465549
-15431 167488836
-15430 167407553
-15429 167426086
-15428 167705713
-15427 167527178
-15426 167736025
-15425 167744556
-15424 168047415
-15423 167858641
-15422 167576210
-15421 167403980
-15420 167645952
-15419 167821303
-15418 167458130
-15417 167787650
-15416 167910564
-15415 167938819
-15414 167951497
-15413 168096696
-15412 167793474
-15411 167741962
-15410 167792089
-15409 168084498
-15408 168256519
-15407 168354902
-15406 168180066
-15405 168448576
-15404 168150452
-15403 168700824
-15402 168889052
-15401 169283890
-15400 169444867
-15399 169182588
-15398 168850170
-15397 169000910
-15396 169328605
-15395 168970607
-15394 169010442
-15393 168952897
-15392 169499302
-15391 169654650
-15390 170165722
-15389 169690754
-15388 170087002
-15387 170140833
-15386 170164350
-15385 169922588
-15384 170384854
-15383 169899612
-15382 170176218
-15381 170252184
-15380 170113206
-15379 170187490
-15378 170495766
-15377 170538610
-15376 170629266
-15375 170397227
-15374 170133520
-15373 170526083
-15372 170177984
-15371 170395198
-15370 170134324
-15369 170737511
-15368 170611633
-15367 170733025
-15366 170742478
-15365 170665252
-15364 170699643
-15363 170860575
-15362 170974018
-15361 170852784
-15360 171345592
-15359 170784354
-15358 171241143
-15357 171055590
-15356 171086726
-15355 171167912
-15354 170997159
-15353 171136874
-15352 171140091
-15351 171468341
-15350 171392280
-15349 171520328
-15348 171591100
-15347 171473699
-15346 171675010
-15345 171642877
-15344 171437045
-15343 171347296
-15342 171669630
-15341 171328768
-15340 171067609
-15339 171090866
-15338 171399222
-15337 171124938
-15336 171514561
-15335 171801024
-15334 171279721
-15333 171608812
-15332 171528804
-15331 171154827
-15330 171169242
-15329 171308297
-15328 171268932
-15327 171309312
-15326 171042635
-15325 171117448
-15324 171128409
-15323 171630034
-15322 171774679
-15321 171585501
-15320 171640255
-15319 171999151
-15318 172073616
-15317 172051319
-15316 172248759
-15315 172050555
-15314 172063858
-15313 172151571
-15312 172483385
-15311 172525624
-15310 172253438
-15309 172386329
-15308 172178524
-15307 172150394
-15306 171950289
-15305 172097208
-15304 171844697
-15303 171997374
-15302 172216955
-15301 171977077
-15300 171947502
-15299 171818775
-15298 171563291
-15297 171416636
-15296 171479933
-15295 171396438
-15294 171649073
-15293 171321294
-15292 171197610
-15291 171313388
-15290 171136050
-15289 170894315
-15288 171554622
-15287 171344830
-15286 171082818
-15285 171035976
-15284 171372858
-15283 171163168
-15282 170796809
-15281 171033234
-15280 170597323
-15279 170702449
-15278 170458906
-15277 170491467
-15276 170140528
-15275 170526328
-15274 170342197
-15273 170308681
-15272 170350905
-15271 170582965
-15270 170407653
-15269 170330937
-15268 170403681
-15267 170198674
-15266 170024027
-15265 169489656
-15264 169187023
-15263 169226217
-15262 168913691
-15261 168875282
-15260 169112195
-15259 168787565
-15258 168750834
-15257 168451984
-15256 168687504
-15255 168627921
-15254 168244563
-15253 168117387
-15252 168025514
-15251 168126530
-15250 167698133
-15249 167897527
-15248 167722934
-15247 167543113
-15246 167213472
-15245 167272447
-15244 167527014
-15243 167050119
-15242 167018314
-15241 166830695
-15240 166801161
-15239 166929756
-15238 166758157
-15237 166420639
-15236 166463274
-15235 166477792
-15234 166206234
-15233 166281345
-15232 166233244
-15231 166458393
-15230 166174785
-15229 166203827
-15228 166099158
-15227 166030837
-15226 165896272
-15225 165879555
-15224 165436976
-15223 165565581
-15222 165236206
-15221 165265828
-15220 164970636
-15219 165314626
-15218 164924690
-15217 164778699
-15216 164700439
-15215 164278635
-15214 164681230
-15213 164113284
-15212 164285322
-15211 163907907
-15210 163539869
-15209 163787128
-15208 163672759
-15207 163414898
-15206 163462491
-15205 163281272
-15204 162677135
-15203 163119972
-15202 162390942
-15201 162006181
-15200 161761267
-15199 161665658
-15198 161855947
-15197 161495979
-15196 161364812
-15195 161111569
-15194 161078583
-15193 161160612
-15192 160534954
-15191 160267580
-15190 160157253
-15189 160111076
-15188 159804686
-15187 159854549
-15186 159330308
-15185 159392646
-15184 159164152
-15183 158901080
-15182 158739275
-15181 158614839
-15180 158264692
-15179 157936378
-15178 157966277
-15177 157821232
-15176 157375938
-15175 157277434
-15174 157254280
-15173 157241183
-15172 157286106
-15171 156787303
-15170 156475061
-15169 156286890
-15168 155915235
-15167 155933578
-15166 155878313
-15165 155677668
-15164 155295569
-15163 155312635
-15162 154931732
-15161 154899442
-15160 154817804
-15159 154593155
-15158 154316975
-15157 154285868
-15156 154093442
-15155 153875148
-15154 153617713
-15153 153165466
-15152 153055487
-15151 152966492
-15150 152846789
-15149 152279005
-15148 152071580
-15147 151769361
-15146 152127175
-15145 151505915
-15144 151376428
-15143 150953619
-15142 151004441
-15141 150684229
-15140 150829470
-15139 150227599
-15138 150078456
-15137 149679908
-15136 149849287
-15135 149587164
-15134 149345447
-15133 149002201
-15132 148700915
-15131 148529508
-15130 147987951
-15129 147767280
-15128 147552289
-15127 147469152
-15126 146877021
-15125 146717933
-15124 146720927
-15123 146361363
-15122 146256149
-15121 146191358
-15120 145377632
-15119 145471828
-15118 145143400
-15117 145115816
-15116 144427466
-15115 144286201
-15114 144017016
-15113 143719909
-15112 143584656
-15111 143499102
-15110 142964357
-15109 142873304
-15108 142755548
-15107 142365267
-15106 141913344
-15105 141627491
-15104 141760353
-15103 141156934
-15102 140884563
-15101 140485167
-15100 140355852
-15099 139918194
-15098 139605462
-15097 139099253
-15096 138923469
-15095 138704356
-15094 138500297
-15093 137962382
-15092 137591366
-15091 137383405
-15090 137046721
-15089 136612311
-15088 136474042
-15087 136114154
-15086 135994766
-15085 135494085
-15084 135289284
-15083 134964383
-15082 134817669
-15081 134355359
-15080 134168997
-15079 134438096
-15078 133878560
-15077 133666242
-15076 133531357
-15075 133248918
-15074 133208884
-15073 132927774
-15072 132463507
-15071 132279256
-15070 132118988
-15069 132004705
-15068 131500218
-15067 131184187
-15066 130834442
-15065 130607514
-15064 130305933
-15063 130128135
-15062 129888789
-15061 129654912
-15060 129255193
-15059 128970853
-15058 128754024
-15057 128892973
-15056 128480860
-15055 128258761
-15054 127890649
-15053 127481732
-15052 127412705
-15051 126989448
-15050 126634983
-15049 126197609
-15048 125935135
-15047 125375449
-15046 125115789
-15045 124663930
-15044 124539493
-15043 124273604
-15042 124034985
-15041 123833769
-15040 124034387
-15039 123721916
-15038 123286354
-15037 123020951
-15036 122679809
-15035 122261274
-15034 121760072
-15033 121454029
-15032 120795711
-15031 120616259
-15030 120345672
-15029 120218519
-15028 120060582
-15027 119773978
-15026 119485464
-15025 119212332
-15024 119119599
-15023 118853658
-15022 118632964
-15021 118186549
-15020 118057750
-15019 117514405
-15018 117204865
-15017 117010370
-15016 116817227
-15015 116475686
-15014 116128602
-15013 116089501
-15012 115519171
-15011 115152440
-15010 114915258
-15009 114632674
-15008 114545536
-15007 114209389
-15006 113936663
-15005 114010402
-15004 113490043
-15003 113285975
-15002 113140063
-15001 112902310
-15000 112548413
-14999 112441178
-14998 112325685
-14997 111763913
-14996 111426297
-14995 111212070
-14994 110673764
-14993 110539438
-14992 110218536
-14991 109866667
-14990 109670606
-14989 109323283
-14988 109178866
-14987 109226572
-14986 108874751
-14985 108813266
-14984 108162465
-14983 108048478
-14982 107735405
-14981 107388296
-14980 107001727
-14979 106732773
-14978 106504804
-14977 106214078
-14976 105838965
-14975 105669774
-14974 105087287
-14973 104956008
-14972 104594166
-14971 104491222
-14970 103939753
-14969 103619208
-14968 103321427
-14967 103043659
-14966 102660711
-14965 102297714
-14964 102071651
-14963 101780079
-14962 101633669
-14961 101158651
-14960 100794458
-14959 100673589
-14958 100546216
-14957 100357003
-14956 100087802
-14955 99844810
-14954 99570640
-14953 99077418
-14952 99099841
-14951 98765543
-14950 98267978
-14949 98231677
-14948 97718172
-14947 97198592
-14946 96995485
-14945 96721481
-14944 96239091
-14943 96129319
-14942 95816131
-14941 95494557
-14940 95171872
-14939 94740019
-14938 94441860
-14937 94155383
-14936 93728179
-14935 93176377
-14934 92781232
-14933 92429695
-14932 92055741
-14931 91818851
-14930 91675728
-14929 91228303
-14928 91150944
-14927 90835328
-14926 90757494
-14925 90523171
-14924 90034767
-14923 89665255
-14922 89435964
-14921 89011779
-14920 88843695
-14919 88479149
-14918 88202573
-14917 87922711
-14916 87662967
-14915 87536449
-14914 87268594
-14913 86888128
-14912 86680252
-14911 86305947
-14910 86011133
-14909 85903856
-14908 85414495
-14907 84915470
-14906 84720896
-14905 84351615
-14904 84102298
-14903 83966910
-14902 83711857
-14901 83418023
-14900 83212326
-14899 82783663
-14898 82420323
-14897 82137946
-14896 82010433
-14895 81546032
-14894 81581359
-14893 81170245
-14892 80869857
-14891 80714588
-14890 80413585
-14889 80066314
-14888 79840765
-14887 79783112
-14886 79496038
-14885 79108185
-14884 78896865
-14883 78648653
-14882 78282527
-14881 78168881
-14880 77839357
-14879 77590439
-14878 77569409
-14877 77327257
-14876 76989808
-14875 76795171
-14874 76735667
-14873 76438004
-14872 76222347
-14871 76061485
-14870 75667559
-14869 75639483
-14868 75166840
-14867 74915116
-14866 74805233
-14865 74336619
-14864 73954696
-14863 73663549
-14862 73350153
-14861 73078663
-14860 72934645
-14859 72547896
-14858 72535262
-14857 72595760
-14856 72180223
-14855 72012762
-14854 71717497
-14853 71364764
-14852 71277999
-14851 70907905
-14850 70756771
-14849 70180982
-14848 70115458
-14847 69838903
-14846 69443006
-14845 69301368
-14844 69028777
-14843 68906084
-14842 68464161
-14841 68205527
-14840 67960883
-14839 67795834
-14838 67560990
-14837 67149600
-14836 66923785
-14835 66630719
-14834 66226331
-14833 65887776
-14832 65443834
-14831 65217260
-14830 64994788
-14829 64822318
-14828 64483139
-14827 64014699
-14826 63838371
-14825 63832446
-14824 63341836
-14823 63134109
-14822 62773043
-14821 62787389
-14820 62363133
-14819 62117137
-14818 61901692
-14817 61599100
-14816 61566233
-14815 61115556
-14814 60956338
-14813 60689782
-14812 60481569
-14811 60139612
-14810 59967789
-14809 59606055
-14808 59389181
-14807 59100282
-14806 58742677
-14805 58551177
-14804 58346355
-14803 58009379
-14802 57757447
-14801 57391328
-14800 57352256
-14799 57197469
-14798 56969453
-14797 56668842
-14796 56329906
-14795 56180874
-14794 55873760
-14793 55817768
-14792 55420256
-14791 55173998
-14790 55127107
-14789 54653054
-14788 54720700
-14787 54395571
-14786 54167996
-14785 53802426
-14784 53617681
-14783 53434147
-14782 53240444
-14781 52879752
-14780 52825373
-14779 52471174
-14778 52348919
-14777 52111979
-14776 51942609
-14775 51821838
-14774 51536231
-14773 51380254
-14772 51248320
-14771 50911473
-14770 50729114
-14769 50325066
-14768 50222583
-14767 50110014
-14766 49773421
-14765 49367086
-14764 49303020
-14763 49118744
-14762 48820344
-14761 48483103
-14760 48185764
-14759 48051268
-14758 47697133
-14757 47477626
-14756 47361412
-14755 47118067
-14754 46942093
-14753 46774373
-14752 46602973
-14751 46288765
-14750 46182942
-14749 45869259
-14748 45731830
-14747 45373027
-14746 45220990
-14745 44969978
-14744 44794371
-14743 44751988
-14742 44520790
-14741 44249673
-14740 44079523
-14739 43606568
-14738 43416271
-14737 43318645
-14736 43083689
-14735 42788717
-14734 42708854
-14733 42396656
-14732 42130706
-14731 41993881
-14730 41780790
-14729 41632687
-14728 41364007
-14727 41124760
-14726 40990992
-14725 40690305
-14724 40484794
-14723 40603341
-14722 40319950
-14721 40108524
-14720 39917471
-14719 39605036
-14718 39508824
-14717 39211284
-14716 39101523
-14715 38840910
-14714 38768604
-14713 38593663
-14712 38408952
-14711 38243121
-14710 37910881
-14709 37799289
-14708 37631817
-14707 37414911
-14706 37114789
-14705 36965281
-14704 36880799
-14703 36573015
-14702 36321677
-14701 36137705
-14700 36020394
-14699 35715347
-14698 35600603
-14697 35504430
-14696 35277833
-14695 35133975
-14694 34708599
-14693 34511622
-14692 34337303
-14691 34194178
-14690 33917973
-14689 33795915
-14688 33699021
-14687 33467589
-14686 33369656
-14685 33101747
-14684 32997652
-14683 32810743
-14682 32632395
-14681 32552813
-14680 32299319
-14679 32220624
-14678 31973840
-14677 31852706
-14676 31732294
-14675 31680529
-14674 31444599
-14673 31323032
-14672 31132011
-14671 30962055
-14670 30766231
-14669 30377945
-14668 30338988
-14667 30146020
-14666 29941622
-14665 29881326
-14664 29569850
-14663 29526385
-14662 29375947
-14661 29213337
-14660 29070609
-14659 28790627
-14658 28818691
-14657 28552483
-14656 28501391
-14655 28138397
-14654 28147238
-14653 28043899
-14652 27983112
-14651 27576795
-14650 27650111
-14649 27361704
-14648 27218193
-14647 26944025
-14646 26922801
-14645 26864524
-14644 26817252
-14643 26603689
-14642 26256662
-14641 26308365
-14640 26042479
-14639 25835699
-14638 25745595
-14637 25670484
-14636 25404199
-14635 25361951
-14634 25212479
-14633 25287666
-14632 24962304
-14631 24872708
-14630 24867997
-14629 24657086
-14628 24511968
-14627 24323149
-14626 24181807
-14625 24060899
-14624 23987634
-14623 23805672
-14622 23781694
-14621 23607755
-14620 23399850
-14619 23214202
-14618 23308143
-14617 22952391
-14616 22893840
-14615 22809259
-14614 22630333
-14613 22498319
-14612 22496017
-14611 22215978
-14610 22116359
-14609 22067958
-14608 21819922
-14607 21752705
-14606 21606760
-14605 21538160
-14604 21422764
-14603 21239952
-14602 21038619
-14601 20990156
-14600 20718084
-14599 20668914
-14598 20488441
-14597 20339805
-14596 20142253
-14595 19961406
-14594 19942957
-14593 19827950
-14592 19682323
-14591 19537452
-14590 19434512
-14589 19272083
-14588 19159721
-14587 19063849
-14586 19087676
-14585 18823736
-14584 18660791
-14583 18708711
-14582 18568422
-14581 18506586
-14580 18446625
-14579 18334749
-14578 18090660
-14577 18096414
-14576 17992895
-14575 17778397
-14574 17735612
-14573 17635130
-14572 17482303
-14571 17307498
-14570 17235478
-14569 17152504
-14568 17052791
-14567 16914984
-14566 16824661
-14565 16685265
-14564 16622676
-14563 16473067
-14562 16454532
-14561 16349907
-14560 16269096
-14559 16232998
-14558 16080375
-14557 16033355
-14556 15949983
-14555 15862527
-14554 15909315
-14553 15712834
-14552 15676050
-14551 15498388
-14550 15324055
-14549 15181829
-14548 15179166
-14547 15147476
-14546 14949013
-14545 14810128
-14544 14831503
-14543 14763711
-14542 14651190
-14541 14536870
-14540 14363900
-14539 14275541
-14538 14172810
-14537 14071418
-14536 13931963
-14535 13953402
-14534 13778707
-14533 13776012
-14532 13715507
-14531 13658571
-14530 13535153
-14529 13369920
-14528 13318669
-14527 13287576
-14526 13094064
-14525 12993658
-14524 12994272
-14523 12862150
-14522 12745307
-14521 12720197
-14520 12628418
-14519 12491469
-14518 12446548
-14517 12425857
-14516 12315796
-14515 12289871
-14514 12175279
-14513 12116086
-14512 12053552
-14511 11946152
-14510 11925680
-14509 11808203
-14508 11761383
-14507 11592757
-14506 11644680
-14505 11478560
-14504 11426758
-14503 11356554
-14502 11280452
-14501 11249423
-14500 11162918
-14499 11103056
-14498 11062388
-14497 10975886
-14496 10942589
-14495 10892525
-14494 10760112
-14493 10738980
-14492 10710483
-14491 10684088
-14490 10627680
-14489 10526764
-14488 10458208
-14487 10345930
-14486 10246606
-14485 10198686
-14484 10120037
-14483 10057148
-14482 10043536
-14481 9992310
-14480 9932794
-14479 9734804
-14478 9743901
-14477 9644337
-14476 9688347
-14475 9567306
-14474 9447847
-14473 9429893
-14472 9421209
-14471 9309351
-14470 9206381
-14469 9126579
-14468 9072541
-14467 9061854
-14466 8962171
-14465 8886989
-14464 8772826
-14463 8778059
-14462 8579449
-14461 8561280
-14460 8512247
-14459 8358321
-14458 8398918
-14457 8286420
-14456 8215239
-14455 8127771
-14454 8133814
-14453 8064536
-14452 8013013
-14451 7931535
-14450 7898529
-14449 7821825
-14448 7775193
-14447 7712596
-14446 7693574
-14445 7624194
-14444 7527310
-14443 7469723
-14442 7452802
-14441 7408108
-14440 7423482
-14439 7290416
-14438 7270532
-14437 7198719
-14436 7206710
-14435 7109140
-14434 7024859
-14433 6975216
-14432 6953531
-14431 6876208
-14430 6818339
-14429 6848326
-14428 6780613
-14427 6733452
-14426 6590298
-14425 6614366
-14424 6548024
-14423 6452179
-14422 6405698
-14421 6371020
-14420 6302448
-14419 6243328
-14418 6189316
-14417 5986373
-14416 6044812
-14415 5917703
-14414 5876532
-14413 5813602
-14412 5775838
-14411 5690256
-14410 5621324
-14409 5556237
-14408 5548429
-14407 5534904
-14406 5505675
-14405 5477778
-14404 5408374
-14403 5387866
-14402 5375701
-14401 5337907
-14400 5234261
-14399 5251210
-14398 5194695
-14397 5106792
-14396 5109556
-14395 5032314
-14394 4962108
-14393 4973861
-14392 4907756
-14391 4814860
-14390 4813107
-14389 4766199
-14388 4768278
-14387 4722022
-14386 4659041
-14385 4641985
-14384 4572399
-14383 4537463
-14382 4431626
-14381 4398662
-14380 4364882
-14379 4318544
-14378 4360648
-14377 4262764
-14376 4253839
-14375 4221755
-14374 4174013
-14373 4154616
-14372 4108325
-14371 4051692
-14370 4046692
-14369 3909452
-14368 3911330
-14367 3882933
-14366 3817224
-14365 3763122
-14364 3793217
-14363 3745975
-14362 3700207
-14361 3609623
-14360 3585679
-14359 3563038
-14358 3542626
-14357 3468482
-14356 3447568
-14355 3408837
-14354 3335540
-14353 3326075
-14352 3269509
-14351 3250591
-14350 3193553
-14349 3118610
-14348 3129621
-14347 3141751
-14346 3070125
-14345 3067112
-14344 3067147
-14343 3010609
-14342 2990434
-14341 2989068
-14340 2896406
-14339 2925548
-14338 2887995
-14337 2809537
-14336 2850336
-14335 2736187
-14334 2772060
-14333 2738418
-14332 2721223
-14331 2656061
-14330 2633588
-14329 2603650
-14328 2612059
-14327 2584597
-14326 2555987
-14325 2542155
-14324 2513059
-14323 2479735
-14322 2466307
-14321 2410423
-14320 2379095
-14319 2327419
-14318 2289516
-14317 2313241
-14316 2255191
-14315 2236441
-14314 2233144
-14313 2241178
-14312 2202612
-14311 2195443
-14310 2151155
-14309 2157823
-14308 2142342
-14307 2131737
-14306 2070400
-14305 2096311
-14304 2062463
-14303 2069078
-14302 2037887
-14301 2023303
-14300 1993167
-14299 1990901
-14298 1938561
-14297 1991546
-14296 1955936
-14295 1950078
-14294 1935389
-14293 1897206
-14292 1871290
-14291 1844971
-14290 1862359
-14289 1820592
-14288 1823531
-14287 1774210
-14286 1759924
-14285 1744744
-14284 1728054
-14283 1683670
-14282 1696843
-14281 1676557
-14280 1659846
-14279 1661371
-14278 1612832
-14277 1596451
-14276 1597334
-14275 1571834
-14274 1556421
-14273 1578850
-14272 1516063
-14271 1493497
-14270 1510418
-14269 1488053
-14268 1503261
-14267 1490607
-14266 1460704
-14265 1473985
-14264 1450715
-14263 1458548
-14262 1438485
-14261 1411824
-14260 1397923
-14259 1363432
-14258 1351406
-14257 1341129
-14256 1337889
-14255 1332365
-14254 1316792
-14253 1336211
-14252 1333092
-14251 1301487
-14250 1276448
-14249 1275553
-14248 1254143
-14247 1241507
-14246 1244537
-14245 1257965
-14244 1244378
-14243 1231816
-14242 1224942
-14241 1212902
-14240 1176507
-14239 1164307
-14238 1151518
-14237 1151177
-14236 1119416
-14235 1121250
-14234 1086501
-14233 1089964
-14232 1081291
-14231 1090208
-14230 1098182
-14229 1051626
-14228 1024405
-14227 1024054
-14226 1005839
-14225 1011896
-14224 978378
-14223 960775
-14222 964881
-14221 938133
-14220 921218
-14219 937301
-14218 896907
-14217 909714
-14216 878280
-14215 855933
-14214 859677
-14213 870476
-14212 860234
-14211 851825
-14210 847962
-14209 848508
-14208 814405
-14207 819304
-14206 801836
-14205 773784
-14204 788134
-14203 772592
-14202 768577
-14201 735458
-14200 745020
-14199 733616
-14198 709968
-14197 696218
-14196 681423
-14195 652009
-14194 668912
-14193 665777
-14192 658688
-14191 652895
-14190 661188
-14189 643453
-14188 642896
-14187 622867
-14186 597957
-14185 592104
-14184 588044
-14183 603598
-14182 594669
-14181 593661
-14180 584866
-14179 586013
-14178 582723
-14177 570151
-14176 551790
-14175 569208
-14174 551176
-14173 524348
-14172 511820
-14171 513983
-14170 508093
-14169 495804
-14168 493141
-14167 479563
-14166 490263
-14165 483266
-14164 492339
-14163 488621
-14162 497621
-14161 466106
-14160 467838
-14159 459106
-14158 462523
-14157 448365
-14156 447919
-14155 437730
-14154 419795
-14153 425353
-14152 415014
-14151 404638
-14150 426875
-14149 421766
-14148 423184
-14147 406899
-14146 403703
-14145 404324
-14144 396928
-14143 389476
-14142 390846
-14141 379148
-14140 378815
-14139 382961
-14138 367857
-14137 375673
-14136 356103
-14135 347281
-14134 345080
-14133 344041
-14132 343042
-14131 335517
-14130 334799
-14129 323690
-14128 312321
-14127 318777
-14126 302475
-14125 303181
-14124 298402
-14123 296794
-14122 290580
-14121 279065
-14120 283746
-14119 278534
-14118 281833
-14117 268280
-14116 272556
-14115 260754
-14114 258453
-14113 252534
-14112 257441
-14111 265792
-14110 256885
-14109 259280
-14108 245749
-14107 256189
-14106 248435
-14105 238229
-14104 239870
-14103 236516
-14102 233920
-14101 219485
-14100 213493
-14099 214370
-14098 211330
-14097 208300
-14096 203459
-14095 204172
-14094 200818
-14093 194941
-14092 189668
-14091 189556
-14090 183505
-14089 185517
-14088 182192
-14087 188992
-14086 189185
-14085 182604
-14084 177546
-14083 172987
-14082 182188
-14081 174819
-14080 172704
-14079 162413
-14078 164697
-14077 165725
-14076 164955
-14075 161062
-14074 158533
-14073 154746
-14072 150840
-14071 150321
-14070 155624
-14069 148364
-14068 157706
-14067 156693
-14066 142148
-14065 143717
-14064 141698
-14063 135066
-14062 138239
-14061 134980
-14060 127379
-14059 128046
-14058 128574
-14057 125391
-14056 125613
-14055 123507
-14054 127779
-14053 125616
-14052 119756
-14051 116412
-14050 119738
-14049 120340
-14048 111538
-14047 111530
-14046 122248
-14045 120981
-14044 120793
-14043 117554
-14042 107437
-14041 110053
-14040 104120
-14039 97513
-14038 103991
-14037 97312
-14036 102065
-14035 101259
-14034 98150
-14033 96631
-14032 89436
-14031 90272
-14030 90761
-14029 86296
-14028 82962
-14027 76482
-14026 74545
-14025 76359
-14024 77438
-14023 84139
-14022 76611
-14021 80556
-14020 76892
-14019 74754
-14018 76739
-14017 70556
-14016 72712
-14015 69146
-14014 75112
-14013 68940
-14012 70661
-14011 70392
-14010 75156
-14009 61785
-14008 70258
-14007 58218
-14006 55847
-14005 59702
-14004 53394
-14003 55335
-14002 54701
-14001 51046
-14000 54999
-13999 48545
-13998 56424
-13997 54267
-13996 50721
-13995 49845
-13994 52087
-13993 48427
-13992 48597
-13991 48909
-13990 47341
-13989 47851
-13988 50841
-13987 44967
-13986 46333
-13985 40160
-13984 43392
-13983 45541
-13982 39716
-13981 42076
-13980 41118
-13979 42037
-13978 44567
-13977 38083
-13976 43242
-13975 45236
-13974 41881
-13973 46064
-13972 45386
-13971 40268
-13970 44170
-13969 42126
-13968 46509
-13967 40674
-13966 42527
-13965 36916
-13964 39603
-13963 35880
-13962 40425
-13961 38252
-13960 39009
-13959 41172
-13958 40323
-13957 41186
-13956 41060
-13955 42257
-13954 45529
-13953 47501
-13952 47776
-13951 47304
-13950 45348
-13949 43954
-13948 43152
-13947 46742
-13946 42910
-13945 40394
-13944 44869
-13943 42868
-13942 41374
-13941 35267
-13940 35047
-13939 38167
-13938 36520
-13937 35854
-13936 34663
-13935 32621
-13934 34956
-13933 29528
-13932 27670
-13931 33405
-13930 32486
-13929 23648
-13928 25197
-13927 25298
-13926 23966
-13925 24647
-13924 28995
-13923 28334
-13922 21209
-13921 26939
-13920 22941
-13919 18835
-13918 23130
-13917 23748
-13916 21823
-13915 21314
-13914 20368
-13913 23905
-13912 22289
-13911 22635
-13910 21001
-13909 20415
-13908 21088
-13907 24396
-13906 22451
-13905 24403
-13904 18946
-13903 19635
-13902 19016
-13901 17990
-13900 16768
-13899 12467
-13898 11926
-13897 12265
-13896 15526
-13895 14231
-13894 12930
-13893 11301
-13892 16691
-13891 14191
-13890 12343
-13889 11597
-13888 11179
-13887 6740
-13886 7818
-13885 10065
-13884 5837
-13883 6594
-13882 7181
-13881 6327
-13880 7039
-13879 6136
-13878 6566
-13877 6060
-13876 5831
-13875 4760
-13874 6134
-13873 4407
-13872 4085
-13871 4226
-13870 4733
-13869 4108
-13868 5511
-13867 3283
-13866 4483
-13865 4173
-13864 3643
-13863 3697
-13862 3228
-13861 1669
-13860 2063
-13859 1783
-13858 2743
-13857 2811
-13856 3602
-13855 3777
-13854 3511
-13853 5171
-13852 4872
-13851 4880
-13850 4016
-13849 3637
-13848 4222
-13847 2928
-13846 2287
-13845 2708
-13844 2554
-13843 3016
-13842 1473
-13841 1963
-13840 2600
-13839 1663
-13838 1113
-13837 1365
-13836 1383
-13835 1668
-13834 728
-13833 799
-13832 781
-13831 1537
-13830 1446
-13829 1892
-13828 1190
-13827 1173
-13826 1415
-13825 1295
-13824 1302
-13823 3310
-13822 1359
-13821 1357
-13820 1840
-13819 1263
-13818 1267
-13817 1305
-13816 1384
-13815 1289
-13814 1727
-13813 1361
-13812 1120
-13811 1525
-13810 693
-13809 1373
-13808 1467
-13807 1216
-13806 1818
-13805 2174
-13804 2548
-13803 3093
-13802 3210
-13801 2153
-13800 1809
-13799 2009
-13798 1846
-13797 775
-13796 1164
-13795 1092
-13794 1080
-13793 616
-13792 741
-13791 937
-13790 400
-13789 55
-13788 37
