N J h steps 
5000 0.857 0 270000000000
-4942 820
-4940 6154
-4938 1135
-4936 4645
-4934 19187
-4932 46416
-4930 71218
-4928 74326
-4926 81562
-4924 71319
-4922 109053
-4920 193294
-4918 235392
-4916 159128
-4914 168737
-4912 164087
-4910 204464
-4908 161801
-4906 281633
-4904 352921
-4902 346114
-4900 498160
-4898 441096
-4896 577324
-4894 607544
-4892 747882
-4890 779966
-4888 842037
-4886 1187476
-4884 1411830
-4882 1692136
-4880 2032085
-4878 2349812
-4876 2447856
-4874 2782452
-4872 3404796
-4870 3438349
-4868 4221222
-4866 4953982
-4864 5776918
-4862 6366464
-4860 6848052
-4858 7410980
-4856 8765262
-4854 9001277
-4852 9914059
-4850 10636955
-4848 11710457
-4846 12917829
-4844 13600128
-4842 14487162
-4840 15640489
-4838 16708210
-4836 17076830
-4834 18520935
-4832 20291496
-4830 20454408
-4828 21577937
-4826 23285163
-4824 25352598
-4822 26059158
-4820 27625384
-4818 28640253
-4816 29215566
-4814 31157155
-4812 31520143
-4810 32376173
-4808 33773464
-4806 35172873
-4804 35328411
-4802 37560733
-4800 39066517
-4798 40609748
-4796 41612471
-4794 44314080
-4792 46501890
-4790 46895430
-4788 46957302
-4786 50956261
-4784 52076962
-4782 53962569
-4780 55027612
-4778 57580868
-4776 59529239
-4774 60722024
-4772 61181480
-4770 63306176
-4768 63955804
-4766 66256195
-4764 67445886
-4762 68601776
-4760 70852401
-4758 72152042
-4756 74045583
-4754 74723910
-4752 76207422
-4750 77413480
-4748 78957214
-4746 79031064
-4744 81694412
-4742 82919951
-4740 84154275
-4738 85893879
-4736 87268386
-4734 89928243
-4732 89682104
-4730 91168170
-4728 92100664
-4726 93450736
-4724 95178218
-4722 95179466
-4720 96799554
-4718 97328498
-4716 98855453
-4714 98861780
-4712 98372804
-4710 99035589
-4708 99462674
-4706 99412884
-4704 100427636
-4702 102318744
-4700 103102018
-4698 103872769
-4696 103000581
-4694 104318539
-4692 104948537
-4690 105425350
-4688 106826184
-4686 106467510
-4684 108187545
-4682 108963951
-4680 107581014
-4678 106277468
-4676 107900807
-4674 108554060
-4672 108867098
-4670 110112956
-4668 110139871
-4666 109624354
-4664 109840060
-4662 110520776
-4660 110329500
-4658 110749977
-4656 109809386
-4654 109644447
-4652 109565681
-4650 108887133
-4648 109938063
-4646 109820207
-4644 110404736
-4642 109729176
-4640 110324602
-4638 109255797
-4636 109193757
-4634 108136398
-4632 108746675
-4630 108190276
-4628 108193856
-4626 108629873
-4624 108157319
-4622 108597875
-4620 107492988
-4618 105638148
-4616 105694053
-4614 104393834
-4612 105454521
-4610 105510321
-4608 104453793
-4606 105670221
-4604 105669790
-4602 104843408
-4600 105245951
-4598 106473864
-4596 104400769
-4594 103745301
-4592 103565737
-4590 103695637
-4588 103819143
-4586 103055582
-4584 103483115
-4582 104691444
-4580 104124371
-4578 104449964
-4576 104402541
-4574 104002972
-4572 103737650
-4570 103537385
-4568 102637996
-4566 101621174
-4564 101550621
-4562 100647707
-4560 98222022
-4558 98645731
-4556 99170999
-4554 100069523
-4552 100283374
-4550 99210062
-4548 98136737
-4546 98440522
-4544 99009153
-4542 99123670
-4540 99595855
-4538 99253165
-4536 98927795
-4534 99227016
-4532 98716006
-4530 98608334
-4528 97460976
-4526 96577986
-4524 97110654
-4522 97567441
-4520 96649026
-4518 95757873
-4516 95766097
-4514 94676175
-4512 94335654
-4510 94456811
-4508 94352356
-4506 93372110
-4504 92568861
-4502 92607491
-4500 91412174
-4498 91349773
-4496 90646675
-4494 89513842
-4492 89509834
-4490 90625476
-4488 89654982
-4486 88579909
-4484 88267833
-4482 88404060
-4480 87137237
-4478 86261678
-4476 85336424
-4474 84491500
-4472 84241623
-4470 84482099
-4468 83011527
-4466 82272022
-4464 82096760
-4462 81604469
-4460 81321288
-4458 81012313
-4456 80684713
-4454 81897888
-4452 81662653
-4450 80560175
-4448 80699118
-4446 79196360
-4444 79324484
-4442 79156440
-4440 78695418
-4438 78568206
-4436 77553699
-4434 77245190
-4432 77145126
-4430 75901128
-4428 75192619
-4426 74830205
-4424 73660460
-4422 73387393
-4420 73314851
-4418 72808083
-4416 71204746
-4414 71461508
-4412 69937766
-4410 69647675
-4408 69668863
-4406 69406358
-4404 69193706
-4402 67721857
-4400 67505529
-4398 66217638
-4396 65549826
-4394 66210645
-4392 65193378
-4390 64095791
-4388 64835342
-4386 64580760
-4384 64282361
-4382 64485213
-4380 64046732
-4378 63431650
-4376 62416044
-4374 62058309
-4372 61513105
-4370 60501504
-4368 60051544
-4366 59437506
-4364 59100429
-4362 58886242
-4360 57905616
-4358 57578598
-4356 57668530
-4354 58138986
-4352 56684962
-4350 56615335
-4348 56137076
-4346 55893348
-4344 55341464
-4342 55516995
-4340 54241471
-4338 53963227
-4336 54625390
-4334 53027313
-4332 53695064
-4330 53869954
-4328 53527359
-4326 52252882
-4324 52736439
-4322 52613771
-4320 51662515
-4318 50375262
-4316 51038693
-4314 50419942
-4312 49416911
-4310 48968631
-4308 48997638
-4306 48907554
-4304 49114027
-4302 48825536
-4300 48341535
-4298 48210487
-4296 48874249
-4294 48577177
-4292 47598956
-4290 47610804
-4288 47420959
-4286 47615580
-4284 47228651
-4282 47012775
-4280 46303952
-4278 46754921
-4276 46415270
-4274 46614021
-4272 45612296
-4270 45182355
-4268 44189521
-4266 44381659
-4264 44424746
-4262 43714173
-4260 43190772
-4258 42534323
-4256 42156472
-4254 41268161
-4252 39959154
-4250 39479368
-4248 39715507
-4246 38925467
-4244 38457383
-4242 38855937
-4240 39228019
-4238 38982582
-4236 38912508
-4234 38863385
-4232 37940830
-4230 37766209
-4228 37972824
-4226 37587627
-4224 37124098
-4222 37056572
-4220 36657252
-4218 35759406
-4216 36252616
-4214 35551767
-4212 35235834
-4210 35678799
-4208 35658786
-4206 35602133
-4204 35266123
-4202 35484174
-4200 35324788
-4198 35479012
-4196 34390114
-4194 34038298
-4192 33350710
-4190 33661667
-4188 34047878
-4186 33772434
-4184 33099553
-4182 32832673
-4180 32771285
-4178 32785006
-4176 32447804
-4174 32421935
-4172 32153171
-4170 31622968
-4168 31727218
-4166 31330062
-4164 31892011
-4162 31589403
-4160 31451587
-4158 30968433
-4156 31307431
-4154 31209857
-4152 31265454
-4150 31294213
-4148 30955100
-4146 30681471
-4144 30594577
-4142 30381723
-4140 30938669
-4138 30505869
-4136 30436046
-4134 31280238
-4132 31025245
-4130 30256386
-4128 30430975
-4126 30604894
-4124 30707011
-4122 30380415
-4120 30726916
-4118 30782045
-4116 30107374
-4114 30237742
-4112 29539697
-4110 29460408
-4108 29387293
-4106 28897090
-4104 28383002
-4102 27931875
-4100 27252842
-4098 26654590
-4096 26174019
-4094 25434848
-4092 25361955
-4090 25650630
-4088 25797082
-4086 25768522
-4084 25889869
-4082 26030781
-4080 25845014
-4078 25935514
-4076 25921328
-4074 25973202
-4072 25625080
-4070 25590941
-4068 25450078
-4066 25503923
-4064 24854109
-4062 24877037
-4060 24598918
-4058 25051310
-4056 24587586
-4054 24807792
-4052 24565923
-4050 24099960
-4048 23579423
-4046 23722092
-4044 23659728
-4042 23350006
-4040 22787951
-4038 23091695
-4036 22879889
-4034 22716827
-4032 22248303
-4030 22094023
-4028 22243427
-4026 21840990
-4024 21690509
-4022 21610952
-4020 21718030
-4018 21611115
-4016 21860834
-4014 21485349
-4012 21103364
-4010 21313011
-4008 21208817
-4006 20263819
-4004 20416001
-4002 20390707
-4000 20152749
-3998 20247257
-3996 20599524
-3994 20458519
-3992 20258405
-3990 19502482
-3988 19519948
-3986 19513241
-3984 18903997
-3982 18818089
-3980 19059917
-3978 19251398
-3976 19345855
-3974 19733934
-3972 19219198
-3970 19236422
-3968 18631058
-3966 18686845
-3964 18284953
-3962 18035604
-3960 17637300
-3958 17120073
-3956 17402856
-3954 16962629
-3952 17172049
-3950 17207001
-3948 17117774
-3946 17213972
-3944 17027633
-3942 17293282
-3940 16809981
-3938 16953253
-3936 16889293
-3934 16477142
-3932 16534182
-3930 16800674
-3928 16854627
-3926 16765765
-3924 16708755
-3922 16369244
-3920 16850827
-3918 16311112
-3916 16717389
-3914 16600328
-3912 16615824
-3910 16492364
-3908 16317735
-3906 16276443
-3904 15982329
-3902 15450647
-3900 15505594
-3898 15199285
-3896 15308170
-3894 15071465
-3892 15580572
-3890 14874694
-3888 14860340
-3886 14837357
-3884 14723081
-3882 14746891
-3880 14174671
-3878 14281575
-3876 14673261
-3874 14126481
-3872 13941651
-3870 14119412
-3868 13943599
-3866 14071909
-3864 13825924
-3862 14030591
-3860 13947181
-3858 13573587
-3856 13562450
-3854 13483952
-3852 13617768
-3850 13564687
-3848 13463603
-3846 13059780
-3844 13281106
-3842 13507897
-3840 13524661
-3838 13662805
-3836 13042868
-3834 13168836
-3832 12755359
-3830 12943494
-3828 13199215
-3826 12632208
-3824 13032270
-3822 12869259
-3820 12850768
-3818 12956913
-3816 12648987
-3814 12783069
-3812 12510158
-3810 12189353
-3808 11809263
-3806 11211726
-3804 11520438
-3802 11733638
-3800 11555108
-3798 11499762
-3796 11593215
-3794 11432600
-3792 11275660
-3790 11402656
-3788 11255037
-3786 11596192
-3784 11483386
-3782 11975761
-3780 11985664
-3778 11674527
-3776 11344644
-3774 11558678
-3772 11230800
-3770 10993188
-3768 10930065
-3766 10893734
-3764 10742609
-3762 10416091
-3760 10481987
-3758 10518538
-3756 10426773
-3754 10273822
-3752 10121226
-3750 10076534
-3748 9988491
-3746 9635191
-3744 9688895
-3742 9524468
-3740 9508725
-3738 9751664
-3736 9842507
-3734 9602954
-3732 9697249
-3730 9680458
-3728 9545729
-3726 9783282
-3724 10043902
-3722 9612188
-3720 9921441
-3718 9810859
-3716 9601349
-3714 9331483
-3712 9380529
-3710 9193315
-3708 9286199
-3706 9500484
-3704 9218584
-3702 9042238
-3700 9091578
-3698 9070565
-3696 8586970
-3694 8773358
-3692 8595887
-3690 8708738
-3688 8626074
-3686 8695162
-3684 8459057
-3682 8252641
-3680 8355141
-3678 8309498
-3676 8211571
-3674 8275445
-3672 8043676
-3670 8194635
-3668 7834360
-3666 7631223
-3664 7563692
-3662 7453979
-3660 7466215
-3658 7248512
-3656 7774916
-3654 7465739
-3652 7089187
-3650 7019638
-3648 7442233
-3646 7158578
-3644 7822648
-3642 7899737
-3640 7260727
-3638 7208023
-3636 7381725
-3634 7031377
-3632 7187858
-3630 7260623
-3628 6641820
-3626 6813789
-3624 6814369
-3622 6715835
-3620 6772414
-3618 6567543
-3616 6448909
-3614 6268030
-3612 6367670
-3610 6476607
-3608 6146041
-3606 5969302
-3604 6180655
-3602 6130830
-3600 5826013
-3598 5771173
-3596 5612836
-3594 5810532
-3592 5636183
-3590 5619511
-3588 5440998
-3586 5426377
-3584 5327937
-3582 5455021
-3580 5073122
-3578 4759211
-3576 4814462
-3574 4797525
-3572 4763375
-3570 4736331
-3568 4622357
-3566 4896209
-3564 4783571
-3562 4683607
-3560 4673806
-3558 4572445
-3556 4474933
-3554 4439621
-3552 4342529
-3550 4551285
-3548 4729091
-3546 4540607
-3544 4431299
-3542 4250616
-3540 4166890
-3538 4345767
-3536 4389548
-3534 4507391
-3532 4587144
-3530 4449899
-3528 4386072
-3526 4294561
-3524 4154951
-3522 4021619
-3520 4076871
-3518 4162786
-3516 4214095
-3514 4195613
-3512 4127701
-3510 3945587
-3508 3898301
-3506 3995541
-3504 3991141
-3502 4067141
-3500 4004344
-3498 3922934
-3496 3791585
-3494 3781406
-3492 3773650
-3490 3763621
-3488 3728802
-3486 3639551
-3484 3658906
-3482 3494941
-3480 3508597
-3478 3553490
-3476 3563610
-3474 3625511
-3472 3658420
-3470 3709623
-3468 3760736
-3466 3655067
-3464 3813685
-3462 3980196
-3460 3727337
-3458 3640014
-3456 3776943
-3454 3877654
-3452 3749885
-3450 3749020
-3448 3607718
-3446 3673648
-3444 3691727
-3442 3418439
-3440 3615800
-3438 3600355
-3436 3508335
-3434 3725765
-3432 3564389
-3430 3379122
-3428 3450928
-3426 3690072
-3424 3516560
-3422 3371680
-3420 3293426
-3418 3306908
-3416 3543938
-3414 3339057
-3412 3445631
-3410 3419042
-3408 3530853
-3406 3489829
-3404 3391907
-3402 3332767
-3400 3572478
-3398 3592258
-3396 3736766
-3394 3796555
-3392 3688651
-3390 3835565
-3388 3724896
-3386 3816976
-3384 3817538
-3382 3456447
-3380 3508997
-3378 3460916
-3376 3440326
-3374 3552228
-3372 3510690
-3370 3473272
-3368 3547457
-3366 3474419
-3364 3322736
-3362 3199844
-3360 3150124
-3358 3070808
-3356 3163498
-3354 3084265
-3352 3087549
-3350 3035116
-3348 3049715
-3346 3054840
-3344 2999778
-3342 3169995
-3340 3059988
-3338 2835671
-3336 2876118
-3334 3039325
-3332 3012190
-3330 2992510
-3328 2800912
-3326 3039753
-3324 2956114
-3322 2933133
-3320 2973452
-3318 2745404
-3316 2968177
-3314 2955672
-3312 2884874
-3310 3100866
-3308 2891734
-3306 2827188
-3304 2823215
-3302 2994330
-3300 2972698
-3298 3169279
-3296 3039969
-3294 3107556
-3292 3171888
-3290 3074792
-3288 3000442
-3286 3133668
-3284 3243378
-3282 3207842
-3280 3188458
-3278 3203731
-3276 3291613
-3274 3109374
-3272 2987177
-3270 3006267
-3268 2971754
-3266 2911743
-3264 2913097
-3262 2743310
-3260 2857210
-3258 2716540
-3256 2671985
-3254 2626752
-3252 2604669
-3250 2470716
-3248 2643992
-3246 2717523
-3244 3101477
-3242 3149470
-3240 2931464
-3238 2755979
-3236 2739508
-3234 2799581
-3232 2668666
-3230 2605901
-3228 2533934
-3226 2542595
-3224 2597731
-3222 2640460
-3220 2752172
-3218 2764891
-3216 2709779
-3214 2698070
-3212 2718320
-3210 2617975
-3208 2622908
-3206 2617858
-3204 2469217
-3202 2488899
-3200 2378503
-3198 2393230
-3196 2305426
-3194 2231465
-3192 2133440
-3190 2055058
-3188 2037798
-3186 1969857
-3184 2015139
-3182 1990894
-3180 2011273
-3178 2027411
-3176 1954442
-3174 2206501
-3172 2135653
-3170 2103287
-3168 2066106
-3166 1957223
-3164 2039435
-3162 2093657
-3160 2319702
-3158 2160609
-3156 2194757
-3154 2243469
-3152 1989499
-3150 1932445
-3148 2061726
-3146 2057273
-3144 2060522
-3142 2026314
-3140 1975377
-3138 1871196
-3136 1960108
-3134 2012099
-3132 2012255
-3130 2122737
-3128 2013439
-3126 1993602
-3124 2041253
-3122 2038723
-3120 2061785
-3118 2246744
-3116 2122175
-3114 2053528
-3112 2039630
-3110 2020287
-3108 1928590
-3106 1914652
-3104 1839814
-3102 1879939
-3100 1793077
-3098 1887229
-3096 1802786
-3094 1842747
-3092 1882632
-3090 1912230
-3088 1823577
-3086 1904517
-3084 1908405
-3082 1946479
-3080 1847055
-3078 1690084
-3076 1792157
-3074 2032207
-3072 2003001
-3070 2085583
-3068 2222011
-3066 2240569
-3064 2012494
-3062 2105239
-3060 2212106
-3058 2000920
-3056 1944314
-3054 1816334
-3052 1826044
-3050 1650396
-3048 1661534
-3046 1712426
-3044 1697625
-3042 1678603
-3040 1632822
-3038 1589534
-3036 1574924
-3034 1548792
-3032 1622161
-3030 1727041
-3028 1672869
-3026 1590377
-3024 1506604
-3022 1612352
-3020 1681622
-3018 1603090
-3016 1611815
-3014 1675147
-3012 1413930
-3010 1316938
-3008 1412657
-3006 1509361
-3004 1490075
-3002 1497442
-3000 1433465
-2998 1503068
-2996 1427609
-2994 1450348
-2992 1524437
-2990 1407490
-2988 1473233
-2986 1551865
-2984 1684726
-2982 1589925
-2980 1635843
-2978 1884462
-2976 1734836
-2974 1789750
-2972 1841202
-2970 1883286
-2968 1806547
-2966 1764846
-2964 1756252
-2962 1909068
-2960 1803437
-2958 1663172
-2956 1660037
-2954 1560299
-2952 1572782
-2950 1558090
-2948 1505963
-2946 1531446
-2944 1460558
-2942 1506112
-2940 1617593
-2938 1645463
-2936 1471664
-2934 1541288
-2932 1501132
-2930 1492382
-2928 1589590
-2926 1704206
-2924 1716354
-2922 1756768
-2920 1739618
-2918 1787598
-2916 1752788
-2914 1822058
-2912 1851982
-2910 1714355
-2908 1714188
-2906 1817852
-2904 1862581
-2902 1761641
-2900 1993634
-2898 1917286
-2896 1878546
-2894 1878255
-2892 1863072
-2890 1815097
-2888 1684726
-2886 1928380
-2884 2032494
-2882 2028871
-2880 1939747
-2878 1853479
-2876 1852037
-2874 1782620
-2872 1843480
-2870 1989358
-2868 1834970
-2866 1688200
-2864 1772633
-2862 1591325
-2860 1580198
-2858 1551979
-2856 1589127
-2854 1611665
-2852 1595049
-2850 1631477
-2848 1602136
-2846 1511088
-2844 1553584
-2842 1531875
-2840 1560945
-2838 1678337
-2836 1624718
-2834 1673461
-2832 1637311
-2830 1607498
-2828 1555149
-2826 1598687
-2824 1619329
-2822 1713069
-2820 1568912
-2818 1608130
-2816 1453518
-2814 1404934
-2812 1392845
-2810 1379736
-2808 1316878
-2806 1458851
-2804 1356671
-2802 1422570
-2800 1376835
-2798 1325710
-2796 1275055
-2794 1362305
-2792 1282671
-2790 1520364
-2788 1552001
-2786 1523160
-2784 1574824
-2782 1652817
-2780 1607919
-2778 1517397
-2776 1447825
-2774 1528377
-2772 1475094
-2770 1656586
-2768 1474638
-2766 1573189
-2764 1468777
-2762 1377217
-2760 1395049
-2758 1271111
-2756 1363501
-2754 1397848
-2752 1490545
-2750 1486111
-2748 1497399
-2746 1554634
-2744 1386367
-2742 1409370
-2740 1488802
-2738 1388817
-2736 1373886
-2734 1496735
-2732 1564384
-2730 1456565
-2728 1495821
-2726 1497854
-2724 1301718
-2722 1395596
-2720 1414373
-2718 1375814
-2716 1428354
-2714 1396196
-2712 1237738
-2710 1426231
-2708 1288720
-2706 1126149
-2704 1067297
-2702 1104436
-2700 1025927
-2698 989523
-2696 1072253
-2694 994413
-2692 1005382
-2690 999028
-2688 1009958
-2686 1027582
-2684 966685
-2682 1038519
-2680 1174318
-2678 1110980
-2676 1131918
-2674 1116287
-2672 1209981
-2670 1093449
-2668 1016640
-2666 1047093
-2664 1082278
-2662 1021739
-2660 1073155
-2658 1165878
-2656 1180478
-2654 1177648
-2652 1167770
-2650 1093877
-2648 1166380
-2646 1079799
-2644 960264
-2642 1052410
-2640 1093973
-2638 1059050
-2636 891233
-2634 907438
-2632 902004
-2630 966335
-2628 942220
-2626 961344
-2624 933355
-2622 893270
-2620 885379
-2618 840534
-2616 829665
-2614 772442
-2612 745293
-2610 786528
-2608 781827
-2606 889445
-2604 782945
-2602 746954
-2600 888510
-2598 850756
-2596 774657
-2594 827628
-2592 719839
-2590 814893
-2588 704237
-2586 687636
-2584 748784
-2582 725905
-2580 765185
-2578 774804
-2576 744868
-2574 736460
-2572 788453
-2570 776299
-2568 749092
-2566 811429
-2564 779205
-2562 756530
-2560 846977
-2558 828242
-2556 842051
-2554 853060
-2552 924724
-2550 924736
-2548 874262
-2546 953831
-2544 922720
-2542 866421
-2540 788376
-2538 815634
-2536 820761
-2534 824408
-2532 779811
-2530 910983
-2528 877878
-2526 946004
-2524 877299
-2522 894411
-2520 917107
-2518 901098
-2516 881896
-2514 809305
-2512 793780
-2510 756728
-2508 875958
-2506 885822
-2504 857111
-2502 799095
-2500 838193
-2498 916261
-2496 813259
-2494 873788
-2492 965351
-2490 771977
-2488 761673
-2486 844606
-2484 879512
-2482 851795
-2480 1008075
-2478 1092422
-2476 1021625
-2474 1026204
-2472 1090523
-2470 1093122
-2468 1163247
-2466 1184229
-2464 1351418
-2462 1171142
-2460 1136979
-2458 1101112
-2456 1042509
-2454 1096981
-2452 1210956
-2450 1229675
-2448 1214592
-2446 1044937
-2444 1089121
-2442 1102273
-2440 1024143
-2438 941533
-2436 1011160
-2434 1008769
-2432 951424
-2430 1017380
-2428 1085736
-2426 1075831
-2424 1027641
-2422 961728
-2420 1102401
-2418 1019088
-2416 1103169
-2414 1072124
-2412 1070639
-2410 1197470
-2408 1310768
-2406 1292438
-2404 1206467
-2402 1314931
-2400 1192402
-2398 1110309
-2396 1095181
-2394 1158245
-2392 1215533
-2390 1187119
-2388 1176247
-2386 1111133
-2384 1145295
-2382 1189538
-2380 1085718
-2378 1181256
-2376 1172851
-2374 1262163
-2372 1247271
-2370 1134057
-2368 1083176
-2366 1079861
-2364 1131852
-2362 1049037
-2360 1110630
-2358 1090194
-2356 1137202
-2354 1124007
-2352 1107627
-2350 1066899
-2348 1120132
-2346 1053448
-2344 1066821
-2342 1196021
-2340 1267751
-2338 1137181
-2336 1176294
-2334 1070672
-2332 1107223
-2330 1065155
-2328 1091795
-2326 1101551
-2324 1159085
-2322 1075814
-2320 1132969
-2318 1008056
-2316 936458
-2314 890628
-2312 888115
-2310 895371
-2308 893210
-2306 928274
-2304 945538
-2302 897849
-2300 771542
-2298 797680
-2296 836172
-2294 828124
-2292 868954
-2290 780811
-2288 820299
-2286 783754
-2284 775185
-2282 732966
-2280 755339
-2278 885044
-2276 783267
-2274 782953
-2272 767839
-2270 720265
-2268 715606
-2266 627673
-2264 590934
-2262 597447
-2260 708694
-2258 728609
-2256 696831
-2254 663148
-2252 689558
-2250 642648
-2248 668715
-2246 654584
-2244 613049
-2242 615331
-2240 554167
-2238 491063
-2236 522391
-2234 556086
-2232 499432
-2230 558063
-2228 627678
-2226 645297
-2224 638040
-2222 663906
-2220 684270
-2218 588977
-2216 571265
-2214 606759
-2212 621181
-2210 632676
-2208 608592
-2206 663608
-2204 602090
-2202 554499
-2200 613937
-2198 621432
-2196 587802
-2194 722063
-2192 651680
-2190 604447
-2188 595594
-2186 634248
-2184 571116
-2182 607179
-2180 631337
-2178 625303
-2176 606646
-2174 575828
-2172 558621
-2170 489594
-2168 521049
-2166 514677
-2164 471859
-2162 498451
-2160 437202
-2158 434735
-2156 408925
-2154 406670
-2152 376142
-2150 369501
-2148 334115
-2146 319552
-2144 315979
-2142 352375
-2140 390408
-2138 404234
-2136 360436
-2134 309600
-2132 346720
-2130 362233
-2128 391557
-2126 391061
-2124 447029
-2122 400827
-2120 479796
-2118 484105
-2116 476923
-2114 452128
-2112 543744
-2110 552893
-2108 549042
-2106 585012
-2104 556758
-2102 510379
-2100 476774
-2098 527623
-2096 495995
-2094 504902
-2092 488797
-2090 493844
-2088 430132
-2086 493913
-2084 535231
-2082 517103
-2080 485656
-2078 424244
-2076 431424
-2074 463943
-2072 482842
-2070 507048
-2068 494027
-2066 536677
-2064 599054
-2062 603983
-2060 599911
-2058 583813
-2056 538236
-2054 565357
-2052 588422
-2050 632311
-2048 702068
-2046 634376
-2044 630888
-2042 666273
-2040 615021
-2038 622707
-2036 657037
-2034 631989
-2032 631517
-2030 644451
-2028 673170
-2026 627941
-2024 654469
-2022 611581
-2020 643977
-2018 630726
-2016 689802
-2014 599239
-2012 538866
-2010 562320
-2008 546580
-2006 514514
-2004 552231
-2002 544285
-2000 518295
-1998 481106
-1996 477291
-1994 503811
-1992 588398
-1990 539716
-1988 594206
-1986 550519
-1984 536483
-1982 513203
-1980 525725
-1978 517169
-1976 513979
-1974 499481
-1972 499894
-1970 490323
-1968 492778
-1966 458862
-1964 416820
-1962 431043
-1960 423553
-1958 451376
-1956 436683
-1954 477139
-1952 563455
-1950 533978
-1948 514803
-1946 513252
-1944 566268
-1942 570680
-1940 565153
-1938 561123
-1936 563315
-1934 604959
-1932 634366
-1930 639114
-1928 568738
-1926 564611
-1924 636171
-1922 593938
-1920 574557
-1918 623564
-1916 586484
-1914 598206
-1912 624939
-1910 605741
-1908 550122
-1906 594879
-1904 572863
-1902 595156
-1900 554052
-1898 559995
-1896 573415
-1894 544979
-1892 515626
-1890 543282
-1888 562967
-1886 559951
-1884 565866
-1882 574900
-1880 516469
-1878 540005
-1876 563307
-1874 545492
-1872 534352
-1870 566947
-1868 592094
-1866 567998
-1864 487018
-1862 490270
-1860 483157
-1858 506293
-1856 543721
-1854 558787
-1852 517045
-1850 556047
-1848 554017
-1846 574332
-1844 593348
-1842 589497
-1840 562818
-1838 614900
-1836 596362
-1834 644367
-1832 715250
-1830 687023
-1828 732876
-1826 802710
-1824 794622
-1822 823529
-1820 775556
-1818 727624
-1816 808057
-1814 799697
-1812 732052
-1810 730706
-1808 751750
-1806 731140
-1804 700049
-1802 741908
-1800 757947
-1798 726781
-1796 741536
-1794 720373
-1792 767114
-1790 766018
-1788 777233
-1786 734081
-1784 796889
-1782 790502
-1780 786230
-1778 770414
-1776 784842
-1774 806868
-1772 934996
-1770 851931
-1768 908045
-1766 875130
-1764 946730
-1762 814760
-1760 828582
-1758 831685
-1756 802265
-1754 756035
-1752 692387
-1750 751146
-1748 744764
-1746 720290
-1744 759296
-1742 734258
-1740 707608
-1738 686900
-1736 638468
-1734 619748
-1732 671175
-1730 680678
-1728 721482
-1726 697412
-1724 769233
-1722 720310
-1720 756225
-1718 762279
-1716 727024
-1714 716530
-1712 722346
-1710 799135
-1708 713134
-1706 741842
-1704 737236
-1702 726916
-1700 806302
-1698 831395
-1696 812236
-1694 805607
-1692 806238
-1690 792293
-1688 724530
-1686 775374
-1684 727232
-1682 776643
-1680 776688
-1678 824175
-1676 756904
-1674 864032
-1672 789719
-1670 872815
-1668 725374
-1666 729047
-1664 714465
-1662 659127
-1660 709837
-1658 646693
-1656 656971
-1654 656629
-1652 600038
-1650 650897
-1648 695634
-1646 678256
-1644 686320
-1642 628344
-1640 690310
-1638 660117
-1636 651963
-1634 705561
-1632 665005
-1630 691236
-1628 718149
-1626 712352
-1624 642770
-1622 655008
-1620 626013
-1618 623920
-1616 648078
-1614 633347
-1612 648272
-1610 601426
-1608 619164
-1606 683103
-1604 600802
-1602 621085
-1600 637162
-1598 686957
-1596 650292
-1594 650177
-1592 672237
-1590 573896
-1588 633963
-1586 633303
-1584 669279
-1582 603300
-1580 587916
-1578 648398
-1576 653657
-1574 630267
-1572 638664
-1570 652927
-1568 632825
-1566 684976
-1564 655879
-1562 752881
-1560 773472
-1558 821675
-1556 798312
-1554 824204
-1552 805925
-1550 743171
-1548 678305
-1546 670398
-1544 605653
-1542 609837
-1540 604333
-1538 615008
-1536 675875
-1534 661705
-1532 632037
-1530 674816
-1528 709910
-1526 793301
-1524 804762
-1522 713796
-1520 785014
-1518 742663
-1516 790684
-1514 803481
-1512 818441
-1510 775160
-1508 853415
-1506 779384
-1504 812569
-1502 761696
-1500 752257
-1498 809476
-1496 775647
-1494 706617
-1492 657439
-1490 637185
-1488 664920
-1486 673596
-1484 676815
-1482 718912
-1480 707902
-1478 666538
-1476 757377
-1474 786540
-1472 791083
-1470 743210
-1468 727935
-1466 766131
-1464 730820
-1462 812637
-1460 859674
-1458 813353
-1456 820248
-1454 818835
-1452 879644
-1450 892892
-1448 848954
-1446 833070
-1444 875454
-1442 880916
-1440 874093
-1438 892751
-1436 796534
-1434 758749
-1432 785679
-1430 812405
-1428 768529
-1426 817634
-1424 800794
-1422 817397
-1420 806719
-1418 863184
-1416 821501
-1414 850332
-1412 905484
-1410 916954
-1408 974734
-1406 881774
-1404 928083
-1402 947153
-1400 1025762
-1398 1045139
-1396 1115314
-1394 1111334
-1392 1036252
-1390 1031218
-1388 1088955
-1386 1046003
-1384 1010334
-1382 1030394
-1380 1099558
-1378 970306
-1376 1071944
-1374 1072145
-1372 1097092
-1370 1037619
-1368 973806
-1366 1046029
-1364 1026556
-1362 1096862
-1360 1072664
-1358 1038233
-1356 1127800
-1354 954768
-1352 1042063
-1350 939405
-1348 911700
-1346 938555
-1344 966243
-1342 891350
-1340 882243
-1338 850500
-1336 874521
-1334 903720
-1332 921201
-1330 1035410
-1328 1002927
-1326 1060091
-1324 969263
-1322 1019549
-1320 961123
-1318 920416
-1316 886916
-1314 920201
-1312 900049
-1310 907728
-1308 932796
-1306 938234
-1304 888613
-1302 866534
-1300 865386
-1298 907402
-1296 894471
-1294 877482
-1292 839900
-1290 903994
-1288 893175
-1286 885105
-1284 936378
-1282 931630
-1280 867364
-1278 963542
-1276 893908
-1274 880457
-1272 947669
-1270 849071
-1268 858762
-1266 819035
-1264 849594
-1262 880622
-1260 893717
-1258 896342
-1256 873023
-1254 846544
-1252 830739
-1250 844125
-1248 886375
-1246 871270
-1244 842016
-1242 831682
-1240 781531
-1238 751247
-1236 731644
-1234 806284
-1232 805104
-1230 828136
-1228 779131
-1226 873664
-1224 845566
-1222 988041
-1220 895857
-1218 891900
-1216 865109
-1214 934454
-1212 940209
-1210 925352
-1208 920598
-1206 904316
-1204 935402
-1202 874504
-1200 903736
-1198 904860
-1196 849352
-1194 876653
-1192 835392
-1190 869535
-1188 958955
-1186 891790
-1184 861019
-1182 930250
-1180 931319
-1178 936663
-1176 970626
-1174 904566
-1172 961496
-1170 900058
-1168 877367
-1166 856192
-1164 855249
-1162 893514
-1160 886507
-1158 937970
-1156 934166
-1154 954242
-1152 985779
-1150 1008251
-1148 1030924
-1146 1020671
-1144 1100558
-1142 1079497
-1140 1069140
-1138 1082667
-1136 1054122
-1134 1143504
-1132 1099856
-1130 1140701
-1128 1105145
-1126 1120676
-1124 1160323
-1122 1165201
-1120 1078000
-1118 1060100
-1116 1062610
-1114 1143251
-1112 1105707
-1110 1225762
-1108 1235531
-1106 1306714
-1104 1338011
-1102 1378807
-1100 1341702
-1098 1482756
-1096 1417174
-1094 1424364
-1092 1525350
-1090 1679485
-1088 1673245
-1086 1757995
-1084 1814717
-1082 1901791
-1080 2009967
-1078 1983704
-1076 1989273
-1074 2023518
-1072 2059482
-1070 2162380
-1068 2358276
-1066 2281603
-1064 2396431
-1062 2521440
-1060 2597705
-1058 2648416
-1056 2851620
-1054 2748295
-1052 2754656
-1050 2811156
-1048 2749658
-1046 2795518
-1044 2840371
-1042 2918340
-1040 2969629
-1038 3049470
-1036 3279893
-1034 3438109
-1032 3508195
-1030 3537979
-1028 3821607
-1026 4006801
-1024 4100234
-1022 4192117
-1020 4217480
-1018 4206281
-1016 4150343
-1014 4341439
-1012 4132732
-1010 4402889
-1008 4464109
-1006 4583287
-1004 4763415
-1002 4831250
-1000 4940717
-998 5240436
-996 5139368
-994 5126279
-992 5230420
-990 5325710
-988 5336244
-986 5392474
-984 5422548
-982 5438976
-980 5635069
-978 5712319
-976 5727762
-974 5845748
-972 5896961
-970 6133041
-968 6131755
-966 6316553
-964 6373514
-962 6261130
-960 6205720
-958 6355243
-956 6638978
-954 6724044
-952 6757633
-950 6734463
-948 6719307
-946 6675638
-944 6776807
-942 6790598
-940 6787545
-938 7105422
-936 7034426
-934 7075592
-932 7277981
-930 7348376
-928 7604367
-926 7699856
-924 7713679
-922 7983930
-920 7986915
-918 8294075
-916 8341798
-914 8588313
-912 8781377
-910 8941074
-908 9237707
-906 9038248
-904 9190826
-902 9229517
-900 9485979
-898 9654581
-896 9793879
-894 9809709
-892 9990077
-890 10137876
-888 10474544
-886 10396495
-884 10475369
-882 10416116
-880 10058360
-878 10276310
-876 10160584
-874 10246574
-872 10525866
-870 10449253
-868 10843088
-866 10817809
-864 11122313
-862 11285266
-860 11510906
-858 11341925
-856 11700000
-854 11804701
-852 11658629
-850 11798206
-848 12013895
-846 12209859
-844 12126831
-842 11868962
-840 11728030
-838 11579613
-836 12001092
-834 12038951
-832 11888410
-830 12224510
-828 12397722
-826 12533473
-824 12539945
-822 12483468
-820 12636818
-818 12571331
-816 12882883
-814 13214578
-812 13361616
-810 13263138
-808 13348610
-806 13446531
-804 13457712
-802 13595153
-800 13786887
-798 13914975
-796 14226082
-794 14475371
-792 14706406
-790 14334658
-788 14758908
-786 14871245
-784 14932708
-782 15446012
-780 15290027
-778 15387836
-776 15252012
-774 15150759
-772 15052026
-770 15006386
-768 15124141
-766 15441291
-764 15519528
-762 15556369
-760 15627921
-758 15873248
-756 16173452
-754 16382194
-752 16627942
-750 16210907
-748 16430581
-746 16333320
-744 16484250
-742 16337844
-740 16562017
-738 16298252
-736 16404916
-734 16272073
-732 16644119
-730 16337055
-728 16532709
-726 16107248
-724 16058137
-722 16520253
-720 16433410
-718 16529516
-716 16402267
-714 16539951
-712 16114000
-710 16334397
-708 16148415
-706 16120232
-704 16285142
-702 16184327
-700 16327635
-698 16241042
-696 15967210
-694 15754364
-692 15591988
-690 15652112
-688 15714882
-686 15804501
-684 15809837
-682 15717973
-680 15927009
-678 16199068
-676 15981233
-674 16213474
-672 15851555
-670 15927213
-668 16285863
-666 15957443
-664 15605501
-662 15682759
-660 15590564
-658 15571529
-656 15534145
-654 15501266
-652 15235586
-650 15322898
-648 15733255
-646 15529777
-644 15288908
-642 15118409
-640 15013572
-638 15020604
-636 15299766
-634 15102469
-632 14929221
-630 15498481
-628 15294648
-626 15167404
-624 15545156
-622 15510605
-620 15582965
-618 15298620
-616 14980351
-614 14933795
-612 14658202
-610 14496531
-608 14391926
-606 14438792
-604 14507547
-602 14022166
-600 14413312
-598 14514044
-596 14602255
-594 14266257
-592 13886529
-590 14158200
-588 14008902
-586 14134962
-584 14097440
-582 14167044
-580 14302958
-578 14086161
-576 13840998
-574 13849015
-572 13389835
-570 13583117
-568 13467392
-566 13611750
-564 13739708
-562 13562501
-560 13976545
-558 13883640
-556 13827811
-554 13638633
-552 13807149
-550 13566742
-548 13725364
-546 13486910
-544 13666562
-542 13326822
-540 13497575
-538 13583913
-536 13634716
-534 13701231
-532 13553266
-530 13591698
-528 13605809
-526 13349941
-524 13457289
-522 13595711
-520 13652738
-518 13429008
-516 13415436
-514 13366198
-512 13532334
-510 13947589
-508 13804696
-506 13340106
-504 13340946
-502 13545745
-500 13593539
-498 13429502
-496 13947228
-494 13971953
-492 13908635
-490 14315633
-488 14386724
-486 14557471
-484 14795407
-482 14583239
-480 14743692
-478 15013055
-476 15471995
-474 15667292
-472 16187983
-470 15965935
-468 16279569
-466 16150100
-464 16365589
-462 16493415
-460 16611340
-458 16816556
-456 17340428
-454 17596381
-452 17975409
-450 17987654
-448 17990375
-446 17925300
-444 18049280
-442 18079543
-440 18303786
-438 18562845
-436 18558415
-434 18607092
-432 18614697
-430 18996047
-428 18961269
-426 18639124
-424 19174548
-422 19307866
-420 19550129
-418 19703960
-416 20097167
-414 20179960
-412 20495583
-410 20814785
-408 20738566
-406 21143394
-404 21166243
-402 21773439
-400 21437198
-398 21523353
-396 22285563
-394 22245644
-392 22404006
-390 22157039
-388 22883408
-386 23039817
-384 23391336
-382 23603799
-380 23265744
-378 23510955
-376 23717712
-374 23843258
-372 24076673
-370 24195578
-368 24759106
-366 24554553
-364 24714982
-362 24799454
-360 25336325
-358 25407676
-356 25585070
-354 26311316
-352 26385823
-350 26637601
-348 27165752
-346 27708586
-344 28459093
-342 28296730
-340 28478334
-338 28667943
-336 29445841
-334 29750867
-332 30231346
-330 30436073
-328 30533330
-326 31413568
-324 31405258
-322 31302132
-320 32043234
-318 31982665
-316 32621009
-314 33204269
-312 33812666
-310 34589272
-308 35190328
-306 35756807
-304 36130045
-302 36780064
-300 36940355
-298 37766935
-296 38153419
-294 38637261
-292 39425342
-290 40171378
-288 40950759
-286 41737330
-284 42436582
-282 42113747
-280 42235906
-278 42313093
-276 42387857
-274 43082008
-272 43703646
-270 43888166
-268 44203574
-266 44719804
-264 44850940
-262 45134562
-260 45632039
-258 45430246
-256 46191446
-254 46560425
-252 46139561
-250 46788847
-248 47063638
-246 47789337
-244 47927860
-242 47934342
-240 48040091
-238 48448748
-236 49639622
-234 49043066
-232 49866404
-230 50073716
-228 50332200
-226 50083500
-224 50674271
-222 50587475
-220 50219284
-218 50530749
-216 50364420
-214 50377989
-212 50431340
-210 49415481
-208 50188226
-206 50063716
-204 50220681
-202 50979212
-200 50196131
-198 49861228
-196 49178207
-194 50193888
-192 49922358
-190 50151932
-188 50644493
-186 50865689
-184 51083471
-182 50958245
-180 51006431
-178 50453945
-176 50892765
-174 50471469
-172 50204717
-170 49690919
-168 49902428
-166 49652945
-164 49665881
-162 49279238
-160 50051434
-158 49715882
-156 49915362
-154 49120156
-152 49259610
-150 49493918
-148 49611227
-146 49031454
-144 48314595
-142 48343254
-140 48518179
-138 48907398
-136 49078177
-134 48499555
-132 48179190
-130 48133235
-128 47196338
-126 47664557
-124 47135403
-122 47194415
-120 46792388
-118 46830831
-116 46844821
-114 46686446
-112 46239074
-110 46138731
-108 45765157
-106 45051179
-104 44889519
-102 44691787
-100 44281590
-98 44361758
-96 44465814
-94 44343361
-92 44575692
-90 44783487
-88 44949171
-86 45066347
-84 44952740
-82 44419573
-80 44541555
-78 43537599
-76 43771963
-74 44126746
-72 44040497
-70 43764147
-68 43270884
-66 43010320
-64 42457843
-62 42213809
-60 42112172
-58 41339774
-56 41875275
-54 41365464
-52 40810508
-50 40903052
-48 40854266
-46 40460309
-44 40572863
-42 40808566
-40 40902480
-38 41698612
-36 41413367
-34 41379368
-32 40696129
-30 40099292
-28 40034568
-26 39597263
-24 39691739
-22 39347677
-20 38948698
-18 38824618
-16 39145784
-14 38723073
-12 38459224
-10 38391228
-8 38310816
-6 38361448
-4 37418139
-2 37517444
0 37807168
2 37976258
4 37863005
6 38108155
8 37987795
10 38147065
12 38446204
14 38746886
16 38340385
18 38218223
20 37985766
22 37859507
24 37753886
26 38133695
28 38548315
30 38185443
32 37790424
34 37319103
36 36690665
38 36575095
40 37010955
42 36665116
44 36386915
46 36397082
48 35918795
50 35797966
52 35634342
54 35700147
56 35757105
58 35496048
60 35237376
62 35376746
64 35003664
66 35111641
68 34362503
70 33828680
72 33479499
74 33682960
76 33090997
78 32983986
80 32776521
82 33070835
84 32765740
86 32268850
88 31653163
90 31922477
92 31530890
94 31412000
96 31064345
98 30726842
100 30244207
102 30809759
104 29606700
106 29714999
108 29560741
110 28961295
112 29075724
114 28790595
116 28563550
118 28393790
120 27944913
122 27758186
124 28388535
126 27759708
128 28310926
130 28004450
132 27292031
134 26793037
136 25900045
138 26167104
140 25910880
142 25758446
144 25208535
146 24966460
148 25195743
150 25128175
152 24886766
154 24397987
156 24169291
158 24100000
160 24075510
162 24266286
164 24031004
166 23709819
168 23249541
170 22995637
172 22988495
174 22898086
176 22443829
178 22492540
180 21895046
182 21949036
184 21885695
186 21804156
188 21559179
190 21204682
192 20951278
194 21172240
196 21101181
198 20916620
200 20898993
202 21243520
204 21198619
206 21021059
208 20819991
210 20571009
212 20893332
214 20084830
216 20211184
218 19912368
220 19582366
222 19546884
224 19360910
226 19197380
228 19288844
230 19573521
232 19806118
234 19533897
236 19538410
238 19861161
240 19825908
242 19888892
244 19778730
246 19325856
248 19442757
250 19644801
252 19328467
254 19877311
256 19676843
258 19885012
260 19629001
262 19599323
264 19101855
266 19250565
268 19059790
270 19003307
272 19028949
274 18927907
276 18823407
278 19446159
280 19697143
282 19827759
284 19302393
286 19509080
288 19385842
290 19173907
292 18934713
294 18960643
296 18797470
298 18950766
300 18491072
302 18789927
304 19299570
306 19008722
308 18974490
310 19195131
312 18730149
314 18740873
316 18640698
318 18529152
320 18391339
322 18276381
324 18131448
326 17973443
328 17738439
330 17560984
332 18039606
334 18125408
336 17879207
338 18628201
340 18097462
342 17548558
344 17187938
346 17317997
348 16782277
350 16825457
352 16839261
354 16863947
356 17167687
358 16739015
360 17250778
362 17102252
364 17319739
366 16986106
368 16905562
370 16797177
372 16906126
374 17240875
376 17460712
378 17700614
380 17712826
382 17720264
384 17628241
386 18085729
388 17932335
390 18110677
392 17721600
394 18036098
396 18076430
398 18232350
400 18126404
402 17958599
404 17820856
406 17885768
408 18256306
410 18197544
412 18158345
414 18325642
416 18329643
418 18199951
420 18250300
422 18333312
424 18064411
426 18068689
428 18262945
430 18036679
432 18691265
434 18741433
436 18586045
438 18862953
440 18932226
442 19028446
444 19070115
446 19154243
448 19245410
450 19226040
452 19007797
454 19122731
456 19701319
458 19462805
460 19571327
462 19880756
464 19743653
466 19646739
468 19679477
470 19844349
472 19732279
474 20135442
476 20167853
478 20028936
480 19667534
482 19348750
484 18801041
486 18718739
488 18381889
490 18042276
492 18227944
494 17776029
496 17775281
498 17729312
500 17755154
502 17640952
504 17783242
506 18115100
508 17715961
510 17985415
512 17814198
514 17520401
516 17837324
518 17770231
520 17568811
522 17410972
524 17111188
526 17212433
528 17383276
530 17656516
532 17396961
534 17608405
536 17178762
538 17040799
540 17190822
542 16897939
544 16939190
546 16631905
548 16444289
550 16767245
552 16746284
554 16612478
556 17098219
558 17383004
560 17206192
562 17384107
564 17546537
566 17378177
568 17126418
570 17300194
572 17241799
574 16995954
576 17133675
578 16365952
580 16597127
582 16664864
584 16394430
586 16481929
588 16460865
590 16400367
592 16483499
594 16626930
596 17066804
598 16571965
600 16709442
602 17054872
604 17638348
606 17378428
608 17628941
610 17187040
612 16829587
614 17352836
616 17083654
618 16943066
620 17010933
622 16926592
624 17231671
626 17050953
628 16945582
630 17066300
632 16891874
634 17593032
636 17250233
638 17159084
640 17409880
642 17311756
644 17900168
646 18015430
648 18233796
650 18299594
652 18243610
654 18436123
656 18392001
658 18578216
660 18554754
662 18939273
664 19092923
666 19232008
668 18948677
670 19078024
672 19675320
674 19949343
676 20497617
678 20513588
680 20576705
682 20808752
684 20939587
686 21093894
688 20908935
690 20921723
692 21113983
694 21322024
696 21296649
698 21477283
700 21603732
702 21839683
704 21689103
706 22051470
708 22456524
710 22610553
712 22545468
714 22766921
716 22691453
718 22868981
720 23359918
722 22856913
724 23123307
726 23415063
728 23324208
730 23065471
732 22853208
734 22825239
736 22927235
738 22413434
740 22534426
742 22334988
744 21939721
746 21942112
748 22064625
750 22380182
752 22674333
754 22391507
756 22541657
758 21762898
760 22184220
762 22373914
764 22448206
766 22103810
768 22180301
770 21744671
772 21612528
774 21337194
776 21010624
778 21271595
780 21411241
782 21584098
784 21688724
786 21606380
788 21574864
790 21998501
792 22143858
794 21486157
796 21844979
798 22024781
800 22105609
802 21707968
804 21843539
806 21815276
808 21752380
810 21679165
812 21852505
814 21727420
816 21585933
818 21347529
820 21557169
822 21591887
824 21419150
826 21294818
828 21484377
830 21670880
832 21697156
834 21946902
836 22298550
838 22295503
840 22387649
842 22559719
844 22312941
846 22192780
848 21798008
850 22692896
852 22805310
854 22529581
856 22003658
858 22149282
860 22328146
862 22294157
864 22225524
866 22209445
868 22313914
870 22292271
872 22694115
874 22887757
876 23147513
878 23089321
880 23170292
882 23195142
884 23306361
886 22932301
888 22725272
890 22891090
892 22983366
894 23049901
896 23541545
898 23875660
900 24495232
902 24443626
904 24340972
906 24131016
908 23923239
910 23411875
912 23971686
914 23950818
916 23657236
918 23965557
920 23520921
922 24090357
924 24302010
926 24059690
928 24026373
930 23883976
932 24035033
934 24049384
936 24276878
938 24215627
940 24128960
942 24294762
944 24184239
946 24398593
948 24398777
950 24173011
952 23775291
954 23648135
956 23624025
958 24039216
960 24022809
962 24216877
964 24373827
966 24482334
968 24568834
970 24578568
972 24321226
974 23866065
976 23881949
978 24120287
980 23656414
982 24186510
984 24086464
986 23581971
988 23574439
990 23747842
992 24881264
994 24280406
996 24656040
998 24719427
1000 24199992
1002 24851583
1004 25436628
1006 25885036
1008 25940190
1010 25838356
1012 25381365
1014 25549754
1016 25599485
1018 25649282
1020 25497436
1022 25056242
1024 25469996
1026 26049992
1028 25906018
1030 26113413
1032 25973792
1034 26346918
1036 26939538
1038 26721366
1040 26678491
1042 27009230
1044 27300132
1046 27787244
1048 27961743
1050 27599276
1052 27392148
1054 27593156
1056 27783670
1058 28376824
1060 28551046
1062 28598052
1064 28925247
1066 28623498
1068 28251422
1070 28449716
1072 28345932
1074 28389422
1076 28376395
1078 28722775
1080 28620193
1082 28865622
1084 28948244
1086 29952745
1088 29683930
1090 29591785
1092 29640790
1094 29890191
1096 30354702
1098 30420167
1100 30977288
1102 31265990
1104 31709947
1106 32012997
1108 32608439
1110 32397245
1112 32520651
1114 32764977
1116 32866047
1118 33002629
1120 33169011
1122 33318906
1124 33526178
1126 33722538
1128 33655840
1130 34031931
1132 34204287
1134 34239921
1136 34093395
1138 34502129
1140 34555145
1142 35521734
1144 35710383
1146 35128820
1148 35296530
1150 34540224
1152 33757946
1154 33687265
1156 34228668
1158 34432357
1160 34660585
1162 34181115
1164 34248877
1166 33830683
1168 33396360
1170 33137988
1172 33055736
1174 32876718
1176 32616283
1178 32308039
1180 32351732
1182 32616122
1184 32143025
1186 31927669
1188 32341840
1190 32681164
1192 32984766
1194 33636667
1196 33904999
1198 33952176
1200 33224051
1202 33575627
1204 32654080
1206 32691995
1208 32589908
1210 32343114
1212 32497912
1214 32738159
1216 32897780
1218 33266820
1220 33306938
1222 33266772
1224 32593425
1226 32545014
1228 32637446
1230 33226203
1232 32791748
1234 32627887
1236 32836921
1238 32953640
1240 33225518
1242 33519119
1244 33811303
1246 32752064
1248 32990453
1250 32774228
1252 33233186
1254 33123360
1256 32941707
1258 33409952
1260 33847708
1262 33321965
1264 33778861
1266 34114391
1268 33437937
1270 33935644
1272 34346048
1274 34691777
1276 34750691
1278 34220620
1280 34342214
1282 34316450
1284 33992255
1286 34376399
1288 34692652
1290 34982242
1292 35040818
1294 34417921
1296 34837416
1298 34893781
1300 34795015
1302 34951460
1304 34918849
1306 34444502
1308 34449569
1310 34219253
1312 34476345
1314 34220244
1316 33869796
1318 34039378
1320 34641897
1322 34326418
1324 34042332
1326 34024204
1328 33369002
1330 33595101
1332 33349869
1334 33391961
1336 33584570
1338 33490942
1340 33897622
1342 33896710
1344 33819265
1346 33920194
1348 34003935
1350 34251348
1352 34536203
1354 34729267
1356 35032863
1358 35048317
1360 34554308
1362 35018689
1364 35267055
1366 35213912
1368 35901758
1370 35181532
1372 35044429
1374 35374419
1376 35873774
1378 35266804
1380 35965435
1382 35143053
1384 35656672
1386 35928680
1388 35840466
1390 35878787
1392 35539012
1394 35756427
1396 35451288
1398 35550363
1400 34621341
1402 35714137
1404 35374539
1406 35782327
1408 35433649
1410 34778114
1412 34509842
1414 34802455
1416 34310169
1418 34230118
1420 34603444
1422 34417067
1424 33841452
1426 33198792
1428 33554026
1430 34193785
1432 34006644
1434 34058544
1436 33417418
1438 33713666
1440 33155210
1442 33651262
1444 33780030
1446 34107769
1448 34089878
1450 34068125
1452 34577724
1454 34308474
1456 34470846
1458 34107168
1460 34120111
1462 33635239
1464 33829261
1466 34009985
1468 34847304
1470 33983724
1472 34212930
1474 34225132
1476 34196975
1478 34428050
1480 34177281
1482 33901401
1484 33966479
1486 34303494
1488 33620116
1490 33932991
1492 33716742
1494 33608219
1496 33697328
1498 33890977
1500 34218197
1502 33913466
1504 34520012
1506 34196132
1508 34246890
1510 34780254
1512 34637125
1514 34968531
1516 35205625
1518 35178512
1520 35723641
1522 35547150
1524 35908459
1526 36124939
1528 36103769
1530 36071002
1532 36126407
1534 36053911
1536 36243001
1538 36351029
1540 35788715
1542 36396022
1544 37242640
1546 37806867
1548 37632090
1550 37563676
1552 37072844
1554 38039291
1556 38004700
1558 37653546
1560 37884353
1562 37562585
1564 38136047
1566 37959800
1568 38153887
1570 37860662
1572 37993369
1574 38734493
1576 39255604
1578 40110936
1580 40331355
1582 40309462
1584 40549740
1586 41385437
1588 41644832
1590 41989305
1592 41479429
1594 41146932
1596 41568631
1598 41460598
1600 42101953
1602 41658860
1604 42188882
1606 43472648
1608 43202599
1610 43175395
1612 43499674
1614 43479457
1616 43613547
1618 44009095
1620 44145309
1622 44913920
1624 45031860
1626 44971750
1628 44783268
1630 44666534
1632 45036548
1634 45180210
1636 45906315
1638 46139415
1640 46588826
1642 46783322
1644 46905144
1646 47260708
1648 46414000
1650 46931453
1652 47434445
1654 46657947
1656 46889431
1658 46092162
1660 45522712
1662 46519521
1664 45771797
1666 45295834
1668 44550335
1670 44362588
1672 44365880
1674 44286920
1676 44123742
1678 44371776
1680 44423536
1682 43919366
1684 43831428
1686 44179171
1688 44158094
1690 43833141
1692 44316294
1694 44393892
1696 44012555
1698 44489535
1700 43831337
1702 43261930
1704 43074463
1706 43489709
1708 43956096
1710 43528760
1712 43608246
1714 43408553
1716 43926471
1718 43635464
1720 44066949
1722 44067575
1724 43542490
1726 43699979
1728 43532643
1730 43481672
1732 43515424
1734 43002911
1736 43249119
1738 42843059
1740 42760695
1742 42517133
1744 42777733
1746 43234553
1748 42618605
1750 43048703
1752 43344108
1754 42795926
1756 42516278
1758 43181480
1760 43037814
1762 42759940
1764 42708996
1766 42685918
1768 42826954
1770 43048907
1772 42525144
1774 42625208
1776 42494261
1778 41715311
1780 41580632
1782 41322075
1784 40963510
1786 40554852
1788 40515501
1790 39630757
1792 39430238
1794 40008317
1796 39676774
1798 39605438
1800 39794020
1802 40039329
1804 39938644
1806 40054530
1808 39600941
1810 39770448
1812 39906908
1814 40140685
1816 40321505
1818 39546796
1820 39023600
1822 38562472
1824 38510650
1826 39077520
1828 38259327
1830 38139173
1832 38968972
1834 38227263
1836 39128644
1838 37538423
1840 37294823
1842 36865118
1844 37116495
1846 37073314
1848 36889464
1850 37299450
1852 36898326
1854 37788791
1856 36800951
1858 36282368
1860 36418266
1862 36793373
1864 37177426
1866 37049760
1868 37427770
1870 37558020
1872 37572449
1874 37048206
1876 36753893
1878 36626191
1880 36757591
1882 35623106
1884 35827874
1886 36016721
1888 35919427
1890 35359760
1892 35064624
1894 35630229
1896 35960288
1898 35901298
1900 35160611
1902 35276389
1904 34954251
1906 35600876
1908 35424366
1910 35334530
1912 35728878
1914 35248293
1916 35472174
1918 35138549
1920 35568744
1922 35872515
1924 35786728
1926 35991374
1928 36582187
1930 36138350
1932 36496246
1934 36518875
1936 35689932
1938 35614530
1940 35816506
1942 35462949
1944 35389467
1946 35237599
1948 35178487
1950 34654979
1952 35010728
1954 35471010
1956 35773936
1958 35274828
1960 35474121
1962 35230686
1964 34954019
1966 34339443
1968 33889543
1970 33982186
1972 34537905
1974 34583242
1976 34565061
1978 35024512
1980 35561602
1982 36311522
1984 36254051
1986 36469339
1988 36005262
1990 36017592
1992 36646696
1994 36294295
1996 36535202
1998 36933673
2000 36929308
2002 36590955
2004 36746996
2006 36199135
2008 36437158
2010 35981537
2012 36615581
2014 35864174
2016 36173894
2018 36890397
2020 36956573
2022 36868218
2024 36922634
2026 36970272
2028 36737666
2030 37106455
2032 36907158
2034 37261743
2036 36944103
2038 36469763
2040 36755508
2042 36779595
2044 36803991
2046 36696804
2048 36464421
2050 37334902
2052 37458247
2054 38335189
2056 38803163
2058 38420060
2060 38038675
2062 38106601
2064 38554944
2066 38588485
2068 37576485
2070 37458722
2072 37628438
2074 36886951
2076 37744644
2078 37850912
2080 37822107
2082 37887500
2084 38108103
2086 38541552
2088 38702806
2090 39609646
2092 40360254
2094 40129050
2096 39502543
2098 39578155
2100 40230658
2102 40285640
2104 40152032
2106 40625507
2108 40619399
2110 39636433
2112 39628376
2114 39713680
2116 39647037
2118 40013015
2120 39196492
2122 39012470
2124 39069309
2126 40214357
2128 39293770
2130 39000105
2132 38916621
2134 39226144
2136 39143644
2138 38697951
2140 38593881
2142 39055046
2144 39186249
2146 39238733
2148 39018409
2150 38959929
2152 39090841
2154 39309870
2156 38519495
2158 39470331
2160 39637520
2162 39820049
2164 39153227
2166 38701911
2168 38660551
2170 38103411
2172 37972710
2174 37912799
2176 38098002
2178 38092447
2180 38529963
2182 39081196
2184 39069515
2186 39419643
2188 38728138
2190 38753040
2192 38952804
2194 38446022
2196 38787662
2198 37947178
2200 38330082
2202 38536129
2204 38610933
2206 39027844
2208 38871845
2210 38970235
2212 38798585
2214 39376889
2216 38779505
2218 38956208
2220 39184468
2222 38786040
2224 38759538
2226 38221170
2228 37814565
2230 38570586
2232 38158118
2234 37506453
2236 37691451
2238 37798322
2240 37317372
2242 36889149
2244 36961102
2246 37224522
2248 37435005
2250 37149325
2252 37317826
2254 37301191
2256 36351877
2258 36606354
2260 36081980
2262 35805030
2264 35594772
2266 35058441
2268 35009877
2270 34875760
2272 34180062
2274 34151413
2276 34773393
2278 34132282
2280 33640470
2282 33582295
2284 33470898
2286 33426840
2288 33218476
2290 33666949
2292 34143511
2294 34749047
2296 34699386
2298 35127263
2300 34840532
2302 34414724
2304 34876234
2306 34769788
2308 34674990
2310 34185501
2312 34926004
2314 34469244
2316 35224778
2318 34986179
2320 35235619
2322 35586757
2324 35764951
2326 35211435
2328 35452933
2330 34835126
2332 34834833
2334 35149321
2336 34936136
2338 34731978
2340 34074858
2342 33763259
2344 34482630
2346 34130778
2348 34666817
2350 34583357
2352 34538101
2354 34422177
2356 34171610
2358 33439832
2360 33707095
2362 33746965
2364 33701816
2366 34347757
2368 34713613
2370 34503588
2372 34780380
2374 34628466
2376 34897457
2378 34831711
2380 35650302
2382 35373563
2384 36145759
2386 35827267
2388 35645779
2390 35670787
2392 35136499
2394 34920571
2396 34855509
2398 34745480
2400 35078762
2402 34604309
2404 34580513
2406 34902963
2408 35468920
2410 35405112
2412 35907803
2414 35758086
2416 35558319
2418 35845113
2420 35976887
2422 35645789
2424 35230125
2426 35608948
2428 35117318
2430 35067317
2432 34709614
2434 34083368
2436 34272374
2438 34559426
2440 35027335
2442 35392936
2444 35361442
2446 35633822
2448 35589384
2450 35697155
2452 35481976
2454 35447282
2456 35893930
2458 35885112
2460 35596053
2462 36810371
2464 36707325
2466 36063953
2468 36471197
2470 36509021
2472 35930383
2474 35885479
2476 36047867
2478 36138000
2480 36041262
2482 36522941
2484 36333505
2486 36551654
2488 36726136
2490 37251864
2492 37646944
2494 36773941
2496 36304846
2498 36309058
2500 36906688
2502 36704331
2504 37644750
2506 37678489
2508 37872456
2510 37104823
2512 37637826
2514 37413095
2516 37396170
2518 37767698
2520 38256044
2522 37886297
2524 37773010
2526 38087321
2528 37200098
2530 38377202
2532 37652023
2534 38145935
2536 37986462
2538 37989638
2540 38101942
2542 38582556
2544 38473439
2546 38606950
2548 38930102
2550 38989440
2552 38825021
2554 38573218
2556 38515140
2558 39127730
2560 38432549
2562 38561382
2564 38648190
2566 38722511
2568 38695107
2570 38435495
2572 38434398
2574 38315141
2576 38024945
2578 38744063
2580 38422282
2582 37782183
2584 38808533
2586 38755765
2588 38863286
2590 39442225
2592 39542948
2594 39881358
2596 40062484
2598 39367928
2600 39591078
2602 38820795
2604 39547988
2606 39601085
2608 40204802
2610 39125493
2612 39524243
2614 39690626
2616 39712424
2618 39636408
2620 39901456
2622 38915966
2624 39463846
2626 39057159
2628 39927104
2630 39661272
2632 39418432
2634 39217621
2636 39490347
2638 39795986
2640 39559538
2642 40208523
2644 40984588
2646 40632639
2648 40886913
2650 40514952
2652 40480799
2654 40288815
2656 40420015
2658 40857694
2660 41112361
2662 41889574
2664 42164883
2666 41832529
2668 42459120
2670 43148905
2672 43074129
2674 43173594
2676 43201629
2678 43603115
2680 43875477
2682 44419775
2684 44548392
2686 45191729
2688 45121486
2690 45679679
2692 45786972
2694 46130404
2696 46133991
2698 45827285
2700 45598692
2702 45710265
2704 46322392
2706 46584298
2708 46325400
2710 47133915
2712 46994783
2714 47231947
2716 47152878
2718 48230297
2720 48702562
2722 48467273
2724 48842029
2726 49130388
2728 49252684
2730 50085963
2732 50229552
2734 49634104
2736 49577396
2738 51292604
2740 49981663
2742 49775823
2744 50044614
2746 49848170
2748 49785820
2750 50187499
2752 50072582
2754 50378435
2756 51183132
2758 50911180
2760 50951277
2762 51213491
2764 50782110
2766 51094076
2768 51446015
2770 51785164
2772 51405742
2774 51403112
2776 51887937
2778 52859557
2780 51715154
2782 52299587
2784 52576640
2786 52534886
2788 52457647
2790 53173589
2792 52793356
2794 53170573
2796 53304250
2798 53262656
2800 53122604
2802 52995791
2804 53835977
2806 53486929
2808 52843340
2810 52766763
2812 52357953
2814 52646789
2816 52849804
2818 52804441
2820 52242058
2822 53178370
2824 53650111
2826 52977419
2828 53085510
2830 54246986
2832 54755823
2834 55515434
2836 55203037
2838 55764451
2840 55869164
2842 55748651
2844 56231620
2846 56389093
2848 56507597
2850 57994162
2852 59080720
2854 58746079
2856 58105931
2858 58676545
2860 58033925
2862 58770982
2864 58627802
2866 59264746
2868 59261583
2870 59524648
2872 59418774
2874 60606239
2876 60487812
2878 62212876
2880 62154974
2882 62642381
2884 63150230
2886 63357554
2888 63041496
2890 62310867
2892 63235240
2894 62405110
2896 63142032
2898 62679812
2900 62211215
2902 63359982
2904 63908148
2906 64540880
2908 63827858
2910 63727686
2912 64123598
2914 65860742
2916 66259346
2918 66024841
2920 67012015
2922 67536732
2924 68130548
2926 69055742
2928 68477273
2930 68204311
2932 67892254
2934 68430577
2936 68538387
2938 69545692
2940 69343689
2942 69291170
2944 69605190
2946 69683435
2948 69841282
2950 69434163
2952 69836099
2954 70467338
2956 70209416
2958 70938502
2960 69970359
2962 70525688
2964 72425881
2966 72564763
2968 72856878
2970 73397472
2972 73776369
2974 73992661
2976 73302209
2978 75266197
2980 75006221
2982 74232397
2984 75722511
2986 76430731
2988 76075515
2990 77343643
2992 77732377
2994 78403968
2996 79378884
2998 79189485
3000 79679933
3002 81065384
3004 81062054
3006 81224322
3008 80356868
3010 82206584
3012 81882852
3014 82862989
3016 82618762
3018 83654791
3020 82977042
3022 83239865
3024 83396392
3026 83643851
3028 83875460
3030 84653952
3032 85130324
3034 84907479
3036 84846025
3038 85385784
3040 85698632
3042 86560216
3044 88631185
3046 88711566
3048 88955690
3050 88865031
3052 89082372
3054 90705692
3056 91636084
3058 92126465
3060 92878440
3062 95397749
3064 95524181
3066 95370036
3068 95983861
3070 97454489
3072 98205347
3074 99062625
3076 99593143
3078 99215007
3080 99379108
3082 98311681
3084 99272032
3086 97783669
3088 99489580
3090 98668765
3092 100470052
3094 100498262
3096 101877447
3098 101710269
3100 100684224
3102 102222355
3104 104495643
3106 103616029
3108 104326938
3110 105845382
3112 106384508
3114 106989034
3116 107444028
3118 107399578
3120 107912449
3122 108091301
3124 109666345
3126 109691783
3128 110359011
3130 109083915
3132 109620050
3134 111458917
3136 110656276
3138 110564019
3140 111061354
3142 113857585
3144 114002073
3146 113815490
3148 113610176
3150 113828578
3152 112556239
3154 113645308
3156 113758479
3158 113430768
3160 113411212
3162 113945496
3164 113180482
3166 114392037
3168 116134078
3170 116647204
3172 117805277
3174 119266700
3176 119695428
3178 120300742
3180 121147794
3182 123170120
3184 123823715
3186 123491461
3188 123302760
3190 125691720
3192 125454904
3194 125083391
3196 124284749
3198 124252934
3200 124934121
3202 125346072
3204 127579039
3206 129744815
3208 130751054
3210 133210656
3212 132892305
3214 131457332
3216 134253623
3218 133482365
3220 132534346
3222 133084554
3224 135284785
3226 135979845
3228 137155142
3230 138285472
3232 139910192
3234 141735607
3236 139824229
3238 141543648
3240 142558056
3242 142791594
3244 144154793
3246 144841020
3248 144362812
3250 144731508
3252 147284511
3254 148115403
3256 147916345
3258 149044616
3260 149748753
3262 149526942
3264 151590067
3266 150303977
3268 150782196
3270 150132544
3272 149883678
3274 150832421
3276 150917152
3278 152463891
3280 153206558
3282 153715943
3284 153493339
3286 153729409
3288 155211416
3290 155223075
3292 156861366
3294 156192103
3296 156623084
3298 157245069
3300 157271878
3302 157493803
3304 156662767
3306 157550420
3308 158904546
3310 159743787
3312 161209801
3314 162185109
3316 162510847
3318 161104947
3320 162628643
3322 162517392
3324 161921823
3326 163104761
3328 161399200
3330 161859641
3332 160114540
3334 160003470
3336 159528100
3338 159504614
3340 157739679
3342 157110893
3344 156798203
3346 153957715
3348 152742147
3350 153467747
3352 154247923
3354 152892926
3356 151637492
3358 151227791
3360 150221727
3362 147529771
3364 146033124
3366 146083382
3368 145623667
3370 144912543
3372 143764556
3374 143015166
3376 139557173
3378 136956025
3380 135897975
3382 135552716
3384 133550756
3386 131951069
3388 130983179
3390 128207920
3392 127351440
3394 125047860
3396 124156467
3398 122584128
3400 119638727
3402 118448241
3404 114848003
3406 113034100
3408 108842978
3410 107065880
3412 103085807
3414 101572859
3416 99174861
3418 94729574
3420 92058897
3422 90046181
3424 87405661
3426 84441290
3428 80197906
3430 78058664
3432 75460397
3434 72184411
3436 69568689
3438 67266251
3440 63710212
3442 60381011
3444 58351657
3446 55213100
3448 53694860
3450 51656108
3452 49611767
3454 47077819
3456 45005658
3458 43534326
3460 41017227
3462 38853854
3464 37672942
3466 36218633
3468 34706446
3470 34274731
3472 32898781
3474 32599420
3476 31209396
3478 30653987
3480 29999556
3482 29688682
3484 29835742
3486 29690723
3488 30333208
3490 30121995
3492 30781171
3494 30402082
3496 31133067
3498 30516082
3500 30591849
3502 30853256
3504 31043808
3506 30858029
3508 30962143
3510 31387410
3512 31744624
3514 31512047
3516 31167683
3518 31491346
3520 31600027
3522 31237381
3524 31933580
3526 31702450
3528 31097023
3530 31482926
3532 32012420
3534 32133331
3536 32469183
3538 32070913
3540 32793182
3542 33630932
3544 33340889
3546 33278376
3548 33196187
3550 33261671
3552 33518630
3554 33294575
3556 33257552
3558 33376302
3560 33617181
3562 33863587
3564 33760908
3566 33573159
3568 33732659
3570 34027529
3572 33867827
3574 34041863
3576 34052774
3578 34496990
3580 34297465
3582 34309928
3584 34910998
3586 35450976
3588 36016893
3590 36497325
3592 36349882
3594 36486193
3596 36664187
3598 36809332
3600 36331939
3602 36630281
3604 36223156
3606 36860592
3608 36705482
3610 36818825
3612 36944182
3614 36571006
3616 37239632
3618 36941568
3620 37159494
3622 36767931
3624 37510076
3626 36742974
3628 37216522
3630 37248974
3632 37524419
3634 37347866
3636 37708894
3638 38535434
3640 37881594
3642 38836347
3644 39079931
3646 39136497
3648 39180624
3650 39671928
3652 39893149
3654 40178464
3656 39642486
3658 39653223
3660 39596749
3662 39822378
3664 39997393
3666 40171459
3668 40409860
3670 40764132
3672 41086587
3674 40998840
3676 41028719
3678 40427666
3680 40733374
3682 41170731
3684 40763161
3686 41303541
3688 41254181
3690 41450207
3692 41963227
3694 42624035
3696 43094208
3698 43990748
3700 44127772
3702 44486277
3704 44585905
3706 44087079
3708 44287029
3710 44420350
3712 44523976
3714 45066770
3716 44773515
3718 44973262
3720 45324196
3722 45820452
3724 45487871
3726 45776506
3728 46140436
3730 47040965
3732 46748227
3734 47473518
3736 47653923
3738 47848989
3740 48042356
3742 48141354
3744 48391172
3746 48724922
3748 49151334
3750 48580814
3752 49852839
3754 50033636
3756 49775937
3758 49826372
3760 51034837
3762 50560416
3764 51077992
3766 51472363
3768 51172402
3770 51849108
3772 52370171
3774 53679707
3776 53966092
3778 54187673
3780 53522956
3782 54076762
3784 54703863
3786 55420225
3788 55622338
3790 55035049
3792 54771354
3794 54970103
3796 55884439
3798 56875818
3800 56594703
3802 58104476
3804 57802318
3806 58540391
3808 58383632
3810 59284199
3812 59244516
3814 59776830
3816 59886750
3818 61159313
3820 61811503
3822 62267534
3824 62633526
3826 63187589
3828 63750592
3830 63762656
3832 63803027
3834 63998810
3836 63927799
3838 64291711
3840 65191195
3842 64583248
3844 64577616
3846 65210657
3848 65255406
3850 65447248
3852 65071237
3854 65768290
3856 65806316
3858 66644899
3860 67017730
3862 67019569
3864 67098314
3866 67554855
3868 67700058
3870 67864616
3872 68082782
3874 68346148
3876 68238740
3878 68186284
3880 67983433
3882 68716248
3884 69050336
3886 69708873
3888 70959528
3890 72047516
3892 72066270
3894 73590275
3896 74339919
3898 73343532
3900 74288433
3902 74989980
3904 75417498
3906 75459654
3908 74708762
3910 74009957
3912 75683704
3914 76420257
3916 77258692
3918 79281773
3920 78800575
3922 80048154
3924 80529051
3926 80092385
3928 79649753
3930 80147171
3932 80936304
3934 79343549
3936 81237475
3938 81256118
3940 81863227
3942 83207241
3944 82487007
3946 82541185
3948 83725363
3950 84147698
3952 84486463
3954 85242757
3956 85840227
3958 86350657
3960 86062519
3962 86710955
3964 87622077
3966 88354939
3968 89262258
3970 87897139
3972 89860911
3974 89760359
3976 89916886
3978 89969700
3980 91442484
3982 92564239
3984 93552066
3986 93165878
3988 93870657
3990 94137408
3992 94165057
3994 94507488
3996 95656911
3998 96618654
4000 97245934
4002 99162868
4004 100191530
4006 99860543
4008 99156642
4010 99810755
4012 99466000
4014 99932821
4016 101574810
4018 102590068
4020 104046876
4022 105000827
4024 105181206
4026 105769194
4028 105970802
4030 107137892
4032 108472461
4034 109026754
4036 109237623
4038 109777857
4040 110707823
4042 111542580
4044 112234650
4046 112838852
4048 114229342
4050 115445669
4052 116186207
4054 115432917
4056 114981413
4058 114533085
4060 115356657
4062 116476401
4064 118096691
4066 118932037
4068 119128012
4070 120095533
4072 118656288
4074 120480963
4076 121118535
4078 120021015
4080 121944003
4082 122411841
4084 123513462
4086 123892195
4088 125636024
4090 125535618
4092 126871865
4094 127345600
4096 128444879
4098 130003408
4100 128778970
4102 130748486
4104 132719744
4106 131472799
4108 132922184
4110 134364706
4112 134591897
4114 135360740
4116 136505867
4118 136639433
4120 137915261
4122 140120591
4124 139803743
4126 141560665
4128 142724587
4130 142805394
4132 145050091
4134 145342413
4136 146069565
4138 146259269
4140 147066523
4142 147923681
4144 149794505
4146 150862997
4148 150727798
4150 152835973
4152 154992984
4154 155593992
4156 157537056
4158 159016960
4160 160301231
4162 161341840
4164 161565384
4166 162111382
4168 163823389
4170 165876966
4172 165018474
4174 166798225
4176 168195042
4178 168992571
4180 170652451
4182 171714578
4184 173438523
4186 175528575
4188 177496796
4190 179073444
4192 180071099
4194 181439181
4196 181949056
4198 182261955
4200 183586059
4202 184712496
4204 186206157
4206 189324367
4208 190742166
4210 192813192
4212 193334457
4214 193143913
4216 193267760
4218 193448946
4220 196418418
4222 197262724
4224 196235317
4226 197395636
4228 197800134
4230 198845613
4232 198484745
4234 199767344
4236 202245101
4238 202446780
4240 202927081
4242 203365123
4244 204350587
4246 206597811
4248 209474876
4250 210944618
4252 212859461
4254 213594010
4256 215491308
4258 215853970
4260 217284361
4262 219670778
4264 221448936
4266 220433117
4268 221282912
4270 224879641
4272 226482108
4274 229059678
4276 229250472
4278 231386086
4280 232542891
4282 234597247
4284 236656989
4286 239425173
4288 239881346
4290 241353691
4292 241756332
4294 244073860
4296 245338314
4298 247248128
4300 248988120
4302 249524072
4304 252518231
4306 252304496
4308 253380437
4310 254778566
4312 256748377
4314 258780307
4316 261442144
4318 261924078
4320 262991910
4322 263906824
4324 266131300
4326 268801923
4328 273373189
4330 275206673
4332 277488543
4334 280168165
4336 282130840
4338 283976563
4340 282840833
4342 284291678
4344 288074022
4346 288660941
4348 290510923
4350 292254877
4352 293153636
4354 294482872
4356 298532286
4358 300573839
4360 301516296
4362 304771604
4364 305999258
4366 309701899
4368 309604586
4370 311704941
4372 314100169
4374 317223790
4376 317040609
4378 317637605
4380 321511031
4382 321774067
4384 321826250
4386 324975415
4388 325752389
4390 328058791
4392 329387768
4394 332222518
4396 333215485
4398 333654569
4400 335190774
4402 337490254
4404 341460167
4406 342317535
4408 345334151
4410 345183052
4412 345413136
4414 350379414
4416 351751307
4418 355975890
4420 356304487
4422 359218520
4424 361960653
4426 363538594
4428 365129723
4430 368185205
4432 370769845
4434 371073721
4436 376093413
4438 377262729
4440 378534968
4442 382232187
4444 380992488
4446 383904509
4448 386006984
4450 390421041
4452 389076468
4454 392324107
4456 394313115
4458 396655043
4460 397349558
4462 400040676
4464 402753740
4466 404068993
4468 406221395
4470 406819276
4472 409041604
4474 411914642
4476 411350417
4478 415918631
4480 419058528
4482 421647829
4484 425705333
4486 426335050
4488 428556182
4490 431419667
4492 434108380
4494 436337394
4496 438432836
4498 438368985
4500 439816167
4502 443578762
4504 446473271
4506 449548958
4508 450347829
4510 451877744
4512 454328997
4514 456849658
4516 459554908
4518 461570424
4520 463635072
4522 466490466
4524 468447749
4526 474588252
4528 472439166
4530 472766885
4532 474241488
4534 477261909
4536 477749599
4538 479436446
4540 483540630
4542 484401072
4544 486739892
4546 489637255
4548 492229503
4550 495707859
4552 498937666
4554 502284182
4556 501877446
4558 503657174
4560 505881906
4562 506933540
4564 503806221
4566 506550328
4568 512020248
4570 513992146
4572 515169292
4574 516463594
4576 519059626
4578 523457862
4580 523066617
4582 525320960
4584 525637733
4586 526840021
4588 531246364
4590 531327282
4592 534378899
4594 532689715
4596 536938839
4598 537804283
4600 536899286
4602 540117484
4604 539085846
4606 540419969
4608 544582490
4610 547432168
4612 546852620
4614 549384546
4616 550358701
4618 553933440
4620 555617656
4622 556965521
4624 559865545
4626 559169067
4628 561116423
4630 561786272
4632 561987903
4634 560235300
4636 557850791
4638 560479616
4640 558323906
4642 560701295
4644 561798188
4646 561351327
4648 558795132
4650 557856800
4652 560977663
4654 559574735
4656 560726805
4658 558615625
4660 555077783
4662 555720780
4664 555657913
4666 553158248
4668 550944065
4670 553151984
4672 548692680
4674 548366271
4676 548349769
4678 545537890
4680 549372289
4682 546572933
4684 542644520
4686 541202793
4688 540069006
4690 536608136
4692 533399145
4694 530297579
4696 530882514
4698 528199096
4700 526263650
4702 521059989
4704 518519847
4706 517424285
4708 511713583
4710 506730821
4712 500091972
4714 496654594
4716 496481342
4718 488233347
4720 485236268
4722 481909997
4724 476815023
4726 471969083
4728 467917308
4730 464199572
4732 458061447
4734 453583370
4736 449959162
4738 444697466
4740 438098573
4742 431505670
4744 423121063
4746 415979605
4748 413376173
4750 406542175
4752 398049594
4754 389975733
4756 380418277
4758 374446474
4760 368356596
4762 360286555
4764 350111824
4766 344281440
4768 339374795
4770 331989600
4772 320960778
4774 315078572
4776 305547924
4778 297922855
4780 287823964
4782 283318278
4784 273680660
4786 267810153
4788 261278521
4790 255705638
4792 245354105
4794 239125702
4796 232556883
4798 223723428
4800 217002892
4802 209810777
4804 198749965
4806 191077079
4808 184018044
4810 177877750
4812 167981819
4814 161061690
4816 154763218
4818 148108725
4820 141045521
4822 135001045
4824 129944490
4826 122443180
4828 116119805
4830 109414694
4832 101772768
4834 96716323
4836 91457344
4838 86212418
4840 81006285
4842 76169123
4844 71707979
4846 68605283
4848 63273460
4850 58241587
4852 54240451
4854 49962142
4856 46598095
4858 43080105
4860 39269815
4862 35995407
4864 32401719
4866 29684041
4868 27217098
4870 24319956
4872 21999516
4874 20422851
4876 18774174
4878 16523798
4880 14870698
4882 13389102
4884 12435996
4886 11436183
4888 9707988
4890 8444980
4892 7135178
4894 6385658
4896 5108174
4898 4452695
4900 3778146
4902 3105069
4904 2393298
4906 1844554
4908 1511341
4910 1293192
4912 1376615
4914 1069694
4916 862764
4918 601784
4920 343755
4922 293441
4924 208452
4926 120483
4928 84881
4930 87756
4932 60745
4934 20652
4936 6840
