N J h steps 
500 1.1 0.6 220000000000
-192 40
-191 14
-190 9
-189 45
-188 43
-187 50
-186 240
-185 443
-184 1321
-183 1628
-182 2361
-181 3884
-180 4619
-179 7057
-178 10955
-177 16609
-176 18467
-175 24989
-174 38062
-173 50955
-172 94081
-171 112940
-170 133316
-169 167291
-168 236140
-167 284453
-166 359774
-165 510733
-164 636483
-163 819268
-162 1021004
-161 1323505
-160 1734337
-159 2135841
-158 2771411
-157 3468396
-156 4410854
-155 5616344
-154 7114763
-153 8921715
-152 11124559
-151 14056657
-150 17565176
-149 21798205
-148 27115179
-147 33640637
-146 41728645
-145 50975133
-144 62529220
-143 76366754
-142 93185242
-141 112318548
-140 135742848
-139 163327098
-138 194983792
-137 232723941
-136 276854843
-135 328982370
-134 387816551
-133 456974905
-132 534585482
-131 624223799
-130 725826192
-129 838483981
-128 967472150
-127 1111302907
-126 1269714178
-125 1447591511
-124 1641080685
-123 1854012521
-122 2084515517
-121 2333395096
-120 2598861583
-119 2878454054
-118 3177415277
-117 3486233180
-116 3803236790
-115 4136067623
-114 4472613895
-113 4809989943
-112 5145514460
-111 5473780451
-110 5791175099
-109 6093716335
-108 6367990804
-107 6619073839
-106 6837670262
-105 7019860563
-104 7161753063
-103 7257764086
-102 7308975633
-101 7308336687
-100 7251016245
-99 7140192305
-98 6977551939
-97 6778054139
-96 6524809097
-95 6235685358
-94 5908226851
-93 5550089791
-92 5173769791
-91 4777929143
-90 4368855541
-89 3962005466
-88 3558428002
-87 3165827115
-86 2779743144
-85 2418678492
-84 2077238536
-83 1769993202
-82 1488275419
-81 1237629068
-80 1014754031
-79 819861098
-78 655845095
-77 514257834
-76 399683606
-75 305058738
-74 228588290
-73 168550544
-72 121851583
-71 87165000
-70 60887751
-69 42119831
-68 27983112
-67 18510885
-66 11480223
-65 7262036
-64 4163846
-63 2504573
-62 1396210
-61 726451
-60 385308
-59 226121
-58 96245
-57 63067
-56 15081
-55 6176
-54 6232
