N J h steps 
7500 0.83 0 1290000000000
-6770 1812
-6768 1817
-6766 3718
-6764 1713
-6762 10478
-6760 9550
-6758 1480
-6756 1041
-6754 872
-6752 6194
-6750 11690
-6748 9380
-6746 7821
-6744 5863
-6742 4174
-6740 2587
-6738 1285
-6736 925
-6734 1030
-6732 1013
-6730 1413
-6728 1309
-6726 6863
-6724 16193
-6722 11361
-6720 5119
-6718 1632
-6716 8909
-6714 8276
-6712 32282
-6710 11854
-6708 30703
-6706 33700
-6704 72111
-6702 44088
-6700 38773
-6698 37970
-6696 27875
-6694 37507
-6692 32621
-6690 38240
-6688 21856
-6686 36538
-6684 44007
-6682 40120
-6680 38916
-6678 36457
-6676 44821
-6674 69332
-6672 77881
-6670 77904
-6668 99517
-6666 87017
-6664 85293
-6662 100978
-6660 89590
-6658 110378
-6656 125559
-6654 123493
-6652 125329
-6650 131169
-6648 117203
-6646 109214
-6644 130476
-6642 156780
-6640 113664
-6638 100527
-6636 78184
-6634 70453
-6632 109639
-6630 73273
-6628 81242
-6626 65374
-6624 76044
-6622 62646
-6620 61530
-6618 55313
-6616 59111
-6614 71700
-6612 78137
-6610 85929
-6608 58961
-6606 121488
-6604 119944
-6602 99900
-6600 105516
-6598 76643
-6596 84670
-6594 79053
-6592 87791
-6590 107386
-6588 125458
-6586 110437
-6584 124130
-6582 142208
-6580 173021
-6578 127498
-6576 131186
-6574 144326
-6572 128319
-6570 139020
-6568 220971
-6566 171577
-6564 218340
-6562 263586
-6560 299754
-6558 332910
-6556 304322
-6554 312342
-6552 333516
-6550 269802
-6548 261579
-6546 351963
-6544 339232
-6542 389764
-6540 339336
-6538 362535
-6536 393563
-6534 351780
-6532 363835
-6530 370242
-6528 361295
-6526 374918
-6524 394535
-6522 374310
-6520 396001
-6518 394236
-6516 420614
-6514 439505
-6512 448762
-6510 466254
-6508 521733
-6506 495999
-6504 495712
-6502 458911
-6500 508731
-6498 532943
-6496 500296
-6494 537989
-6492 530854
-6490 542297
-6488 632964
-6486 694030
-6484 667825
-6482 626963
-6480 569001
-6478 597160
-6476 619890
-6474 624988
-6472 563778
-6470 624999
-6468 585316
-6466 644880
-6464 685167
-6462 613629
-6460 585522
-6458 562147
-6456 618926
-6454 605811
-6452 563171
-6450 615439
-6448 547733
-6446 511302
-6444 511499
-6442 467147
-6440 459910
-6438 509513
-6436 508318
-6434 524322
-6432 523461
-6430 571855
-6428 551668
-6426 582972
-6424 553223
-6422 603731
-6420 635807
-6418 624374
-6416 664465
-6414 730441
-6412 663926
-6410 819245
-6408 783926
-6406 784104
-6404 837753
-6402 774896
-6400 787896
-6398 824065
-6396 917615
-6394 931183
-6392 905102
-6390 898139
-6388 878707
-6386 894880
-6384 898167
-6382 897363
-6380 890942
-6378 970683
-6376 1075371
-6374 1073988
-6372 1069163
-6370 997241
-6368 986950
-6366 1121607
-6364 1103725
-6362 1076550
-6360 1040137
-6358 1033227
-6356 984308
-6354 1009118
-6352 1073926
-6350 1160269
-6348 1206941
-6346 1202351
-6344 1135143
-6342 1202371
-6340 1263073
-6338 1239140
-6336 1299594
-6334 1296755
-6332 1369557
-6330 1336127
-6328 1341112
-6326 1407131
-6324 1437260
-6322 1442611
-6320 1384459
-6318 1442514
-6316 1341359
-6314 1366315
-6312 1470157
-6310 1488191
-6308 1526091
-6306 1558398
-6304 1590284
-6302 1666582
-6300 1730269
-6298 1668142
-6296 1679258
-6294 1627519
-6292 1590070
-6290 1607216
-6288 1585615
-6286 1655019
-6284 1649157
-6282 1702679
-6280 1659093
-6278 1741524
-6276 1752568
-6274 1677321
-6272 1813054
-6270 1767836
-6268 1919785
-6266 1913207
-6264 1879452
-6262 1790827
-6260 1892921
-6258 1994555
-6256 2052720
-6254 2147525
-6252 2229597
-6250 2320116
-6248 2390609
-6246 2526815
-6244 2699433
-6242 2681826
-6240 2720549
-6238 2885190
-6236 3031745
-6234 3024540
-6232 3280111
-6230 3276857
-6228 3324077
-6226 3317103
-6224 3359846
-6222 3356652
-6220 3443150
-6218 3441936
-6216 3444848
-6214 3493572
-6212 3395529
-6210 3325942
-6208 3661756
-6206 3664126
-6204 3545973
-6202 3637962
-6200 3860229
-6198 3799881
-6196 3682410
-6194 3722912
-6192 3673361
-6190 3844068
-6188 3978559
-6186 3901116
-6184 3870242
-6182 3880153
-6180 4091270
-6178 3971591
-6176 3925444
-6174 3950107
-6172 3873245
-6170 4039682
-6168 4275776
-6166 3962405
-6164 4105163
-6162 3965803
-6160 3845284
-6158 3855975
-6156 4144943
-6154 4016498
-6152 4055401
-6150 3992886
-6148 3940749
-6146 3917183
-6144 4094091
-6142 4026224
-6140 3979971
-6138 3949532
-6136 4034865
-6134 4039582
-6132 4278413
-6130 4378603
-6128 4372674
-6126 4457872
-6124 4652661
-6122 4926408
-6120 5094962
-6118 5194294
-6116 4802959
-6114 4966299
-6112 4849626
-6110 4797696
-6108 4865681
-6106 4921192
-6104 4985546
-6102 5106710
-6100 5118195
-6098 5105921
-6096 5212857
-6094 5091474
-6092 4801273
-6090 4847482
-6088 4666887
-6086 4701863
-6084 4724363
-6082 4732683
-6080 4807200
-6078 4736635
-6076 4776805
-6074 4699008
-6072 4671307
-6070 4646696
-6068 4862119
-6066 4864530
-6064 4855030
-6062 5011955
-6060 4993732
-6058 5057219
-6056 5043159
-6054 5080562
-6052 5258819
-6050 5280916
-6048 5348602
-6046 5194660
-6044 5149966
-6042 5065785
-6040 5112783
-6038 5088857
-6036 4910921
-6034 5024998
-6032 4941845
-6030 4945052
-6028 4917898
-6026 4758218
-6024 4780482
-6022 4983480
-6020 4808691
-6018 4773484
-6016 4833309
-6014 4892584
-6012 5136743
-6010 5006437
-6008 5125190
-6006 4932478
-6004 5056896
-6002 5062348
-6000 5075114
-5998 5209844
-5996 5090598
-5994 5050737
-5992 5064648
-5990 5093186
-5988 4975052
-5986 5141378
-5984 5121965
-5982 5039786
-5980 5015294
-5978 5076078
-5976 5014271
-5974 5048156
-5972 5109804
-5970 5111405
-5968 5180072
-5966 5258304
-5964 5267578
-5962 5375806
-5960 5375242
-5958 5294220
-5956 5126729
-5954 5167659
-5952 5403406
-5950 5453267
-5948 5372531
-5946 5583902
-5944 5534308
-5942 5571485
-5940 5663083
-5938 5927603
-5936 5782347
-5934 5740035
-5932 5629664
-5930 5536854
-5928 5598630
-5926 5834434
-5924 5904419
-5922 5848670
-5920 5969285
-5918 6154039
-5916 6156172
-5914 6131902
-5912 6004728
-5910 6204615
-5908 6483768
-5906 6555256
-5904 6412386
-5902 6519513
-5900 6538796
-5898 6542452
-5896 6491891
-5894 6515307
-5892 6392686
-5890 6431479
-5888 6555511
-5886 6568113
-5884 6501356
-5882 6639415
-5880 6632304
-5878 6743308
-5876 6613900
-5874 6700073
-5872 6713827
-5870 6474616
-5868 6586421
-5866 6643512
-5864 6545010
-5862 6595457
-5860 6606694
-5858 6654748
-5856 6591653
-5854 6642421
-5852 6776737
-5850 6768461
-5848 6707685
-5846 6762187
-5844 6828035
-5842 6720768
-5840 6911647
-5838 7018986
-5836 6940779
-5834 6941522
-5832 6880719
-5830 7039520
-5828 7099509
-5826 7210838
-5824 7303611
-5822 7088654
-5820 7233298
-5818 7053386
-5816 7254325
-5814 7375822
-5812 7649611
-5810 7611232
-5808 7703634
-5806 7469782
-5804 7724088
-5802 7602175
-5800 7569945
-5798 7405356
-5796 7683650
-5794 7781965
-5792 7763574
-5790 7660279
-5788 7578337
-5786 7656664
-5784 7756124
-5782 7737185
-5780 7684890
-5778 7831053
-5776 7666755
-5774 7842358
-5772 7993889
-5770 8257238
-5768 8214449
-5766 8371220
-5764 8305563
-5762 8514643
-5760 8822962
-5758 8704501
-5756 8678512
-5754 8634403
-5752 8773725
-5750 8387409
-5748 8412582
-5746 8515816
-5744 8224034
-5742 8539669
-5740 8868008
-5738 8926687
-5736 9087883
-5734 9115571
-5732 9243650
-5730 9254158
-5728 9275156
-5726 9277770
-5724 9365510
-5722 9361115
-5720 9233356
-5718 9341674
-5716 9044140
-5714 9148935
-5712 9261596
-5710 9240166
-5708 9090824
-5706 9531487
-5704 9788197
-5702 9721636
-5700 9404408
-5698 9355178
-5696 9246095
-5694 9318883
-5692 9382856
-5690 9473615
-5688 9625843
-5686 9762140
-5684 9986428
-5682 10061414
-5680 10051193
-5678 9839017
-5676 10042800
-5674 10009383
-5672 10011172
-5670 9940150
-5668 9958067
-5666 9821756
-5664 10093495
-5662 9943078
-5660 10239157
-5658 9999990
-5656 9852743
-5654 10074612
-5652 10029542
-5650 10054051
-5648 10332055
-5646 10214554
-5644 10364736
-5642 10377954
-5640 10286952
-5638 10371795
-5636 10133745
-5634 10256155
-5632 10231241
-5630 10114862
-5628 10275184
-5626 10233182
-5624 10204933
-5622 10338667
-5620 10147118
-5618 9992111
-5616 10008003
-5614 10092914
-5612 10114114
-5610 10174626
-5608 10268219
-5606 10195354
-5604 10266750
-5602 10309567
-5600 10304945
-5598 10588387
-5596 10647342
-5594 10543348
-5592 10487897
-5590 10609010
-5588 10482137
-5586 10464661
-5584 10565127
-5582 10520587
-5580 10722409
-5578 10674076
-5576 10533988
-5574 10779829
-5572 11088522
-5570 11215591
-5568 11230230
-5566 11352490
-5564 11096636
-5562 11060878
-5560 11009264
-5558 11188560
-5556 11386966
-5554 11637722
-5552 11597818
-5550 11443869
-5548 11385666
-5546 11515871
-5544 11518490
-5542 11637784
-5540 11592156
-5538 11495668
-5536 11365693
-5534 11195609
-5532 11362834
-5530 11322986
-5528 11525163
-5526 11324969
-5524 11616834
-5522 11913538
-5520 12015335
-5518 12292760
-5516 12170143
-5514 12269397
-5512 12347551
-5510 12397147
-5508 12519957
-5506 12305200
-5504 12386016
-5502 12275191
-5500 12211184
-5498 12245013
-5496 12130528
-5494 12186202
-5492 12417756
-5490 12682243
-5488 12658330
-5486 12796277
-5484 12855482
-5482 12457536
-5480 12404100
-5478 12514750
-5476 12418017
-5474 12479725
-5472 12616415
-5470 13122654
-5468 13056868
-5466 13183838
-5464 13089420
-5462 13073038
-5460 12782142
-5458 12693246
-5456 12943212
-5454 12778239
-5452 12726523
-5450 12825564
-5448 13010265
-5446 13089086
-5444 13175596
-5442 13271015
-5440 13298673
-5438 13158164
-5436 13487006
-5434 13330011
-5432 13329963
-5430 13421105
-5428 13557120
-5426 13544007
-5424 13534974
-5422 13443359
-5420 13420155
-5418 13663511
-5416 13794912
-5414 13486022
-5412 13721849
-5410 13569469
-5408 13775963
-5406 13679181
-5404 13662158
-5402 13630978
-5400 13575313
-5398 13872925
-5396 13674407
-5394 13952499
-5392 14084763
-5390 14318788
-5388 14233357
-5386 14403948
-5384 14740384
-5382 14318401
-5380 14540765
-5378 14375725
-5376 14435167
-5374 14695505
-5372 14886437
-5370 14817849
-5368 14971955
-5366 14959492
-5364 14802907
-5362 15152001
-5360 15202322
-5358 15194599
-5356 15252775
-5354 15285087
-5352 15403777
-5350 14903996
-5348 15074654
-5346 15024578
-5344 15235011
-5342 15198092
-5340 15213214
-5338 15235385
-5336 15071762
-5334 15490992
-5332 15564255
-5330 15499302
-5328 15504576
-5326 15293261
-5324 15551063
-5322 15472795
-5320 15747763
-5318 15861244
-5316 15799157
-5314 15782379
-5312 15852174
-5310 15834592
-5308 15809279
-5306 15971564
-5304 16027040
-5302 16218184
-5300 16063523
-5298 16384335
-5296 16603602
-5294 16633446
-5292 16533439
-5290 16699685
-5288 16445244
-5286 16364707
-5284 16380730
-5282 16875919
-5280 16675677
-5278 16705707
-5276 16565275
-5274 16712711
-5272 16862829
-5270 17113049
-5268 17103338
-5266 17386882
-5264 17430016
-5262 17516602
-5260 17641864
-5258 17695856
-5256 17910018
-5254 17742571
-5252 18076291
-5250 17962596
-5248 17958764
-5246 17533896
-5244 17870400
-5242 17735669
-5240 17943566
-5238 17985202
-5236 17717000
-5234 18023417
-5232 18155973
-5230 18168229
-5228 18266884
-5226 18369410
-5224 18581894
-5222 18354995
-5220 18882094
-5218 18981127
-5216 19220475
-5214 19251624
-5212 19236463
-5210 19532051
-5208 19040912
-5206 19161707
-5204 19285257
-5202 19521770
-5200 19213126
-5198 19302399
-5196 19483514
-5194 19527521
-5192 19691076
-5190 20077216
-5188 19555784
-5186 19465367
-5184 19647605
-5182 19718802
-5180 19557530
-5178 19430534
-5176 19392177
-5174 19545030
-5172 19970771
-5170 19767955
-5168 19978819
-5166 20147560
-5164 19875116
-5162 19829927
-5160 19894776
-5158 20217854
-5156 20478234
-5154 20404071
-5152 20608529
-5150 20902566
-5148 20837006
-5146 20905917
-5144 21317059
-5142 21034185
-5140 21233999
-5138 21256775
-5136 21093852
-5134 21637675
-5132 21482956
-5130 21923915
-5128 22297273
-5126 22318065
-5124 22607107
-5122 21954871
-5120 22447817
-5118 22751431
-5116 22677077
-5114 22540794
-5112 22565682
-5110 22915245
-5108 22937828
-5106 23208919
-5104 23177545
-5102 23378787
-5100 23470488
-5098 23043481
-5096 22575424
-5094 22739398
-5092 23101166
-5090 23245949
-5088 23176637
-5086 23067575
-5084 23384391
-5082 23627592
-5080 23457492
-5078 23537652
-5076 23997615
-5074 23759248
-5072 23747680
-5070 23959944
-5068 24304036
-5066 23538896
-5064 23672215
-5062 23672866
-5060 23886104
-5058 24063730
-5056 24233879
-5054 24383494
-5052 24170513
-5050 24520109
-5048 24607219
-5046 24699947
-5044 25022556
-5042 25181546
-5040 25467385
-5038 25464851
-5036 25622929
-5034 25529782
-5032 25547419
-5030 25728619
-5028 26238158
-5026 26091529
-5024 26420635
-5022 26426464
-5020 26068326
-5018 25976279
-5016 25931300
-5014 26507001
-5012 26337904
-5010 26637060
-5008 27071398
-5006 27216250
-5004 27037213
-5002 26879354
-5000 27008849
-4998 27178046
-4996 27429561
-4994 27539496
-4992 27270648
-4990 27208493
-4988 28167324
-4986 28439604
-4984 28413093
-4982 28197091
-4980 28745702
-4978 28804090
-4976 29348406
-4974 29161639
-4972 29171171
-4970 29069462
-4968 29074055
-4966 28871825
-4964 28983621
-4962 28490255
-4960 28190635
-4958 28690006
-4956 28998283
-4954 29237342
-4952 29778799
-4950 29291974
-4948 28949092
-4946 29473331
-4944 29772898
-4942 30028383
-4940 30056553
-4938 30288539
-4936 30286630
-4934 30724546
-4932 30845071
-4930 30775251
-4928 30629645
-4926 30494936
-4924 30105237
-4922 30226586
-4920 30549979
-4918 30789407
-4916 30997112
-4914 31561549
-4912 31385168
-4910 31490200
-4908 31628855
-4906 31596016
-4904 31808689
-4902 32117041
-4900 32224353
-4898 32311876
-4896 31677793
-4894 32049776
-4892 31658050
-4890 32040510
-4888 31762421
-4886 32168883
-4884 31838247
-4882 31681505
-4880 32268237
-4878 32312274
-4876 32484899
-4874 32248361
-4872 32572981
-4870 32574205
-4868 32716548
-4866 33755715
-4864 33711631
-4862 33829234
-4860 33884090
-4858 34156745
-4856 34041130
-4854 34400012
-4852 34040457
-4850 34803699
-4848 34524386
-4846 34083117
-4844 33992431
-4842 34253108
-4840 34335974
-4838 34370902
-4836 34330261
-4834 35020473
-4832 34872285
-4830 35014744
-4828 35643811
-4826 35695715
-4824 35395289
-4822 35479998
-4820 35393030
-4818 35240674
-4816 35437272
-4814 35517507
-4812 36153079
-4810 36252003
-4808 36152302
-4806 36289791
-4804 36365854
-4802 36352014
-4800 36440126
-4798 36358728
-4796 36920045
-4794 36780754
-4792 36844581
-4790 36721382
-4788 36858982
-4786 37022036
-4784 37067332
-4782 36817590
-4780 37174086
-4778 37438223
-4776 37255320
-4774 37761507
-4772 37141851
-4770 37832189
-4768 37586384
-4766 37129376
-4764 37732325
-4762 37494401
-4760 37744384
-4758 38000520
-4756 38283124
-4754 37896936
-4752 38116751
-4750 38353094
-4748 38667013
-4746 38507636
-4744 38199717
-4742 38218624
-4740 38264721
-4738 38162095
-4736 38467396
-4734 38463508
-4732 38332282
-4730 38413315
-4728 38618540
-4726 38483185
-4724 39006852
-4722 39061120
-4720 39240532
-4718 39145881
-4716 39595870
-4714 39642276
-4712 39407381
-4710 39061559
-4708 39898706
-4706 39630282
-4704 39578779
-4702 39513320
-4700 39666071
-4698 39980592
-4696 40698477
-4694 40457513
-4692 40592145
-4690 40819046
-4688 41276308
-4686 41953440
-4684 41713783
-4682 42268825
-4680 42599451
-4678 42711295
-4676 42735542
-4674 42464419
-4672 43041595
-4670 42996983
-4668 42812053
-4666 42894341
-4664 42961744
-4662 43133963
-4660 43470801
-4658 43364849
-4656 43846668
-4654 43843707
-4652 44222664
-4650 44288038
-4648 43902996
-4646 43861126
-4644 44172438
-4642 43799319
-4640 43845629
-4638 44141903
-4636 43785525
-4634 43692616
-4632 43886819
-4630 43977467
-4628 43876018
-4626 44563215
-4624 44639177
-4622 45024180
-4620 44980562
-4618 44905441
-4616 44638702
-4614 44912137
-4612 44888846
-4610 44697710
-4608 44851757
-4606 44377403
-4604 44325236
-4602 44416588
-4600 44784901
-4598 44638517
-4596 44921256
-4594 45152131
-4592 45187873
-4590 44777692
-4588 45037679
-4586 44530121
-4584 45073450
-4582 45055287
-4580 45632321
-4578 45564292
-4576 45575238
-4574 45562747
-4572 46630146
-4570 46257102
-4568 45971279
-4566 46507786
-4564 46545672
-4562 46861765
-4560 47812599
-4558 47359290
-4556 47789010
-4554 47963570
-4552 48188767
-4550 47541751
-4548 47814719
-4546 47937588
-4544 48278404
-4542 48598486
-4540 48553796
-4538 49093358
-4536 48950335
-4534 49925291
-4532 49874285
-4530 49640950
-4528 49764928
-4526 49434103
-4524 49124077
-4522 49499502
-4520 49472834
-4518 49609264
-4516 50389441
-4514 49999541
-4512 50197034
-4510 49629621
-4508 50089688
-4506 50101626
-4504 50327857
-4502 50595655
-4500 50860152
-4498 50842427
-4496 51105586
-4494 51160622
-4492 50951718
-4490 50689937
-4488 51573147
-4486 51756799
-4484 52117048
-4482 51980538
-4480 51649599
-4478 51589624
-4476 51257690
-4474 51318293
-4472 51244334
-4470 51282605
-4468 51658917
-4466 51910523
-4464 52053934
-4462 51289900
-4460 51365467
-4458 51931031
-4456 52115883
-4454 52157132
-4452 52238901
-4450 52024122
-4448 51577159
-4446 52066517
-4444 52046299
-4442 52112594
-4440 52236024
-4438 52904100
-4436 52884890
-4434 52523102
-4432 52923975
-4430 53195133
-4428 52776370
-4426 52558837
-4424 52496032
-4422 52035027
-4420 52709589
-4418 52947806
-4416 52769820
-4414 53054531
-4412 52937565
-4410 53531422
-4408 53174693
-4406 53988070
-4404 53300884
-4402 53808418
-4400 54501830
-4398 54084826
-4396 54463629
-4394 54417542
-4392 54736873
-4390 54666792
-4388 54876446
-4386 54946623
-4384 55438128
-4382 55430493
-4380 56137843
-4378 55771592
-4376 55931660
-4374 55823071
-4372 56405073
-4370 57276188
-4368 57736327
-4366 57479893
-4364 56904085
-4362 57147924
-4360 57897668
-4358 57535256
-4356 57195975
-4354 57340519
-4352 57045909
-4350 57251157
-4348 57940748
-4346 58362619
-4344 58351312
-4342 58275683
-4340 58693739
-4338 58985193
-4336 58689543
-4334 58853682
-4332 58861029
-4330 58371102
-4328 58580323
-4326 58883152
-4324 58881221
-4322 58606396
-4320 58770266
-4318 59015670
-4316 59633615
-4314 59632404
-4312 59420237
-4310 59616903
-4308 59607990
-4306 59770377
-4304 59868982
-4302 60093521
-4300 60171832
-4298 60395567
-4296 60610162
-4294 61104634
-4292 61200534
-4290 61027692
-4288 60703990
-4286 61226011
-4284 61560467
-4282 61435713
-4280 61413277
-4278 61916750
-4276 61901088
-4274 61856106
-4272 62474836
-4270 62793059
-4268 63260378
-4266 62728399
-4264 62990872
-4262 63414851
-4260 63400558
-4258 63423457
-4256 63126902
-4254 63716987
-4252 64070377
-4250 64556655
-4248 64105871
-4246 64214289
-4244 65137091
-4242 64981689
-4240 64874032
-4238 64809799
-4236 65049000
-4234 65329345
-4232 66052127
-4230 66104592
-4228 66153591
-4226 66219501
-4224 66479354
-4222 66958407
-4220 66838807
-4218 67035474
-4216 67289796
-4214 67238949
-4212 67435837
-4210 67558495
-4208 67659338
-4206 68143622
-4204 68146259
-4202 67493681
-4200 68052260
-4198 68163780
-4196 68563313
-4194 69138997
-4192 69039141
-4190 69828549
-4188 69640252
-4186 69681766
-4184 70165677
-4182 70217811
-4180 70382065
-4178 71520515
-4176 71693455
-4174 72022183
-4172 71945332
-4170 71688434
-4168 72108566
-4166 71708224
-4164 72087917
-4162 72432978
-4160 72499445
-4158 72480250
-4156 71935248
-4154 72832198
-4152 73548120
-4150 73746792
-4148 73438813
-4146 74012886
-4144 73729695
-4142 73537595
-4140 73671803
-4138 73389995
-4136 74037135
-4134 73913522
-4132 73683603
-4130 74195226
-4128 74391996
-4126 74312600
-4124 74046383
-4122 74064752
-4120 73863006
-4118 74563937
-4116 74479752
-4114 74559370
-4112 74740730
-4110 74925389
-4108 75044672
-4106 75096496
-4104 75423667
-4102 75065499
-4100 74893406
-4098 74916875
-4096 75504475
-4094 75468012
-4092 75365528
-4090 75376587
-4088 75679231
-4086 75947381
-4084 76309061
-4082 76025324
-4080 76316838
-4078 77057915
-4076 76904319
-4074 77130547
-4072 77396451
-4070 77746200
-4068 77814010
-4066 77180357
-4064 77955862
-4062 78009333
-4060 78000914
-4058 78015770
-4056 77924444
-4054 77941772
-4052 77980841
-4050 77660173
-4048 77933584
-4046 78116674
-4044 78766446
-4042 79176814
-4040 78973726
-4038 79339260
-4036 79387623
-4034 79468605
-4032 79830025
-4030 80601356
-4028 80966124
-4026 81034383
-4024 80400626
-4022 80853409
-4020 80857225
-4018 81261569
-4016 80933099
-4014 81396525
-4012 81777717
-4010 81939557
-4008 82269538
-4006 82034707
-4004 81776533
-4002 82041448
-4000 81629026
-3998 81920794
-3996 81680597
-3994 82255730
-3992 81506505
-3990 81715714
-3988 81968737
-3986 81598278
-3984 81387828
-3982 81825515
-3980 81866464
-3978 82566303
-3976 82891009
-3974 83482734
-3972 82943261
-3970 82493020
-3968 83094676
-3966 83862548
-3964 83417271
-3962 83265422
-3960 83244754
-3958 83524465
-3956 83727605
-3954 84207626
-3952 84008947
-3950 84190224
-3948 84339166
-3946 84232074
-3944 84667440
-3942 84786279
-3940 85260210
-3938 86077369
-3936 85755287
-3934 85792353
-3932 86509147
-3930 87235720
-3928 87055288
-3926 86937190
-3924 86897272
-3922 87169864
-3920 87639962
-3918 87666737
-3916 88043002
-3914 88506605
-3912 88646320
-3910 88990131
-3908 89580518
-3906 90191324
-3904 90508253
-3902 90538907
-3900 90531464
-3898 90850666
-3896 91646454
-3894 92345137
-3892 92354180
-3890 92144844
-3888 93203451
-3886 92955107
-3884 92932372
-3882 92794656
-3880 93052051
-3878 93404113
-3876 94451775
-3874 94094903
-3872 94603917
-3870 94420085
-3868 94223242
-3866 95326585
-3864 95025449
-3862 95857538
-3860 96525062
-3858 96835900
-3856 96698015
-3854 97285932
-3852 97695515
-3850 97277481
-3848 97742107
-3846 98494834
-3844 98594768
-3842 99346837
-3840 99513077
-3838 99000417
-3836 99032855
-3834 99202829
-3832 98557987
-3830 98721551
-3828 99164140
-3826 99424367
-3824 99456438
-3822 99568905
-3820 100056665
-3818 100685155
-3816 100924860
-3814 100514645
-3812 101125589
-3810 100986027
-3808 101177172
-3806 101966589
-3804 102791758
-3802 102604909
-3800 103095010
-3798 103457401
-3796 103079504
-3794 103827697
-3792 103532796
-3790 103627086
-3788 103439758
-3786 104087950
-3784 104589966
-3782 104518602
-3780 104709872
-3778 104919738
-3776 105135902
-3774 105411478
-3772 105340855
-3770 105969916
-3768 106386030
-3766 105877269
-3764 106117237
-3762 105891947
-3760 106255142
-3758 106116861
-3756 107057084
-3754 107310491
-3752 107410885
-3750 108134907
-3748 108117528
-3746 108625281
-3744 108468773
-3742 108020708
-3740 108990337
-3738 108776387
-3736 108861529
-3734 108617350
-3732 109815873
-3730 110224866
-3728 110083940
-3726 110071363
-3724 109750867
-3722 109902926
-3720 109905808
-3718 110084064
-3716 111038300
-3714 111154349
-3712 111697153
-3710 112143427
-3708 112791758
-3706 113600615
-3704 113926180
-3702 114066278
-3700 113879057
-3698 114105697
-3696 115066355
-3694 115348276
-3692 115435048
-3690 116087225
-3688 116301124
-3686 115343406
-3684 116142782
-3682 116012076
-3680 116846085
-3678 116313099
-3676 115926688
-3674 116195935
-3672 116973063
-3670 117070936
-3668 116550897
-3666 117648357
-3664 116817114
-3662 117176554
-3660 118447400
-3658 118622362
-3656 119224614
-3654 119475514
-3652 118828849
-3650 119219467
-3648 119448268
-3646 120335071
-3644 120877712
-3642 120926139
-3640 120913172
-3638 120775038
-3636 120034355
-3634 119606937
-3632 120433553
-3630 121054554
-3628 121079957
-3626 120585796
-3624 120665558
-3622 120992315
-3620 121200295
-3618 120823536
-3616 121001432
-3614 121288315
-3612 121922893
-3610 121922255
-3608 122358006
-3606 122618408
-3604 123076220
-3602 123755766
-3600 124061898
-3598 124448510
-3596 125175703
-3594 125064988
-3592 125097753
-3590 125929422
-3588 125792200
-3586 126114760
-3584 125941683
-3582 126405533
-3580 125664688
-3578 126741776
-3576 126826996
-3574 126709159
-3572 127040112
-3570 126490481
-3568 126133059
-3566 126660267
-3564 126760396
-3562 126764287
-3560 126884414
-3558 127483129
-3556 127342992
-3554 128013010
-3552 127409714
-3550 127376569
-3548 127058092
-3546 127807878
-3544 127952508
-3542 127529684
-3540 127827258
-3538 128195822
-3536 127178343
-3534 127412885
-3532 127388192
-3530 128712854
-3528 128800853
-3526 130055147
-3524 130531008
-3522 131386365
-3520 131420727
-3518 131738565
-3516 132767893
-3514 133407709
-3512 132991470
-3510 133860919
-3508 134507638
-3506 134499335
-3504 134148882
-3502 134919265
-3500 135543008
-3498 136345686
-3496 136702648
-3494 137805917
-3492 137682372
-3490 137791067
-3488 138046916
-3486 137852042
-3484 138489028
-3482 138691628
-3480 138714674
-3478 138666569
-3476 138926515
-3474 138201644
-3472 138015247
-3470 138083548
-3468 138232977
-3466 137890370
-3464 138945180
-3462 139237300
-3460 139326635
-3458 139579473
-3456 140324238
-3454 140592841
-3452 140639898
-3450 139858674
-3448 140149512
-3446 139850896
-3444 140296458
-3442 140386063
-3440 140800706
-3438 140473262
-3436 140811180
-3434 141764660
-3432 141663609
-3430 141920531
-3428 141398799
-3426 141889765
-3424 141654579
-3422 142715933
-3420 142042588
-3418 142945736
-3416 143406497
-3414 142830325
-3412 142764450
-3410 143144227
-3408 142668800
-3406 143532988
-3404 143366655
-3402 142857944
-3400 142953776
-3398 143622607
-3396 143635505
-3394 143455950
-3392 144739607
-3390 144587513
-3388 145770602
-3386 145964427
-3384 145690006
-3382 145820603
-3380 146412556
-3378 146536420
-3376 147154369
-3374 147504459
-3372 146600707
-3370 146428069
-3368 146806519
-3366 146557329
-3364 146977897
-3362 147484875
-3360 148815930
-3358 148686406
-3356 148366402
-3354 148843140
-3352 149933060
-3350 150183372
-3348 150326871
-3346 150528027
-3344 150976979
-3342 151668989
-3340 151421668
-3338 150473008
-3336 150666855
-3334 151031469
-3332 152077365
-3330 152602981
-3328 152658157
-3326 151972923
-3324 152092086
-3322 152338956
-3320 151968663
-3318 152170552
-3316 152008387
-3314 152035978
-3312 152749049
-3310 153090694
-3308 153444153
-3306 153593321
-3304 153347698
-3302 153936432
-3300 153596494
-3298 153938412
-3296 154573815
-3294 155674142
-3292 155761108
-3290 156228504
-3288 157262863
-3286 156614079
-3284 156232766
-3282 155681986
-3280 156121710
-3278 156141852
-3276 156925928
-3274 156832872
-3272 157722468
-3270 157600063
-3268 157400107
-3266 158280399
-3264 158719544
-3262 158243482
-3260 159088983
-3258 159214425
-3256 160062160
-3254 160490579
-3252 160891820
-3250 160164254
-3248 161085042
-3246 161541399
-3244 160574048
-3242 161423511
-3240 160943323
-3238 160666081
-3236 160831935
-3234 160803978
-3232 162108780
-3230 161244651
-3228 161343200
-3226 162054529
-3224 163037135
-3222 163145107
-3220 162656931
-3218 163380434
-3216 163301785
-3214 164180961
-3212 164768525
-3210 165450984
-3208 165096003
-3206 165733519
-3204 165421085
-3202 165620450
-3200 165862220
-3198 165601653
-3196 165795637
-3194 166932472
-3192 167595229
-3190 167605160
-3188 167711684
-3186 168756989
-3184 168773228
-3182 169038652
-3180 168685142
-3178 169763543
-3176 169170486
-3174 169115568
-3172 169124848
-3170 169533389
-3168 170232821
-3166 169988267
-3164 171039455
-3162 171264056
-3160 171538361
-3158 171901048
-3156 172028047
-3154 172065494
-3152 171742235
-3150 172809878
-3148 173107049
-3146 173219801
-3144 173482056
-3142 173831123
-3140 174059125
-3138 174471365
-3136 174200878
-3134 174272066
-3132 173885104
-3130 174516457
-3128 175657226
-3126 175430704
-3124 174727782
-3122 176156677
-3120 176267724
-3118 175937178
-3116 176002032
-3114 176235694
-3112 175968109
-3110 176213957
-3108 176571046
-3106 176727967
-3104 176782483
-3102 177016391
-3100 177250026
-3098 177144983
-3096 178626522
-3094 179496540
-3092 179605086
-3090 178193179
-3088 179440589
-3086 179557538
-3084 179122840
-3082 179928710
-3080 180191092
-3078 180646937
-3076 180799069
-3074 180999189
-3072 181493018
-3070 182129959
-3068 182614863
-3066 181982140
-3064 182095960
-3062 181907028
-3060 182660897
-3058 182456269
-3056 181877608
-3054 182181259
-3052 182408161
-3050 182321496
-3048 182464834
-3046 182208068
-3044 182522807
-3042 181571863
-3040 182773354
-3038 182949569
-3036 183284395
-3034 182735835
-3032 183517303
-3030 183773919
-3028 183817983
-3026 184175986
-3024 183732024
-3022 184668952
-3020 184573362
-3018 184904588
-3016 185611901
-3014 185217103
-3012 185073482
-3010 185578949
-3008 185315565
-3006 186394023
-3004 186721723
-3002 187047822
-3000 187558898
-2998 187857860
-2996 188638764
-2994 188304258
-2992 188910889
-2990 189843732
-2988 190137662
-2986 189590928
-2984 189624807
-2982 189767869
-2980 190123600
-2978 189368917
-2976 190718978
-2974 190438187
-2972 191105219
-2970 190607391
-2968 191112943
-2966 191598572
-2964 192306002
-2962 192247266
-2960 193358478
-2958 193105621
-2956 193157637
-2954 192643374
-2952 192811876
-2950 192863560
-2948 193117375
-2946 193305504
-2944 193881948
-2942 193462819
-2940 194287242
-2938 193596121
-2936 194817546
-2934 194852678
-2932 195764299
-2930 195828790
-2928 195999474
-2926 195874165
-2924 195864302
-2922 196209633
-2920 195787309
-2918 196058899
-2916 196278194
-2914 196577920
-2912 196404812
-2910 197619780
-2908 197116802
-2906 197883093
-2904 198649117
-2902 198404513
-2900 199531492
-2898 200094651
-2896 199465253
-2894 200787043
-2892 200325745
-2890 200391024
-2888 200425559
-2886 200994700
-2884 201521297
-2882 201611038
-2880 201841715
-2878 201272199
-2876 201182801
-2874 200575840
-2872 201319641
-2870 202131277
-2868 201594574
-2866 202373026
-2864 203221109
-2862 202973282
-2860 202860963
-2858 202053740
-2856 203308016
-2854 203583554
-2852 203380957
-2850 203311857
-2848 202121304
-2846 201403155
-2844 202271136
-2842 202294290
-2840 201663112
-2838 201957385
-2836 203050771
-2834 204164128
-2832 204055341
-2830 204179971
-2828 204299259
-2826 204912772
-2824 205482012
-2822 205055174
-2820 204822966
-2818 204953344
-2816 205948500
-2814 205144045
-2812 205422573
-2810 205238975
-2808 206381452
-2806 207282536
-2804 208297405
-2802 208109704
-2800 207373932
-2798 207647266
-2796 207482956
-2794 207182125
-2792 208440264
-2790 208269682
-2788 209181070
-2786 209213063
-2784 209653751
-2782 209750139
-2780 209975778
-2778 209549712
-2776 210268187
-2774 210501724
-2772 210095330
-2770 210721925
-2768 211598481
-2766 212521168
-2764 212648106
-2762 212655414
-2760 212976315
-2758 214271033
-2756 215707979
-2754 215922111
-2752 215858193
-2750 217021456
-2748 216889593
-2746 217136529
-2744 218419039
-2742 217906817
-2740 217835717
-2738 218289801
-2736 218494150
-2734 217588031
-2732 218071209
-2730 219722786
-2728 218866088
-2726 219792226
-2724 219829206
-2722 221076148
-2720 220748993
-2718 221181558
-2716 220650957
-2714 221307421
-2712 221352832
-2710 221686556
-2708 221790030
-2706 222289190
-2704 222165658
-2702 222020793
-2700 222228026
-2698 221869669
-2696 221990178
-2694 223203517
-2692 222493455
-2690 222316493
-2688 222888508
-2686 223185213
-2684 223681995
-2682 224391158
-2680 223885727
-2678 223426909
-2676 223829122
-2674 224125586
-2672 224222610
-2670 224778274
-2668 224987053
-2666 226405402
-2664 225909753
-2662 226195617
-2660 226918124
-2658 227496662
-2656 228333850
-2654 227293950
-2652 227045772
-2650 226796407
-2648 228304511
-2646 228150594
-2644 228637432
-2642 229268807
-2640 230049450
-2638 228934639
-2636 229657581
-2634 230276770
-2632 231005274
-2630 231820227
-2628 232226602
-2626 232708816
-2624 233202948
-2622 233002756
-2620 232895476
-2618 233025084
-2616 233684008
-2614 233963800
-2612 234695794
-2610 235004247
-2608 236918472
-2606 235739268
-2604 236023755
-2602 236693344
-2600 236789882
-2598 236190213
-2596 236880366
-2594 237169139
-2592 237889872
-2590 238702735
-2588 238691941
-2586 239708982
-2584 239329084
-2582 239183745
-2580 239197299
-2578 240775941
-2576 239947711
-2574 239839692
-2572 239992395
-2570 239922194
-2568 239434294
-2566 240145109
-2564 240479053
-2562 240099598
-2560 240699443
-2558 241181283
-2556 241376075
-2554 242371069
-2552 241869783
-2550 242459946
-2548 242365819
-2546 242604714
-2544 242850046
-2542 243124167
-2540 243978443
-2538 243390750
-2536 243404634
-2534 242910359
-2532 243391522
-2530 244523489
-2528 246061633
-2526 245664951
-2524 245938023
-2522 246324816
-2520 246007377
-2518 246744271
-2516 246649861
-2514 246249058
-2512 246167052
-2510 247445944
-2508 247284542
-2506 247383289
-2504 247183570
-2502 247867234
-2500 248196136
-2498 249450152
-2496 249276757
-2494 249215619
-2492 250302442
-2490 250745574
-2488 251184207
-2486 250867339
-2484 250852590
-2482 251785351
-2480 252271171
-2478 251978980
-2476 251299565
-2474 251079218
-2472 252596791
-2470 253012542
-2468 252675194
-2466 252336837
-2464 251758796
-2462 251633773
-2460 252458172
-2458 252592288
-2456 253431821
-2454 253644782
-2452 254142241
-2450 255565492
-2448 256778441
-2446 257725290
-2444 256874126
-2442 256692098
-2440 256797641
-2438 257584750
-2436 258138685
-2434 259082341
-2432 258272132
-2430 257574891
-2428 257293895
-2426 257692774
-2424 258390175
-2422 259234440
-2420 258596296
-2418 258479720
-2416 259054098
-2414 260055293
-2412 261345114
-2410 261023744
-2408 261097796
-2406 261820052
-2404 263164525
-2402 262283726
-2400 262942355
-2398 262956524
-2396 263832287
-2394 263093333
-2392 263324938
-2390 262760223
-2388 263082942
-2386 264422695
-2384 265276573
-2382 265370045
-2380 266194075
-2378 266659621
-2376 266740034
-2374 267224866
-2372 268137633
-2370 267739265
-2368 268033503
-2366 268290074
-2364 269594066
-2362 267898683
-2360 267194991
-2358 267062863
-2356 267519905
-2354 267821880
-2352 268262258
-2350 267773221
-2348 268778809
-2346 269584077
-2344 270427547
-2342 269651027
-2340 269098592
-2338 269048344
-2336 269660574
-2334 269390129
-2332 269693707
-2330 269202201
-2328 269710444
-2326 270237405
-2324 271091015
-2322 271555043
-2320 272767740
-2318 272416261
-2316 271747857
-2314 273253362
-2312 273686971
-2310 273508430
-2308 275514292
-2306 274208015
-2304 274860420
-2302 275109468
-2300 275525695
-2298 275454852
-2296 276470309
-2294 276521973
-2292 276059595
-2290 277165281
-2288 277552365
-2286 278473022
-2284 278756661
-2282 279257323
-2280 279729790
-2278 279307550
-2276 280480837
-2274 280422319
-2272 280555574
-2270 279911710
-2268 280537677
-2266 281026030
-2264 280143916
-2262 281055791
-2260 281247534
-2258 280377738
-2256 280728088
-2254 281275072
-2252 281624216
-2250 281543162
-2248 281339150
-2246 282377419
-2244 281189851
-2242 281894474
-2240 281625711
-2238 281246742
-2236 281732316
-2234 281908558
-2232 281692211
-2230 281432287
-2228 281624851
-2226 282449378
-2224 283080017
-2222 284263271
-2220 284484047
-2218 284879377
-2216 286673960
-2214 285106618
-2212 286180262
-2210 285506933
-2208 286405300
-2206 286614338
-2204 287351565
-2202 287087041
-2200 287463196
-2198 288753313
-2196 287469118
-2194 287291117
-2192 286388014
-2190 286745169
-2188 288335337
-2186 288552833
-2184 288118602
-2182 288745685
-2180 288553384
-2178 289882187
-2176 290349467
-2174 290344101
-2172 289127299
-2170 290262828
-2168 290334713
-2166 291458788
-2164 291019848
-2162 292278118
-2160 293031242
-2158 293431059
-2156 293092212
-2154 292417787
-2152 293665245
-2150 295151421
-2148 294940544
-2146 294580871
-2144 294530311
-2142 294623644
-2140 294450472
-2138 295641961
-2136 295550415
-2134 294948476
-2132 295736039
-2130 297347425
-2128 298037628
-2126 297837997
-2124 298297692
-2122 297348627
-2120 297682039
-2118 297542931
-2116 299025998
-2114 299637773
-2112 299390587
-2110 299866613
-2108 299218783
-2106 299109739
-2104 299989630
-2102 300385108
-2100 299796855
-2098 300448063
-2096 299827906
-2094 300316328
-2092 301655331
-2090 301439779
-2088 301171137
-2086 301213513
-2084 301864989
-2082 302087839
-2080 301792323
-2078 301173332
-2076 301532083
-2074 301982992
-2072 302834539
-2070 301771710
-2068 303342875
-2066 303503754
-2064 304124194
-2062 303811136
-2060 303776126
-2058 303469283
-2056 303395879
-2054 303740172
-2052 304087027
-2050 303880091
-2048 305472725
-2046 305478353
-2044 305290287
-2042 305481118
-2040 306495694
-2038 305227167
-2036 305333769
-2034 306080269
-2032 306950272
-2030 306905124
-2028 306072526
-2026 306120574
-2024 307557699
-2022 307554467
-2020 309200525
-2018 309632154
-2016 309417694
-2014 310496275
-2012 310417217
-2010 309747849
-2008 310630287
-2006 309857324
-2004 310197827
-2002 311240762
-2000 309920164
-1998 311227691
-1996 311170143
-1994 311837821
-1992 311209298
-1990 312516782
-1988 311401495
-1986 311734251
-1984 311989264
-1982 312588143
-1980 311389942
-1978 311351671
-1976 312055873
-1974 311397805
-1972 311753151
-1970 312489778
-1968 312702826
-1966 313135061
-1964 312891388
-1962 312587122
-1960 312171803
-1958 312863629
-1956 312038706
-1954 313162036
-1952 314074856
-1950 313725846
-1948 313512586
-1946 313654130
-1944 312823883
-1942 313336589
-1940 313348051
-1938 310849503
-1936 312696068
-1934 312320154
-1932 313509972
-1930 313358842
-1928 313642769
-1926 313877716
-1924 314069116
-1922 314900057
-1920 314942272
-1918 314644579
-1916 314034432
-1914 314214769
-1912 314244491
-1910 315722798
-1908 315857545
-1906 315351871
-1904 315574185
-1902 315982642
-1900 317729129
-1898 318468373
-1896 317463237
-1894 317904999
-1892 318058446
-1890 319316037
-1888 318654358
-1886 318752949
-1884 319996795
-1882 318325399
-1880 318535110
-1878 318183444
-1876 317541191
-1874 318698719
-1872 319391532
-1870 319814218
-1868 319219274
-1866 319800887
-1864 320169051
-1862 320097469
-1860 320952873
-1858 321570046
-1856 322116298
-1854 322390276
-1852 322555945
-1850 323499829
-1848 322618144
-1846 323748216
-1844 323917986
-1842 323617557
-1840 324084440
-1838 324647989
-1836 324242399
-1834 323118984
-1832 324751106
-1830 325532421
-1828 325100960
-1826 325682613
-1824 325415196
-1822 325282782
-1820 324281172
-1818 324767498
-1816 325905392
-1814 326970352
-1812 327580091
-1810 327201198
-1808 327697422
-1806 327410115
-1804 327441004
-1802 328329286
-1800 328156444
-1798 326739835
-1796 326420863
-1794 326873255
-1792 326974346
-1790 328127402
-1788 328291474
-1786 328882060
-1784 329936799
-1782 329986918
-1780 330557835
-1778 330708246
-1776 330427473
-1774 330922727
-1772 330632587
-1770 330974798
-1768 331318694
-1766 331220606
-1764 331300024
-1762 331431781
-1760 331486275
-1758 332227998
-1756 332140011
-1754 333130822
-1752 333275099
-1750 333223119
-1748 334391219
-1746 333760819
-1744 333560941
-1742 334122536
-1740 334943068
-1738 335322537
-1736 337067513
-1734 336554969
-1732 336715016
-1730 337031759
-1728 336581744
-1726 338263664
-1724 337736694
-1722 337922874
-1720 338258458
-1718 338599349
-1716 339992280
-1714 341213683
-1712 340794262
-1710 340221280
-1708 340929638
-1706 340795337
-1704 340615264
-1702 341011850
-1700 340983262
-1698 341111404
-1696 343481934
-1694 343222732
-1692 343567531
-1690 344421701
-1688 343956610
-1686 344321950
-1684 344425219
-1682 343424000
-1680 343426377
-1678 344228516
-1676 344209926
-1674 344454632
-1672 345785003
-1670 345730604
-1668 344976905
-1666 345803868
-1664 345540538
-1662 346109815
-1660 346601815
-1658 347641895
-1656 346870696
-1654 347330715
-1652 347690337
-1650 347166429
-1648 347832598
-1646 348905492
-1644 348215113
-1642 348251453
-1640 348023173
-1638 347677147
-1636 348288188
-1634 349177334
-1632 349452905
-1630 348819998
-1628 347902075
-1626 348755558
-1624 350391260
-1622 350589007
-1620 350716660
-1618 351140231
-1616 351316573
-1614 351322148
-1612 352700890
-1610 352071557
-1608 352091676
-1606 351733478
-1604 351782172
-1602 352355598
-1600 353027863
-1598 353918130
-1596 354515438
-1594 354218824
-1592 353982952
-1590 354155236
-1588 354708724
-1586 354310105
-1584 355259472
-1582 356331667
-1580 355380365
-1578 355530408
-1576 356120416
-1574 354335001
-1572 355607145
-1570 355999234
-1568 356311112
-1566 356530839
-1564 357513230
-1562 358422014
-1560 357190817
-1558 357120293
-1556 356816657
-1554 357397868
-1552 358155238
-1550 357406698
-1548 356632168
-1546 356486334
-1544 356349010
-1542 356401425
-1540 356188626
-1538 355346203
-1536 354810008
-1534 356423659
-1532 358279062
-1530 358135384
-1528 357800258
-1526 357759814
-1524 358090468
-1522 357113411
-1520 358777052
-1518 359421222
-1516 358719007
-1514 359144563
-1512 359690032
-1510 360651309
-1508 360093789
-1506 359396914
-1504 361017098
-1502 360422440
-1500 359730460
-1498 360138777
-1496 360361033
-1494 360875976
-1492 359732058
-1490 359520401
-1488 360253790
-1486 360414831
-1484 360847277
-1482 361322990
-1480 361436576
-1478 362049001
-1476 362995584
-1474 363533955
-1472 363240741
-1470 363255187
-1468 365126590
-1466 365068986
-1464 365333441
-1462 363998219
-1460 364395502
-1458 365071788
-1456 365516532
-1454 365266082
-1452 365725559
-1450 366410585
-1448 366421708
-1446 366887445
-1444 367288221
-1442 366647859
-1440 366013564
-1438 366380256
-1436 367121979
-1434 366755702
-1432 366653977
-1430 366988777
-1428 366727207
-1426 366387376
-1424 366675673
-1422 368171095
-1420 366224945
-1418 366372903
-1416 367549158
-1414 368465635
-1412 368706282
-1410 368369457
-1408 369056723
-1406 368140568
-1404 369006765
-1402 368581456
-1400 369255761
-1398 368897737
-1396 368407424
-1394 368584977
-1392 369095115
-1390 367525185
-1388 368152231
-1386 368313619
-1384 368413423
-1382 368200290
-1380 368701736
-1378 368501855
-1376 367534255
-1374 369070836
-1372 369655565
-1370 370090413
-1368 369343474
-1366 368256807
-1364 368330836
-1362 368078340
-1360 367355806
-1358 367513803
-1356 368353079
-1354 369796139
-1352 369573903
-1350 369090390
-1348 369019984
-1346 369718698
-1344 369678860
-1342 369651856
-1340 369081952
-1338 369101676
-1336 368598801
-1334 369068680
-1332 369271922
-1330 369366314
-1328 369067984
-1326 369682861
-1324 370827702
-1322 370608403
-1320 371063930
-1318 371446644
-1316 371844402
-1314 372891533
-1312 373034209
-1310 372678856
-1308 372014440
-1306 371615755
-1304 372588463
-1302 372951362
-1300 373396764
-1298 373390182
-1296 372965893
-1294 373839356
-1292 374166439
-1290 374166885
-1288 374282413
-1286 374823141
-1284 375595153
-1282 374857138
-1280 375329083
-1278 376134949
-1276 377349703
-1274 377321900
-1272 377760296
-1270 378557375
-1268 378808033
-1266 379112334
-1264 379514993
-1262 380174858
-1260 380332898
-1258 379379102
-1256 379981805
-1254 380163119
-1252 380909430
-1250 381305064
-1248 380630622
-1246 382652787
-1244 382178976
-1242 382928145
-1240 382862079
-1238 384303123
-1236 384424496
-1234 384951320
-1232 384578167
-1230 384331474
-1228 386051404
-1226 386485713
-1224 386872290
-1222 387445803
-1220 387842287
-1218 387793232
-1216 387493575
-1214 387774397
-1212 387340544
-1210 387188134
-1208 387041704
-1206 388141860
-1204 386989154
-1202 388290591
-1200 388060540
-1198 388097231
-1196 388172545
-1194 387061540
-1192 386999461
-1190 386915390
-1188 387292727
-1186 387957200
-1184 386864268
-1182 387720206
-1180 388391592
-1178 390911871
-1176 390935519
-1174 392578683
-1172 391883633
-1170 391179108
-1168 392168872
-1166 392207334
-1164 391177504
-1162 392434304
-1160 393968009
-1158 393003834
-1156 392468835
-1154 392699466
-1152 392119017
-1150 392676512
-1148 393708628
-1146 392888582
-1144 393598241
-1142 394340776
-1140 394078705
-1138 394420966
-1136 394329067
-1134 392959105
-1132 393891075
-1130 395031590
-1128 394854840
-1126 395830948
-1124 395259312
-1122 395906987
-1120 395919242
-1118 396155399
-1116 394878259
-1114 395087520
-1112 395363072
-1110 395507007
-1108 397442030
-1106 397865560
-1104 398589348
-1102 400026159
-1100 398845823
-1098 399863742
-1096 399368647
-1094 400278974
-1092 399698055
-1090 400154759
-1088 399868724
-1086 401141043
-1084 401118009
-1082 401835537
-1080 402491703
-1078 402531584
-1076 402527537
-1074 401957622
-1072 401954248
-1070 402585262
-1068 402975046
-1066 403613179
-1064 402870782
-1062 403588420
-1060 403574557
-1058 402821379
-1056 403124890
-1054 403385651
-1052 403376847
-1050 403907029
-1048 404943193
-1046 404030697
-1044 405165808
-1042 404921301
-1040 404753884
-1038 405367122
-1036 404102594
-1034 404260372
-1032 404942893
-1030 405369280
-1028 405228294
-1026 406717421
-1024 405861503
-1022 406869237
-1020 408118524
-1018 408126511
-1016 408475125
-1014 407513899
-1012 408530160
-1010 408262372
-1008 408639345
-1006 409646310
-1004 408940185
-1002 409083668
-1000 409989363
-998 410883789
-996 409817375
-994 410472671
-992 411090099
-990 410415040
-988 410632573
-986 410981376
-984 410385379
-982 410890506
-980 412452861
-978 412523264
-976 411795378
-974 412803291
-972 412405882
-970 413100069
-968 414500644
-966 413640290
-964 414304412
-962 414517325
-960 414199536
-958 415083354
-956 414985753
-954 417038709
-952 415965225
-950 415985996
-948 416334809
-946 415350720
-944 416320109
-942 416959127
-940 416811702
-938 416446518
-936 415876924
-934 416554555
-932 416388810
-930 416460057
-928 415791602
-926 415269089
-924 417162738
-922 417754053
-920 418233178
-918 418326050
-916 419682557
-914 419742943
-912 420461991
-910 419489724
-908 420142065
-906 420223679
-904 420977563
-902 419861564
-900 419384613
-898 420228267
-896 420628157
-894 420582150
-892 419404208
-890 420376759
-888 419986896
-886 420174873
-884 421204741
-882 420880917
-880 420741981
-878 420964717
-876 420697027
-874 421673413
-872 421596878
-870 422304789
-868 420930333
-866 424204521
-864 424694074
-862 424203383
-860 422881804
-858 423425007
-856 423269213
-854 423354887
-852 424630353
-850 424612719
-848 424343285
-846 425709271
-844 425643401
-842 426252989
-840 425174259
-838 425911025
-836 425976942
-834 425042114
-832 426163076
-830 426942518
-828 426620752
-826 427271093
-824 426782716
-822 426673252
-820 427727395
-818 428633799
-816 430392383
-814 430342653
-812 429623100
-810 431092548
-808 431899010
-806 431066016
-804 430744558
-802 432304794
-800 431053940
-798 432275643
-796 431723512
-794 432567894
-792 432340667
-790 432357712
-788 432643937
-786 433133779
-784 432475484
-782 432170099
-780 431715811
-778 432950433
-776 432724043
-774 433118177
-772 432993752
-770 432596073
-768 433102897
-766 433727108
-764 433307639
-762 432913160
-760 433572668
-758 432775734
-756 432718695
-754 434948611
-752 434633027
-750 434715609
-748 435860559
-746 436031914
-744 436692384
-742 435932638
-740 435338100
-738 435249188
-736 434867645
-734 435649147
-732 436887331
-730 435898087
-728 437420760
-726 436677999
-724 436854929
-722 437680379
-720 436633099
-718 437495155
-716 438707691
-714 438793095
-712 439464314
-710 439089798
-708 439926252
-706 440853931
-704 439762478
-702 438692903
-700 438939624
-698 439657586
-696 439818289
-694 439564680
-692 440295856
-690 441004053
-688 442462222
-686 442491331
-684 441672258
-682 443007618
-680 442505524
-678 443561607
-676 443552565
-674 443095290
-672 444042204
-670 443911866
-668 444228562
-666 442906335
-664 443813054
-662 445126717
-660 443070407
-658 443007560
-656 444215474
-654 443003174
-652 443566002
-650 443650702
-648 444065165
-646 444794754
-644 444375595
-642 445506739
-640 445829040
-638 444856134
-636 446021333
-634 446699128
-632 448011812
-630 446639847
-628 447070367
-626 447222481
-624 447455939
-622 447543804
-620 447804978
-618 447145076
-616 447651215
-614 447498307
-612 446787456
-610 447443514
-608 448720091
-606 448872952
-604 448547845
-602 448161301
-600 449303657
-598 449061064
-596 449344937
-594 449297060
-592 449019018
-590 448931361
-588 447885244
-586 448119223
-584 448542431
-582 449222427
-580 449169784
-578 449438827
-576 448667276
-574 448695867
-572 448784879
-570 448551427
-568 447567302
-566 448456675
-564 448469900
-562 448772496
-560 449357429
-558 448840161
-556 449348098
-554 450512087
-552 449937239
-550 449861980
-548 450236319
-546 450673297
-544 449995648
-542 450422029
-540 449250119
-538 450155798
-536 450314940
-534 450081762
-532 449872305
-530 449619398
-528 451064465
-526 451379981
-524 451644699
-522 452649012
-520 452313264
-518 452937838
-516 452485902
-514 452934726
-512 453575572
-510 455124715
-508 456050607
-506 456149657
-504 456151173
-502 456493079
-500 456664992
-498 455029821
-496 455534076
-494 455430955
-492 454825302
-490 454673016
-488 454073044
-486 455129305
-484 455479755
-482 456740769
-480 457783422
-478 459323551
-476 458579566
-474 458183371
-472 459570495
-470 459816163
-468 460221048
-466 460302450
-464 459991888
-462 461085524
-460 461226042
-458 461726722
-456 461454383
-454 464141926
-452 462694261
-450 462711268
-448 463754090
-446 462863301
-444 462003094
-442 461866103
-440 462029027
-438 462418821
-436 461777468
-434 462224087
-432 462490637
-430 462583836
-428 462542401
-426 461567746
-424 463325532
-422 462609409
-420 461349751
-418 461724374
-416 461622988
-414 461947855
-412 461850234
-410 462731900
-408 463169376
-406 463953756
-404 463938924
-402 465017701
-400 463613298
-398 464467745
-396 463785174
-394 464978688
-392 463402022
-390 464715360
-388 465137526
-386 466139638
-384 464997609
-382 464387881
-380 464936575
-378 465298481
-376 464836429
-374 464190454
-372 464665007
-370 464588525
-368 464089292
-366 465900216
-364 465527146
-362 466026001
-360 467110739
-358 466383659
-356 467092181
-354 467648989
-352 467218762
-350 468055717
-348 467505276
-346 468835333
-344 469119804
-342 469503265
-340 469675201
-338 469118658
-336 468710358
-334 468702929
-332 469015631
-330 468218473
-328 468322418
-326 468670480
-324 468389663
-322 467958001
-320 468255381
-318 469177477
-316 469078058
-314 469840178
-312 469978050
-310 471597850
-308 471065527
-306 469999659
-304 471023290
-302 470152973
-300 470698593
-298 471117684
-296 470896038
-294 471092084
-292 470886666
-290 470528238
-288 470390481
-286 470238800
-284 471991930
-282 469757739
-280 469431485
-278 469600901
-276 470086437
-274 470263346
-272 470681655
-270 470242143
-268 469867929
-266 469028447
-264 470926134
-262 470623517
-260 471339785
-258 471808394
-256 471545356
-254 470875231
-252 470769071
-250 471039594
-248 470963679
-246 470222182
-244 472216457
-242 471015444
-240 470606471
-238 471494986
-236 471603266
-234 472806808
-232 472658011
-230 473306224
-228 474023239
-226 474028236
-224 473446270
-222 472504741
-220 471897458
-218 472696711
-216 473327635
-214 473362976
-212 473861443
-210 473936527
-208 471853324
-206 471595716
-204 472178829
-202 473250776
-200 472527556
-198 472833518
-196 473614980
-194 474102893
-192 473616183
-190 473635023
-188 474421933
-186 474335897
-184 474963372
-182 475651368
-180 474869383
-178 474697915
-176 474162729
-174 474332706
-172 474150103
-170 475597590
-168 475469103
-166 475468381
-164 474129488
-162 475193571
-160 475909338
-158 476228910
-156 476567534
-154 477215780
-152 475890429
-150 476046841
-148 475367396
-146 475715729
-144 475923539
-142 476195007
-140 476056300
-138 477433308
-136 476858558
-134 477876957
-132 477821312
-130 477991065
-128 475754427
-126 476628100
-124 476410040
-122 476065248
-120 475659719
-118 475488983
-116 475699509
-114 475728316
-112 475744636
-110 477107079
-108 476193877
-106 476168238
-104 476112083
-102 475631837
-100 476442300
-98 476638906
-96 476328115
-94 476792707
-92 476199167
-90 476751561
-88 477332100
-86 476043082
-84 475886038
-82 476026822
-80 476463379
-78 477188600
-76 475991995
-74 476891539
-72 476320751
-70 476204314
-68 475799622
-66 475607369
-64 476361804
-62 477636664
-60 478308467
-58 477023765
-56 476805122
-54 476243757
-52 477529940
-50 477976411
-48 478687051
-46 478410650
-44 479029624
-42 479130132
-40 479460319
-38 478255976
-36 478400160
-34 477242534
-32 477565377
-30 477691728
-28 477790235
-26 478489900
-24 478499726
-22 478380212
-20 478138611
-18 478060529
-16 477163840
-14 477228187
-12 477810083
-10 477735049
-8 476056609
-6 475427893
-4 475381302
-2 477336174
0 475699173
2 476382770
4 476185962
6 476585998
8 477629990
10 476182939
12 476112571
14 475856199
16 477243716
18 476933566
20 476285122
22 476714363
24 475847432
26 476576283
28 476630774
30 476845437
32 478015682
34 477599412
36 478349389
38 477666579
40 478107505
42 476726180
44 476360731
46 476021157
48 475371842
50 475580154
52 475124371
54 475727613
56 475547690
58 476692943
60 477644605
62 476694870
64 476574688
66 477541943
68 476786144
70 476788869
72 477830745
74 477351672
76 477190613
78 477514297
80 477277204
82 476722549
84 477958921
86 479072781
88 478473499
90 478687372
92 479508567
94 479718422
96 479606697
98 480165166
100 479876309
102 479399318
104 481009703
106 480798202
108 480952748
110 481272733
112 481821638
114 481444102
116 481005467
118 480198673
120 481514917
122 483006840
124 481832512
126 481208261
128 483115760
130 481998918
132 482348946
134 484207074
136 485447472
138 484685922
140 485089262
142 484146996
144 484930723
146 484314274
148 484701891
150 484537057
152 484086390
154 485200915
156 483594291
158 483469817
160 483760921
162 485681891
164 484228319
166 484728360
168 484949806
170 484033649
172 486800529
174 486340262
176 485479942
178 484622222
180 484542253
182 483815812
184 485703911
186 486199027
188 485676999
190 485633921
192 484048054
194 483855465
196 484779209
198 484427919
200 484699996
202 483785040
204 484740691
206 484143664
208 484221756
210 485777575
212 487068277
214 486007294
216 485256198
218 485454887
220 485869684
222 485432759
224 483794493
226 484077721
228 484173153
230 483872093
232 483764851
234 483968085
236 483566554
238 483487761
240 484599132
242 483238018
244 483100472
246 482890691
248 483743381
250 483316767
252 484103766
254 482995286
256 482215176
258 482171537
260 481542052
262 482812369
264 483075730
266 481945388
268 482474053
270 483098569
272 483831945
274 483607807
276 483296662
278 484169764
280 483556901
282 483201199
284 483410032
286 482691645
288 483642551
290 483476907
292 482656081
294 482825948
296 481867303
298 481169814
300 480097589
302 481341526
304 481185127
306 482754019
308 484333293
310 482875500
312 483229478
314 483833204
316 483732789
318 484008060
320 482972863
322 483568059
324 484428250
326 484504838
328 485023510
330 485763949
332 485721892
334 486772581
336 485953202
338 485464512
340 484159155
342 484401706
344 485265979
346 485929661
348 485936466
350 485991270
352 486525574
354 484504135
356 485620594
358 484700900
360 486349124
362 485605905
364 486271722
366 484830068
368 484601794
370 483763616
372 483506118
374 483277086
376 484983113
378 484472797
380 485845415
382 485233103
384 485139699
386 484393037
388 484948829
390 485715808
392 485250670
394 485545970
396 485988162
398 486356389
400 486357060
402 485393933
404 486214162
406 484975789
408 484745308
410 485783704
412 485575871
414 487170197
416 485918055
418 486512367
420 486399145
422 486341240
424 487010117
426 486180328
428 487688512
430 487417205
432 487847872
434 488087093
436 486545353
438 487431911
440 488216934
442 487532832
444 488729954
446 487658191
448 486056107
450 486930621
452 486841645
454 485917354
456 484692626
458 484955818
460 486651559
462 485004761
464 484544890
466 484871513
468 486035611
470 486121575
472 485266744
474 484312557
476 484706131
478 483381749
480 483830966
482 482928421
484 483477337
486 483544101
488 484964398
490 484321559
492 482720112
494 482353249
496 483711775
498 483517097
500 485060655
502 483560402
504 483195907
506 484557245
508 484450899
510 483886358
512 484287267
514 483323241
516 482801493
518 484262116
520 485426677
522 484667798
524 485985672
526 485074386
528 484483589
530 483862833
532 483917251
534 484211506
536 484372520
538 482942723
540 482802761
542 482603809
544 483598584
546 481794944
548 481543504
550 481731395
552 480265096
554 479985307
556 480478494
558 479527980
560 479642141
562 478921746
564 479598031
566 479234291
568 479484397
570 480864664
572 480351526
574 480541835
576 479719962
578 480032912
580 481418359
582 480780539
584 480411809
586 479526845
588 479644316
590 479162444
592 480434192
594 481149263
596 481039197
598 481858473
600 482097741
602 480925657
604 481978979
606 482898989
608 481963303
610 482575557
612 481627428
614 480819712
616 481439109
618 481018224
620 479897444
622 479581797
624 479366815
626 479971986
628 479339425
630 479644250
632 479450932
634 480640700
636 479105400
638 479312179
640 481230389
642 480530037
644 481102709
646 481354247
648 481661376
650 482173779
652 481883161
654 481331933
656 481297356
658 481468481
660 480300656
662 479332448
664 479211060
666 477667139
668 478644913
670 478633658
672 477448304
674 478242080
676 477339088
678 476550529
680 477681686
682 476350438
684 475849575
686 475807445
688 473852912
690 473750847
692 472516121
694 471025602
696 470674719
698 471271796
700 471213299
702 471144088
704 470056532
706 470845287
708 471508528
710 470498961
712 469504081
714 468837216
716 469185341
718 468652466
720 469596941
722 469926247
724 470201563
726 469367922
728 469081910
730 469203656
732 468298751
734 468582524
736 468033044
738 467222382
740 467349590
742 464833083
744 464364073
746 465602133
748 465121589
750 465227828
752 465578794
754 465230777
756 466198368
758 465802755
760 464963107
762 464338118
764 464722019
766 465800167
768 464421841
770 464457487
772 463530690
774 465792920
776 463130311
778 464039216
780 463817642
782 463580195
784 463146624
786 463273277
788 461871019
790 462607744
792 461826989
794 460724877
796 460531763
798 460216052
800 460435627
802 460904545
804 460765069
806 460949147
808 459557237
810 459005893
812 459397262
814 459347920
816 459408612
818 458894767
820 459320146
822 460772759
824 459507234
826 458711564
828 458788976
830 459674738
832 460110405
834 460369326
836 459920055
838 459794424
840 459829728
842 459084053
844 459260189
846 457642601
848 457256948
850 457094795
852 458058549
854 457399242
856 457512144
858 457230797
860 457718163
862 456992348
864 458729364
866 457693168
868 459145632
870 459604366
872 458290134
874 457812320
876 457474353
878 457017729
880 456998080
882 457009523
884 456954056
886 457835132
888 457723834
890 457042521
892 459198007
894 458925732
896 459281519
898 459696820
900 458506747
902 459069407
904 457374054
906 457770964
908 457655713
910 458877911
912 457869690
914 457904373
916 457209548
918 457096769
920 456169882
922 456236471
924 456749174
926 455116592
928 455482912
930 456000222
932 455599856
934 454307217
936 453553417
938 453381470
940 453461336
942 452444738
944 452345803
946 452415765
948 452418755
950 453362220
952 453472847
954 453665094
956 452773330
958 453772506
960 454655240
962 454858324
964 454606578
966 453651484
968 453880697
970 452952193
972 452690426
974 451267443
976 451226545
978 450038424
980 449583978
982 450284789
984 449338954
986 449148627
988 449547369
990 447976043
992 448751252
994 448294565
996 448858848
998 447798809
1000 447367726
1002 447352820
1004 446109818
1006 445898696
1008 445618100
1010 446312074
1012 447033959
1014 445669363
1016 446527655
1018 446402168
1020 447127094
1022 445420629
1024 446321127
1026 445428689
1028 445736824
1030 445733345
1032 445380823
1034 445628297
1036 444540082
1038 443717563
1040 442776779
1042 443644503
1044 442945837
1046 442802129
1048 442225605
1050 442480764
1052 441369361
1054 441746800
1056 441055297
1058 441301257
1060 440573076
1062 440874786
1064 440166057
1066 440413300
1068 441649889
1070 442240673
1072 440626625
1074 441708425
1076 441978833
1078 441942200
1080 442283614
1082 441268611
1084 441470609
1086 441541804
1088 440394522
1090 440616081
1092 440903742
1094 439074304
1096 439368292
1098 438897292
1100 438590496
1102 439212097
1104 438749353
1106 439259700
1108 439740759
1110 439351614
1112 438935081
1114 437402523
1116 437339878
1118 437636028
1120 436415922
1122 435871937
1124 436565469
1126 436254593
1128 437023731
1130 436568732
1132 435703388
1134 435464273
1136 434765117
1138 436044816
1140 435704345
1142 436514027
1144 435869881
1146 434990614
1148 436379139
1150 436003384
1152 436270248
1154 434878606
1156 434802235
1158 434071706
1160 433537105
1162 432929914
1164 434121195
1166 434565319
1168 432674254
1170 432802144
1172 431419921
1174 432937451
1176 432234342
1178 432229388
1180 432686292
1182 433400012
1184 433231306
1186 433311707
1188 432151295
1190 431408243
1192 431600487
1194 431614551
1196 432592909
1198 432267343
1200 431999259
1202 431956714
1204 429556080
1206 430833958
1208 429830911
1210 428667683
1212 429620407
1214 429268512
1216 430251603
1218 429435965
1220 427823708
1222 428330015
1224 426856613
1226 427557170
1228 426740843
1230 426272338
1232 426429877
1234 427364111
1236 425585222
1238 425788452
1240 424880953
1242 425274540
1244 424531464
1246 424593346
1248 425434010
1250 425630030
1252 424106272
1254 424303596
1256 425261923
1258 424900192
1260 424845393
1262 425002460
1264 424846292
1266 424257838
1268 423614046
1270 424375716
1272 424490974
1274 424300852
1276 422663886
1278 423573460
1280 424210313
1282 423599589
1284 423270484
1286 423348546
1288 422778108
1290 421752713
1292 421107280
1294 422055409
1296 421125169
1298 421583418
1300 421341832
1302 420550213
1304 421515553
1306 421960125
1308 419388395
1310 419408370
1312 420163267
1314 420448845
1316 420729600
1318 419766491
1320 418992064
1322 418713471
1324 419077302
1326 418777387
1328 418938010
1330 417323420
1332 416730696
1334 417818043
1336 418063370
1338 416750793
1340 417467097
1342 417734675
1344 417901586
1346 418128589
1348 418232232
1350 417038210
1352 415546036
1354 414986962
1356 415660173
1358 414826861
1360 415213492
1362 415000193
1364 414565324
1366 414340674
1368 413976667
1370 412785734
1372 411929790
1374 411328760
1376 411017230
1378 411125273
1380 410679607
1382 410854690
1384 411320778
1386 409516150
1388 410695510
1390 411428023
1392 410909517
1394 410141375
1396 411301704
1398 409721670
1400 409188070
1402 409070435
1404 408801203
1406 408836426
1408 407513998
1410 407412651
1412 406778914
1414 406223584
1416 405252601
1418 405394874
1420 407241784
1422 406756006
1424 407459563
1426 406432704
1428 406896247
1430 407101005
1432 407006825
1434 406657712
1436 406895448
1438 406559039
1440 405159278
1442 404180608
1444 403968269
1446 403521060
1448 402214186
1450 401598494
1452 402400611
1454 402358011
1456 401640523
1458 401265347
1460 400807970
1462 401350185
1464 400868814
1466 401523237
1468 400858463
1470 400724733
1472 400462427
1474 400807214
1476 400343076
1478 399340936
1480 399130821
1482 399244987
1484 399670320
1486 401192347
1488 400969894
1490 401928202
1492 399966284
1494 400045124
1496 400043014
1498 399648782
1500 399461930
1502 399012945
1504 398162636
1506 398818866
1508 399233850
1510 397517939
1512 396712661
1514 396888974
1516 396201126
1518 395412557
1520 395616703
1522 394780951
1524 395019949
1526 394707035
1528 394899065
1530 394660767
1532 394050803
1534 394217852
1536 393711300
1538 393212961
1540 392634567
1542 393034794
1544 391022776
1546 391735213
1548 391784740
1550 390338817
1552 390452302
1554 390274431
1556 390366444
1558 390332481
1560 389884265
1562 389329797
1564 388990818
1566 388574267
1568 389187490
1570 389910125
1572 388439578
1574 389278601
1576 388853461
1578 388873266
1580 388295398
1582 388388663
1584 388263679
1586 388342611
1588 388716746
1590 387707411
1592 386614357
1594 387334724
1596 386208029
1598 385353873
1600 384765398
1602 384722246
1604 385822917
1606 386766409
1608 387355089
1610 385964507
1612 386509178
1614 385572000
1616 385294806
1618 385329319
1620 385242505
1622 386377638
1624 387685894
1626 387239031
1628 387261821
1630 387399732
1632 387567660
1634 386730350
1636 385272676
1638 385311369
1640 384918329
1642 384034592
1644 383881334
1646 384012866
1648 383616388
1650 383071198
1652 382375001
1654 382967696
1656 383177510
1658 382991480
1660 383278333
1662 382578067
1664 382497007
1666 380534169
1668 380548913
1670 380765725
1672 380800526
1674 380774962
1676 380382575
1678 379517743
1680 379223396
1682 379070039
1684 377083900
1686 377792756
1688 376770685
1690 376009822
1692 376058107
1694 376649687
1696 376290590
1698 377052538
1700 376162252
1702 376100007
1704 376556035
1706 376070636
1708 375801678
1710 375636774
1712 375929867
1714 376126317
1716 375799092
1718 374606997
1720 374023496
1722 372416116
1724 372605540
1726 371837232
1728 372474616
1730 373964659
1732 373573136
1734 373112921
1736 372202563
1738 372023518
1740 372332192
1742 370527984
1744 371082236
1746 369589883
1748 369175532
1750 369521322
1752 368522286
1754 368140188
1756 368670971
1758 368376791
1760 367936186
1762 366512390
1764 366314648
1766 365005960
1768 365561967
1770 365366340
1772 364400681
1774 363908436
1776 364184087
1778 363264770
1780 364413191
1782 364579278
1784 364456489
1786 363649432
1788 363802206
1790 364400821
1792 363374623
1794 363011260
1796 363253373
1798 362664007
1800 361752047
1802 361442785
1804 361121827
1806 360562012
1808 360281379
1810 360631236
1812 359713084
1814 360546906
1816 359883657
1818 358845980
1820 360027859
1822 360048325
1824 359798356
1826 358696437
1828 357312591
1830 357565183
1832 357311509
1834 357676866
1836 357807861
1838 358204601
1840 358530179
1842 356598213
1844 356400454
1846 355423825
1848 354652142
1850 355502599
1852 354751198
1854 354339432
1856 353232703
1858 352831789
1860 352388102
1862 351979338
1864 353113118
1866 352209574
1868 350775712
1870 350516305
1872 350086353
1874 350312374
1876 350206251
1878 349793014
1880 350245801
1882 349616092
1884 349317611
1886 349043692
1888 348124817
1890 348533726
1892 347536296
1894 348033910
1896 348205284
1898 347432406
1900 348011888
1902 348190182
1904 349000993
1906 347079417
1908 346305726
1910 346684305
1912 347358334
1914 347623172
1916 348511103
1918 347088799
1920 346738179
1922 344842475
1924 345145294
1926 344366164
1928 344229116
1930 342772973
1932 343192426
1934 341698922
1936 340110918
1938 340779425
1940 339471655
1942 339232558
1944 339148464
1946 338813049
1948 339953990
1950 339392878
1952 338189459
1954 338201132
1956 337891891
1958 336702618
1960 338433362
1962 337514021
1964 336346511
1966 335104218
1968 335283775
1970 336042591
1972 335056887
1974 334519431
1976 333797098
1978 334270575
1980 334412559
1982 334170242
1984 333796863
1986 333437731
1988 333188653
1990 333013851
1992 332062631
1994 331194147
1996 331317491
1998 331227255
2000 331247194
2002 331024957
2004 331204068
2006 331328110
2008 330375944
2010 330013484
2012 330155467
2014 329352488
2016 329310352
2018 329043725
2020 329257224
2022 329084419
2024 329094820
2026 328384193
2028 328541405
2030 328186295
2032 327729150
2034 328267043
2036 328028556
2038 328113327
2040 328211658
2042 327675085
2044 327424661
2046 327284182
2048 326365466
2050 326693668
2052 325215609
2054 326165795
2056 326287213
2058 325767691
2060 325282901
2062 324927091
2064 324606056
2066 325150558
2068 324785873
2070 324261290
2072 324296167
2074 324298321
2076 323765196
2078 324313922
2080 323945554
2082 323485074
2084 323851154
2086 323963520
2088 323397157
2090 321672428
2092 320860307
2094 320991748
2096 320544549
2098 320693001
2100 320502293
2102 319856467
2104 318885344
2106 319434746
2108 317997395
2110 317436679
2112 317134205
2114 317245230
2116 316241080
2118 316022019
2120 314951634
2122 314340875
2124 313225453
2126 313216909
2128 313240981
2130 311832263
2132 312075189
2134 312115287
2136 311530276
2138 310887410
2140 310705977
2142 311069062
2144 309701895
2146 309353244
2148 309056216
2150 308736717
2152 309971912
2154 310247698
2156 309704272
2158 309699853
2160 308198242
2162 307936342
2164 307578364
2166 307869918
2168 308473731
2170 308099805
2172 308213630
2174 306388814
2176 305456806
2178 306072582
2180 304873815
2182 304064270
2184 303819865
2186 304275540
2188 303512058
2190 303555383
2192 304829383
2194 302728806
2196 303670875
2198 303065668
2200 303469662
2202 303367831
2204 302682881
2206 302804083
2208 302704952
2210 302959062
2212 302680932
2214 302936891
2216 302040906
2218 303255691
2220 301014440
2222 301508252
2224 300934712
2226 301572142
2228 301360197
2230 299858223
2232 299806612
2234 299716723
2236 298442809
2238 297703496
2240 296965521
2242 295776330
2244 297438360
2246 296930468
2248 296939589
2250 296318218
2252 297281358
2254 296678991
2256 296133720
2258 295413938
2260 293888259
2262 294516270
2264 294433355
2266 293281079
2268 294156711
2270 292418146
2272 292095913
2274 291019430
2276 290556387
2278 290969924
2280 291159367
2282 290433876
2284 289133069
2286 289104279
2288 287580398
2290 286433333
2292 286835105
2294 286283305
2296 285944276
2298 285921853
2300 285395137
2302 284559382
2304 283619840
2306 284650651
2308 283564880
2310 283217654
2312 282943074
2314 282526169
2316 281905282
2318 281561966
2320 282545909
2322 282359726
2324 283042548
2326 283669568
2328 282480125
2330 280853160
2332 281165409
2334 281181636
2336 280924886
2338 280565189
2340 279976081
2342 279189836
2344 279224086
2346 279427086
2348 279087127
2350 278848953
2352 277245855
2354 277007150
2356 277627250
2358 278156194
2360 276493277
2362 276664937
2364 275855992
2366 276106222
2368 275750519
2370 274887138
2372 275235193
2374 274702073
2376 273989641
2378 274973242
2380 274728013
2382 273905427
2384 273331880
2386 273012963
2388 272423229
2390 272586072
2392 272672976
2394 272098526
2396 272705881
2398 272040749
2400 271479288
2402 271112712
2404 269358757
2406 269399359
2408 269146622
2410 269091506
2412 267609895
2414 267586664
2416 268827681
2418 268156207
2420 267958316
2422 266573008
2424 266917937
2426 267605739
2428 267786575
2430 268098002
2432 267847383
2434 266809565
2436 266012369
2438 265995753
2440 265488457
2442 264507687
2444 263826757
2446 264753702
2448 265034218
2450 264493443
2452 263690597
2454 263846817
2456 263060317
2458 263111894
2460 264114869
2462 262734347
2464 261705914
2466 261301706
2468 262501379
2470 261571058
2472 260001848
2474 259850699
2476 259593181
2478 259354129
2480 259781022
2482 259158549
2484 257427647
2486 256640235
2488 257312047
2490 258174630
2492 256874794
2494 256025774
2496 256120378
2498 255451882
2500 256076163
2502 254427692
2504 253963381
2506 254426837
2508 254067889
2510 252625646
2512 252338043
2514 251457336
2516 251523925
2518 250879705
2520 252071137
2522 251742480
2524 251018325
2526 250705018
2528 250282700
2530 250665200
2532 249888695
2534 249506982
2536 248266580
2538 248055235
2540 248141454
2542 247560666
2544 246577013
2546 246330844
2548 246466042
2550 245963841
2552 245902017
2554 245309737
2556 244948352
2558 244348491
2560 244527253
2562 244253140
2564 243714297
2566 244251519
2568 244124074
2570 242401617
2572 242563223
2574 241754806
2576 240488339
2578 240694557
2580 240616634
2582 241186906
2584 240811947
2586 240949332
2588 240281888
2590 238246677
2592 238268763
2594 237687377
2596 237964332
2598 237575651
2600 237229090
2602 237651302
2604 237622992
2606 236833480
2608 236864084
2610 237006077
2612 237175261
2614 237379611
2616 237642887
2618 237705918
2620 236772810
2622 236151725
2624 235442629
2626 236217910
2628 235210604
2630 234838506
2632 234721774
2634 234947744
2636 234128835
2638 234676744
2640 233623713
2642 233943501
2644 234327117
2646 232895048
2648 233178191
2650 234182676
2652 233142331
2654 232649340
2656 233131321
2658 231536255
2660 231509449
2662 231552513
2664 231780175
2666 230956839
2668 231874484
2670 231560921
2672 231972741
2674 230234406
2676 230590117
2678 231066234
2680 229890051
2682 230042777
2684 229031585
2686 228077295
2688 226656331
2690 226594290
2692 226475800
2694 226657578
2696 226118578
2698 224792039
2700 226088874
2702 225645255
2704 226372739
2706 226029614
2708 225730879
2710 225671458
2712 225171899
2714 224828557
2716 224440570
2718 224204252
2720 224005698
2722 224882733
2724 224052903
2726 224221213
2728 223871066
2730 222727792
2732 222795669
2734 222540058
2736 223538654
2738 222018888
2740 221936520
2742 221806874
2744 222001137
2746 221664692
2748 221479539
2750 220862788
2752 221076524
2754 221773746
2756 221131162
2758 220308137
2760 220550280
2762 221284999
2764 220420996
2766 220175472
2768 220452095
2770 218656733
2772 218634775
2774 218567207
2776 217859907
2778 216804398
2780 217105194
2782 216617553
2784 217474810
2786 216564663
2788 216352506
2790 215994596
2792 216151835
2794 216054909
2796 214677433
2798 214091806
2800 214414511
2802 213972778
2804 214129688
2806 214005488
2808 213286737
2810 213473175
2812 212949981
2814 212993235
2816 212295392
2818 211510638
2820 211591272
2822 210480932
2824 210461878
2826 209687510
2828 209190225
2830 208949334
2832 207382602
2834 207723392
2836 207822650
2838 208147121
2840 208340461
2842 208286293
2844 207073283
2846 206692249
2848 206151833
2850 205972945
2852 205362878
2854 204177706
2856 203855120
2858 203360210
2860 203043995
2862 203634293
2864 202585110
2866 201873181
2868 202534426
2870 202010237
2872 200764650
2874 200650020
2876 200671449
2878 200335595
2880 200929251
2882 201762174
2884 201381163
2886 200585852
2888 200045661
2890 199578032
2892 199749797
2894 200568327
2896 199477739
2898 199983721
2900 199456529
2902 198748424
2904 199449343
2906 199711547
2908 198536248
2910 199039607
2912 199230293
2914 199038124
2916 198897033
2918 197092608
2920 197115875
2922 197908095
2924 196650984
2926 197050365
2928 196823058
2930 196472239
2932 196395871
2934 195052017
2936 195625283
2938 195435838
2940 195211161
2942 195190303
2944 194202295
2946 194496620
2948 193714406
2950 193489554
2952 193274429
2954 193430125
2956 192793605
2958 192754677
2960 191720385
2962 191832652
2964 191249067
2966 191160648
2968 189943499
2970 189884277
2972 191142636
2974 191362514
2976 191020525
2978 192003526
2980 190293119
2982 190700067
2984 189992077
2986 188892474
2988 188765719
2990 189317675
2992 188737551
2994 188856688
2996 188679805
2998 189137385
3000 187810772
3002 187584987
3004 186701036
3006 186415206
3008 186010428
3010 186013146
3012 186330878
3014 185875948
3016 185365660
3018 185123692
3020 184689388
3022 185227967
3024 184245212
3026 185163434
3028 184549355
3030 184646634
3032 184531664
3034 183932093
3036 183234007
3038 183210445
3040 181581514
3042 181191169
3044 182029430
3046 181689449
3048 181233836
3050 181749859
3052 181692377
3054 180315771
3056 179787774
3058 179038399
3060 178934691
3062 178864867
3064 178105384
3066 178208337
3068 177130042
3070 177550916
3072 177085751
3074 176528469
3076 176045592
3078 176002202
3080 176662900
3082 176318348
3084 175759545
3086 174864103
3088 174335004
3090 173720814
3092 174242902
3094 173830969
3096 172724332
3098 173096261
3100 171922975
3102 172243236
3104 172217939
3106 171232085
3108 171918760
3110 171718734
3112 172158005
3114 172002516
3116 171685343
3118 171330945
3120 170851019
3122 170428035
3124 170705470
3126 170016475
3128 169842894
3130 169429511
3132 169926022
3134 169768133
3136 168926808
3138 169097740
3140 169302534
3142 168432508
3144 168186069
3146 166785621
3148 167012054
3150 166910625
3152 166626696
3154 165366314
3156 165445434
3158 163944709
3160 163728752
3162 163690951
3164 164451522
3166 165451210
3168 164068869
3170 163770169
3172 163220240
3174 163720367
3176 163869673
3178 163536065
3180 163240664
3182 162466923
3184 162765848
3186 162305815
3188 162788099
3190 162856917
3192 162789594
3194 162607510
3196 162081799
3198 162445171
3200 162042395
3202 160898099
3204 160623944
3206 160140791
3208 159856578
3210 159457265
3212 159396728
3214 158993940
3216 158956715
3218 158975152
3220 158132605
3222 158590159
3224 158400014
3226 157932335
3228 157457979
3230 157146035
3232 157054916
3234 157135922
3236 157289963
3238 157094179
3240 156951451
3242 156615081
3244 154934809
3246 154989662
3248 155209166
3250 155241421
3252 153938579
3254 154609857
3256 153327407
3258 153318795
3260 152645447
3262 152040378
3264 151673625
3266 151223287
3268 151499847
3270 150487329
3272 151268221
3274 150297231
3276 149830833
3278 149830680
3280 148978805
3282 148350585
3284 148181053
3286 148004402
3288 147128552
3290 147140052
3292 147675704
3294 147221838
3296 146369836
3298 146128039
3300 145910910
3302 146282341
3304 145758883
3306 145398845
3308 145704745
3310 145562454
3312 145433327
3314 146009160
3316 144947948
3318 145036704
3320 144359008
3322 144296946
3324 144054436
3326 144730760
3328 143960838
3330 144516551
3332 144969569
3334 144361683
3336 143985604
3338 144292141
3340 143941867
3342 144101304
3344 143526943
3346 143238914
3348 143800007
3350 143262882
3352 143136627
3354 142966342
3356 142459242
3358 142072416
3360 143244039
3362 143193331
3364 143120387
3366 142317769
3368 141866199
3370 140881928
3372 140574257
3374 140407071
3376 139965585
3378 139637117
3380 138704845
3382 138637966
3384 138428486
3386 138838908
3388 138416701
3390 138122012
3392 138050424
3394 138664687
3396 138375323
3398 137951646
3400 137501222
3402 137204939
3404 137098626
3406 137127323
3408 137126028
3410 137081834
3412 136617416
3414 136575754
3416 135624673
3418 135915483
3420 135656201
3422 135221212
3424 135531863
3426 135640710
3428 135304560
3430 135412399
3432 134717537
3434 134824915
3436 134532135
3438 133365481
3440 132952347
3442 132475195
3444 132319605
3446 131832005
3448 131181785
3450 131443023
3452 131562238
3454 131257135
3456 130730838
3458 130779585
3460 129703476
3462 128905319
3464 128977283
3466 128543621
3468 128206791
3470 127926334
3472 128159574
3474 127708077
3476 126921091
3478 127145369
3480 126567357
3482 126336745
3484 126259559
3486 125706425
3488 125298984
3490 124710121
3492 124250449
3494 125026056
3496 124431766
3498 124713515
3500 124558181
3502 124953279
3504 124156878
3506 123893396
3508 124004285
3510 123696098
3512 123058832
3514 123432490
3516 123256945
3518 123539299
3520 123399823
3522 122998418
3524 122304643
3526 122191677
3528 122141015
3530 121828121
3532 121001976
3534 121080164
3536 120770745
3538 120695081
3540 119872824
3542 120249373
3544 120140710
3546 119587409
3548 119155392
3550 118837027
3552 119095572
3554 118948414
3556 118702716
3558 118531107
3560 118818399
3562 118775430
3564 118284766
3566 117467384
3568 117188931
3570 117123078
3572 117916529
3574 117620339
3576 117613066
3578 117388266
3580 117061993
3582 116773082
3584 116660941
3586 116134412
3588 115344350
3590 115681080
3592 114853170
3594 115644533
3596 114922103
3598 114391755
3600 113863316
3602 114336632
3604 114399444
3606 114200119
3608 114687468
3610 113986631
3612 114615115
3614 113889389
3616 113567797
3618 113088168
3620 113217530
3622 113499987
3624 112791352
3626 113502336
3628 113547070
3630 112441713
3632 112685617
3634 112593130
3636 111650265
3638 111871672
3640 112221034
3642 111830965
3644 111293060
3646 111478919
3648 111252146
3650 111470905
3652 111051854
3654 111554568
3656 111482427
3658 112007447
3660 111297163
3662 111395284
3664 111024061
3666 110493624
3668 110313243
3670 109728523
3672 109651668
3674 109751042
3676 109993879
3678 110034671
3680 110094296
3682 108935836
3684 108769578
3686 108609926
3688 108046401
3690 108082335
3692 107988643
3694 107750211
3696 108083198
3698 107774655
3700 107212637
3702 106246767
3704 106598356
3706 105971735
3708 105820399
3710 105422919
3712 105150939
3714 105501902
3716 105379720
3718 105000477
3720 105099671
3722 104819491
3724 104237958
3726 104168155
3728 104149618
3730 104166288
3732 104814630
3734 104616010
3736 104169791
3738 104452202
3740 104667642
3742 104101502
3744 104416973
3746 104786473
3748 104237806
3750 104569264
3752 103883573
3754 103288186
3756 103271234
3758 103470156
3760 102726461
3762 102592134
3764 101842149
3766 102538700
3768 102123949
3770 101556238
3772 100785263
3774 100085168
3776 100620003
3778 100450801
3780 100241956
3782 100372753
3784 100411452
3786 100238959
3788 100045698
3790 100356012
3792 99974470
3794 99343481
3796 98307057
3798 98238984
3800 97252511
3802 97141873
3804 96416641
3806 96409528
3808 96876651
3810 96558035
3812 96255577
3814 95817819
3816 95655520
3818 95989513
3820 94744817
3822 94716786
3824 94922141
3826 94724818
3828 94570125
3830 94297356
3832 94455749
3834 94196684
3836 93167369
3838 93215021
3840 93333290
3842 92573491
3844 92571389
3846 92029202
3848 91674423
3850 91990758
3852 91883354
3854 92192046
3856 91647690
3858 91569461
3860 91531576
3862 91632379
3864 91240383
3866 90820959
3868 90082558
3870 89778069
3872 89182201
3874 88363354
3876 88066764
3878 88553598
3880 88093849
3882 87487420
3884 87508473
3886 87313894
3888 87363666
3890 87840086
3892 87654617
3894 87360304
3896 87222276
3898 86866451
3900 86704020
3902 86718942
3904 86298589
3906 86223297
3908 86054713
3910 86663870
3912 86929660
3914 86510146
3916 85696185
3918 85546215
3920 85843507
3922 85243161
3924 85740677
3926 85582295
3928 85831145
3930 84980224
3932 85203548
3934 85567902
3936 85178092
3938 84736324
3940 85092886
3942 85058602
3944 84578752
3946 84854984
3948 84767852
3950 84361646
3952 84191481
3954 84451242
3956 84170742
3958 83969383
3960 84252783
3962 83289366
3964 83352658
3966 83791014
3968 83866775
3970 84676945
3972 84337715
3974 84182529
3976 84048517
3978 83943961
3980 84034627
3982 83986317
3984 84175661
3986 83451763
3988 82761340
3990 83349889
3992 83064540
3994 82191445
3996 81477700
3998 81745890
4000 82293885
4002 81620675
4004 81240663
4006 81134075
4008 81048175
4010 80396638
4012 80656134
4014 79993584
4016 79332399
4018 79327205
4020 78826759
4022 78806803
4024 78579896
4026 77973576
4028 78331846
4030 77602714
4032 77148246
4034 76475126
4036 76090959
4038 76195096
4040 76135378
4042 75575048
4044 75316529
4046 75793664
4048 75922494
4050 75564596
4052 74597599
4054 74678642
4056 75413149
4058 75251063
4060 74958305
4062 74406176
4064 74652621
4066 75006761
4068 75084924
4070 74720262
4072 75096583
4074 75145176
4076 75324136
4078 75360291
4080 74924797
4082 74762614
4084 74644317
4086 73582023
4088 73621573
4090 73766752
4092 73760459
4094 73453957
4096 73583497
4098 72693494
4100 73151319
4102 73360781
4104 72588785
4106 72614722
4108 71972187
4110 71775156
4112 71502016
4114 71963289
4116 71871072
4118 71566574
4120 71130770
4122 70958284
4124 70834144
4126 70034213
4128 70291038
4130 70341362
4132 70076514
4134 70138807
4136 70361051
4138 69806012
4140 69642399
4142 69077730
4144 68788260
4146 69492473
4148 69301015
4150 69204384
4152 69070137
4154 69445892
4156 69194603
4158 69124599
4160 68965218
4162 67916070
4164 67744778
4166 67494696
4168 67702531
4170 67135445
4172 67046695
4174 67283983
4176 67404403
4178 66988757
4180 66827813
4182 66800693
4184 66131201
4186 66369681
4188 66050836
4190 66157243
4192 66033337
4194 65523937
4196 66001399
4198 65679348
4200 65517357
4202 65422554
4204 65676887
4206 65589671
4208 65101248
4210 65388889
4212 65084473
4214 64851825
4216 64583311
4218 64711468
4220 64256852
4222 63982927
4224 63555335
4226 63930640
4228 63279717
4230 63528302
4232 62794952
4234 62972947
4236 62920375
4238 62335814
4240 62861253
4242 62768298
4244 61783847
4246 61792586
4248 61694325
4250 61657882
4252 61311009
4254 61396392
4256 61021911
4258 60908816
4260 61306105
4262 60962906
4264 61041179
4266 61328326
4268 60698742
4270 60406581
4272 59990329
4274 60475049
4276 59811558
4278 60154085
4280 59707213
4282 59858622
4284 59842415
4286 59903023
4288 59134961
4290 58981349
4292 58696724
4294 58446769
4296 58339686
4298 58508364
4300 58404695
4302 58222455
4304 58412372
4306 58219239
4308 58078954
4310 57595891
4312 57571715
4314 56584813
4316 56693767
4318 56175119
4320 56182784
4322 55478504
4324 55412001
4326 55930222
4328 55394298
4330 55357135
4332 54841170
4334 54935092
4336 54194806
4338 54650769
4340 54185976
4342 54123053
4344 54396389
4346 53976833
4348 53822713
4350 53275697
4352 53326616
4354 53099836
4356 53026658
4358 52918771
4360 53324237
4362 53216213
4364 52325605
4366 52916148
4368 53064864
4370 52992856
4372 53161931
4374 53069119
4376 52262406
4378 51913616
4380 52101177
4382 51503583
4384 51172171
4386 51153839
4388 50599696
4390 50292893
4392 50574703
4394 49989984
4396 50283118
4398 49946214
4400 49749920
4402 49990712
4404 49850964
4406 49562266
4408 49692389
4410 49634935
4412 49225931
4414 48969282
4416 49102369
4418 48734192
4420 48354996
4422 48783469
4424 48857232
4426 48844846
4428 48472631
4430 48386852
4432 48712903
4434 48201319
4436 47405099
4438 47657782
4440 48028372
4442 47682314
4444 46834077
4446 46569083
4448 46047601
4450 45604604
4452 46028626
4454 45632186
4456 46047213
4458 46176322
4460 45401982
4462 45630003
4464 45773238
4466 45039881
4468 44483650
4470 44689303
4472 45153108
4474 44759375
4476 44203592
4478 43811800
4480 43895587
4482 43861944
4484 43932532
4486 43951471
4488 43768984
4490 43815488
4492 43887131
4494 44198627
4496 44152017
4498 43921050
4500 43716021
4502 44089932
4504 43413465
4506 42933172
4508 42796627
4510 43307038
4512 42717069
4514 42680059
4516 42355751
4518 42402336
4520 42031304
4522 42196797
4524 42460403
4526 42300937
4528 41900840
4530 41911580
4532 41815206
4534 41373188
4536 41090256
4538 41170891
4540 41022981
4542 41224843
4544 41448620
4546 41078548
4548 40879020
4550 40888119
4552 40988480
4554 40598821
4556 40013730
4558 39881086
4560 39888930
4562 39743581
4564 38898662
4566 38877082
4568 38816417
4570 38737101
4572 38234947
4574 38942108
4576 38598019
4578 38883602
4580 38635196
4582 39049924
4584 38833279
4586 39054219
4588 39227434
4590 39358298
4592 39095925
4594 39347397
4596 38961579
4598 39159152
4600 38927230
4602 38760563
4604 39304842
4606 39138073
4608 38876760
4610 38722595
4612 38613589
4614 38241297
4616 38309231
4618 38133768
4620 38062580
4622 37625438
4624 37530728
4626 37249564
4628 37671544
4630 37451653
4632 37815068
4634 37997307
4636 37710048
4638 37130790
4640 37235846
4642 37583788
4644 37039652
4646 37118868
4648 37353290
4650 36963542
4652 37191999
4654 37108983
4656 36852275
4658 36915893
4660 36664473
4662 36595252
4664 36617507
4666 36634388
4668 37113359
4670 36919134
4672 36842825
4674 36250545
4676 36176366
4678 36258816
4680 36176667
4682 36429677
4684 36330172
4686 36399903
4688 36450694
4690 36068416
4692 35895448
4694 36279438
4696 36059391
4698 36122706
4700 35776865
4702 36043676
4704 36022574
4706 35762626
4708 35419929
4710 35258297
4712 34831676
4714 35203387
4716 35248031
4718 35025385
4720 34628925
4722 34656297
4724 34314773
4726 34580989
4728 34090080
4730 34095058
4732 33790962
4734 33714536
4736 33967023
4738 33662426
4740 33240270
4742 33343646
4744 33423727
4746 33344888
4748 33198316
4750 33173151
4752 33006130
4754 33002555
4756 32609517
4758 32689793
4760 32420181
4762 32111726
4764 32341649
4766 31806596
4768 31759760
4770 31936670
4772 31946762
4774 32049197
4776 31966544
4778 31600335
4780 31690890
4782 31411872
4784 31208948
4786 31353167
4788 31402407
4790 31417283
4792 31332294
4794 31967743
4796 31762206
4798 31518196
4800 31707997
4802 31441075
4804 31363999
4806 31010070
4808 31178319
4810 30644149
4812 30273281
4814 30474793
4816 30605657
4818 30448215
4820 30272526
4822 30026336
4824 29873472
4826 30120608
4828 30030602
4830 29738543
4832 29790604
4834 29334929
4836 29662310
4838 29417376
4840 29775067
4842 29432392
4844 29200086
4846 29511008
4848 29356511
4850 28809901
4852 28973846
4854 29434414
4856 29255955
4858 29388101
4860 29105178
4862 28747836
4864 29031450
4866 29081840
4868 29067857
4870 29269836
4872 28806382
4874 29215049
4876 29478894
4878 29303951
4880 29569626
4882 29491048
4884 29297461
4886 29508145
4888 29393540
4890 29314055
4892 29036888
4894 28598674
4896 28708060
4898 28970426
4900 28781746
4902 28755227
4904 28702082
4906 28327249
4908 28323079
4910 28583974
4912 28731707
4914 28672090
4916 28411333
4918 28405818
4920 28234421
4922 28098764
4924 27958234
4926 28219638
4928 27980022
4930 27308107
4932 27512216
4934 27326292
4936 27328340
4938 26837176
4940 26874505
4942 27033261
4944 27083460
4946 26849117
4948 26881552
4950 26676777
4952 26894799
4954 26846919
4956 26734587
4958 26562748
4960 26220051
4962 26524878
4964 26586164
4966 26658376
4968 26572448
4970 26842575
4972 26505490
4974 26907182
4976 26850276
4978 26551006
4980 26283606
4982 26451250
4984 26581247
4986 26686256
4988 26312937
4990 26344334
4992 26248132
4994 26015036
4996 26353806
4998 26043354
5000 26279074
5002 26172232
5004 25989194
5006 25904575
5008 25777257
5010 25568266
5012 25849922
5014 25569416
5016 25818494
5018 25315851
5020 25513372
5022 25339186
5024 25383479
5026 24999846
5028 25133269
5030 25157086
5032 24580640
5034 24482918
5036 24222090
5038 24038070
5040 24245828
5042 24325752
5044 24240525
5046 24341081
5048 24200937
5050 24269804
5052 24177361
5054 23775228
5056 24066884
5058 24106251
5060 24094347
5062 23661412
5064 23893788
5066 24382496
5068 23763973
5070 23717752
5072 23969655
5074 23652264
5076 23431498
5078 23104254
5080 22929869
5082 23044309
5084 23288372
5086 23484808
5088 23802242
5090 23775601
5092 23493977
5094 23777735
5096 23427549
5098 23512343
5100 23236007
5102 23163582
5104 23063388
5106 22862512
5108 22914486
5110 23069395
5112 22856842
5114 22510897
5116 22307342
5118 22249594
5120 22410316
5122 22565924
5124 22249649
5126 22227736
5128 22173466
5130 22023120
5132 22094258
5134 22061761
5136 22322236
5138 22194667
5140 21976348
5142 21585000
5144 21608858
5146 21474095
5148 21468266
5150 21173475
5152 21177093
5154 21150891
5156 21293223
5158 21015244
5160 21299127
5162 20974504
5164 20942964
5166 20908498
5168 21355736
5170 21126231
5172 20826269
5174 21273643
5176 21270145
5178 21053158
5180 20837543
5182 21056472
5184 20779669
5186 20792921
5188 20504152
5190 20105381
5192 20405069
5194 20423952
5196 20700048
5198 20676117
5200 20471921
5202 20294769
5204 20294649
5206 20099575
5208 20296659
5210 20159331
5212 20122591
5214 19733070
5216 19584264
5218 19648976
5220 19159419
5222 19044453
5224 19110999
5226 19114346
5228 18986173
5230 19242222
5232 19273088
5234 19381742
5236 19252197
5238 19000606
5240 19196324
5242 19253827
5244 19051639
5246 18865648
5248 18972673
5250 19165079
5252 19039504
5254 19138271
5256 19140020
5258 18996980
5260 18716336
5262 18627384
5264 18531344
5266 18413245
5268 18821627
5270 18098502
5272 17980578
5274 17918911
5276 18152462
5278 17779582
5280 17689002
5282 17486975
5284 17660237
5286 17385590
5288 17226915
5290 17000942
5292 16799979
5294 16420551
5296 16724452
5298 16552152
5300 16328548
5302 16279166
5304 16310192
5306 16113088
5308 16055155
5310 15943572
5312 16173624
5314 16215900
5316 16006496
5318 15942511
5320 15934359
5322 15720256
5324 15465013
5326 15700800
5328 15414455
5330 15195326
5332 15445889
5334 15356848
5336 15347916
5338 15071842
5340 15096950
5342 14663697
5344 14707224
5346 14585124
5348 14479372
5350 14767184
5352 14746427
5354 14731226
5356 14770707
5358 15014064
5360 14771016
5362 14511959
5364 14360093
5366 14766503
5368 14578518
5370 14299126
5372 14434567
5374 14260713
5376 14335673
5378 14048598
5380 14161411
5382 14086960
5384 13954473
5386 13887460
5388 13897295
5390 13670593
5392 13610768
5394 13509508
5396 13489139
5398 13216475
5400 13159904
5402 13233991
5404 13383172
5406 13481442
5408 13344250
5410 13292668
5412 13534923
5414 13464371
5416 13171619
5418 13164294
5420 13008755
5422 13003813
5424 12950242
5426 13239459
5428 13377864
5430 13360175
5432 13263784
5434 13484467
5436 13040715
5438 12853057
5440 12574667
5442 12828354
5444 12812805
5446 12724298
5448 12855132
5450 12580656
5452 12267238
5454 12173764
5456 12185494
5458 12104039
5460 11889624
5462 11726075
5464 11868527
5466 11809520
5468 11969744
5470 12028836
5472 12002808
5474 12048443
5476 12059252
5478 11964799
5480 12020261
5482 11814812
5484 11827643
5486 11743181
5488 11965052
5490 11783575
5492 11606254
5494 11551363
5496 11566688
5498 11958099
5500 11800823
5502 11960929
5504 11892220
5506 11795861
5508 11722280
5510 11269368
5512 11360581
5514 11531906
5516 11305863
5518 11150038
5520 11237528
5522 11196550
5524 10937326
5526 11220505
5528 11338590
5530 11047838
5532 11217090
5534 11165809
5536 10955879
5538 11067781
5540 10812077
5542 10828840
5544 10667505
5546 10599962
5548 10350386
5550 10382695
5552 10385272
5554 10406651
5556 10459125
5558 10283213
5560 10031123
5562 10154412
5564 10068911
5566 10145967
5568 9957749
5570 9815232
5572 9702855
5574 9772350
5576 9491316
5578 9604706
5580 9750063
5582 9772811
5584 9617029
5586 9633140
5588 9397710
5590 9350331
5592 9781500
5594 9669667
5596 9802216
5598 9466598
5600 9226608
5602 9318734
5604 9343899
5606 9469930
5608 9284532
5610 9340841
5612 9349678
5614 9438812
5616 9591059
5618 9695793
5620 9496316
5622 9364614
5624 9537513
5626 9238271
5628 9183825
5630 9258110
5632 9175381
5634 9084443
5636 9011491
5638 8730847
5640 8687318
5642 8612031
5644 8713537
5646 8643429
5648 8522564
5650 8368315
5652 8254097
5654 8255585
5656 8435138
5658 8497670
5660 8495850
5662 8479100
5664 8404008
5666 8303677
5668 8639298
5670 8749937
5672 8535188
5674 8324008
5676 8313952
5678 8057500
5680 7735519
5682 7804557
5684 7797292
5686 7948002
5688 7804735
5690 8161437
5692 8180238
5694 8102486
5696 8051033
5698 8143284
5700 7724838
5702 7773724
5704 7859527
5706 7695830
5708 7615713
5710 7716258
5712 7665637
5714 7735172
5716 7658366
5718 7529528
5720 7930063
5722 7895652
5724 7550220
5726 7487306
5728 7366898
5730 7553560
5732 7464587
5734 7660682
5736 7514851
5738 7823779
5740 7762358
5742 7670297
5744 7379092
5746 7357987
5748 7321330
5750 7343474
5752 7453997
5754 7344157
5756 7157670
5758 7151208
5760 7135533
5762 7121589
5764 6936663
5766 6834006
5768 6741294
5770 6735308
5772 6706361
5774 6648616
5776 6651116
5778 6735259
5780 6690755
5782 6646797
5784 6374581
5786 6384985
5788 6244520
5790 6353857
5792 6274930
5794 6343622
5796 6241642
5798 6200267
5800 6144319
5802 6322081
5804 6182296
5806 6311521
5808 6195727
5810 5995684
5812 6140983
5814 6024361
5816 6093109
5818 5960831
5820 6016871
5822 5975932
5824 5856399
5826 6037677
5828 5872906
5830 5779495
5832 5707523
5834 5545521
5836 5878250
5838 5911652
5840 5812700
5842 5771648
5844 5745278
5846 5587515
5848 5560034
5850 5715332
5852 5754267
5854 5795024
5856 5863664
5858 5658762
5860 5681795
5862 5603797
5864 5627164
5866 5605863
5868 5693565
5870 5699920
5872 5717251
5874 6063796
5876 5914741
5878 5929793
5880 5951630
5882 5905318
5884 5753176
5886 5934584
5888 5744496
5890 5663320
5892 5699484
5894 5667028
5896 5586679
5898 5637216
5900 5573898
5902 5557375
5904 5596785
5906 5390104
5908 5513869
5910 5500690
5912 5543145
5914 5348895
5916 5587380
5918 5450382
5920 5455805
5922 5491178
5924 5451360
5926 5191203
5928 4959826
5930 4877009
5932 4636913
5934 4674389
5936 4789342
5938 4696081
5940 4684255
5942 4694343
5944 4567847
5946 4604534
5948 4415882
5950 4452285
5952 4597390
5954 4553648
5956 4458522
5958 4346537
5960 4234813
5962 4354598
5964 4285810
5966 4360782
5968 4206692
5970 4184446
5972 4228696
5974 4015205
5976 4240709
5978 4014281
5980 3987111
5982 4129681
5984 3954090
5986 3828948
5988 3941510
5990 3762807
5992 3635449
5994 3753402
5996 3775398
5998 3894602
6000 4004168
6002 3979316
6004 3918986
6006 3830723
6008 3855984
6010 3709916
6012 3623931
6014 3362358
6016 3407377
6018 3487006
6020 3611799
6022 3427914
6024 3474260
6026 3667592
6028 3429103
6030 3347407
6032 3263688
6034 3261444
6036 3283706
6038 3444940
6040 3206337
6042 3157250
6044 2926810
6046 3181587
6048 3018875
6050 3068292
6052 3000746
6054 3061067
6056 3009464
6058 3060688
6060 2995265
6062 3105471
6064 3113287
6066 3066550
6068 3187193
6070 3039648
6072 2864770
6074 3032185
6076 2966196
6078 3012437
6080 2847950
6082 2854215
6084 2952067
6086 3019893
6088 3085232
6090 3063537
6092 3085040
6094 2935020
6096 2813473
6098 2787218
6100 2522832
6102 2526148
6104 2618349
6106 2436694
6108 2523311
6110 2446648
6112 2437226
6114 2392487
6116 2371643
6118 2398630
6120 2578815
6122 2469972
6124 2499005
6126 2399446
6128 2426021
6130 2398301
6132 2320002
6134 2277802
6136 2165959
6138 1960848
6140 2007647
6142 2005262
6144 2031187
6146 2114741
6148 2135121
6150 2012705
6152 2061726
6154 2073085
6156 2146270
6158 2083814
6160 2112793
6162 2063965
6164 2072609
6166 1950586
6168 2023336
6170 2107047
6172 2188286
6174 2045765
6176 2124224
6178 2169018
6180 2023345
6182 2056523
6184 1927953
6186 1953792
6188 1989637
6190 1832419
6192 1824659
6194 1962199
6196 1970504
6198 1925924
6200 1922890
6202 2085239
6204 1961146
6206 1895609
6208 1708630
6210 1693099
6212 1751067
6214 1807385
6216 1760755
6218 1674620
6220 1651082
6222 1473538
6224 1304464
6226 1292564
6228 1279194
6230 1277383
6232 1268833
6234 1272717
6236 1264274
6238 1232779
6240 1132632
6242 1083151
6244 1095715
6246 1106977
6248 1054056
6250 1073597
6252 1090334
6254 1102536
6256 1123395
6258 1132526
6260 1157168
6262 1134724
6264 1080705
6266 1108823
6268 1117248
6270 1162666
6272 1184134
6274 1185110
6276 1145096
6278 1099491
6280 1100128
6282 1118815
6284 1092183
6286 1122770
6288 1042550
6290 1117616
6292 1142417
6294 1089697
6296 1018249
6298 881100
6300 873983
6302 1018688
6304 856985
6306 916057
6308 826524
6310 761429
6312 775753
6314 764586
6316 733609
6318 674666
6320 740618
6322 637794
6324 617812
6326 674268
6328 681565
6330 770525
6332 762128
6334 791553
6336 810722
6338 697550
6340 708420
6342 660796
6344 659561
6346 719568
6348 589970
6350 599614
6352 557909
6354 594199
6356 520521
6358 557104
6360 550925
6362 587188
6364 558477
6366 529750
6368 521504
6370 477036
6372 509533
6374 499993
6376 539061
6378 529093
6380 582552
6382 644850
6384 630903
6386 593201
6388 628147
6390 603021
6392 595085
6394 527379
6396 519512
6398 474043
6400 444612
6402 477491
6404 425108
6406 458579
6408 552237
6410 490610
6412 360029
6414 355733
6416 469805
6418 400236
6420 412002
6422 420472
6424 476860
6426 455973
6428 381636
6430 402240
6432 328771
6434 322137
6436 267013
6438 313861
6440 311214
6442 361496
6444 307473
6446 340237
6448 304093
6450 402328
6452 307271
6454 377071
6456 247381
6458 272641
6460 237933
6462 197904
6464 183203
6466 153961
6468 137151
6470 111486
6472 117777
6474 141110
6476 135561
6478 143150
6480 144215
6482 129140
6484 133376
6486 160936
6488 151515
6490 156740
6492 165634
6494 200143
6496 170558
6498 162213
6500 158651
6502 134297
6504 128375
6506 204065
6508 194536
6510 169495
6512 153580
6514 143165
6516 162461
6518 215742
6520 199147
6522 195298
6524 207718
6526 164068
6528 203390
6530 192331
6532 224282
6534 250113
6536 312957
6538 250940
6540 321085
6542 283618
6544 252235
6546 222043
6548 251121
6550 192024
6552 163491
6554 154091
6556 146033
6558 131459
6560 140852
6562 150151
6564 129706
6566 127156
6568 127370
6570 123880
6572 120742
6574 142036
6576 105130
6578 96226
6580 74656
6582 99469
6584 93159
6586 78427
6588 71093
6590 58643
6592 45720
6594 71547
6596 49280
6598 76709
6600 60221
6602 79879
6604 106744
6606 116774
6608 122813
6610 58121
6612 54756
6614 52658
6616 72084
6618 101096
6620 81662
6622 109454
6624 83998
6626 73759
6628 58310
6630 87627
6632 85370
6634 56686
6636 66429
6638 80967
6640 84281
6642 81807
6644 61644
6646 83617
6648 80751
6650 99901
6652 98049
6654 103993
6656 89397
6658 93088
6660 63989
6662 45036
6664 47600
6666 51972
6668 59267
6670 77627
6672 46702
6674 70739
6676 51941
6678 63551
6680 100089
6682 72913
6684 69021
6686 59939
6688 100356
6690 67069
6692 46815
6694 62925
6696 70859
6698 81798
6700 92388
6702 74811
6704 78920
6706 71176
6708 73278
6710 50032
6712 42498
6714 34482
6716 56616
6718 45150
6720 71591
6722 71257
6724 35496
6726 50116
6728 69099
6730 42234
6732 109023
6734 84467
6736 82811
6738 76322
6740 64899
6742 32962
6744 31235
6746 69426
6748 73891
6750 77728
6752 57483
6754 57199
6756 50581
6758 88167
6760 57243
6762 64449
6764 48418
6766 61296
6768 82869
6770 102165
6772 109958
6774 116120
6776 77811
6778 83328
6780 62534
6782 79725
6784 69220
6786 102929
6788 95741
6790 97941
6792 94819
6794 66562
6796 75449
6798 64158
6800 51253
6802 39427
6804 37672
6806 32793
6808 17015
6810 24611
6812 36968
6814 31558
6816 54299
6818 15362
6820 36060
6822 10679
6824 991
6826 875
6828 3499
