N J h steps 
2000 0.836 0 1585000000000
-1657 7
-1656 22
-1655 95
-1654 172
-1653 258
-1652 380
-1651 332
-1650 490
-1649 821
-1648 883
-1647 1225
-1646 1553
-1645 1612
-1644 2128
-1643 2238
-1642 2486
-1641 2496
-1640 2358
-1639 2727
-1638 2467
-1637 2391
-1636 3082
-1635 2336
-1634 2662
-1633 2225
-1632 2539
-1631 2988
-1630 2988
-1629 3718
-1628 3000
-1627 3069
-1626 2692
-1625 3775
-1624 2416
-1623 3278
-1622 3393
-1621 2594
-1620 3609
-1619 3954
-1618 4816
-1617 7429
-1616 7549
-1615 8759
-1614 7663
-1613 10355
-1612 9130
-1611 12087
-1610 11003
-1609 10961
-1608 15098
-1607 15460
-1606 16182
-1605 19262
-1604 21039
-1603 23715
-1602 27460
-1601 31628
-1600 32394
-1599 36958
-1598 36514
-1597 41547
-1596 42471
-1595 44840
-1594 46569
-1593 47170
-1592 49082
-1591 54783
-1590 53222
-1589 57758
-1588 58342
-1587 61629
-1586 62683
-1585 65719
-1584 68909
-1583 64560
-1582 69223
-1581 72235
-1580 78041
-1579 80080
-1578 88107
-1577 90208
-1576 107040
-1575 107934
-1574 115845
-1573 118016
-1572 128622
-1571 132430
-1570 149926
-1569 154753
-1568 162335
-1567 173803
-1566 172355
-1565 187569
-1564 194125
-1563 201421
-1562 221150
-1561 228566
-1560 242193
-1559 255520
-1558 279132
-1557 283760
-1556 301777
-1555 322104
-1554 325971
-1553 341803
-1552 368375
-1551 384798
-1550 411860
-1549 415999
-1548 445802
-1547 460220
-1546 484382
-1545 517635
-1544 542671
-1543 587189
-1542 611821
-1541 647272
-1540 679548
-1539 712526
-1538 755455
-1537 771046
-1536 835287
-1535 861712
-1534 907238
-1533 939295
-1532 1010450
-1531 1037785
-1530 1086295
-1529 1099087
-1528 1186757
-1527 1221392
-1526 1262463
-1525 1329756
-1524 1377310
-1523 1418096
-1522 1500839
-1521 1550568
-1520 1602447
-1519 1656841
-1518 1727741
-1517 1798945
-1516 1888596
-1515 1980106
-1514 2032643
-1513 2088904
-1512 2186889
-1511 2252348
-1510 2390084
-1509 2468986
-1508 2561907
-1507 2638680
-1506 2711267
-1505 2818808
-1504 2954818
-1503 3041721
-1502 3194107
-1501 3349323
-1500 3424698
-1499 3579537
-1498 3727931
-1497 3815573
-1496 3993932
-1495 4119042
-1494 4315963
-1493 4432190
-1492 4585813
-1491 4730507
-1490 4908614
-1489 5047768
-1488 5266763
-1487 5401710
-1486 5586994
-1485 5820413
-1484 6020611
-1483 6249432
-1482 6444657
-1481 6727308
-1480 6918610
-1479 7215831
-1478 7440010
-1477 7754823
-1476 8040058
-1475 8335866
-1474 8641461
-1473 8961620
-1472 9357532
-1471 9686380
-1470 10005330
-1469 10369428
-1468 10710769
-1467 11023103
-1466 11496895
-1465 11885191
-1464 12305898
-1463 12738434
-1462 13250292
-1461 13636821
-1460 14113764
-1459 14564702
-1458 15181876
-1457 15555517
-1456 16197481
-1455 16749666
-1454 17308078
-1453 17882443
-1452 18437187
-1451 19057309
-1450 19746724
-1449 20329512
-1448 21030886
-1447 21696399
-1446 22416418
-1445 23177683
-1444 23889390
-1443 24725483
-1442 25588874
-1441 26416182
-1440 27249522
-1439 28205692
-1438 29171953
-1437 29916984
-1436 31121802
-1435 32062997
-1434 33166719
-1433 34197795
-1432 35179742
-1431 36298089
-1430 37433005
-1429 38615926
-1428 39741854
-1427 40995584
-1426 42172588
-1425 43475179
-1424 44789760
-1423 46180869
-1422 47559129
-1421 48828610
-1420 50266941
-1419 51794221
-1418 53352790
-1417 54878947
-1416 56584412
-1415 58304932
-1414 60074287
-1413 61804615
-1412 63681442
-1411 65262758
-1410 67129128
-1409 69244099
-1408 71171148
-1407 73293619
-1406 75407365
-1405 77681700
-1404 79739870
-1403 81974337
-1402 84248295
-1401 86638955
-1400 88954546
-1399 91253908
-1398 93911135
-1397 96155989
-1396 98928979
-1395 101731095
-1394 104150961
-1393 107040276
-1392 109801522
-1391 112718091
-1390 115884850
-1389 118692504
-1388 121963502
-1387 125209870
-1386 128322164
-1385 131571030
-1384 134781109
-1383 138333050
-1382 142116577
-1381 145742010
-1380 149522058
-1379 153222516
-1378 157246027
-1377 161048597
-1376 164901105
-1375 169225772
-1374 173064869
-1373 177374704
-1372 181673867
-1371 186415770
-1370 190918884
-1369 195262782
-1368 200106668
-1367 205159434
-1366 210008301
-1365 214871748
-1364 219842458
-1363 225411466
-1362 230040660
-1361 235561017
-1360 241435300
-1359 246704226
-1358 251913118
-1357 258130209
-1356 263958878
-1355 269683614
-1354 275932469
-1353 282205440
-1352 288419265
-1351 295218933
-1350 301096906
-1349 307796477
-1348 314800107
-1347 321492096
-1346 328826226
-1345 335929156
-1344 342651405
-1343 349900652
-1342 357686674
-1341 365381284
-1340 373243976
-1339 381603479
-1338 388867301
-1337 397392415
-1336 405107440
-1335 413695837
-1334 422445298
-1333 431337913
-1332 440152071
-1331 449404389
-1330 458666407
-1329 467758792
-1328 477208634
-1327 487557619
-1326 496897589
-1325 506779865
-1324 517273202
-1323 527683791
-1322 537863918
-1321 548467127
-1320 559446995
-1319 570704282
-1318 581300045
-1317 592244303
-1316 603335157
-1315 614931679
-1314 626275915
-1313 638215750
-1312 650029511
-1311 661942069
-1310 674544148
-1309 686620236
-1308 699108618
-1307 712240534
-1306 724496539
-1305 737937907
-1304 751259692
-1303 764656612
-1302 778068270
-1301 792746619
-1300 806434791
-1299 821112567
-1298 835422960
-1297 849500497
-1296 864411763
-1295 878878886
-1294 895521740
-1293 910204536
-1292 925753938
-1291 941657215
-1290 957284409
-1289 972498402
-1288 988297625
-1287 1004164359
-1286 1020538641
-1285 1037154772
-1284 1052736416
-1283 1069880652
-1282 1086546160
-1281 1104296764
-1280 1122100427
-1279 1140162801
-1278 1157650262
-1277 1175288867
-1276 1193669278
-1275 1211953316
-1274 1230291755
-1273 1249833200
-1272 1268592457
-1271 1286834644
-1270 1306244766
-1269 1326309833
-1268 1345745852
-1267 1364910265
-1266 1385135635
-1265 1404571798
-1264 1424106870
-1263 1444762011
-1262 1463879476
-1261 1484435837
-1260 1504664701
-1259 1526514975
-1258 1547704928
-1257 1567665240
-1256 1589004753
-1255 1609737374
-1254 1631323455
-1253 1653101566
-1252 1674541029
-1251 1697996990
-1250 1719361346
-1249 1741536583
-1248 1763128924
-1247 1786289996
-1246 1809470419
-1245 1832472221
-1244 1854333314
-1243 1878615113
-1242 1901493318
-1241 1924914134
-1240 1948365110
-1239 1971943082
-1238 1995547559
-1237 2019382583
-1236 2043702343
-1235 2068150993
-1234 2092025071
-1233 2117861907
-1232 2142124749
-1231 2166613541
-1230 2190788340
-1229 2216647063
-1228 2241146998
-1227 2266752839
-1226 2291746094
-1225 2315123510
-1224 2340871920
-1223 2366616773
-1222 2391773917
-1221 2416755861
-1220 2442856721
-1219 2468984746
-1218 2494285651
-1217 2520077083
-1216 2546513577
-1215 2572281363
-1214 2597892221
-1213 2623801752
-1212 2649809086
-1211 2676552490
-1210 2704113199
-1209 2727702858
-1208 2755812510
-1207 2781210990
-1206 2807668562
-1205 2834138706
-1204 2860043324
-1203 2886337711
-1202 2913404328
-1201 2940973448
-1200 2965569417
-1199 2992091146
-1198 3020111128
-1197 3046060092
-1196 3072394775
-1195 3099029708
-1194 3123659422
-1193 3149982009
-1192 3175944203
-1191 3202267087
-1190 3229433854
-1189 3254995788
-1188 3280071328
-1187 3304799209
-1186 3331458564
-1185 3357241374
-1184 3383304150
-1183 3407908777
-1182 3434357988
-1181 3460250250
-1180 3484180897
-1179 3509877933
-1178 3534108960
-1177 3559576897
-1176 3583260839
-1175 3608390856
-1174 3633372203
-1173 3658170666
-1172 3681414288
-1171 3705640973
-1170 3728659063
-1169 3753983386
-1168 3777731516
-1167 3802323125
-1166 3823969960
-1165 3848527067
-1164 3872072233
-1163 3896320715
-1162 3919871183
-1161 3940182094
-1160 3963340685
-1159 3986921814
-1158 4009890326
-1157 4032235675
-1156 4054027521
-1155 4077611835
-1154 4098915567
-1153 4120810673
-1152 4139876258
-1151 4161626239
-1150 4181905105
-1149 4203271759
-1148 4223877985
-1147 4243439442
-1146 4262929030
-1145 4282661389
-1144 4302217745
-1143 4322288746
-1142 4342244707
-1141 4361332050
-1140 4379530211
-1139 4399151978
-1138 4417650215
-1137 4436054072
-1136 4454030728
-1135 4473782073
-1134 4490440604
-1133 4508235120
-1132 4525209893
-1131 4542246972
-1130 4558861122
-1129 4576768987
-1128 4592930534
-1127 4610870895
-1126 4626207002
-1125 4641317857
-1124 4655907005
-1123 4671154099
-1122 4685670478
-1121 4698753115
-1120 4713627470
-1119 4726528576
-1118 4741923905
-1117 4755375187
-1116 4768637928
-1115 4783073628
-1114 4796289916
-1113 4807650943
-1112 4821308991
-1111 4834170487
-1110 4844588467
-1109 4857839180
-1108 4868255152
-1107 4879721650
-1106 4889357769
-1105 4899573716
-1104 4911966976
-1103 4921051511
-1102 4929671175
-1101 4937355791
-1100 4947077373
-1099 4956850055
-1098 4964890498
-1097 4973751556
-1096 4980993556
-1095 4988664070
-1094 4995162397
-1093 5000799883
-1092 5007562056
-1091 5014523178
-1090 5021018843
-1089 5025234520
-1088 5032186414
-1087 5037298441
-1086 5042978208
-1085 5046819280
-1084 5050293678
-1083 5052441487
-1082 5058427125
-1081 5060102150
-1080 5062804523
-1079 5066893270
-1078 5069689053
-1077 5071499562
-1076 5074868735
-1075 5076679344
-1074 5077837302
-1073 5079991573
-1072 5081069104
-1071 5081169324
-1070 5079625840
-1069 5080925579
-1068 5080398098
-1067 5077726482
-1066 5077128578
-1065 5077119229
-1064 5073672642
-1063 5070576223
-1062 5070357549
-1061 5065713721
-1060 5063240235
-1059 5060722963
-1058 5055555878
-1057 5051578863
-1056 5046596983
-1055 5041662688
-1054 5036527313
-1053 5028738875
-1052 5023046831
-1051 5015960768
-1050 5009298040
-1049 5004714817
-1048 4997090182
-1047 4990471422
-1046 4981198820
-1045 4973952834
-1044 4966284770
-1043 4957932173
-1042 4950418893
-1041 4941802314
-1040 4931558155
-1039 4920268316
-1038 4910293578
-1037 4900345567
-1036 4890465673
-1035 4878662341
-1034 4866961764
-1033 4855333781
-1032 4842342458
-1031 4829866570
-1030 4816737973
-1029 4804559262
-1028 4792809644
-1027 4778429751
-1026 4766455034
-1025 4755773059
-1024 4742554212
-1023 4729404411
-1022 4715656832
-1021 4699392791
-1020 4685948752
-1019 4671515040
-1018 4657452857
-1017 4642394116
-1016 4626873728
-1015 4613120073
-1014 4596773537
-1013 4580782569
-1012 4565327791
-1011 4548338352
-1010 4532130090
-1009 4514466045
-1008 4500343735
-1007 4483392956
-1006 4465874257
-1005 4449836294
-1004 4433241564
-1003 4414844614
-1002 4398008604
-1001 4379814151
-1000 4362310096
-999 4345798624
-998 4326467916
-997 4307116430
-996 4289961612
-995 4271804148
-994 4253473959
-993 4235005097
-992 4214126294
-991 4196184280
-990 4177541841
-989 4157080197
-988 4138070239
-987 4117961973
-986 4098406295
-985 4079224378
-984 4059799246
-983 4037021702
-982 4017807861
-981 3994773663
-980 3975229066
-979 3955554684
-978 3932184008
-977 3910095247
-976 3890253354
-975 3870113334
-974 3847229081
-973 3824831863
-972 3803796662
-971 3782145586
-970 3759395297
-969 3737404167
-968 3716679571
-967 3694490764
-966 3668079203
-965 3647103760
-964 3625105354
-963 3600662004
-962 3580357772
-961 3555970458
-960 3531048687
-959 3508572804
-958 3486187922
-957 3461835841
-956 3439700575
-955 3415544947
-954 3391909066
-953 3370353979
-952 3345507617
-951 3322160085
-950 3298099548
-949 3274227235
-948 3252012398
-947 3226072521
-946 3202359981
-945 3177947501
-944 3154851975
-943 3131036135
-942 3106427021
-941 3082720697
-940 3059444224
-939 3034352938
-938 3011144140
-937 2985704623
-936 2963205569
-935 2939540888
-934 2916744622
-933 2892343051
-932 2870400460
-931 2845962092
-930 2821318876
-929 2797752035
-928 2773655072
-927 2747965045
-926 2725946892
-925 2701308895
-924 2677970327
-923 2653825231
-922 2630519011
-921 2606210165
-920 2581512973
-919 2558589194
-918 2533514041
-917 2511193176
-916 2487042042
-915 2463654275
-914 2440294684
-913 2417648774
-912 2393712681
-911 2370828340
-910 2347501291
-909 2325444360
-908 2302217325
-907 2279746672
-906 2256994643
-905 2234696462
-904 2213340574
-903 2190239973
-902 2168879262
-901 2146806171
-900 2124702539
-899 2101615504
-898 2080452968
-897 2058676272
-896 2038224667
-895 2015880303
-894 1993147122
-893 1972477027
-892 1950689226
-891 1930677426
-890 1908283014
-889 1888379521
-888 1867366171
-887 1844712114
-886 1825182856
-885 1802289949
-884 1782745018
-883 1761721050
-882 1742076502
-881 1721950296
-880 1700806604
-879 1681332485
-878 1661541925
-877 1641303620
-876 1623018892
-875 1602678056
-874 1583469819
-873 1563349939
-872 1544698350
-871 1524792978
-870 1505202783
-869 1486227003
-868 1466458558
-867 1447505655
-866 1430294790
-865 1411773948
-864 1394535870
-863 1376072950
-862 1358053847
-861 1339786124
-860 1321873722
-859 1304414838
-858 1286724116
-857 1268292440
-856 1251265063
-855 1234878574
-854 1217432239
-853 1199845273
-852 1183588356
-851 1166893527
-850 1151187238
-849 1134536423
-848 1118914494
-847 1102914971
-846 1087924553
-845 1071811401
-844 1055831945
-843 1040492645
-842 1025089671
-841 1010653881
-840 995547444
-839 980676618
-838 965659303
-837 950957733
-836 936420276
-835 921413845
-834 907705221
-833 892695470
-832 879220753
-831 865358552
-830 851492143
-829 838211781
-828 824589379
-827 811591019
-826 798607042
-825 785078442
-824 771685820
-823 759847954
-822 745828390
-821 732873199
-820 720903773
-819 708881011
-818 697095962
-817 684601145
-816 672546490
-815 661131676
-814 649750792
-813 637242999
-812 627354160
-811 616121384
-810 605132138
-809 593318792
-808 583839943
-807 573242977
-806 562819911
-805 552498153
-804 542677647
-803 533178372
-802 522630479
-801 513013328
-800 503166668
-799 493525989
-798 483332279
-797 474567193
-796 464880803
-795 456352837
-794 448310108
-793 438566683
-792 430643682
-791 422045172
-790 413578011
-789 405489683
-788 396609738
-787 388534191
-786 380642112
-785 372691539
-784 365452069
-783 357341701
-782 350032453
-781 342683110
-780 335109728
-779 327971705
-778 321151345
-777 313983395
-776 306994607
-775 299760162
-774 293492812
-773 287242886
-772 280456138
-771 274696423
-770 267965424
-769 261937030
-768 255325054
-767 249767545
-766 243883208
-765 237634882
-764 232557987
-763 226688765
-762 221113615
-761 216212679
-760 210853821
-759 205985646
-758 201030162
-757 196428865
-756 191719942
-755 186878562
-754 182219980
-753 178037504
-752 174013514
-751 169223629
-750 164622118
-749 160532821
-748 156358886
-747 152152053
-746 148328831
-745 144379726
-744 140350804
-743 136752943
-742 133190774
-741 129703360
-740 126433270
-739 122757100
-738 119206572
-737 116332249
-736 112773650
-735 109699397
-734 106554681
-733 103268313
-732 100477401
-731 97565293
-730 94743369
-729 91880131
-728 89327024
-727 86622902
-726 83807378
-725 81274880
-724 78862674
-723 76794719
-722 74415562
-721 72025607
-720 70096524
-719 68182731
-718 65910464
-717 64014002
-716 62083083
-715 60254786
-714 58249719
-713 56260056
-712 54486560
-711 52856294
-710 51102982
-709 49228116
-708 47586455
-707 46256253
-706 44571297
-705 43137293
-704 41661546
-703 40233720
-702 38955564
-701 37786361
-700 36183813
-699 34988230
-698 33921729
-697 32489945
-696 31321016
-695 30222046
-694 29257182
-693 28101227
-692 27067934
-691 26021080
-690 24991525
-689 24027169
-688 23257935
-687 22485807
-686 21603891
-685 20656137
-684 19825176
-683 19102444
-682 18141466
-681 17388743
-680 16713451
-679 16128542
-678 15545147
-677 15075811
-676 14275344
-675 13717862
-674 13305125
-673 12728539
-672 12220722
-671 11875831
-670 11319061
-669 10999333
-668 10480774
-667 10006840
-666 9612200
-665 9247225
-664 8908592
-663 8572147
-662 8211214
-661 7851717
-660 7586470
-659 7307674
-658 6911690
-657 6703022
-656 6410823
-655 6213969
-654 5915041
-653 5593977
-652 5317675
-651 5096100
-650 4913778
-649 4608575
-648 4478293
-647 4252291
-646 4142557
-645 3879771
-644 3665105
-643 3524265
-642 3327727
-641 3271050
-640 3056514
-639 2912901
-638 2762151
-637 2563429
-636 2440444
-635 2306446
-634 2178409
-633 2086960
-632 1935912
-631 1831120
-630 1735341
-629 1644599
-628 1545818
-627 1457392
-626 1375795
-625 1311894
-624 1277590
-623 1185439
-622 1122925
-621 1075914
-620 1032561
-619 945426
-618 891835
-617 843332
-616 805802
-615 736758
-614 684271
-613 610153
-612 594146
-611 555496
-610 540563
-609 518988
-608 471161
-607 464156
-606 433282
-605 449761
-604 400856
-603 376370
-602 350435
-601 323343
-600 308946
-599 301178
-598 286667
-597 265981
-596 241451
-595 233073
-594 224343
-593 205839
-592 207685
-591 177217
-590 150438
-589 143442
-588 133684
-587 143502
-586 128722
-585 111016
-584 103510
-583 96040
-582 99308
-581 100762
-580 99937
-579 91408
-578 82609
-577 73600
-576 75114
-575 69239
-574 50921
-573 52942
-572 46085
-571 43048
-570 44185
-569 35518
-568 34498
-567 30490
-566 25452
-565 28962
-564 19724
-563 18710
-562 18750
-561 22759
-560 14869
-559 18583
-558 18631
-557 15703
-556 17948
-555 16519
-554 13840
-553 14905
-552 8423
-551 9773
-550 9176
-549 9716
-548 7698
-547 5088
-546 6409
-545 6109
-544 6851
-543 6454
-542 7056
-541 4258
-540 2947
-539 3356
-538 2996
-537 1621
-536 1625
-535 784
-534 879
-533 299
-532 113
-531 128
-530 114
-529 135
-528 68
-527 274
-526 168
-525 143
-524 218
-523 505
-522 161
