N J h steps 
1000 0.8 1 205000000000
-517 38
-515 32
-514 154
-513 387
-512 505
-511 980
-510 1310
-509 1316
-508 1675
-507 2477
-506 2426
-505 3033
-504 2437
-503 3884
-502 3388
-501 4608
-500 4930
-499 5309
-498 5422
-497 4763
-496 5816
-495 9045
-494 12172
-493 12036
-492 13186
-491 12180
-490 15354
-489 16615
-488 16805
-487 19769
-486 26142
-485 25875
-484 25787
-483 31247
-482 36183
-481 44921
-480 47104
-479 58050
-478 65217
-477 77601
-476 85693
-475 95432
-474 116137
-473 126970
-472 145974
-471 169582
-470 175497
-469 211321
-468 231962
-467 261244
-466 304060
-465 362110
-464 419810
-463 458811
-462 538323
-461 604881
-460 682097
-459 784502
-458 866531
-457 987614
-456 1122040
-455 1251183
-454 1430640
-453 1626942
-452 1827910
-451 2059392
-450 2255247
-449 2529494
-448 2829769
-447 3106821
-446 3458815
-445 3843655
-444 4206237
-443 4722053
-442 5163146
-441 5756840
-440 6309171
-439 6932350
-438 7682076
-437 8403395
-436 9297365
-435 10169761
-434 11218352
-433 12333217
-432 13602129
-431 15005365
-430 16561959
-429 18164954
-428 19799670
-427 21777141
-426 23869672
-425 26255441
-424 28631503
-423 31527801
-422 34298194
-421 37445335
-420 40909424
-419 44466971
-418 48249296
-417 52236159
-416 56810111
-415 61536168
-414 66721266
-413 72235777
-412 77864064
-411 84217719
-410 90892038
-409 98477075
-408 105986300
-407 113838168
-406 122560848
-405 131911251
-404 141661817
-403 152397120
-402 163365350
-401 175078258
-400 187413166
-399 200302063
-398 214635196
-397 229142450
-396 244742776
-395 260789276
-394 278435676
-393 295879875
-392 315333300
-391 335661826
-390 355729219
-389 378057760
-388 401030757
-387 425352762
-386 450604535
-385 477505558
-384 504721505
-383 533776602
-382 563563760
-381 594578631
-380 626279384
-379 660306123
-378 695252168
-377 730511858
-376 766774337
-375 805894401
-374 844327335
-373 885366997
-372 925835920
-371 968141238
-370 1011947218
-369 1055933582
-368 1101569998
-367 1148288146
-366 1195610416
-365 1242812346
-364 1291389639
-363 1341200488
-362 1390213123
-361 1441362199
-360 1491810329
-359 1543524870
-358 1596631164
-357 1648316459
-356 1700082005
-355 1749986185
-354 1802249882
-353 1853840569
-352 1905911888
-351 1955798799
-350 2005721931
-349 2053266713
-348 2103456545
-347 2151232885
-346 2197243380
-345 2243032767
-344 2286619261
-343 2327914887
-342 2368865966
-341 2405834095
-340 2443029935
-339 2480167772
-338 2510420905
-337 2542062929
-336 2570769999
-335 2598168234
-334 2622169070
-333 2642452333
-332 2663682779
-331 2678925469
-330 2693549902
-329 2700735399
-328 2707072086
-327 2711971382
-326 2712308378
-325 2709895232
-324 2706754503
-323 2699889261
-322 2687383441
-321 2674261571
-320 2656648786
-319 2639942121
-318 2615616068
-317 2590705625
-316 2561899274
-315 2530307971
-314 2497688166
-313 2461623842
-312 2423076945
-311 2381695677
-310 2338396532
-309 2293896893
-308 2248959346
-307 2200951831
-306 2151439606
-305 2098389164
-304 2046612139
-303 1991494801
-302 1938245897
-301 1882427801
-300 1825553804
-299 1768583067
-298 1710899974
-297 1653816756
-296 1596794494
-295 1538954919
-294 1481882953
-293 1423631562
-292 1366922177
-291 1309757189
-290 1254870415
-289 1199743994
-288 1145093733
-287 1091769176
-286 1039046784
-285 988373213
-284 938116426
-283 888852383
-282 841181967
-281 796615220
-280 751713282
-279 707722917
-278 666750361
-277 627077706
-276 587780804
-275 550967987
-274 515654845
-273 482484096
-272 449944522
-271 419238929
-270 390041626
-269 363119202
-268 336580565
-267 311821883
-266 288320711
-265 266688650
-264 245032570
-263 225818440
-262 206730564
-261 189434164
-260 173849693
-259 159022801
-258 145359934
-257 132339280
-256 120474021
-255 109634023
-254 99140591
-253 89231298
-252 80892636
-251 72913156
-250 65470579
-249 58787372
-248 52646495
-247 47230705
-246 42275361
-245 37908267
-244 33853917
-243 30429514
-242 27184716
-241 24081477
-240 21139173
-239 18655919
-238 16544581
-237 14528522
-236 12634482
-235 10984838
-234 9629770
-233 8375393
-232 7306674
-231 6368683
-230 5505914
-229 4821970
-228 4188656
-227 3633930
-226 3145205
-225 2614123
-224 2339677
-223 1971464
-222 1681046
-221 1421646
-220 1217138
-219 1020356
-218 834941
-217 690101
-216 596557
-215 481142
-214 395737
-213 332393
-212 285651
-211 229288
-210 179769
-209 145678
-208 115055
-207 96507
-206 69045
-205 71151
-204 41153
-203 40489
-202 32564
-201 18176
-200 17950
-199 10477
-198 6668
-197 6899
-196 7069
-195 3921
-194 2720
-193 1440
-192 1948
-191 1260
-190 1559
-189 232
-188 987
-187 241
-186 7
