N J h steps 
7500 0.821 0 2165000000000
-5520 296
-5518 1662
-5516 1537
-5514 1468
-5512 3527
-5510 3184
-5508 6139
-5506 2836
-5504 4054
-5502 5086
-5500 5389
-5498 6144
-5496 3368
-5494 3428
-5492 1858
-5490 2178
-5488 2731
-5486 3533
-5484 1514
-5482 2085
-5480 2292
-5478 967
-5476 1095
-5474 893
-5472 884
-5470 775
-5468 410
-5466 266
-5464 328
-5462 2196
-5460 818
-5458 1038
-5456 3403
-5454 3317
-5452 5582
-5450 5692
-5448 5048
-5446 2844
-5444 8282
-5442 10505
-5440 10798
-5438 12617
-5436 10297
-5434 42046
-5432 26274
-5430 20514
-5428 28937
-5426 41423
-5424 37659
-5422 42103
-5420 41421
-5418 39511
-5416 30509
-5414 31589
-5412 29555
-5410 34879
-5408 39016
-5406 33060
-5404 31796
-5402 28285
-5400 29263
-5398 28065
-5396 32248
-5394 30209
-5392 23109
-5390 27759
-5388 21648
-5386 27687
-5384 32085
-5382 27094
-5380 34529
-5378 42986
-5376 39809
-5374 34577
-5372 36546
-5370 39927
-5368 29636
-5366 33281
-5364 31338
-5362 33156
-5360 38032
-5358 36280
-5356 33645
-5354 29908
-5352 30919
-5350 34999
-5348 32074
-5346 40945
-5344 38749
-5342 46503
-5340 52371
-5338 58127
-5336 63246
-5334 54962
-5332 47683
-5330 50931
-5328 64294
-5326 74081
-5324 57911
-5322 65109
-5320 57244
-5318 55129
-5316 60116
-5314 59245
-5312 62462
-5310 69007
-5308 59407
-5306 59158
-5304 70901
-5302 73210
-5300 69687
-5298 69059
-5296 56499
-5294 65127
-5292 67869
-5290 76868
-5288 74822
-5286 89891
-5284 93199
-5282 94391
-5280 84707
-5278 67120
-5276 50371
-5274 57066
-5272 44722
-5270 40484
-5268 40462
-5266 42874
-5264 47879
-5262 45893
-5260 39302
-5258 35736
-5256 38617
-5254 42180
-5252 43097
-5250 38845
-5248 39704
-5246 41609
-5244 50497
-5242 52599
-5240 47215
-5238 45029
-5236 52915
-5234 67360
-5232 54065
-5230 51358
-5228 44084
-5226 44159
-5224 43293
-5222 34293
-5220 31681
-5218 35731
-5216 36424
-5214 33437
-5212 30443
-5210 31468
-5208 33703
-5206 35630
-5204 35110
-5202 38201
-5200 36922
-5198 37931
-5196 38133
-5194 43248
-5192 47358
-5190 48124
-5188 44350
-5186 40404
-5184 33807
-5182 33901
-5180 34723
-5178 34980
-5176 37710
-5174 33872
-5172 47575
-5170 39738
-5168 40308
-5166 29923
-5164 29634
-5162 40503
-5160 37753
-5158 40854
-5156 36129
-5154 46159
-5152 41477
-5150 45474
-5148 41813
-5146 50562
-5144 48633
-5142 37687
-5140 37560
-5138 29850
-5136 26438
-5134 50351
-5132 41025
-5130 42200
-5128 35459
-5126 36573
-5124 38339
-5122 41325
-5120 48821
-5118 44301
-5116 48348
-5114 44865
-5112 46098
-5110 35942
-5108 36287
-5106 34066
-5104 43473
-5102 41522
-5100 44765
-5098 51588
-5096 41056
-5094 55978
-5092 42699
-5090 42590
-5088 41344
-5086 52427
-5084 60760
-5082 67155
-5080 105590
-5078 98145
-5076 90940
-5074 101697
-5072 91741
-5070 82152
-5068 105753
-5066 105935
-5064 89038
-5062 96460
-5060 131300
-5058 149719
-5056 160266
-5054 164622
-5052 164963
-5050 131547
-5048 149951
-5046 152183
-5044 186428
-5042 141305
-5040 144089
-5038 123192
-5036 114486
-5034 127665
-5032 136867
-5030 158497
-5028 130794
-5026 147428
-5024 131802
-5022 161029
-5020 167859
-5018 149008
-5016 181202
-5014 183533
-5012 194885
-5010 197321
-5008 214439
-5006 180727
-5004 191127
-5002 162064
-5000 186321
-4998 184922
-4996 176226
-4994 182557
-4992 202649
-4990 181499
-4988 179104
-4986 182519
-4984 164543
-4982 218583
-4980 225788
-4978 198003
-4976 206436
-4974 171460
-4972 197288
-4970 204506
-4968 189403
-4966 179379
-4964 188538
-4962 161518
-4960 149894
-4958 191598
-4956 193583
-4954 185357
-4952 190271
-4950 210659
-4948 277892
-4946 249330
-4944 246240
-4942 237910
-4940 244065
-4938 243823
-4936 241542
-4934 240728
-4932 295571
-4930 317484
-4928 329490
-4926 364922
-4924 364867
-4922 303570
-4920 338683
-4918 346587
-4916 361836
-4914 359736
-4912 361538
-4910 345544
-4908 364029
-4906 376546
-4904 392224
-4902 373277
-4900 374925
-4898 415176
-4896 363008
-4894 359809
-4892 418915
-4890 454139
-4888 440614
-4886 460647
-4884 449942
-4882 430207
-4880 429942
-4878 437648
-4876 491379
-4874 488123
-4872 478616
-4870 485824
-4868 523784
-4866 561685
-4864 581169
-4862 566688
-4860 579534
-4858 610083
-4856 588049
-4854 695086
-4852 662688
-4850 637501
-4848 648774
-4846 658579
-4844 643558
-4842 594195
-4840 611029
-4838 622492
-4836 636363
-4834 683567
-4832 668373
-4830 669722
-4828 704754
-4826 686311
-4824 733027
-4822 675170
-4820 656101
-4818 646007
-4816 673042
-4814 700678
-4812 702023
-4810 712047
-4808 700112
-4806 771217
-4804 791938
-4802 845594
-4800 781752
-4798 759995
-4796 768801
-4794 781883
-4792 805432
-4790 765478
-4788 791219
-4786 808682
-4784 826133
-4782 866484
-4780 868051
-4778 885033
-4776 853061
-4774 867896
-4772 797504
-4770 813015
-4768 802026
-4766 856066
-4764 1009536
-4762 964616
-4760 923791
-4758 866049
-4756 890919
-4754 939969
-4752 910872
-4750 859106
-4748 866566
-4746 836010
-4744 880752
-4742 899761
-4740 925072
-4738 864409
-4736 860235
-4734 886418
-4732 876486
-4730 923980
-4728 877323
-4726 915587
-4724 920111
-4722 898741
-4720 850449
-4718 861447
-4716 878156
-4714 933311
-4712 916329
-4710 881533
-4708 835058
-4706 860151
-4704 891824
-4702 897662
-4700 905692
-4698 961946
-4696 923594
-4694 911869
-4692 928358
-4690 1007310
-4688 962307
-4686 975353
-4684 959588
-4682 933212
-4680 924666
-4678 944579
-4676 961307
-4674 979742
-4672 984136
-4670 1014428
-4668 1066084
-4666 1055581
-4664 1081572
-4662 1085834
-4660 1021104
-4658 1058747
-4656 1088038
-4654 1114631
-4652 1157611
-4650 1184696
-4648 1190042
-4646 1185745
-4644 1185883
-4642 1209191
-4640 1196347
-4638 1179307
-4636 1148788
-4634 1150395
-4632 1198354
-4630 1212996
-4628 1250780
-4626 1230005
-4624 1282061
-4622 1255057
-4620 1241376
-4618 1286325
-4616 1271275
-4614 1294282
-4612 1325241
-4610 1355752
-4608 1374518
-4606 1388861
-4604 1405393
-4602 1355015
-4600 1376605
-4598 1359428
-4596 1451101
-4594 1477071
-4592 1448014
-4590 1484845
-4588 1476443
-4586 1453870
-4584 1475092
-4582 1486413
-4580 1534177
-4578 1634328
-4576 1635980
-4574 1646894
-4572 1726692
-4570 1715416
-4568 1744656
-4566 1741959
-4564 1683648
-4562 1669240
-4560 1657023
-4558 1692501
-4556 1664974
-4554 1659212
-4552 1655011
-4550 1738542
-4548 1692631
-4546 1719425
-4544 1760509
-4542 1788996
-4540 1875950
-4538 1756150
-4536 1785463
-4534 1751056
-4532 1737954
-4530 1796749
-4528 1795911
-4526 1801916
-4524 1838589
-4522 1806904
-4520 1743294
-4518 1822031
-4516 1837378
-4514 1953317
-4512 1978238
-4510 1959756
-4508 1955204
-4506 1968905
-4504 1983770
-4502 2069961
-4500 2066543
-4498 2034188
-4496 2097949
-4494 2232297
-4492 2196401
-4490 2177057
-4488 2144918
-4486 2165179
-4484 2138317
-4482 2246593
-4480 2348085
-4478 2467223
-4476 2454405
-4474 2584723
-4472 2588376
-4470 2654205
-4468 2536009
-4466 2628816
-4464 2626657
-4462 2626922
-4460 2684533
-4458 2630704
-4456 2664902
-4454 2780603
-4452 2796215
-4450 2842148
-4448 2974692
-4446 2862269
-4444 2840744
-4442 2794455
-4440 2811605
-4438 2861040
-4436 2990071
-4434 2867071
-4432 3058202
-4430 3005119
-4428 3043061
-4426 3116659
-4424 3240456
-4422 3239580
-4420 3210603
-4418 3213197
-4416 3263119
-4414 3234302
-4412 3370995
-4410 3265812
-4408 3195515
-4406 3310889
-4404 3264766
-4402 3290962
-4400 3357210
-4398 3417467
-4396 3388463
-4394 3332411
-4392 3496879
-4390 3418039
-4388 3385519
-4386 3418345
-4384 3472756
-4382 3444542
-4380 3455000
-4378 3408243
-4376 3430738
-4374 3480776
-4372 3558445
-4370 3557202
-4368 3470310
-4366 3390102
-4364 3465455
-4362 3518207
-4360 3506981
-4358 3524569
-4356 3561749
-4354 3576602
-4352 3664252
-4350 3611860
-4348 3595035
-4346 3609415
-4344 3640149
-4342 3628451
-4340 3764194
-4338 3798511
-4336 3810181
-4334 3863218
-4332 3812549
-4330 3867169
-4328 3940853
-4326 4059877
-4324 4168666
-4322 4075541
-4320 4161016
-4318 4160100
-4316 4216430
-4314 4223243
-4312 4255286
-4310 4541496
-4308 4538485
-4306 4489976
-4304 4453372
-4302 4414241
-4300 4638476
-4298 4546081
-4296 4455147
-4294 4589042
-4292 4595005
-4290 4562939
-4288 4669296
-4286 4698767
-4284 4726065
-4282 4668129
-4280 4703135
-4278 4829362
-4276 4722821
-4274 4833743
-4272 4873140
-4270 4887408
-4268 4891420
-4266 4942045
-4264 5035307
-4262 5079872
-4260 5172639
-4258 5091962
-4256 5247649
-4254 5232199
-4252 5358284
-4250 5303355
-4248 5494948
-4246 5621365
-4244 5644522
-4242 5750673
-4240 5504865
-4238 5517268
-4236 5575981
-4234 5779471
-4232 5679374
-4230 5853024
-4228 5889229
-4226 5907852
-4224 5991224
-4222 5825823
-4220 5747124
-4218 5793303
-4216 5879027
-4214 5931486
-4212 5923479
-4210 6029872
-4208 5951916
-4206 5965063
-4204 6069817
-4202 5824698
-4200 5830221
-4198 5936238
-4196 5933220
-4194 5915017
-4192 6101835
-4190 6061230
-4188 6152863
-4186 6212066
-4184 6306749
-4182 6310786
-4180 6347520
-4178 6551972
-4176 6491342
-4174 6563501
-4172 6504904
-4170 6599706
-4168 6612251
-4166 6613780
-4164 6510295
-4162 6719600
-4160 6742160
-4158 6864504
-4156 6878650
-4154 6915058
-4152 6870017
-4150 6915266
-4148 7044424
-4146 7070002
-4144 7242114
-4142 7457835
-4140 7359212
-4138 7224016
-4136 7281283
-4134 7310812
-4132 7412795
-4130 7542240
-4128 7454081
-4126 7407676
-4124 7431440
-4122 7428426
-4120 7267457
-4118 7378412
-4116 7340922
-4114 7471622
-4112 7496889
-4110 7752293
-4108 7861660
-4106 7736476
-4104 7686810
-4102 7827085
-4100 7977280
-4098 7893601
-4096 7795697
-4094 7914005
-4092 7926275
-4090 8232875
-4088 8164531
-4086 8130191
-4084 7907100
-4082 7997363
-4080 8057671
-4078 8056475
-4076 8022900
-4074 8130581
-4072 8357811
-4070 8317903
-4068 8211744
-4066 8280276
-4064 8376371
-4062 8512704
-4060 8457253
-4058 8479737
-4056 8582079
-4054 8641585
-4052 8574910
-4050 8611486
-4048 8673787
-4046 8637271
-4044 8613605
-4042 8964140
-4040 8824594
-4038 8858472
-4036 8926962
-4034 8866179
-4032 9040386
-4030 9168797
-4028 9056842
-4026 9078474
-4024 9139963
-4022 9053603
-4020 9098691
-4018 9245353
-4016 9174140
-4014 9307239
-4012 9399430
-4010 9224810
-4008 9405458
-4006 9533492
-4004 9712416
-4002 9824097
-4000 9980878
-3998 10055986
-3996 10134027
-3994 10202106
-3992 10134434
-3990 10292056
-3988 10448916
-3986 10434408
-3984 10446120
-3982 10407791
-3980 10425019
-3978 10425494
-3976 10432010
-3974 10608321
-3972 10702130
-3970 10932205
-3968 11109959
-3966 10979130
-3964 11286823
-3962 11246514
-3960 11179083
-3958 11289352
-3956 11295546
-3954 11363860
-3952 11429957
-3950 11578359
-3948 11682874
-3946 11554815
-3944 11787997
-3942 11855592
-3940 11924023
-3938 12061155
-3936 11932784
-3934 11899491
-3932 11951664
-3930 12035080
-3928 12250203
-3926 12288974
-3924 12049959
-3922 12221604
-3920 12494692
-3918 12442187
-3916 12510982
-3914 12831476
-3912 12522087
-3910 12804360
-3908 12637715
-3906 12755778
-3904 12908305
-3902 13094488
-3900 13038385
-3898 13093541
-3896 13191148
-3894 13248361
-3892 13452752
-3890 13463809
-3888 13521034
-3886 13530832
-3884 13579250
-3882 13571742
-3880 13690272
-3878 13853851
-3876 14091379
-3874 14087117
-3872 13992480
-3870 14235855
-3868 14222178
-3866 14406830
-3864 14258071
-3862 14264481
-3860 14283141
-3858 14307665
-3856 14315362
-3854 14371073
-3852 14168974
-3850 14127142
-3848 14140739
-3846 14121124
-3844 14272663
-3842 14323072
-3840 14471835
-3838 14514358
-3836 14797012
-3834 14804670
-3832 14942380
-3830 14913906
-3828 15194201
-3826 15211960
-3824 15441528
-3822 15172301
-3820 15161445
-3818 15436509
-3816 15804728
-3814 15741399
-3812 15785190
-3810 15783980
-3808 15789737
-3806 16025381
-3804 16083027
-3802 16241255
-3800 16124556
-3798 16304316
-3796 16010877
-3794 16274855
-3792 15966343
-3790 16202791
-3788 16094565
-3786 16179580
-3784 16191245
-3782 16336544
-3780 16412477
-3778 16401054
-3776 16540286
-3774 16603996
-3772 16531254
-3770 16511344
-3768 16393870
-3766 16607218
-3764 16645317
-3762 16868405
-3760 17097264
-3758 17198439
-3756 17217366
-3754 17552689
-3752 17386547
-3750 17577005
-3748 17528117
-3746 17520879
-3744 17446695
-3742 17624182
-3740 18009218
-3738 17801212
-3736 18054175
-3734 18279360
-3732 18133617
-3730 18231174
-3728 18463297
-3726 18499641
-3724 18736088
-3722 18779759
-3720 19025978
-3718 18993620
-3716 19026723
-3714 19131462
-3712 19055695
-3710 19066873
-3708 19411409
-3706 19591228
-3704 19511355
-3702 19588418
-3700 19920726
-3698 20085193
-3696 20176980
-3694 20208162
-3692 20274880
-3690 20309878
-3688 20470434
-3686 20642377
-3684 20483148
-3682 20586715
-3680 20796770
-3678 20853867
-3676 20931595
-3674 21132795
-3672 21284627
-3670 21522833
-3668 21784326
-3666 22029758
-3664 22050106
-3662 22157539
-3660 22360052
-3658 22231436
-3656 22425522
-3654 22757340
-3652 22617774
-3650 22579715
-3648 22778893
-3646 22825103
-3644 22854127
-3642 22867195
-3640 22871371
-3638 23009830
-3636 23176752
-3634 23401609
-3632 23501134
-3630 23665170
-3628 23801509
-3626 23873096
-3624 24065609
-3622 24055641
-3620 24400581
-3618 24523832
-3616 24408242
-3614 24713400
-3612 24977491
-3610 24923462
-3608 24983140
-3606 25339265
-3604 25319066
-3602 25255511
-3600 25424121
-3598 25240870
-3596 25415137
-3594 25570174
-3592 25883658
-3590 26287328
-3588 25816053
-3586 26425278
-3584 26393959
-3582 26343113
-3580 26783032
-3578 26776882
-3576 26803120
-3574 26864962
-3572 27579320
-3570 27592115
-3568 27454687
-3566 27670734
-3564 27881919
-3562 27783990
-3560 28305322
-3558 28360381
-3556 28480333
-3554 28824110
-3552 29164236
-3550 29073235
-3548 29169630
-3546 29337413
-3544 29747070
-3542 29902079
-3540 29996679
-3538 30017677
-3536 30328643
-3534 30475899
-3532 30882696
-3530 30920801
-3528 31408967
-3526 31251371
-3524 31317914
-3522 31535241
-3520 31618262
-3518 31739709
-3516 31947119
-3514 32083761
-3512 32154530
-3510 32246123
-3508 32430534
-3506 32811436
-3504 32889144
-3502 32836563
-3500 33226372
-3498 33037236
-3496 33348155
-3494 33079865
-3492 33317731
-3490 33707381
-3488 33665852
-3486 33611981
-3484 34044001
-3482 34077965
-3480 34480051
-3478 34416562
-3476 34472714
-3474 34668227
-3472 34256048
-3470 34439109
-3468 34655042
-3466 34845050
-3464 35176422
-3462 35180259
-3460 35396293
-3458 35546437
-3456 36076405
-3454 36049188
-3452 35849481
-3450 36073296
-3448 35840045
-3446 35880558
-3444 36350184
-3442 36752328
-3440 37044319
-3438 37052995
-3436 37209995
-3434 37127718
-3432 37398785
-3430 37448456
-3428 37994748
-3426 38010826
-3424 38410780
-3422 38306030
-3420 38522150
-3418 38833196
-3416 39222774
-3414 39196832
-3412 39663160
-3410 39632176
-3408 40068506
-3406 40296038
-3404 40557314
-3402 40929161
-3400 41305851
-3398 41586108
-3396 41638545
-3394 42229703
-3392 42162052
-3390 42379395
-3388 42031843
-3386 42491152
-3384 42496016
-3382 42632548
-3380 42985342
-3378 42754362
-3376 42977129
-3374 42935731
-3372 43055642
-3370 42822068
-3368 42973545
-3366 43187010
-3364 43616330
-3362 43580612
-3360 43671384
-3358 43678799
-3356 44433936
-3354 44635290
-3352 44523436
-3350 44685669
-3348 44998968
-3346 45188862
-3344 45546218
-3342 45559212
-3340 46150520
-3338 46542057
-3336 46245886
-3334 46556380
-3332 46599307
-3330 46693627
-3328 46918038
-3326 47057819
-3324 47245371
-3322 47769386
-3320 47864251
-3318 48004329
-3316 48640504
-3314 48191436
-3312 48460290
-3310 48926104
-3308 49072970
-3306 49311553
-3304 49717667
-3302 50412158
-3300 50203908
-3298 50625142
-3296 50995884
-3294 50541958
-3292 50712098
-3290 50917730
-3288 51475914
-3286 51662897
-3284 52423109
-3282 52403762
-3280 52870014
-3278 52676573
-3276 52959574
-3274 52887391
-3272 52988294
-3270 53544538
-3268 53886498
-3266 53798183
-3264 54005059
-3262 54189052
-3260 54481425
-3258 55083197
-3256 55117846
-3254 54841834
-3252 55068489
-3250 55641923
-3248 55621175
-3246 55879943
-3244 56293371
-3242 56593848
-3240 57156623
-3238 57031314
-3236 57141575
-3234 58146404
-3232 58451688
-3230 58938926
-3228 58760156
-3226 58862258
-3224 59074531
-3222 59158843
-3220 59492098
-3218 59702628
-3216 59095882
-3214 59519965
-3212 60151075
-3210 59936498
-3208 60148415
-3206 60219558
-3204 60438244
-3202 60418070
-3200 60824295
-3198 60867793
-3196 60939128
-3194 61581576
-3192 62047796
-3190 63048254
-3188 63593540
-3186 63440125
-3184 63129918
-3182 63460061
-3180 63343090
-3178 63692025
-3176 63929648
-3174 64111464
-3172 64626446
-3170 64889347
-3168 65299851
-3166 65359447
-3164 65909246
-3162 66641349
-3160 66892822
-3158 66685106
-3156 67723056
-3154 67780577
-3152 67851290
-3150 67900716
-3148 67790026
-3146 68217553
-3144 68110999
-3142 68030001
-3140 68468996
-3138 68678682
-3136 68843001
-3134 69442129
-3132 69686484
-3130 70121924
-3128 70612396
-3126 70931897
-3124 71384781
-3122 71290978
-3120 71816634
-3118 72207934
-3116 72562266
-3114 73088397
-3112 73086459
-3110 73943890
-3108 74124246
-3106 74107833
-3104 74891787
-3102 74947478
-3100 75082324
-3098 75199978
-3096 75287293
-3094 75385074
-3092 75634627
-3090 76179501
-3088 76575833
-3086 76863153
-3084 77149943
-3082 77687452
-3080 77641072
-3078 77853459
-3076 78370506
-3074 78902372
-3072 79069295
-3070 79638643
-3068 80343787
-3066 80179272
-3064 80921623
-3062 81014195
-3060 81357246
-3058 81564363
-3056 81577310
-3054 81809258
-3052 82060371
-3050 82132036
-3048 82550636
-3046 82448888
-3044 82561058
-3042 82622446
-3040 82836179
-3038 83544014
-3036 83472532
-3034 84095208
-3032 84580782
-3030 85406041
-3028 85667793
-3026 85932417
-3024 85953319
-3022 85967071
-3020 86051562
-3018 86141675
-3016 87040493
-3014 86576466
-3012 87166978
-3010 87832345
-3008 87954039
-3006 87740017
-3004 88405619
-3002 88888530
-3000 89153778
-2998 89471639
-2996 90239355
-2994 90422707
-2992 90829245
-2990 91297648
-2988 91524831
-2986 90734063
-2984 90890590
-2982 91260034
-2980 91338714
-2978 91494011
-2976 92571379
-2974 93317983
-2972 93285762
-2970 93771859
-2968 93840919
-2966 93872169
-2964 93906048
-2962 94758646
-2960 94916881
-2958 95526303
-2956 95556584
-2954 95833326
-2952 96271252
-2950 96677278
-2948 97055828
-2946 97164895
-2944 98197650
-2942 98766560
-2940 98822480
-2938 98712677
-2936 98883663
-2934 99621778
-2932 99787327
-2930 100075088
-2928 101179141
-2926 101596989
-2924 102207001
-2922 102573075
-2920 103032203
-2918 103036046
-2916 102985054
-2914 103760839
-2912 104239400
-2910 104282678
-2908 104398916
-2906 104370630
-2904 104716467
-2902 105069387
-2900 105464585
-2898 105882362
-2896 106434147
-2894 106438945
-2892 106554808
-2890 107408225
-2888 108211794
-2886 107990307
-2884 108863168
-2882 109057003
-2880 109362994
-2878 109706270
-2876 110432992
-2874 110803078
-2872 110655438
-2870 111091195
-2868 111705351
-2866 111701789
-2864 111495493
-2862 111947770
-2860 112742495
-2858 113461315
-2856 113511263
-2854 113414377
-2852 114735610
-2850 115147669
-2848 115175382
-2846 115292463
-2844 116042400
-2842 115783660
-2840 116106144
-2838 116708322
-2836 116887608
-2834 117330746
-2832 117664197
-2830 117988813
-2828 118354718
-2826 119228918
-2824 119485072
-2822 119649918
-2820 119949497
-2818 120336368
-2816 120887762
-2814 121351414
-2812 121756969
-2810 122064087
-2808 123415162
-2806 123618062
-2804 123617190
-2802 123398348
-2800 123704416
-2798 124534045
-2796 125250145
-2794 125874985
-2792 125672740
-2790 126243044
-2788 126766645
-2786 127613561
-2784 128221936
-2782 128165323
-2780 129437537
-2778 129897889
-2776 130623349
-2774 130850727
-2772 131277833
-2770 131469814
-2768 132006576
-2766 132580649
-2764 132662245
-2762 134083546
-2760 134336738
-2758 135065961
-2756 135148705
-2754 136297111
-2752 135835704
-2750 136184652
-2748 137220956
-2746 137426409
-2744 138220141
-2742 137739464
-2740 137784353
-2738 138438324
-2736 138329590
-2734 138315854
-2732 139146530
-2730 139946551
-2728 140434368
-2726 140159195
-2724 141011150
-2722 142163679
-2720 142616661
-2718 143136599
-2716 143246254
-2714 144252852
-2712 144258101
-2710 144867384
-2708 145611901
-2706 145544957
-2704 145783891
-2702 146759153
-2700 147638277
-2698 147369176
-2696 148538507
-2694 148569665
-2692 149509749
-2690 149976435
-2688 149932217
-2686 149916922
-2684 150791669
-2682 150939661
-2680 151469654
-2678 151859477
-2676 152219388
-2674 153215417
-2672 153337189
-2670 153970329
-2668 154277146
-2666 154158368
-2664 154707399
-2662 155795613
-2660 156232611
-2658 156371966
-2656 156891560
-2654 157032626
-2652 157347482
-2650 158043775
-2648 158429774
-2646 158985452
-2644 159405219
-2642 159611869
-2640 159906237
-2638 160660345
-2636 161532378
-2634 161384401
-2632 161862614
-2630 162584529
-2628 163127254
-2626 163208168
-2624 163406606
-2622 164415338
-2620 164469833
-2618 165495336
-2616 165781180
-2614 166987618
-2612 167504900
-2610 168010818
-2608 168818480
-2606 169053002
-2604 169396085
-2602 169836231
-2600 170215298
-2598 171017284
-2596 171857227
-2594 171678028
-2592 171929576
-2590 172294726
-2588 172388303
-2586 172609174
-2584 173813625
-2582 174718878
-2580 175275302
-2578 175467880
-2576 176733009
-2574 177285119
-2572 177953271
-2570 178887954
-2568 178670923
-2566 179636811
-2564 180039713
-2562 179992855
-2560 180658019
-2558 181014569
-2556 181758364
-2554 182367615
-2552 182413067
-2550 183116838
-2548 183774763
-2546 185008861
-2544 185011794
-2542 185368148
-2540 185951484
-2538 186049883
-2536 185832544
-2534 186682458
-2532 186976943
-2530 188152530
-2528 188516151
-2526 188462697
-2524 189275098
-2522 189149899
-2520 190329457
-2518 190911665
-2516 192010034
-2514 191610263
-2512 192457750
-2510 192880502
-2508 193875022
-2506 194826597
-2504 195531316
-2502 195849053
-2500 197027932
-2498 197159072
-2496 197715564
-2494 198451719
-2492 198671094
-2490 199771110
-2488 199719484
-2486 200190488
-2484 201240035
-2482 201315121
-2480 201693552
-2478 202311350
-2476 203278608
-2474 203618095
-2472 204210376
-2470 205519854
-2468 206510797
-2466 206355074
-2464 206625826
-2462 207102721
-2460 208390974
-2458 208859392
-2456 209378551
-2454 210369582
-2452 211374877
-2450 210967937
-2448 211869240
-2446 212991037
-2444 213655494
-2442 214325795
-2440 213972725
-2438 215241043
-2436 216025685
-2434 217031953
-2432 217551054
-2430 217747867
-2428 218079925
-2426 218875251
-2424 219448555
-2422 220644871
-2420 221709035
-2418 222211176
-2416 222739074
-2414 224290786
-2412 223883370
-2410 224422592
-2408 225285272
-2406 226063840
-2404 227569248
-2402 228608833
-2400 229236932
-2398 230170967
-2396 230103374
-2394 230478832
-2392 231809026
-2390 232675098
-2388 233400499
-2386 233821812
-2384 234757837
-2382 235570949
-2380 236402988
-2378 236860798
-2376 236803788
-2374 238049454
-2372 238632588
-2370 239743327
-2368 240230272
-2366 241093516
-2364 241914913
-2362 242002089
-2360 242153796
-2358 242607689
-2356 243434924
-2354 244542466
-2352 244812116
-2350 245938063
-2348 246591509
-2346 247275743
-2344 248203851
-2342 248691151
-2340 249628482
-2338 252296147
-2336 252117386
-2334 252923600
-2332 253564897
-2330 253914625
-2328 254679259
-2326 255444319
-2324 255664380
-2322 256316681
-2320 257791097
-2318 258774837
-2316 259609742
-2314 259559880
-2312 260963094
-2310 262197856
-2308 263008649
-2306 263578532
-2304 263658949
-2302 263405163
-2300 264967646
-2298 265801438
-2296 266295013
-2294 268456436
-2292 268982347
-2290 270097227
-2288 270748310
-2286 271990812
-2284 273198300
-2282 274551369
-2280 274971461
-2278 275700758
-2276 277374348
-2274 277082036
-2272 277890548
-2270 278744729
-2268 279676824
-2266 282172874
-2264 281536816
-2262 283728281
-2260 283900548
-2258 285238159
-2256 286428677
-2254 287417806
-2252 287993461
-2250 288667561
-2248 289090854
-2246 289666424
-2244 290847048
-2242 291010494
-2240 292059846
-2238 293292835
-2236 293351844
-2234 294218732
-2232 295632135
-2230 296189420
-2228 297948896
-2226 298438747
-2224 299058423
-2222 300193197
-2220 300867549
-2218 302086556
-2216 303206788
-2214 304891017
-2212 305069483
-2210 305815646
-2208 308830989
-2206 309019054
-2204 309805793
-2202 309993712
-2200 310446570
-2198 310761572
-2196 311326517
-2194 311354063
-2192 312668900
-2190 312508182
-2188 313128741
-2186 314248776
-2184 315220020
-2182 315178719
-2180 316562563
-2178 317655087
-2176 318952648
-2174 319857684
-2172 319878541
-2170 320690728
-2168 321371740
-2166 322463972
-2164 322730399
-2162 324548740
-2160 326027665
-2158 326145488
-2156 326470221
-2154 326108780
-2152 327893906
-2150 328108804
-2148 329069115
-2146 329099050
-2144 330535098
-2142 331323237
-2140 331558041
-2138 332395537
-2136 332953468
-2134 334129716
-2132 334827712
-2130 335389853
-2128 336554829
-2126 337441123
-2124 339071024
-2122 340949716
-2120 340707254
-2118 341991785
-2116 344211633
-2114 345142785
-2112 345383465
-2110 345651679
-2108 347058234
-2106 348184363
-2104 348392662
-2102 349423693
-2100 350878547
-2098 352617452
-2096 352130054
-2094 352918640
-2092 352988971
-2090 354389964
-2088 355027795
-2086 355111242
-2084 356836766
-2082 357912241
-2080 358922305
-2078 359582187
-2076 360617783
-2074 361147707
-2072 361882823
-2070 363701600
-2068 364162000
-2066 364688762
-2064 364744591
-2062 367028211
-2060 367101373
-2058 368091545
-2056 368114763
-2054 368618495
-2052 369515442
-2050 370377764
-2048 370691309
-2046 372043844
-2044 372189191
-2042 374066877
-2040 375368438
-2038 375270088
-2036 376667770
-2034 376851560
-2032 378986877
-2030 379140360
-2028 379981128
-2026 380506816
-2024 381203581
-2022 382385900
-2020 384218882
-2018 384361265
-2016 385244850
-2014 386417815
-2012 386977105
-2010 387056981
-2008 386987666
-2006 387881548
-2004 390315661
-2002 390728520
-2000 390987772
-1998 392301850
-1996 393563679
-1994 393238373
-1992 394946204
-1990 396394490
-1988 396916409
-1986 397437926
-1984 398574360
-1982 399586598
-1980 401003176
-1978 401149431
-1976 401908712
-1974 403436054
-1972 402600082
-1970 403780896
-1968 405042947
-1966 407299715
-1964 407704610
-1962 408879525
-1960 409817640
-1958 411378150
-1956 412475187
-1954 414199607
-1952 413835290
-1950 414378520
-1948 415949434
-1946 418110405
-1944 418352932
-1942 420778097
-1940 419756383
-1938 419676956
-1936 421698755
-1934 422312474
-1932 423314612
-1930 425124246
-1928 425602760
-1926 426628797
-1924 426376998
-1922 426759181
-1920 428970640
-1918 428901689
-1916 430106061
-1914 430998981
-1912 431769734
-1910 432683101
-1908 434120350
-1906 435292261
-1904 436164701
-1902 438261136
-1900 439121914
-1898 439202367
-1896 440597143
-1894 440900871
-1892 440918878
-1890 441629351
-1888 443038590
-1886 444239880
-1884 444235912
-1882 444688056
-1880 445666519
-1878 446728516
-1876 448749198
-1874 450945072
-1872 452036539
-1870 453351212
-1868 454647077
-1866 455394032
-1864 456657406
-1862 457929150
-1860 459342039
-1858 459708004
-1856 461133502
-1854 462187806
-1852 462603733
-1850 463907222
-1848 465290940
-1846 465394377
-1844 467307597
-1842 468536153
-1840 468257669
-1838 468853439
-1836 470188709
-1834 470498956
-1832 471595525
-1830 472002380
-1828 472882712
-1826 473027260
-1824 473437553
-1822 476001560
-1820 477979662
-1818 477906620
-1816 478518014
-1814 479385566
-1812 480693012
-1810 482267668
-1808 483286875
-1806 485323449
-1804 486598419
-1802 488115158
-1800 488907403
-1798 488788851
-1796 490846433
-1794 492296914
-1792 493677308
-1790 493653325
-1788 495276613
-1786 495078915
-1784 495856331
-1782 498749093
-1780 500519207
-1778 502587503
-1776 502301728
-1774 503449726
-1772 504662748
-1770 507321657
-1768 509028681
-1766 509949796
-1764 510509074
-1762 513026804
-1760 514875737
-1758 515522537
-1756 515063966
-1754 515936712
-1752 516998663
-1750 517470742
-1748 518253979
-1746 520310970
-1744 521530696
-1742 522095357
-1740 523452308
-1738 524739712
-1736 524682494
-1734 525686887
-1732 528697712
-1730 530297959
-1728 530984203
-1726 530770262
-1724 533515822
-1722 534096151
-1720 536603309
-1718 538249269
-1716 540027791
-1714 541269028
-1712 542071581
-1710 542910137
-1708 542491474
-1706 541621156
-1704 543589240
-1702 545215775
-1700 545430749
-1698 546470768
-1696 548362779
-1694 549425996
-1692 551272093
-1690 551159924
-1688 552493859
-1686 552838402
-1684 553788968
-1682 555404798
-1680 556031061
-1678 557031439
-1676 558537505
-1674 559634914
-1672 560201660
-1670 561352037
-1668 562271449
-1666 563545916
-1664 563072343
-1662 564783983
-1660 565960050
-1658 567489016
-1656 569924442
-1654 571679964
-1652 572909665
-1650 574688785
-1648 575626442
-1646 576340647
-1644 577547119
-1642 580558563
-1640 580925165
-1638 582250662
-1636 582465124
-1634 583611341
-1632 583431288
-1630 584589683
-1628 586293954
-1626 588361426
-1624 589126430
-1622 590393780
-1620 589676306
-1618 591244198
-1616 592399160
-1614 592684018
-1612 593522096
-1610 595902824
-1608 597274697
-1606 598283294
-1604 599142416
-1602 600809988
-1600 600875568
-1598 601367067
-1596 603218431
-1594 604275675
-1592 604824719
-1590 607179377
-1588 606736676
-1586 608061936
-1584 610217239
-1582 610924199
-1580 612903797
-1578 613639380
-1576 614871978
-1574 616781689
-1572 616022803
-1570 619066008
-1568 618091875
-1566 621768172
-1564 621986738
-1562 623133988
-1560 624958786
-1558 626040084
-1556 628509968
-1554 629205741
-1552 630461854
-1550 632691614
-1548 632023252
-1546 634511011
-1544 635451191
-1542 636746271
-1540 637722484
-1538 637699656
-1536 639170703
-1534 641401763
-1532 642066070
-1530 642161057
-1528 644011413
-1526 646230932
-1524 646723456
-1522 647509568
-1520 648188820
-1518 650437024
-1516 651165359
-1514 653517089
-1512 653356411
-1510 654542567
-1508 655376697
-1506 656058828
-1504 658974915
-1502 659174377
-1500 659690728
-1498 660754034
-1496 661914575
-1494 663149040
-1492 663784843
-1490 667114101
-1488 668368522
-1486 671378050
-1484 671644159
-1482 672837094
-1480 674088390
-1478 676502330
-1476 676937152
-1474 678224458
-1472 680313280
-1470 680295616
-1468 681208556
-1466 681885437
-1464 684175695
-1462 686731919
-1460 687156628
-1458 687291809
-1456 688103451
-1454 689327120
-1452 692003258
-1450 693820840
-1448 696852665
-1446 696452476
-1444 698744083
-1442 698636887
-1440 699957274
-1438 701263410
-1436 701010312
-1434 702261521
-1432 703449021
-1430 704567629
-1428 706275419
-1426 708004798
-1424 710067872
-1422 710955028
-1420 713390088
-1418 715613659
-1416 715950971
-1414 718843144
-1412 717337228
-1410 721244090
-1408 722755026
-1406 723517644
-1404 726118285
-1402 728119614
-1400 730115757
-1398 733220864
-1396 733926521
-1394 735192372
-1392 736393366
-1390 738810863
-1388 739472834
-1386 741601427
-1384 743618741
-1382 745102151
-1380 745428181
-1378 746491315
-1376 747586553
-1374 748650986
-1372 751147814
-1370 750908669
-1368 752227920
-1366 753907846
-1364 754568507
-1362 755315710
-1360 757078459
-1358 758576246
-1356 758985506
-1354 762158869
-1352 762683918
-1350 763869452
-1348 764541943
-1346 765204942
-1344 766535302
-1342 766948317
-1340 767836234
-1338 771138038
-1336 772584088
-1334 773873810
-1332 775564143
-1330 775515102
-1328 777065993
-1326 779315705
-1324 780268610
-1322 781526258
-1320 782097885
-1318 782510640
-1316 784655161
-1314 785442157
-1312 787540672
-1310 789560435
-1308 789838172
-1306 790924034
-1304 793422522
-1302 794230674
-1300 795452927
-1298 796408492
-1296 797814210
-1294 798949338
-1292 799099551
-1290 801951086
-1288 804064705
-1286 804753223
-1284 806272876
-1282 807101530
-1280 807703109
-1278 808724735
-1276 810515213
-1274 810566294
-1272 812750272
-1270 814084069
-1268 813842886
-1266 815244703
-1264 816121652
-1262 817260744
-1260 818107859
-1258 820024271
-1256 821155532
-1254 822664906
-1252 823085206
-1250 825069909
-1248 825317235
-1246 825672023
-1244 826478640
-1242 826999266
-1240 828310363
-1238 828468642
-1236 830354629
-1234 833802990
-1232 833995545
-1230 834742346
-1228 836566022
-1226 838372678
-1224 839548666
-1222 839765577
-1220 840320899
-1218 840555932
-1216 842042747
-1214 843668797
-1212 844618202
-1210 844606986
-1208 845798520
-1206 848143552
-1204 850796776
-1202 850722835
-1200 850902932
-1198 851707822
-1196 853326173
-1194 856459662
-1192 856361598
-1190 856755406
-1188 858174601
-1186 859205409
-1184 859975080
-1182 862008036
-1180 861608650
-1178 862386314
-1176 864917801
-1174 865768206
-1172 866219361
-1170 868519077
-1168 870299146
-1166 870997899
-1164 871663824
-1162 873933021
-1160 875837676
-1158 874948312
-1156 877463415
-1154 878405239
-1152 879055247
-1150 881487676
-1148 881020588
-1146 881320102
-1144 884663358
-1142 886032953
-1140 884755155
-1138 886889116
-1136 888077907
-1134 889500386
-1132 889275335
-1130 891416846
-1128 893770253
-1126 894663198
-1124 895702176
-1122 898147255
-1120 898683772
-1118 898936022
-1116 901336103
-1114 904916293
-1112 905409932
-1110 907705951
-1108 907424063
-1106 908561543
-1104 909195047
-1102 909734716
-1100 911081744
-1098 911904327
-1096 911752917
-1094 913119598
-1092 913586348
-1090 914777096
-1088 916737637
-1086 919168510
-1084 920792285
-1082 920879286
-1080 924035780
-1078 925002524
-1076 924700693
-1074 926571372
-1072 928302424
-1070 929693016
-1068 929922225
-1066 931411577
-1064 931966765
-1062 933718522
-1060 933100963
-1058 936352588
-1056 937585764
-1054 939076981
-1052 939996065
-1050 941381252
-1048 943858737
-1046 946094562
-1044 945091575
-1042 946058503
-1040 945204222
-1038 946309184
-1036 947530077
-1034 949015302
-1032 950650383
-1030 950967199
-1028 952800335
-1026 954390839
-1024 954754350
-1022 955542513
-1020 955912707
-1018 957664589
-1016 957852499
-1014 958784946
-1012 960741634
-1010 961344841
-1008 963749993
-1006 966310540
-1004 966534229
-1002 967987086
-1000 969767510
-998 970776302
-996 970574062
-994 973302180
-992 975053162
-990 976089786
-988 978360876
-986 980583824
-984 978889036
-982 981217449
-980 983810746
-978 984423195
-976 986070698
-974 987181156
-972 988056828
-970 986839125
-968 988557933
-966 991017242
-964 991573845
-962 993370499
-960 994576121
-958 996801547
-956 996396071
-954 997219171
-952 998006204
-950 999368116
-948 999299699
-946 1001880254
-944 1001434390
-942 1004172726
-940 1005707673
-938 1005619323
-936 1008026466
-934 1009602709
-932 1009415808
-930 1011701621
-928 1013350740
-926 1016373725
-924 1016934058
-922 1018637274
-920 1020320106
-918 1021856066
-916 1024175099
-914 1025238862
-912 1026189482
-910 1026746347
-908 1027644801
-906 1027961016
-904 1030841327
-902 1030376216
-900 1030765680
-898 1033440958
-896 1034038952
-894 1034540594
-892 1037193979
-890 1039148909
-888 1039069028
-886 1040261308
-884 1040973690
-882 1042530989
-880 1044139027
-878 1046633492
-876 1047432055
-874 1048498980
-872 1048887542
-870 1051034229
-868 1051344402
-866 1053910072
-864 1054249427
-862 1055314970
-860 1057349702
-858 1059599479
-856 1059801067
-854 1061377154
-852 1062225711
-850 1062516408
-848 1061605411
-846 1064639371
-844 1063887318
-842 1065757728
-840 1066197748
-838 1068213095
-836 1068066947
-834 1068226473
-832 1070501599
-830 1070184751
-828 1069078414
-826 1071974866
-824 1075589894
-822 1076881760
-820 1077688698
-818 1079513339
-816 1081492082
-814 1081893000
-812 1083056218
-810 1084919459
-808 1085591424
-806 1088155977
-804 1087439444
-802 1088244039
-800 1088674137
-798 1088407346
-796 1090913478
-794 1091997978
-792 1092417394
-790 1091938356
-788 1095388370
-786 1097912818
-784 1100128772
-782 1100905225
-780 1101228805
-778 1103558159
-776 1103541103
-774 1105961711
-772 1105636149
-770 1107102468
-768 1109353540
-766 1110085115
-764 1111463750
-762 1112416626
-760 1112865536
-758 1114771212
-756 1115559573
-754 1118445830
-752 1118712550
-750 1120278412
-748 1120847289
-746 1121368002
-744 1121937042
-742 1121727057
-740 1121774862
-738 1123232670
-736 1125144955
-734 1127347504
-732 1127966274
-730 1128200100
-728 1131188975
-726 1130048959
-724 1130721440
-722 1130858900
-720 1134198966
-718 1132737958
-716 1133388657
-714 1133615776
-712 1136941277
-710 1140618159
-708 1141056713
-706 1140592447
-704 1141218135
-702 1143014474
-700 1143928639
-698 1146516109
-696 1147609340
-694 1149092077
-692 1151037573
-690 1151928923
-688 1154146885
-686 1155209664
-684 1159044228
-682 1159349935
-680 1159882363
-678 1162655385
-676 1164100781
-674 1162658428
-672 1163427251
-670 1164538561
-668 1166168828
-666 1164258691
-664 1165081509
-662 1168534223
-660 1169802012
-658 1169853559
-656 1171507484
-654 1172275303
-652 1172746418
-650 1173140396
-648 1173930077
-646 1173207439
-644 1174794560
-642 1176098097
-640 1178527692
-638 1179199014
-636 1180518513
-634 1180562704
-632 1180631354
-630 1182103617
-628 1181160470
-626 1182504098
-624 1183043397
-622 1182724343
-620 1183692405
-618 1185138768
-616 1184370832
-614 1185495970
-612 1187949714
-610 1189479686
-608 1190710533
-606 1189825151
-604 1191769199
-602 1194081708
-600 1195921160
-598 1195102689
-596 1196017985
-594 1198751957
-592 1200319394
-590 1201569672
-588 1201816611
-586 1203047613
-584 1204642080
-582 1202649892
-580 1204104029
-578 1205544145
-576 1204589273
-574 1205335733
-572 1205100420
-570 1207665965
-568 1210987858
-566 1212417189
-564 1213531717
-562 1214153909
-560 1213952445
-558 1215911706
-556 1216367033
-554 1217407035
-552 1218619777
-550 1219365863
-548 1220449835
-546 1222811688
-544 1221891690
-542 1223000143
-540 1223692456
-538 1223228488
-536 1224449189
-534 1227026394
-532 1227019256
-530 1228139280
-528 1228240293
-526 1231017522
-524 1231302935
-522 1231969077
-520 1231782259
-518 1232663350
-516 1234012178
-514 1237252930
-512 1237285830
-510 1239474507
-508 1238672579
-506 1239692490
-504 1239620709
-502 1240807739
-500 1240329423
-498 1242437078
-496 1242940570
-494 1243761185
-492 1244499430
-490 1244416120
-488 1245488244
-486 1243900019
-484 1247012002
-482 1248183842
-480 1249521819
-478 1251944152
-476 1251930792
-474 1251435643
-472 1250466308
-470 1252870746
-468 1253157081
-466 1252397740
-464 1251497050
-462 1254442744
-460 1254977075
-458 1255719925
-456 1257277572
-454 1256915442
-452 1257858098
-450 1260100025
-448 1261042567
-446 1260279902
-444 1261642058
-442 1264994228
-440 1264938183
-438 1265493536
-436 1266198373
-434 1265830425
-432 1266656157
-430 1266799532
-428 1267759406
-426 1269542083
-424 1270406175
-422 1272422757
-420 1273179726
-418 1272819013
-416 1272482277
-414 1274664675
-412 1275966123
-410 1278490255
-408 1279348506
-406 1282415736
-404 1281349807
-402 1282422616
-400 1282151068
-398 1282503872
-396 1282230921
-394 1284754086
-392 1284110875
-390 1285145839
-388 1282668543
-386 1280631070
-384 1282212282
-382 1282064540
-380 1283903048
-378 1285526847
-376 1284296659
-374 1284487580
-372 1285183572
-370 1286063254
-368 1287336463
-366 1288844307
-364 1287335593
-362 1290108607
-360 1290013538
-358 1289837967
-356 1289887063
-354 1289768745
-352 1290719406
-350 1291612371
-348 1292940496
-346 1292252415
-344 1293718910
-342 1293855421
-340 1293024313
-338 1294110092
-336 1294708694
-334 1296123330
-332 1296629504
-330 1296935367
-328 1299086542
-326 1301419964
-324 1301132248
-322 1301223216
-320 1302266305
-318 1302852541
-316 1301675241
-314 1302495348
-312 1305002267
-310 1303487343
-308 1302489028
-306 1302353553
-304 1302326470
-302 1302969920
-300 1301929338
-298 1301997629
-296 1303470195
-294 1300638912
-292 1302247505
-290 1303411900
-288 1303148589
-286 1304327259
-284 1304416667
-282 1305347074
-280 1307035301
-278 1308759753
-276 1309882923
-274 1312741068
-272 1312878608
-270 1311132862
-268 1309893403
-266 1309053128
-264 1309444798
-262 1309352881
-260 1308164620
-258 1308818347
-256 1309844418
-254 1309846948
-252 1311844024
-250 1314198100
-248 1313076762
-246 1313321300
-244 1312991826
-242 1314916806
-240 1315549289
-238 1315348882
-236 1315830096
-234 1316977027
-232 1315411464
-230 1316020030
-228 1317236368
-226 1317948321
-224 1317187744
-222 1318847831
-220 1318961022
-218 1318849577
-216 1320064608
-214 1320205534
-212 1320717400
-210 1320593327
-208 1320855669
-206 1321166373
-204 1322212854
-202 1322096021
-200 1322701485
-198 1322357625
-196 1324261374
-194 1323888590
-192 1323845035
-190 1323036446
-188 1325225192
-186 1324553389
-184 1326999952
-182 1328355930
-180 1328145343
-178 1328567818
-176 1328106326
-174 1329490835
-172 1331073519
-170 1331704661
-168 1331239512
-166 1330820994
-164 1332525097
-162 1332723025
-160 1332376136
-158 1331291073
-156 1331330520
-154 1331454098
-152 1332164627
-150 1332902184
-148 1332275823
-146 1334766141
-144 1335415500
-142 1336479479
-140 1336915258
-138 1335154613
-136 1335193774
-134 1334432361
-132 1335418108
-130 1335038728
-128 1336353278
-126 1337179452
-124 1338523523
-122 1337302901
-120 1338835922
-118 1339567805
-116 1337489884
-114 1338397867
-112 1339458081
-110 1340706627
-108 1341979156
-106 1341741464
-104 1340888261
-102 1343111497
-100 1339738604
-98 1337316384
-96 1340327491
-94 1339354756
-92 1339461470
-90 1339707936
-88 1340694253
-86 1340115296
-84 1340005346
-82 1338799494
-80 1340745434
-78 1341972725
-76 1342468432
-74 1342817524
-72 1343569588
-70 1343631490
-68 1343838642
-66 1344871529
-64 1345257026
-62 1345339074
-60 1345769507
-58 1344629107
-56 1346056610
-54 1346859290
-52 1347817657
-50 1347353052
-48 1347866179
-46 1350970961
-44 1350866791
-42 1354441311
-40 1352717423
-38 1350728009
-36 1352641980
-34 1351936269
-32 1353457526
-30 1352597891
-28 1352709107
-26 1351773924
-24 1353812744
-22 1353380719
-20 1352271704
-18 1353480862
-16 1354569782
-14 1355232727
-12 1353769461
-10 1356335589
-8 1355644497
-6 1357167052
-4 1357125238
-2 1355717680
0 1357247682
2 1356418565
4 1357089407
6 1356930613
8 1355609419
10 1355540497
12 1354511840
14 1356945825
16 1356175245
18 1356334680
20 1357481190
22 1356344810
24 1356674655
26 1355379033
28 1356029379
30 1356681864
32 1358176762
34 1357532906
36 1357416066
38 1357146371
40 1357961844
42 1359012375
44 1359240095
46 1359560252
48 1360938501
50 1358970878
52 1360137654
54 1358966486
56 1357665990
58 1357758393
60 1359124705
62 1359343325
64 1358662356
66 1357840929
68 1358838593
70 1358786253
72 1359816182
74 1358512986
76 1361792210
78 1361175432
80 1360869493
82 1360173397
84 1359497191
86 1359313762
88 1359884437
90 1358320681
92 1358053765
94 1357721721
96 1354851280
98 1355256897
100 1355973723
102 1354734115
104 1354342547
106 1354668181
108 1353380744
110 1353592328
112 1353888237
114 1354320699
116 1354404352
118 1356459667
120 1357141100
122 1354379660
124 1353934161
126 1355909107
128 1354982139
130 1355229488
132 1352851176
134 1354149920
136 1354951961
138 1353600928
140 1353268909
142 1353813878
144 1350222192
146 1351266260
148 1350543851
150 1349129248
152 1349662581
154 1350650132
156 1350344483
158 1347874487
160 1348009532
162 1349552577
164 1349890740
166 1350391711
168 1351690076
170 1350118407
172 1350733590
174 1351747499
176 1351739453
178 1351086652
180 1351501870
182 1352135555
184 1350466339
186 1351345755
188 1354223985
190 1351910922
192 1352251437
194 1352564653
196 1351916776
198 1348434485
200 1349649731
202 1348653773
204 1348223332
206 1347476614
208 1344848182
210 1344195037
212 1344259951
214 1344967744
216 1345070630
218 1344697859
220 1343650814
222 1344114095
224 1342689472
226 1342261966
228 1340976018
230 1340082830
232 1339961042
234 1337254626
236 1338720331
238 1337536749
240 1335563098
242 1336507506
244 1335342205
246 1333976565
248 1334160336
250 1332776293
252 1332477491
254 1331623304
256 1330420123
258 1331261134
260 1329591617
262 1330689472
264 1331088702
266 1329852849
268 1330525475
270 1329569380
272 1327552786
274 1329114504
276 1328142877
278 1327855426
280 1326826675
282 1325999053
284 1324947019
286 1324687661
288 1326306167
290 1324889775
292 1324494004
294 1326595065
296 1326415626
298 1325541840
300 1323433451
302 1323504283
304 1321068629
306 1323439336
308 1324483190
310 1322670475
312 1319721441
314 1319588254
316 1319623153
318 1320780908
320 1318062255
322 1318489014
324 1315885889
326 1316525015
328 1317860683
330 1315987337
332 1316657228
334 1316340096
336 1315453149
338 1314041129
340 1312420328
342 1314190791
344 1313103330
346 1313128723
348 1310669000
350 1309121330
352 1310103436
354 1308729213
356 1308941286
358 1308733871
360 1308301528
362 1307313587
364 1307050088
366 1307902691
368 1306416149
370 1306131621
372 1306084295
374 1305388390
376 1303544842
378 1302253514
380 1302219955
382 1302101580
384 1301175392
386 1300891048
388 1300862110
390 1299850656
392 1299356381
394 1298662765
396 1297529986
398 1295296976
400 1294653975
402 1293748294
404 1291451404
406 1288030913
408 1290592320
410 1288783401
412 1289958267
414 1289880720
416 1287757937
418 1288830355
420 1288774639
422 1287679307
424 1286100242
426 1286327705
428 1285559870
430 1284680672
432 1283505325
434 1283243171
436 1283020116
438 1281766241
440 1278479217
442 1277696735
444 1277655404
446 1278316215
448 1279877934
450 1278409772
452 1277402261
454 1276456391
456 1275381178
458 1275934515
460 1273307565
462 1272117808
464 1272498023
466 1272219091
468 1271009460
470 1270848860
472 1269476162
474 1270933722
476 1269766424
478 1267086338
480 1268573118
482 1269232419
484 1267089047
486 1267010001
488 1267189649
490 1268533718
492 1267789523
494 1266584688
496 1266997705
498 1263429677
500 1261221458
502 1260550750
504 1261644055
506 1260344388
508 1259902117
510 1258831776
512 1258289133
514 1255906077
516 1257908531
518 1255067170
520 1254214440
522 1252716486
524 1250164043
526 1246751444
528 1245896190
530 1246076365
532 1245297710
534 1244158874
536 1243040491
538 1241351468
540 1240281459
542 1238145169
544 1237052928
546 1235138141
548 1235579161
550 1235139243
552 1232970408
554 1233093817
556 1233999507
558 1232661640
560 1230458057
562 1228393226
564 1227713736
566 1224767178
568 1225728102
570 1224269587
572 1223078866
574 1222984552
576 1222665763
578 1220777684
580 1219521588
582 1219233307
584 1220332364
586 1219822908
588 1218096214
590 1217033499
592 1217608274
594 1216358769
596 1215863294
598 1214668366
600 1213429092
602 1212920667
604 1212853506
606 1212584133
608 1211522829
610 1209329879
612 1209372176
614 1208802276
616 1208775790
618 1208338800
620 1207241708
622 1204993954
624 1201885420
626 1203653349
628 1202513309
630 1203719896
632 1200723354
634 1200176420
636 1198546957
638 1198655462
640 1198084505
642 1195852003
644 1192481799
646 1191591496
648 1190876918
650 1189327773
652 1187099928
654 1185559504
656 1184379244
658 1184375041
660 1185511683
662 1183802032
664 1183830714
666 1182878726
668 1180255912
670 1177697121
672 1176198954
674 1177183892
676 1176588961
678 1174616996
680 1173526952
682 1171813192
684 1170372354
686 1168967306
688 1169961936
690 1169219685
692 1167476016
694 1165027938
696 1165434613
698 1165174347
700 1164222314
702 1161207935
704 1160801178
706 1157986451
708 1159797836
710 1158369782
712 1156753788
714 1157275884
716 1156677733
718 1156424641
720 1155928049
722 1156017663
724 1153071088
726 1152105824
728 1150834714
730 1152262933
732 1150922030
734 1149650275
736 1149946104
738 1148400481
740 1146859479
742 1143273581
744 1142460354
746 1139965318
748 1139120296
750 1138392192
752 1138107859
754 1138214769
756 1137054799
758 1135661796
760 1133789594
762 1134376039
764 1132294278
766 1131324041
768 1131541358
770 1127805089
772 1128932079
774 1126086866
776 1125425973
778 1123919271
780 1122674864
782 1121941096
784 1120649153
786 1118624532
788 1118644880
790 1118270317
792 1117840146
794 1115843799
796 1114108012
798 1113924916
800 1112516073
802 1111687662
804 1111182095
806 1109753780
808 1109006430
810 1107556929
812 1106094138
814 1106000861
816 1107531564
818 1105536823
820 1103796011
822 1103804997
824 1102451695
826 1100876460
828 1100242556
830 1097970920
832 1097362273
834 1095704303
836 1095418110
838 1093776283
840 1092970255
842 1093456788
844 1091641142
846 1090964918
848 1089679239
850 1089975490
852 1087345741
854 1086648596
856 1084827256
858 1083836089
860 1082993723
862 1082201432
864 1082851195
866 1080858965
868 1080440843
870 1078493486
872 1077131672
874 1077154641
876 1074712307
878 1072989295
880 1073280497
882 1071549896
884 1069151362
886 1067131455
888 1067819357
890 1066728663
892 1066177118
894 1063313952
896 1062119293
898 1061676708
900 1061508370
902 1059110199
904 1057087208
906 1057598205
908 1055249015
910 1053036425
912 1051956527
914 1050431863
916 1050398657
918 1048570208
920 1048372610
922 1047865655
924 1047051178
926 1044324053
928 1043124839
930 1041567414
932 1039352649
934 1039163427
936 1038367135
938 1036705482
940 1034717351
942 1032356377
944 1031831264
946 1028781244
948 1026414468
950 1025457721
952 1024856890
954 1024655121
956 1022167798
958 1023248130
960 1021505106
962 1019965466
964 1017277358
966 1017613141
968 1016056267
970 1015293531
972 1013632350
974 1012599762
976 1012950398
978 1011624037
980 1010418917
982 1009261522
984 1008432738
986 1006469291
988 1007476998
990 1003529921
992 1002230620
994 1002006574
996 1001863742
998 998482832
1000 998774694
1002 996916011
1004 995847499
1006 994639793
1008 992933662
1010 994229933
1012 992490930
1014 989883119
1016 987042524
1018 986460238
1020 984908799
1022 986253359
1024 985684359
1026 984492298
1028 982980113
1030 982211430
1032 981086131
1034 980616517
1036 978714563
1038 977546708
1040 977660293
1042 976843309
1044 975291646
1046 973536497
1048 971842923
1050 970690743
1052 969748477
1054 968452329
1056 967854598
1058 965489465
1060 965176666
1062 962207853
1064 960053725
1066 958644715
1068 956813009
1070 955674630
1072 954628561
1074 952967730
1076 951763308
1078 952376221
1080 951274995
1082 950281480
1084 948504784
1086 947560611
1088 947181209
1090 946848292
1092 943653316
1094 943952318
1096 943875374
1098 940943168
1100 939412560
1102 937555070
1104 937095649
1106 934986601
1108 933225109
1110 931352333
1112 929608544
1114 928503135
1116 926983097
1118 925401532
1120 925611114
1122 924871450
1124 924042279
1126 923678552
1128 921791615
1130 921033253
1132 919258739
1134 917701387
1136 917011576
1138 915493642
1140 914158030
1142 912939350
1144 912563950
1146 910858052
1148 908625174
1150 908531293
1152 906476098
1154 905998634
1156 903482961
1158 902322860
1160 900544208
1162 899721864
1164 897521826
1166 895752954
1168 895609239
1170 893562270
1172 894886727
1174 893357925
1176 892591289
1178 891969226
1180 890275001
1182 889440416
1184 887949062
1186 886603138
1188 887041036
1190 886148573
1192 884301505
1194 884116323
1196 883433493
1198 882479988
1200 879480309
1202 876635370
1204 876340768
1206 873958427
1208 872568540
1210 873148539
1212 870265832
1214 869214709
1216 867595016
1218 865087365
1220 863256506
1222 863284456
1224 861712508
1226 859686731
1228 860543628
1230 857566479
1232 856300818
1234 855184412
1236 852458802
1238 850931451
1240 850828924
1242 850812149
1244 848743163
1246 846733100
1248 845518434
1250 844664131
1252 844321919
1254 842919455
1256 841353147
1258 839872929
1260 837538777
1262 835588676
1264 834300896
1266 832391938
1268 833106726
1270 831672325
1272 829579998
1274 828550844
1276 828638620
1278 827747157
1280 826419738
1282 823710492
1284 822908470
1286 821305408
1288 820007981
1290 818733073
1292 817273399
1294 816115124
1296 816655348
1298 816204132
1300 812469435
1302 810436122
1304 809060231
1306 808964695
1308 807800381
1310 806920621
1312 805230402
1314 805068227
1316 804362396
1318 802865724
1320 799564280
1322 798171807
1324 797337933
1326 795435108
1328 794452279
1330 792767231
1332 791853752
1334 789874923
1336 787850657
1338 789063280
1340 787006348
1342 785857200
1344 783938802
1346 782776970
1348 782302607
1350 779607248
1352 777775059
1354 778359322
1356 776212144
1358 773617431
1360 774200493
1362 773060469
1364 770156569
1366 769090470
1368 768289456
1370 767919528
1372 765542706
1374 764708942
1376 763174102
1378 764513136
1380 761778848
1382 761248468
1384 759214400
1386 758729471
1388 757878063
1390 757243322
1392 754829618
1394 753273915
1396 752189599
1398 750293990
1400 748880715
1402 748511358
1404 747080629
1406 745241584
1408 743180986
1410 742647669
1412 742164262
1414 740554158
1416 739921387
1418 738717584
1420 737261307
1422 737433803
1424 735703371
1426 735489154
1428 733132874
1430 733951237
1432 733134783
1434 731865628
1436 729718197
1438 727879530
1440 725923191
1442 723904359
1444 723179225
1446 721896440
1448 720684986
1450 719489105
1452 718292697
1454 717691152
1456 716353124
1458 714088824
1460 713152065
1462 712232597
1464 710122916
1466 709040275
1468 706978251
1470 706919510
1472 706594302
1474 704424727
1476 702636626
1478 700094108
1480 700333465
1482 698931747
1484 697317629
1486 696888954
1488 694733299
1490 692719580
1492 692864890
1494 691824972
1496 691187102
1498 690797046
1500 691235481
1502 689461366
1504 689535292
1506 688509235
1508 687628850
1510 683907009
1512 682630616
1514 680718474
1516 679524432
1518 680942868
1520 679687764
1522 678608029
1524 677792208
1526 676412172
1528 674702843
1530 675392116
1532 675057973
1534 672254391
1536 671780410
1538 670294794
1540 669854525
1542 668344524
1544 666326766
1546 664633810
1548 663065853
1550 663049616
1552 662482484
1554 659828083
1556 658146523
1558 657912423
1560 657325570
1562 655614783
1564 655266110
1566 653720676
1568 651087141
1570 650380495
1572 649850747
1574 648985102
1576 648045654
1578 648102105
1580 646816442
1582 645043173
1584 642162778
1586 641415700
1588 639485516
1590 638760140
1592 637723094
1594 636571527
1596 635635994
1598 634964770
1600 633668446
1602 631199911
1604 628896255
1606 627636117
1608 626749809
1610 627676090
1612 625549690
1614 625007224
1616 624006947
1618 622771280
1620 621334718
1622 618965023
1624 619049573
1626 617548939
1628 617788862
1630 614912017
1632 615050295
1634 614210311
1636 612595191
1638 612811089
1640 610608516
1642 609366556
1644 607994512
1646 605886559
1648 604449088
1650 602809508
1652 602028611
1654 601355454
1656 599847592
1658 599296987
1660 598208049
1662 598388710
1664 596613906
1666 595104399
1668 594204745
1670 592744093
1672 591958040
1674 590697861
1676 589334251
1678 588166758
1680 587142088
1682 584656902
1684 584506730
1686 582135057
1688 580950188
1690 578598245
1692 577357120
1694 576531271
1696 576046505
1698 573799790
1700 573807852
1702 571986376
1704 569555022
1706 567666615
1708 567379047
1710 565345700
1712 563979062
1714 562341723
1716 560384058
1718 559957013
1720 558965027
1722 558386080
1724 556768160
1726 556782450
1728 553520387
1730 552819080
1732 551828591
1734 549687566
1736 549561925
1738 547341393
1740 545275462
1742 545706713
1744 544218709
1746 542045185
1748 540714117
1750 540000608
1752 538470170
1754 538354519
1756 536539473
1758 536568179
1760 536411261
1762 534945687
1764 533990164
1766 532096095
1768 532678129
1770 530305592
1772 530667440
1774 527875896
1776 527774747
1778 526356430
1780 525003731
1782 523589861
1784 522225497
1786 519838053
1788 519494900
1790 518258484
1792 516274662
1794 516269874
1796 514639539
1798 514174109
1800 512488879
1802 511368132
1804 511498445
1806 510056016
1808 509003936
1810 508480018
1812 506694394
1814 506250706
1816 504757432
1818 504197146
1820 503392955
1822 501369131
1824 501033993
1826 499434882
1828 500320667
1830 498660423
1832 497833368
1834 496999905
1836 494260811
1838 493783249
1840 493437062
1842 492818620
1844 491259907
1846 489104462
1848 487119716
1850 485485105
1852 484009854
1854 484451694
1856 482007204
1858 481487990
1860 480031664
1862 478475886
1864 478922999
1866 476953972
1868 475877428
1870 475347905
1872 473778475
1874 473286279
1876 471520131
1878 470815192
1880 469894832
1882 469565690
1884 469268201
1886 467256875
1888 465568324
1890 465648778
1892 463391476
1894 462421896
1896 461924371
1898 461084010
1900 460176401
1902 459435459
1904 459565338
1906 457742115
1908 456961864
1910 456544696
1912 456321189
1914 456493789
1916 455360127
1918 455339363
1920 454991643
1922 452463408
1924 451458719
1926 449347983
1928 449211241
1930 446766546
1932 445302687
1934 445072707
1936 443066613
1938 442653272
1940 441883430
1942 441707190
1944 439605258
1946 439259168
1948 436922652
1950 435923312
1952 434824897
1954 433270803
1956 432372822
1958 431131597
1960 432168019
1962 431320097
1964 429861743
1966 429313089
1968 428478251
1970 426874288
1972 426855423
1974 424828066
1976 424909452
1978 425454151
1980 423193495
1982 421791492
1984 421284872
1986 420045631
1988 418517438
1990 418139669
1992 416925443
1994 416865763
1996 416377181
1998 415475713
2000 414682262
2002 413891335
2004 412091176
2006 410769597
2008 409025538
2010 408187440
2012 406482913
2014 405994867
2016 404469144
2018 404238972
2020 402726094
2022 401112958
2024 400570146
2026 398873117
2028 396710648
2030 396720127
2032 395597690
2034 395451940
2036 394163425
2038 393149699
2040 391780713
2042 390733306
2044 391789989
2046 389820545
2048 388970282
2050 388725980
2052 388064228
2054 385880120
2056 385122052
2058 382977664
2060 381666498
2062 381589751
2064 381042890
2066 380309158
2068 379021029
2070 378604213
2072 376922998
2074 375775459
2076 374730262
2078 373454818
2080 373561127
2082 372701883
2084 371498760
2086 370237988
2088 368859930
2090 368734258
2092 368604765
2094 367023640
2096 367048956
2098 365392395
2100 363887557
2102 363135352
2104 362735365
2106 361056345
2108 360320905
2110 359534914
2112 360071351
2114 358255669
2116 356904023
2118 357049454
2120 358056350
2122 356936186
2124 355719229
2126 356143618
2128 354557167
2130 354058339
2132 353964132
2134 350915827
2136 349858338
2138 349904828
2140 348879668
2142 347919068
2144 347363212
2146 346303654
2148 345207798
2150 344669185
2152 344910815
2154 344709152
2156 343958338
2158 341955161
2160 342306256
2162 341196717
2164 340599687
2166 339477149
2168 338306991
2170 336446733
2172 335685233
2174 336017456
2176 335603617
2178 334267746
2180 333646640
2182 331779743
2184 331960551
2186 330833753
2188 329565312
2190 328823444
2192 327043138
2194 325826216
2196 325152504
2198 324062839
2200 323132242
2202 322450925
2204 321953872
2206 321279854
2208 319911849
2210 318929350
2212 318659920
2214 316704092
2216 316486270
2218 315045336
2220 315540518
2222 313856693
2224 313326319
2226 312838153
2228 312354797
2230 311972614
2232 311396929
2234 310642494
2236 309712640
2238 309516413
2240 308510204
2242 307421245
2244 306705785
2246 305150583
2248 304629814
2250 304566338
2252 303682523
2254 303516745
2256 302330127
2258 302278111
2260 301308992
2262 300768669
2264 301454457
2266 300328520
2268 298834228
2270 297235320
2272 297239208
2274 296551262
2276 295970824
2278 295123438
2280 294518318
2282 293321947
2284 293042245
2286 291930946
2288 291222287
2290 290196826
2292 290278452
2294 290262169
2296 288995003
2298 288135401
2300 287001486
2302 285351843
2304 285900812
2306 284324227
2308 282697329
2310 281265903
2312 280168262
2314 279108353
2316 278429845
2318 279121232
2320 277654527
2322 276954242
2324 275752415
2326 275062937
2328 274900344
2330 274225117
2332 274527636
2334 273503461
2336 273150442
2338 272320114
2340 272059215
2342 270490246
2344 269839320
2346 269187229
2348 268208432
2350 266014163
2352 265260917
2354 265297954
2356 264216016
2358 263129919
2360 262370882
2362 262650067
2364 261744780
2366 261096399
2368 260778308
2370 259428597
2372 258744627
2374 257929389
2376 257410843
2378 258178935
2380 257880653
2382 256937838
2384 255508486
2386 254823842
2388 253780257
2390 253474754
2392 252200022
2394 251729244
2396 251847922
2398 250526303
2400 249898619
2402 249183317
2404 248450399
2406 247307344
2408 247563072
2410 247192466
2412 246614901
2414 246326586
2416 245065057
2418 244897066
2420 243881496
2422 243441248
2424 242198593
2426 241704190
2428 241123684
2430 240251088
2432 239718590
2434 239307819
2436 238887104
2438 238657321
2440 237156394
2442 236392785
2444 236369524
2446 234861506
2448 234943688
2450 233698659
2452 232650004
2454 231961282
2456 232039619
2458 231238324
2460 230530384
2462 229707420
2464 228382496
2466 227740743
2468 226809267
2470 225380587
2472 225571010
2474 224314237
2476 223784288
2478 223057886
2480 221760792
2482 220814012
2484 220691395
2486 218740219
2488 218161597
2490 218653887
2492 217627172
2494 216343864
2496 216004778
2498 214264002
2500 214734037
2502 213195528
2504 212647609
2506 211920064
2508 211688601
2510 210413628
2512 209790056
2514 209197091
2516 208887020
2518 207596077
2520 206530672
2522 206207103
2524 205288557
2526 204210861
2528 203207768
2530 202709920
2532 202366830
2534 201275914
2536 200497454
2538 199120180
2540 199717841
2542 198562869
2544 197487472
2546 197270780
2548 196739235
2550 195325181
2552 195825702
2554 195096277
2556 194308498
2558 193559566
2560 193103429
2562 192653979
2564 192010401
2566 191301607
2568 190220200
2570 188707115
2572 188312391
2574 187361867
2576 186684963
2578 186087874
2580 185358619
2582 184948456
2584 184287263
2586 183266927
2588 181873499
2590 182324994
2592 181598874
2594 181100021
2596 180111767
2598 179763433
2600 178414367
2602 177796480
2604 177358012
2606 176345974
2608 175180846
2610 174831072
2612 174124032
2614 173733651
2616 172632547
2618 172431512
2620 171623019
2622 170479028
2624 170016843
2626 169290968
2628 168024330
2630 167615323
2632 167065964
2634 166622107
2636 166526641
2638 165294440
2640 164581757
2642 163964969
2644 163512204
2646 163164493
2648 162034275
2650 161554699
2652 160865149
2654 160188450
2656 159946278
2658 158888627
2660 158728204
2662 156872285
2664 157216065
2666 156555314
2668 155984118
2670 155540084
2672 155643396
2674 154318103
2676 153726793
2678 154303158
2680 153914835
2682 152862882
2684 153308098
2686 152821936
2688 152207091
2690 151298871
2692 151599495
2694 150993487
2696 150623345
2698 149746228
2700 148240561
2702 147927138
2704 147884056
2706 147646286
2708 147179890
2710 146955905
2712 146098836
2714 145260690
2716 144993127
2718 144751868
2720 144369684
2722 143245380
2724 142980731
2726 143104509
2728 142839605
2730 142108612
2732 142200347
2734 142220370
2736 141356039
2738 141172740
2740 140610947
2742 139934179
2744 138998576
2746 138037325
2748 137999866
2750 137023487
2752 136783235
2754 135773660
2756 135061325
2758 134889912
2760 134440046
2762 134326091
2764 133369879
2766 133311131
2768 132435456
2770 133177115
2772 132552696
2774 132018773
2776 131833151
2778 129687002
2780 128183294
2782 128253921
2784 127826400
2786 127081114
2788 126559226
2790 126367370
2792 125690884
2794 125912565
2796 125737322
2798 124686088
2800 124860464
2802 123973677
2804 123694513
2806 123638817
2808 122838206
2810 122213988
2812 121582380
2814 121068716
2816 120751462
2818 120562004
2820 119898591
2822 119152844
2824 119057427
2826 118692307
2828 117860954
2830 117329113
2832 117332016
2834 116983141
2836 116128028
2838 115835026
2840 114997340
2842 114690589
2844 114536798
2846 114434903
2848 114114246
2850 112999902
2852 112911243
2854 111952191
2856 111840892
2858 111774286
2860 111377150
2862 111449690
2864 111217642
2866 110298532
2868 110684321
2870 110020657
2872 109627762
2874 109621314
2876 109523018
2878 109302285
2880 109264796
2882 109559615
2884 108964860
2886 108559922
2888 108190308
2890 107370381
2892 107200975
2894 106832951
2896 107092397
2898 107387268
2900 107040634
2902 106247192
2904 105303984
2906 104833312
2908 104504142
2910 104342728
2912 103708727
2914 103043558
2916 103585258
2918 103201669
2920 102141257
2922 101849413
2924 101339180
2926 101096387
2928 100991323
2930 100439570
2932 100390988
2934 100339247
2936 99510477
2938 99650690
2940 98696772
2942 98125138
2944 98111649
2946 96948874
2948 96401173
2950 96480362
2952 96604605
2954 96268792
2956 95798149
2958 95418030
2960 95183541
2962 95180381
2964 94647397
2966 94473435
2968 93524412
2970 92820614
2972 92697618
2974 92747948
2976 91826760
2978 91428186
2980 91580567
2982 90393361
2984 89892834
2986 89554382
2988 89752365
2990 89459717
2992 88890744
2994 88435692
2996 88346387
2998 88129190
3000 88022230
3002 86875227
3004 86908513
3006 86606768
3008 86397676
3010 86195464
3012 85481328
3014 85527851
3016 85227199
3018 85201559
3020 85183317
3022 84317879
3024 84645782
3026 83928916
3028 84142340
3030 83734047
3032 83642744
3034 83321577
3036 82896794
3038 82781003
3040 81979684
3042 82116758
3044 81645794
3046 81973926
3048 82110707
3050 81779130
3052 81239499
3054 80627090
3056 80034434
3058 79533743
3060 79614240
3062 78755205
3064 78877930
3066 78576445
3068 78614611
3070 78545737
3072 77852117
3074 78097268
3076 77923998
3078 77218448
3080 76679421
3082 76576455
3084 76746251
3086 76375432
3088 76023526
3090 75968718
3092 75283706
3094 74943389
3096 74405025
3098 74548600
3100 74333913
3102 73864004
3104 73453684
3106 73010132
3108 72877839
3110 73025798
3112 72877715
3114 72689088
3116 72526046
3118 71951704
3120 72002651
3122 71771182
3124 71237519
3126 71407290
3128 71400914
3130 71202058
3132 71081414
3134 71007858
3136 70588150
3138 70388000
3140 70362725
3142 70126830
3144 70494998
3146 69510120
3148 69012056
3150 68573249
3152 68368176
3154 68291357
3156 67771799
3158 67336824
3160 67193588
3162 66992360
3164 66557247
3166 66001637
3168 66036973
3170 65487486
3172 65235078
3174 64956662
3176 64672229
3178 64518192
3180 64146129
3182 63949651
3184 63350436
3186 63257688
3188 62787066
3190 62602730
3192 62004115
3194 61475901
3196 61452892
3198 60721406
3200 60720377
3202 60862617
3204 60407307
3206 59851734
3208 59814284
3210 59336493
3212 59654169
3214 59274701
3216 59157897
3218 58576066
3220 58493807
3222 58248270
3224 57681156
3226 57324640
3228 56846027
3230 56704475
3232 56431964
3234 56194027
3236 55847552
3238 56258070
3240 55946808
3242 55763235
3244 55375814
3246 55232220
3248 54906853
3250 54903471
3252 54538334
3254 54401954
3256 53767659
3258 53732148
3260 53457589
3262 53453824
3264 53007032
3266 53127850
3268 52438365
3270 52602938
3272 52208891
3274 51641341
3276 51553108
3278 51444320
3280 51032132
3282 50479326
3284 51038149
3286 51151776
3288 51256985
3290 51203551
3292 51141309
3294 50933210
3296 50572031
3298 50465311
3300 50197527
3302 50197051
3304 50459904
3306 50157377
3308 49860497
3310 49816966
3312 49581806
3314 49232664
3316 49386214
3318 49028580
3320 49083214
3322 48732523
3324 48642013
3326 48302724
3328 47807281
3330 47814658
3332 47689069
3334 47111534
3336 46628782
3338 46446157
3340 45873107
3342 45910145
3344 45483919
3346 44940462
3348 44923667
3350 44547111
3352 44250711
3354 44140317
3356 44027577
3358 43831784
3360 43289907
3362 43512180
3364 43611338
3366 43322929
3368 42910913
3370 42864137
3372 42335734
3374 42189100
3376 42218417
3378 42170887
3380 41924140
3382 41883382
3384 41748507
3386 41496075
3388 41478621
3390 41270901
3392 41040915
3394 40486436
3396 40178196
3398 40057345
3400 39883185
3402 39435205
3404 39225016
3406 39149327
3408 39145549
3410 39173008
3412 38686984
3414 38759740
3416 38761766
3418 38480539
3420 37902693
3422 37435803
3424 37176091
3426 36985760
3428 37114490
3430 36518722
3432 36555720
3434 36943905
3436 36982381
3438 36777241
3440 36439681
3442 36230088
3444 36415775
3446 35990453
3448 35949451
3450 36018329
3452 35514065
3454 35146580
3456 35350750
3458 35265437
3460 34726077
3462 34587234
3464 34614693
3466 34694796
3468 34422441
3470 34398473
3472 34099692
3474 33846802
3476 33483111
3478 33480950
3480 33735230
3482 33526998
3484 33409729
3486 33278212
3488 33355191
3490 33269283
3492 32592466
3494 32429372
3496 31920684
3498 31739628
3500 31567920
3502 31530601
3504 31311836
3506 31096704
3508 30946556
3510 30865993
3512 30751956
3514 30306403
3516 30089515
3518 29789904
3520 29830653
3522 29844059
3524 29638071
3526 29501716
3528 29590954
3530 29493568
3532 29514316
3534 29479374
3536 29698057
3538 29626402
3540 29513082
3542 29337020
3544 28835262
3546 28723511
3548 28688042
3550 28719693
3552 28150503
3554 28139701
3556 27763163
3558 27563988
3560 27643096
3562 27684904
3564 27607725
3566 27404436
3568 27312263
3570 27034228
3572 27192586
3574 27017497
3576 27056064
3578 26637729
3580 26659258
3582 26492474
3584 26557517
3586 26332362
3588 26304788
3590 25971737
3592 26016726
3594 25944462
3596 25469417
3598 25541201
3600 25499243
3602 25343765
3604 24926364
3606 24901528
3608 24983503
3610 24447431
3612 24742915
3614 24678128
3616 24142235
3618 24146623
3620 23779600
3622 23828088
3624 23509609
3626 23645414
3628 23388604
3630 23158164
3632 23169090
3634 23017678
3636 23395358
3638 23296772
3640 23318374
3642 22956127
3644 23008843
3646 22476083
3648 22435786
3650 22254840
3652 22119679
3654 22288532
3656 21960397
3658 21737159
3660 21588246
3662 21300701
3664 20669455
3666 20588814
3668 20687151
3670 20605683
3672 20501331
3674 20742694
3676 20751534
3678 20556788
3680 20470763
3682 20486678
3684 20413834
3686 20565129
3688 20420639
3690 20380528
3692 20252163
3694 19921320
3696 19933879
3698 19880844
3700 19678792
3702 19476260
3704 19260183
3706 19152491
3708 19022753
3710 19037897
3712 18942531
3714 18990413
3716 18513110
3718 18548447
3720 18544470
3722 18306880
3724 18477859
3726 18325107
3728 18204197
3730 17999712
3732 17996319
3734 17958294
3736 18013252
3738 17890498
3740 18070363
3742 17844232
3744 17863942
3746 17478592
3748 17580084
3750 17135105
3752 17118108
3754 17276770
3756 16943250
3758 16925788
3760 16763567
3762 16771585
3764 16807581
3766 16668645
3768 16413955
3770 16341064
3772 16638992
3774 16378847
3776 16415275
3778 16380535
3780 16236118
3782 16201813
3784 16169542
3786 15943161
3788 15991828
3790 15843451
3792 15775368
3794 15801182
3796 15737547
3798 15908344
3800 15852873
3802 15724145
3804 15681972
3806 15733190
3808 15484100
3810 15660746
3812 15493513
3814 15357094
3816 15170868
3818 15409654
3820 15228047
3822 15220618
3824 15131958
3826 15207304
3828 14987053
3830 15047499
3832 15373059
3834 15327948
3836 15060819
3838 14817725
3840 14882767
3842 14566606
3844 14605901
3846 14573364
3848 14524705
3850 14577085
3852 14528000
3854 14293152
3856 14089003
3858 13953842
3860 13798851
3862 13526558
3864 13701063
3866 13464719
3868 13533176
3870 13613328
3872 13373274
3874 13323876
3876 13208276
3878 13168953
3880 12879662
3882 12770627
3884 12910529
3886 12795654
3888 12835602
3890 12677079
3892 12551240
3894 12305995
3896 12398035
3898 12168298
3900 12133279
3902 11903930
3904 11988151
3906 11960920
3908 12224101
3910 11871097
3912 11981933
3914 12076881
3916 12106913
3918 11973955
3920 12011624
3922 11827803
3924 11700434
3926 11605205
3928 11422534
3930 11163766
3932 11196569
3934 11054821
3936 10870274
3938 10941121
3940 10942150
3942 10924344
3944 10825962
3946 10714899
3948 10892183
3950 10514030
3952 10508025
3954 10533088
3956 10627451
3958 10540921
3960 10363510
3962 10557306
3964 10489218
3966 10614525
3968 10350442
3970 10423945
3972 10518046
3974 10307615
3976 10134709
3978 10266593
3980 10177633
3982 10048830
3984 9791629
3986 9702719
3988 9739366
3990 9680095
3992 9530293
3994 9302926
3996 9290324
3998 9238973
4000 9165053
4002 9038843
4004 8826148
4006 8794178
4008 8784242
4010 8804660
4012 8696670
4014 8641924
4016 8688687
4018 8687459
4020 8608736
4022 8730404
4024 8686202
4026 8483654
4028 8403330
4030 8384767
4032 8247899
4034 8262129
4036 8173116
4038 8153281
4040 8066222
4042 8007633
4044 8104551
4046 7852800
4048 7730571
4050 7815930
4052 7945118
4054 7900239
4056 7727426
4058 7700573
4060 7672992
4062 7719406
4064 7696526
4066 7644804
4068 7664135
4070 7478931
4072 7389627
4074 7386740
4076 7321205
4078 7252734
4080 7174883
4082 7377072
4084 7387023
4086 7387129
4088 7237101
4090 7249687
4092 7313448
4094 7209947
4096 7168475
4098 7228836
4100 7183096
4102 7209207
4104 7027688
4106 7012782
4108 6820723
4110 6824929
4112 6714875
4114 6691736
4116 6570182
4118 6348198
4120 6386591
4122 6287602
4124 6561981
4126 6425641
4128 6322457
4130 6210078
4132 6235614
4134 6016068
4136 5878018
4138 5990759
4140 5975697
4142 5731227
4144 5754467
4146 5711156
4148 5844522
4150 5740619
4152 5673671
4154 5569456
4156 5640580
4158 5714380
4160 5585634
4162 5561817
4164 5391040
4166 5493712
4168 5330066
4170 5507541
4172 5443896
4174 5368186
4176 5245542
4178 5175488
4180 5116413
4182 5076841
4184 5050603
4186 5096139
4188 5098950
4190 5103906
4192 5025148
4194 4991743
4196 4907571
4198 5060273
4200 4977669
4202 4892203
4204 4794911
4206 4721130
4208 4840576
4210 4648717
4212 4657986
4214 4612084
4216 4530433
4218 4425572
4220 4347885
4222 4565976
4224 4463492
4226 4386771
4228 4390667
4230 4423877
4232 4385380
4234 4330290
4236 4151153
4238 4293637
4240 4332185
4242 4312695
4244 4300842
4246 4435456
4248 4287269
4250 4289929
4252 4175140
4254 4168805
4256 4125338
4258 4088097
4260 4047053
4262 4124720
4264 3958620
4266 4026826
4268 4083262
4270 4116037
4272 4101018
4274 4157046
4276 4110796
4278 4142755
4280 4224867
4282 4079800
4284 4005971
4286 3951176
4288 3980329
4290 3968782
4292 4013812
4294 3976273
4296 3881513
4298 3946006
4300 3925632
4302 3892426
4304 4033879
4306 4078614
4308 3935801
4310 3985374
4312 4089688
4314 4110467
4316 3890105
4318 3659387
4320 3740516
4322 3685172
4324 3752278
4326 3672377
4328 3598180
4330 3629799
4332 3595758
4334 3422412
4336 3305590
4338 3375463
4340 3245802
4342 3213767
4344 3167555
4346 3255329
4348 3276968
4350 3356691
4352 3201934
4354 3289582
4356 3246036
4358 3358465
4360 3335569
4362 3330123
4364 3321146
4366 3129714
4368 3164547
4370 3209679
4372 3144925
4374 3148895
4376 3169675
4378 3233982
4380 3116343
4382 3058097
4384 3013985
4386 2989682
4388 2927214
4390 2866668
4392 2808236
4394 2907493
4396 3083872
4398 2998325
4400 3127934
4402 3184160
4404 3077796
4406 3143799
4408 2978314
4410 2990083
4412 2958038
4414 2939679
4416 2880951
4418 2798940
4420 2720801
4422 2659963
4424 2659783
4426 2568148
4428 2599592
4430 2503340
4432 2580161
4434 2438240
4436 2543064
4438 2436189
4440 2502160
4442 2409588
4444 2548663
4446 2570148
4448 2565982
4450 2524761
4452 2450317
4454 2401065
4456 2356326
4458 2441638
4460 2515851
4462 2540280
4464 2580230
4466 2524304
4468 2578185
4470 2470629
4472 2559412
4474 2550784
4476 2441238
4478 2439900
4480 2462039
4482 2384260
4484 2298202
4486 2220142
4488 2232130
4490 2173137
4492 2231680
4494 2322132
4496 2332648
4498 2412690
4500 2297788
4502 2410441
4504 2291509
4506 2233742
4508 2230951
4510 2212566
4512 2116963
4514 2060993
4516 2029975
4518 2110681
4520 2052018
4522 1995659
4524 1926323
4526 1939865
4528 1936347
4530 1868721
4532 1849252
4534 1809629
4536 1861089
4538 1840582
4540 1862592
4542 1783301
4544 1751971
4546 1736039
4548 1771043
4550 1904635
4552 1926115
4554 1978222
4556 1939597
4558 2062404
4560 2045305
4562 1960853
4564 1987743
4566 1926925
4568 1868348
4570 1986301
4572 1989736
4574 2046026
4576 1911789
4578 1969236
4580 1851378
4582 1914530
4584 1963839
4586 1920804
4588 2049124
4590 2055968
4592 2011496
4594 2066841
4596 2114750
4598 2041863
4600 2145314
4602 2139560
4604 2008575
4606 2155474
4608 2049569
4610 2168606
4612 2027881
4614 2014105
4616 2025953
4618 1980450
4620 1933603
4622 1857067
4624 2008065
4626 1943540
4628 1826218
4630 1777999
4632 1656892
4634 1742946
4636 1660559
4638 1706376
4640 1685140
4642 1591078
4644 1635134
4646 1546490
4648 1527836
4650 1687275
4652 1685080
4654 1695278
4656 1654909
4658 1579818
4660 1558206
4662 1495002
4664 1484314
4666 1503326
4668 1422773
4670 1531501
4672 1500986
4674 1471425
4676 1378368
4678 1387380
4680 1347487
4682 1328026
4684 1343416
4686 1391905
4688 1409006
4690 1335240
4692 1313877
4694 1256712
4696 1217156
4698 1281717
4700 1318286
4702 1382796
4704 1266794
4706 1283707
4708 1304030
4710 1267256
4712 1234553
4714 1282671
4716 1268762
4718 1239716
4720 1184839
4722 1188758
4724 1173642
4726 1203996
4728 1137039
4730 1213259
4732 1258683
4734 1283870
4736 1219165
4738 1158889
4740 1220717
4742 1219185
4744 1181331
4746 1257458
4748 1154093
4750 1147622
4752 1140787
4754 1056329
4756 1022704
4758 1043952
4760 1034264
4762 1134677
4764 1124077
4766 1020201
4768 1164451
4770 1135110
4772 1081362
4774 1020638
4776 947964
4778 873041
4780 942426
4782 962985
4784 985273
4786 1046017
4788 899721
4790 832839
4792 756179
4794 769724
4796 814368
4798 700735
4800 674277
4802 665071
4804 599127
4806 548392
4808 530753
4810 551567
4812 559844
4814 554607
4816 541002
4818 576232
4820 572978
4822 583166
4824 548052
4826 674249
4828 665900
4830 730934
4832 795792
4834 768468
4836 732068
4838 744106
4840 740985
4842 747314
4844 772699
4846 728249
4848 731260
4850 712663
4852 712538
4854 701446
4856 646677
4858 682045
4860 636355
4862 678426
4864 663772
4866 642504
4868 663836
4870 640905
4872 633207
4874 563676
4876 567122
4878 614895
4880 555683
4882 557954
4884 543815
4886 558619
4888 601725
4890 572027
4892 543752
4894 547823
4896 558581
4898 582575
4900 494131
4902 529076
4904 527221
4906 561973
4908 566256
4910 550435
4912 544061
4914 538882
4916 509894
4918 586815
4920 565013
4922 530094
4924 489008
4926 558158
4928 549339
4930 565111
4932 516238
4934 522155
4936 588944
4938 583207
4940 659444
4942 646351
4944 655484
4946 638900
4948 740074
4950 668339
4952 677474
4954 678813
4956 733376
4958 716837
4960 617305
4962 596534
4964 532792
4966 526973
4968 466676
4970 462806
4972 441104
4974 488817
4976 447455
4978 404054
4980 414326
4982 445438
4984 438558
4986 462016
4988 472899
4990 446760
4992 436038
4994 425024
4996 430007
4998 463814
5000 448324
5002 455616
5004 372029
5006 386384
5008 388962
5010 408757
5012 342646
5014 313707
5016 301741
5018 351387
5020 398982
5022 416239
5024 395327
5026 437898
5028 445780
5030 421813
5032 439996
5034 470124
5036 502336
5038 539111
5040 571364
5042 611854
5044 589571
5046 653856
5048 618640
5050 528327
5052 487883
5054 397217
5056 388900
5058 402124
5060 325430
5062 288156
5064 311157
5066 292440
5068 254850
5070 278764
5072 278490
5074 291870
5076 249523
5078 319065
5080 210358
5082 280691
5084 217655
5086 199999
5088 158610
5090 156249
5092 188433
5094 145921
5096 149363
5098 165437
5100 145781
5102 160942
5104 159882
5106 171103
5108 202349
5110 191380
5112 197036
5114 220178
5116 115519
5118 87160
5120 66684
5122 39163
5124 40334
5126 28091
5128 33644
5130 35955
5132 29961
5134 35852
5136 34175
5138 31903
5140 38683
5142 55391
5144 43678
5146 42090
5148 53634
5150 58564
5152 49001
5154 46187
5156 44417
5158 38646
5160 38831
5162 36197
5164 36714
5166 34869
5168 30413
5170 26406
5172 32171
5174 41795
5176 40731
5178 29834
5180 27437
5182 18011
5184 13245
5186 7012
5188 13524
5190 3915
5192 4857
5194 3173
5196 2816
5198 7262
5200 2396
5202 3820
