N J h steps 
2000 0.8 0.6 140000000000
1936 6
1938 60
1940 657
1942 1672
1944 20205
1946 72329
1948 179212
1950 586376
1952 1128940
1954 2643496
1956 5589674
1958 12360339
1960 27768260
1962 58210263
1964 117065563
1966 229814815
1968 440109850
1970 814014804
1972 1441809679
1974 2421838890
1976 3949404200
1978 6094278181
1980 8908793333
1982 12199485063
1984 15541259072
1986 18158048537
1988 19236080354
1990 18078645226
1992 14638021917
1994 9842803215
1996 5172094464
1998 1863831305
2000 344040043
