N J h steps 
6000 0.833 0 241000000000
-10065 4
-10064 26
-10062 77
-10061 4
-10060 30
-10059 76
-10058 65
-10057 146
-10056 146
-10055 37
-10054 154
-10053 196
-10052 132
-10051 96
-10050 166
-10049 250
-10048 154
-10047 19
-10046 3
-10045 92
-10043 150
-10041 13
-10040 70
-10039 116
-10038 166
-10037 480
-10036 362
-10035 318
-10034 409
-10033 395
-10032 647
-10031 782
-10030 1566
-10029 1433
-10028 1332
-10027 999
-10026 1067
-10025 913
-10024 1172
-10023 726
-10022 896
-10021 1537
-10020 1933
-10019 1030
-10018 1434
-10017 1586
-10016 1346
-10015 2040
-10014 1898
-10013 2220
-10012 2407
-10011 3203
-10010 1914
-10009 2333
-10008 2362
-10007 2808
-10006 3098
-10005 3426
-10004 3531
-10003 3050
-10002 3083
-10001 3186
-10000 3425
-9999 3970
-9998 3553
-9997 3282
-9996 3257
-9995 4481
-9994 4125
-9993 7156
-9992 7874
-9991 7435
-9990 7448
-9989 8894
-9988 8771
-9987 5544
-9986 4674
-9985 5546
-9984 5450
-9983 4969
-9982 5887
-9981 6703
-9980 6152
-9979 6894
-9978 7545
-9977 6256
-9976 9609
-9975 6225
-9974 8070
-9973 8304
-9972 6168
-9971 6407
-9970 6688
-9969 7111
-9968 7131
-9967 10272
-9966 9755
-9965 9595
-9964 12483
-9963 11925
-9962 14526
-9961 13293
-9960 13788
-9959 16692
-9958 17321
-9957 17598
-9956 17602
-9955 16574
-9954 17571
-9953 19793
-9952 23079
-9951 28199
-9950 23108
-9949 21278
-9948 20524
-9947 22738
-9946 23667
-9945 25844
-9944 28489
-9943 26895
-9942 27858
-9941 30241
-9940 28520
-9939 27025
-9938 25963
-9937 24847
-9936 29483
-9935 27353
-9934 27747
-9933 31941
-9932 28595
-9931 29803
-9930 28441
-9929 25077
-9928 28822
-9927 27510
-9926 33930
-9925 30227
-9924 32085
-9923 37735
-9922 36826
-9921 40092
-9920 43024
-9919 36739
-9918 41849
-9917 43612
-9916 48419
-9915 47356
-9914 48114
-9913 46609
-9912 51529
-9911 54831
-9910 56937
-9909 57157
-9908 57551
-9907 51481
-9906 56881
-9905 60571
-9904 66645
-9903 63061
-9902 71049
-9901 66528
-9900 72257
-9899 77222
-9898 85076
-9897 85333
-9896 87861
-9895 95225
-9894 99371
-9893 104076
-9892 110100
-9891 98121
-9890 120056
-9889 111670
-9888 103380
-9887 106694
-9886 109449
-9885 110296
-9884 115674
-9883 128505
-9882 115501
-9881 124229
-9880 128538
-9879 133768
-9878 123510
-9877 129481
-9876 134579
-9875 138152
-9874 138179
-9873 139739
-9872 144046
-9871 143472
-9870 156177
-9869 142414
-9868 155321
-9867 163492
-9866 158682
-9865 169409
-9864 170924
-9863 175685
-9862 188147
-9861 190070
-9860 197768
-9859 190684
-9858 199514
-9857 197611
-9856 207935
-9855 211180
-9854 218875
-9853 221765
-9852 221843
-9851 245319
-9850 234066
-9849 228235
-9848 248403
-9847 240464
-9846 259688
-9845 259897
-9844 276733
-9843 270212
-9842 274480
-9841 290542
-9840 283007
-9839 289575
-9838 286656
-9837 282672
-9836 292870
-9835 312312
-9834 327353
-9833 325848
-9832 341256
-9831 327578
-9830 347477
-9829 362577
-9828 367351
-9827 377027
-9826 378095
-9825 380252
-9824 384345
-9823 398800
-9822 407452
-9821 400279
-9820 412833
-9819 427113
-9818 440151
-9817 453263
-9816 461693
-9815 481604
-9814 489401
-9813 501324
-9812 507698
-9811 525393
-9810 540322
-9809 535888
-9808 540407
-9807 551943
-9806 546158
-9805 555287
-9804 576054
-9803 575721
-9802 591734
-9801 603438
-9800 592933
-9799 611158
-9798 634254
-9797 657631
-9796 681709
-9795 669271
-9794 680924
-9793 692570
-9792 695271
-9791 718349
-9790 729438
-9789 729495
-9788 757204
-9787 765993
-9786 768930
-9785 773100
-9784 797919
-9783 822394
-9782 799742
-9781 811222
-9780 830429
-9779 838870
-9778 881296
-9777 886951
-9776 900018
-9775 916047
-9774 913730
-9773 918151
-9772 960460
-9771 977535
-9770 987191
-9769 980242
-9768 1012906
-9767 1021629
-9766 1032884
-9765 1056620
-9764 1068358
-9763 1090056
-9762 1116495
-9761 1116049
-9760 1129702
-9759 1148980
-9758 1173432
-9757 1192058
-9756 1258591
-9755 1274343
-9754 1289616
-9753 1326086
-9752 1321779
-9751 1330131
-9750 1383998
-9749 1414013
-9748 1431517
-9747 1454399
-9746 1478198
-9745 1484179
-9744 1510437
-9743 1536935
-9742 1572640
-9741 1558571
-9740 1599039
-9739 1619801
-9738 1653866
-9737 1676130
-9736 1718726
-9735 1722750
-9734 1779022
-9733 1763805
-9732 1815263
-9731 1856110
-9730 1866754
-9729 1892218
-9728 1950209
-9727 1948438
-9726 2014106
-9725 2054183
-9724 2044187
-9723 2069166
-9722 2122257
-9721 2166600
-9720 2149180
-9719 2185938
-9718 2196726
-9717 2222828
-9716 2251206
-9715 2246416
-9714 2308945
-9713 2377614
-9712 2362021
-9711 2442600
-9710 2443965
-9709 2485313
-9708 2523302
-9707 2545184
-9706 2644629
-9705 2676184
-9704 2755326
-9703 2800441
-9702 2874139
-9701 2929390
-9700 2956195
-9699 2988727
-9698 2973850
-9697 3047173
-9696 3055711
-9695 3076740
-9694 3119980
-9693 3150282
-9692 3187706
-9691 3264782
-9690 3351994
-9689 3433718
-9688 3452215
-9687 3498229
-9686 3575092
-9685 3649621
-9684 3684186
-9683 3791208
-9682 3780467
-9681 3792075
-9680 3905543
-9679 3913543
-9678 3915416
-9677 4018166
-9676 4060548
-9675 4164627
-9674 4213336
-9673 4188523
-9672 4282269
-9671 4356216
-9670 4402742
-9669 4514327
-9668 4511490
-9667 4570973
-9666 4648309
-9665 4679493
-9664 4749919
-9663 4848443
-9662 4838101
-9661 4977991
-9660 4980613
-9659 5013426
-9658 5044777
-9657 5136478
-9656 5201748
-9655 5288731
-9654 5365218
-9653 5391541
-9652 5484390
-9651 5606974
-9650 5640358
-9649 5667708
-9648 5745592
-9647 5818605
-9646 5908126
-9645 5957522
-9644 5997559
-9643 6003445
-9642 6225539
-9641 6285854
-9640 6331074
-9639 6417442
-9638 6522570
-9637 6523729
-9636 6646691
-9635 6698471
-9634 6815136
-9633 6872662
-9632 6977856
-9631 7050871
-9630 7112586
-9629 7234216
-9628 7339611
-9627 7384526
-9626 7504773
-9625 7531952
-9624 7565842
-9623 7730984
-9622 7825399
-9621 7938578
-9620 7974430
-9619 8157004
-9618 8201455
-9617 8271653
-9616 8376864
-9615 8458306
-9614 8560931
-9613 8708941
-9612 8674729
-9611 8824576
-9610 8954760
-9609 8959421
-9608 8949205
-9607 9083858
-9606 9301186
-9605 9351952
-9604 9463096
-9603 9497359
-9602 9601879
-9601 9665734
-9600 9799209
-9599 9841794
-9598 9975761
-9597 9997628
-9596 10115580
-9595 10262585
-9594 10419148
-9593 10479805
-9592 10500616
-9591 10759685
-9590 10824591
-9589 11006942
-9588 11082993
-9587 11114366
-9586 11300304
-9585 11443345
-9584 11557858
-9583 11754792
-9582 11838474
-9581 11959694
-9580 12118352
-9579 12261723
-9578 12543372
-9577 12472379
-9576 12667098
-9575 12814084
-9574 12955740
-9573 13069459
-9572 13323302
-9571 13355625
-9570 13566976
-9569 13613375
-9568 13849094
-9567 13914107
-9566 13966562
-9565 14116685
-9564 14316105
-9563 14292331
-9562 14443310
-9561 14674172
-9560 14823325
-9559 14974747
-9558 15213653
-9557 15298031
-9556 15482579
-9555 15661224
-9554 15845056
-9553 15942705
-9552 16174636
-9551 16317886
-9550 16552651
-9549 16718273
-9548 16769075
-9547 16920401
-9546 17082691
-9545 17181157
-9544 17351768
-9543 17648221
-9542 17856299
-9541 17996307
-9540 18263744
-9539 18405192
-9538 18789913
-9537 18826043
-9536 19161179
-9535 19336041
-9534 19619100
-9533 19760722
-9532 19988635
-9531 20196930
-9530 20410451
-9529 20596799
-9528 20926049
-9527 20978408
-9526 21197755
-9525 21313692
-9524 21518460
-9523 21798369
-9522 22076243
-9521 22149789
-9520 22497247
-9519 22567652
-9518 22861929
-9517 23049914
-9516 23281161
-9515 23558655
-9514 23755968
-9513 23949030
-9512 24027948
-9511 24344639
-9510 24582865
-9509 24864316
-9508 25281999
-9507 25294469
-9506 25556498
-9505 25887473
-9504 26135971
-9503 26382758
-9502 26664717
-9501 27034001
-9500 27167370
-9499 27474590
-9498 27596344
-9497 27962031
-9496 28355544
-9495 28552021
-9494 28720935
-9493 29117208
-9492 29333045
-9491 29688156
-9490 30043806
-9489 29998215
-9488 30334483
-9487 30682164
-9486 30958017
-9485 31415432
-9484 31564507
-9483 31924604
-9482 32318966
-9481 32330123
-9480 32588978
-9479 33019311
-9478 33177348
-9477 33349453
-9476 33715285
-9475 34015176
-9474 34350994
-9473 34663275
-9472 35061423
-9471 35260650
-9470 35483608
-9469 35685923
-9468 36008325
-9467 36275456
-9466 36537297
-9465 37028269
-9464 37523785
-9463 37713191
-9462 38040272
-9461 38517545
-9460 38744837
-9459 38837359
-9458 39233265
-9457 39636415
-9456 39776438
-9455 40120256
-9454 40528232
-9453 40716303
-9452 41043853
-9451 41408088
-9450 41855746
-9449 42083390
-9448 42618610
-9447 42944861
-9446 43328913
-9445 43668137
-9444 43761181
-9443 44326340
-9442 44517946
-9441 44957651
-9440 45305917
-9439 45799328
-9438 45999704
-9437 46387103
-9436 46893417
-9435 47336464
-9434 47661648
-9433 48092649
-9432 48459003
-9431 48895413
-9430 49264953
-9429 49703894
-9428 49953205
-9427 50280137
-9426 50694158
-9425 51230902
-9424 51527884
-9423 52091828
-9422 52416918
-9421 52757660
-9420 53237712
-9419 53344813
-9418 53987146
-9417 54351278
-9416 54504538
-9415 54931965
-9414 55532530
-9413 55974243
-9412 56305303
-9411 56693204
-9410 56883729
-9409 57392950
-9408 57778053
-9407 58297117
-9406 58574990
-9405 58888345
-9404 59347021
-9403 59602724
-9402 60103706
-9401 60538517
-9400 61077123
-9399 61422401
-9398 61718039
-9397 62108060
-9396 62565988
-9395 63149580
-9394 63617119
-9393 64041670
-9392 64636919
-9391 64760307
-9390 65274800
-9389 65608472
-9388 66447927
-9387 66469242
-9386 67203462
-9385 67549289
-9384 68194079
-9383 68703080
-9382 69172288
-9381 69757522
-9380 70243890
-9379 70723367
-9378 71206994
-9377 71549449
-9376 71972032
-9375 72198309
-9374 72604334
-9373 73262294
-9372 73823815
-9371 74358014
-9370 74581221
-9369 75072129
-9368 75650415
-9367 76009092
-9366 76594273
-9365 77276379
-9364 77645165
-9363 78118176
-9362 78378202
-9361 79282123
-9360 79604252
-9359 80311856
-9358 80778179
-9357 81415630
-9356 81469228
-9355 82175264
-9354 82583617
-9353 83071292
-9352 83382359
-9351 84080251
-9350 84666307
-9349 84636669
-9348 85465109
-9347 85675656
-9346 86169343
-9345 86618600
-9344 86947540
-9343 88038809
-9342 88725760
-9341 89393511
-9340 89809773
-9339 90055088
-9338 90568369
-9337 90984411
-9336 91862286
-9335 92436056
-9334 92796176
-9333 93276975
-9332 93807397
-9331 94404216
-9330 94875784
-9329 95350848
-9328 95971233
-9327 96260684
-9326 97129675
-9325 97403097
-9324 98058249
-9323 98553607
-9322 98883427
-9321 99466176
-9320 99881748
-9319 100877225
-9318 101218589
-9317 101920647
-9316 102491886
-9315 103223640
-9314 103341204
-9313 103879598
-9312 104426041
-9311 105190009
-9310 105552018
-9309 106160976
-9308 106812055
-9307 107442332
-9306 107932215
-9305 108717121
-9304 109251313
-9303 109891493
-9302 110591282
-9301 111378417
-9300 111789952
-9299 112364838
-9298 112890231
-9297 113477410
-9296 114248368
-9295 114894587
-9294 115430013
-9293 116248587
-9292 116747889
-9291 117429095
-9290 118145218
-9289 118840294
-9288 119300144
-9287 120181183
-9286 120580121
-9285 121258556
-9284 121760104
-9283 122500772
-9282 122903567
-9281 123308958
-9280 124113713
-9279 124745526
-9278 125671315
-9277 126311681
-9276 126715252
-9275 127208488
-9274 128169585
-9273 128686359
-9272 129587668
-9271 130153880
-9270 130703606
-9269 131330555
-9268 131858741
-9267 132456611
-9266 133271504
-9265 134102157
-9264 134809441
-9263 135293169
-9262 135866082
-9261 136616006
-9260 137205388
-9259 137954697
-9258 138642286
-9257 139396552
-9256 140375980
-9255 141140581
-9254 141614269
-9253 142300421
-9252 143484857
-9251 143713737
-9250 144426734
-9249 144937520
-9248 146018495
-9247 146836237
-9246 147153911
-9245 147950263
-9244 148795089
-9243 149235019
-9242 149841526
-9241 150791834
-9240 151144758
-9239 151943123
-9238 152368646
-9237 152956301
-9236 153584762
-9235 154383036
-9234 155238169
-9233 155783429
-9232 156676846
-9231 157244320
-9230 157909753
-9229 158636390
-9228 159388633
-9227 160092186
-9226 160864073
-9225 161765154
-9224 162637309
-9223 163420171
-9222 163949950
-9221 164914220
-9220 165593112
-9219 166227777
-9218 167010666
-9217 167905538
-9216 168416178
-9215 168827834
-9214 169628060
-9213 170483708
-9212 171289676
-9211 171808126
-9210 172850866
-9209 173518469
-9208 174678919
-9207 175381800
-9206 175923125
-9205 176655078
-9204 177576855
-9203 177977019
-9202 178841402
-9201 179609606
-9200 180344107
-9199 180896703
-9198 181845711
-9197 182690552
-9196 183434790
-9195 184322822
-9194 184731486
-9193 185499840
-9192 186456696
-9191 187086633
-9190 187530213
-9189 189006305
-9188 189527031
-9187 190294623
-9186 191053785
-9185 191622411
-9184 192402349
-9183 193074038
-9182 193893060
-9181 194629057
-9180 195411012
-9179 195968759
-9178 196969176
-9177 197453915
-9176 198446564
-9175 199308241
-9174 200180847
-9173 200921812
-9172 201273603
-9171 202192314
-9170 202972445
-9169 203301845
-9168 204138378
-9167 205371021
-9166 205897561
-9165 206688579
-9164 207200886
-9163 208338726
-9162 209175102
-9161 209975577
-9160 210433052
-9159 211620503
-9158 212154138
-9157 212755692
-9156 213370064
-9155 214684010
-9154 215553230
-9153 216319699
-9152 216937480
-9151 218252582
-9150 218759168
-9149 219815083
-9148 219856534
-9147 220715623
-9146 221462276
-9145 222026370
-9144 223051405
-9143 223310836
-9142 224108287
-9141 224903858
-9140 225806527
-9139 226701594
-9138 227571255
-9137 228212327
-9136 228916936
-9135 229710787
-9134 230530015
-9133 231636576
-9132 231998840
-9131 232849351
-9130 233142342
-9129 234368430
-9128 235231181
-9127 235758732
-9126 236905685
-9125 237780102
-9124 238439360
-9123 239317138
-9122 239505668
-9121 240385561
-9120 241331107
-9119 241913057
-9118 242710848
-9117 243804809
-9116 244729128
-9115 245393894
-9114 246254632
-9113 247151262
-9112 248042803
-9111 248624554
-9110 249358993
-9109 250487571
-9108 251563315
-9107 251620195
-9106 252694795
-9105 253536888
-9104 254058503
-9103 254979039
-9102 255973986
-9101 256507391
-9100 257357401
-9099 258347420
-9098 258991297
-9097 260071498
-9096 260347499
-9095 261075451
-9094 261606591
-9093 262172632
-9092 263316518
-9091 263845714
-9090 264964827
-9089 265840499
-9088 266695069
-9087 267436615
-9086 268098414
-9085 268952556
-9084 270314706
-9083 270790526
-9082 271529547
-9081 271997034
-9080 273063562
-9079 273834844
-9078 275079018
-9077 275571255
-9076 276403764
-9075 276626686
-9074 277665556
-9073 278426967
-9072 278974409
-9071 279592078
-9070 280280262
-9069 280900407
-9068 281968316
-9067 282546773
-9066 283110291
-9065 284071070
-9064 284662491
-9063 285738481
-9062 286555501
-9061 287120842
-9060 287859477
-9059 288753815
-9058 289732678
-9057 290563820
-9056 290832254
-9055 291901491
-9054 292748138
-9053 293128350
-9052 294202320
-9051 294970361
-9050 295761143
-9049 296064410
-9048 296876306
-9047 297481222
-9046 298532825
-9045 298903293
-9044 299656713
-9043 300344801
-9042 301448185
-9041 302040403
-9040 302959695
-9039 303776617
-9038 303803730
-9037 304454468
-9036 305045464
-9035 305667027
-9034 306664824
-9033 306654921
-9032 307566335
-9031 308408285
-9030 308697038
-9029 309507486
-9028 310019762
-9027 310415736
-9026 311312724
-9025 312304632
-9024 312951823
-9023 313394606
-9022 314003278
-9021 314873535
-9020 314804103
-9019 316026029
-9018 316621683
-9017 317652777
-9016 317687362
-9015 318629305
-9014 319165505
-9013 319947119
-9012 320726553
-9011 320861040
-9010 322063415
-9009 322437778
-9008 322820814
-9007 323416589
-9006 324217373
-9005 324998811
-9004 326000327
-9003 325855775
-9002 326911543
-9001 327062939
-9000 327833625
-8999 328547272
-8998 329120945
-8997 329724618
-8996 330603278
-8995 331214738
-8994 331612590
-8993 332465614
-8992 332717312
-8991 333243674
-8990 333639567
-8989 334259868
-8988 335371441
-8987 336023713
-8986 336731095
-8985 337426811
-8984 338211126
-8983 339246852
-8982 339288949
-8981 340051933
-8980 340904556
-8979 341651095
-8978 341908697
-8977 342636631
-8976 343096091
-8975 343753977
-8974 344192656
-8973 344113756
-8972 345431879
-8971 345727069
-8970 346857073
-8969 346616414
-8968 347248189
-8967 347849097
-8966 348199376
-8965 349209879
-8964 349171838
-8963 349621948
-8962 350086096
-8961 350179700
-8960 351099114
-8959 351523978
-8958 351987832
-8957 352529203
-8956 353158456
-8955 353347681
-8954 353982108
-8953 354506509
-8952 354846936
-8951 354982903
-8950 355693386
-8949 356246825
-8948 356537241
-8947 357177998
-8946 356993554
-8945 357297089
-8944 358105260
-8943 358459602
-8942 359099865
-8941 359624640
-8940 359982519
-8939 359881547
-8938 360767564
-8937 360651005
-8936 361249033
-8935 361892157
-8934 362649371
-8933 362837598
-8932 362988033
-8931 363091741
-8930 364031787
-8929 363988035
-8928 364445288
-8927 364418457
-8926 364771202
-8925 365532784
-8924 365538891
-8923 365906119
-8922 365419698
-8921 366566862
-8920 366162632
-8919 366767940
-8918 366755109
-8917 367014040
-8916 367030381
-8915 367326783
-8914 367478265
-8913 367814743
-8912 367848420
-8911 368392905
-8910 368903503
-8909 368785385
-8908 369418115
-8907 369444511
-8906 369105794
-8905 369024415
-8904 369392379
-8903 369141806
-8902 369678188
-8901 369704041
-8900 369754113
-8899 369921751
-8898 369829871
-8897 370199659
-8896 370126257
-8895 370527256
-8894 370456921
-8893 370993353
-8892 370608897
-8891 370896657
-8890 370757442
-8889 370782674
-8888 370715324
-8887 370518511
-8886 370575015
-8885 370452974
-8884 370760865
-8883 370486592
-8882 370658131
-8881 370702648
-8880 370598109
-8879 370644374
-8878 370781778
-8877 370243867
-8876 370415886
-8875 370518709
-8874 371116280
-8873 370823055
-8872 370793502
-8871 370990955
-8870 371165812
-8869 370988903
-8868 371215167
-8867 371399094
-8866 370893095
-8865 370590305
-8864 370255189
-8863 370523758
-8862 369893031
-8861 369845256
-8860 369997827
-8859 369481231
-8858 369507982
-8857 369446757
-8856 369254039
-8855 368871211
-8854 368897458
-8853 368546849
-8852 369031099
-8851 368698031
-8850 368503405
-8849 367852894
-8848 367978590
-8847 367652102
-8846 367875594
-8845 367689682
-8844 367170586
-8843 367055376
-8842 366612549
-8841 366700879
-8840 366341259
-8839 366420873
-8838 366225868
-8837 365860112
-8836 366092025
-8835 365793206
-8834 366212243
-8833 365793524
-8832 365288297
-8831 364988784
-8830 365179311
-8829 364572909
-8828 364178341
-8827 363046975
-8826 363267945
-8825 362759887
-8824 362521588
-8823 361867316
-8822 361509284
-8821 361194480
-8820 360714913
-8819 359963119
-8818 359904725
-8817 359399532
-8816 359076524
-8815 358986015
-8814 358360321
-8813 358030479
-8812 357464726
-8811 357388553
-8810 356584555
-8809 355860956
-8808 356034158
-8807 355387539
-8806 355829778
-8805 354365684
-8804 354294936
-8803 353929915
-8802 353412824
-8801 353036757
-8800 353010413
-8799 351822167
-8798 351804637
-8797 350748706
-8796 350961338
-8795 350404402
-8794 349928308
-8793 349715138
-8792 349144835
-8791 348772073
-8790 348324278
-8789 347885978
-8788 346959796
-8787 346779620
-8786 346029236
-8785 345506531
-8784 345141953
-8783 344689110
-8782 344137998
-8781 343100927
-8780 342602501
-8779 341472447
-8778 341541572
-8777 340695799
-8776 340208398
-8775 339447855
-8774 339006812
-8773 338203481
-8772 337589632
-8771 337091290
-8770 336571597
-8769 335693474
-8768 335700159
-8767 334770508
-8766 334186571
-8765 333633478
-8764 333326826
-8763 332196261
-8762 332198467
-8761 331461920
-8760 330837142
-8759 330648541
-8758 330051059
-8757 328931357
-8756 328346595
-8755 327947673
-8754 326746949
-8753 326420834
-8752 325990098
-8751 325357348
-8750 324707823
-8749 324351018
-8748 323280972
-8747 322984549
-8746 322255532
-8745 321796669
-8744 321003882
-8743 320096206
-8742 319691582
-8741 318787218
-8740 317745174
-8739 317434018
-8738 316435757
-8737 315906140
-8736 315421188
-8735 314665106
-8734 314062761
-8733 313462954
-8732 312488257
-8731 311764446
-8730 310972153
-8729 310661361
-8728 309369810
-8727 308101599
-8726 307740340
-8725 307065144
-8724 306652678
-8723 305525494
-8722 305190524
-8721 304258639
-8720 303886324
-8719 303228734
-8718 302287315
-8717 301918635
-8716 301397608
-8715 300463852
-8714 300039803
-8713 299248945
-8712 298730834
-8711 297591009
-8710 297254359
-8709 296481906
-8708 295139834
-8707 294580303
-8706 293913423
-8705 292988340
-8704 292242337
-8703 291281046
-8702 290378369
-8701 289627276
-8700 288742834
-8699 287413208
-8698 286632289
-8697 286271960
-8696 285057551
-8695 284560671
-8694 283774739
-8693 283065650
-8692 281954282
-8691 281080547
-8690 280333530
-8689 278974607
-8688 278301659
-8687 277121379
-8686 276445984
-8685 275786783
-8684 274974504
-8683 274281220
-8682 273257229
-8681 272265420
-8680 271703971
-8679 270474041
-8678 269729774
-8677 269022745
-8676 267943151
-8675 266924257
-8674 266163948
-8673 265252079
-8672 264150362
-8671 263152815
-8670 262439149
-8669 262251251
-8668 260819612
-8667 260302244
-8666 259776061
-8665 258680864
-8664 257607984
-8663 256546701
-8662 255978320
-8661 255491421
-8660 254285053
-8659 253327303
-8658 252809630
-8657 251712247
-8656 250383545
-8655 249862978
-8654 248829658
-8653 247852826
-8652 246932845
-8651 246315174
-8650 245037868
-8649 244310488
-8648 243253176
-8647 242486913
-8646 241415472
-8645 240405578
-8644 239988470
-8643 238878480
-8642 237883722
-8641 237123829
-8640 236193416
-8639 235223556
-8638 234175577
-8637 233394349
-8636 232486574
-8635 231509658
-8634 230683230
-8633 229429724
-8632 228339263
-8631 227455333
-8630 226735828
-8629 225848776
-8628 224541363
-8627 223758617
-8626 222717247
-8625 221914155
-8624 221209459
-8623 220033717
-8622 218584094
-8621 217632954
-8620 216702165
-8619 215821428
-8618 214700565
-8617 213837488
-8616 213162826
-8615 211938503
-8614 211592037
-8613 210387642
-8612 209833899
-8611 208879532
-8610 208134354
-8609 207430497
-8608 206705711
-8607 205961650
-8606 205041416
-8605 204084896
-8604 203243394
-8603 202798381
-8602 201503348
-8601 200986041
-8600 199875083
-8599 199236049
-8598 198424212
-8597 197356031
-8596 196492156
-8595 195711135
-8594 194840520
-8593 193935911
-8592 192906760
-8591 192126404
-8590 191125583
-8589 190272262
-8588 189161003
-8587 188558798
-8586 187742289
-8585 186549132
-8584 186043892
-8583 185280711
-8582 184307750
-8581 183672029
-8580 183036782
-8579 182037611
-8578 181315285
-8577 180422669
-8576 179712606
-8575 178944063
-8574 178183619
-8573 177189717
-8572 176367750
-8571 175441846
-8570 174491353
-8569 173666594
-8568 173128044
-8567 172305632
-8566 171673764
-8565 170876646
-8564 170122424
-8563 168957444
-8562 168586086
-8561 167536622
-8560 166882249
-8559 166166214
-8558 165258067
-8557 164407271
-8556 163425683
-8555 162733005
-8554 161893739
-8553 161417130
-8552 160191986
-8551 159504018
-8550 158707547
-8549 157692383
-8548 156658151
-8547 155815652
-8546 154962356
-8545 154194695
-8544 153321931
-8543 152570855
-8542 151972298
-8541 151107783
-8540 150601682
-8539 149601394
-8538 148782842
-8537 148013138
-8536 147252516
-8535 146486987
-8534 145563875
-8533 144516964
-8532 144012184
-8531 143462529
-8530 142600286
-8529 142113810
-8528 141264611
-8527 140506866
-8526 139815728
-8525 138987309
-8524 138231039
-8523 137654185
-8522 136928293
-8521 136048148
-8520 135204724
-8519 134566441
-8518 133852588
-8517 133022838
-8516 132158344
-8515 131532485
-8514 130912602
-8513 130296689
-8512 129524581
-8511 128812460
-8510 128055877
-8509 127342989
-8508 126340118
-8507 125657752
-8506 124752044
-8505 124276326
-8504 123324199
-8503 122545197
-8502 121769865
-8501 121029064
-8500 120335039
-8499 119898096
-8498 118893636
-8497 118047290
-8496 117458785
-8495 116819026
-8494 116039946
-8493 115274307
-8492 114456383
-8491 113949775
-8490 112870301
-8489 112438454
-8488 111819047
-8487 111063943
-8486 110599003
-8485 109620445
-8484 109210360
-8483 108367070
-8482 107789192
-8481 107102291
-8480 106373043
-8479 105849075
-8478 105012699
-8477 104473160
-8476 103791460
-8475 103118082
-8474 102176919
-8473 101352901
-8472 100725438
-8471 99795769
-8470 99354578
-8469 98733612
-8468 98021440
-8467 97456151
-8466 96821923
-8465 96335115
-8464 95661438
-8463 95045044
-8462 94199027
-8461 93787308
-8460 93388528
-8459 92715654
-8458 92075145
-8457 91381180
-8456 90938637
-8455 90336054
-8454 89520001
-8453 88832017
-8452 88353557
-8451 87819314
-8450 87231928
-8449 86672448
-8448 86059698
-8447 85364923
-8446 84845938
-8445 84447305
-8444 83475997
-8443 83251811
-8442 82779531
-8441 82021815
-8440 81512350
-8439 80851120
-8438 80266513
-8437 79656966
-8436 79012756
-8435 78400394
-8434 77849926
-8433 77332760
-8432 76648472
-8431 76215840
-8430 75803057
-8429 75407636
-8428 74596696
-8427 74126567
-8426 73507845
-8425 72979014
-8424 72356833
-8423 71872870
-8422 71358594
-8421 70901676
-8420 70364988
-8419 69775423
-8418 69674272
-8417 68768344
-8416 68352130
-8415 67690763
-8414 67140124
-8413 66537794
-8412 66050915
-8411 65408878
-8410 65291355
-8409 64502915
-8408 64101666
-8407 63473984
-8406 63106621
-8405 62609565
-8404 61971460
-8403 61651462
-8402 61161709
-8401 60806347
-8400 60272985
-8399 59921820
-8398 59460195
-8397 59064437
-8396 58581947
-8395 58083686
-8394 57735279
-8393 56937625
-8392 56793541
-8391 56290550
-8390 55655151
-8389 55306292
-8388 54786381
-8387 54254084
-8386 53989416
-8385 53194518
-8384 52702143
-8383 52382812
-8382 51941739
-8381 51662960
-8380 51303814
-8379 50843926
-8378 50455010
-8377 50113610
-8376 49634586
-8375 49137639
-8374 48802230
-8373 48294037
-8372 48016583
-8371 47700387
-8370 47201455
-8369 46826319
-8368 46436133
-8367 46012884
-8366 45648454
-8365 45093436
-8364 44764330
-8363 44350518
-8362 43925696
-8361 43495972
-8360 43313672
-8359 42795914
-8358 42497742
-8357 42193459
-8356 41594857
-8355 41330562
-8354 40920339
-8353 40616220
-8352 40175599
-8351 39698870
-8350 39441594
-8349 39091083
-8348 38772535
-8347 38359500
-8346 38085594
-8345 37618737
-8344 37273082
-8343 36886870
-8342 36490781
-8341 36201486
-8340 35697438
-8339 35562985
-8338 35179493
-8337 34816201
-8336 34460218
-8335 34121513
-8334 33809171
-8333 33561793
-8332 33155968
-8331 32682353
-8330 32457911
-8329 31987140
-8328 31633358
-8327 31226176
-8326 30842879
-8325 30611122
-8324 30323896
-8323 30050923
-8322 29710204
-8321 29363185
-8320 29110489
-8319 28854607
-8318 28497892
-8317 28188254
-8316 27967524
-8315 27711005
-8314 27273305
-8313 26909427
-8312 26835930
-8311 26519133
-8310 26220894
-8309 26070562
-8308 25713622
-8307 25537968
-8306 25186063
-8305 25001557
-8304 24785190
-8303 24466504
-8302 24350080
-8301 23925687
-8300 23784017
-8299 23505028
-8298 23186359
-8297 22939356
-8296 22731721
-8295 22464853
-8294 22248310
-8293 21989563
-8292 21752311
-8291 21542625
-8290 21291391
-8289 20912538
-8288 20749834
-8287 20638141
-8286 20326718
-8285 20185545
-8284 19978511
-8283 19788292
-8282 19559113
-8281 19422344
-8280 19207744
-8279 18989340
-8278 18868233
-8277 18545415
-8276 18311336
-8275 18207178
-8274 18095022
-8273 17886156
-8272 17673131
-8271 17505029
-8270 17294687
-8269 17139846
-8268 16931023
-8267 16862165
-8266 16615811
-8265 16460570
-8264 16375523
-8263 16206232
-8262 16018152
-8261 15773469
-8260 15757540
-8259 15492623
-8258 15426431
-8257 15124284
-8256 14992439
-8255 14913406
-8254 14737990
-8253 14523643
-8252 14298813
-8251 14193798
-8250 14025408
-8249 13910153
-8248 13771135
-8247 13577435
-8246 13386346
-8245 13221480
-8244 13009159
-8243 12827986
-8242 12651697
-8241 12525758
-8240 12377897
-8239 12263715
-8238 12178836
-8237 12022030
-8236 11909629
-8235 11733724
-8234 11581702
-8233 11449141
-8232 11360006
-8231 11153866
-8230 11116632
-8229 10928894
-8228 10856177
-8227 10672551
-8226 10584313
-8225 10536031
-8224 10415100
-8223 10279208
-8222 10191760
-8221 10036885
-8220 9935577
-8219 9788661
-8218 9733393
-8217 9643056
-8216 9595382
-8215 9436103
-8214 9303611
-8213 9270703
-8212 9059285
-8211 8964359
-8210 8852813
-8209 8722463
-8208 8624929
-8207 8516369
-8206 8384707
-8205 8261804
-8204 8154624
-8203 8097428
-8202 8018565
-8201 7940208
-8200 7786368
-8199 7725844
-8198 7614502
-8197 7590704
-8196 7455217
-8195 7347489
-8194 7267226
-8193 7214359
-8192 7159637
-8191 7066633
-8190 6972795
-8189 6883776
-8188 6774059
-8187 6695266
-8186 6557996
-8185 6473849
-8184 6438136
-8183 6355090
-8182 6272552
-8181 6202881
-8180 6090350
-8179 6046704
-8178 5998674
-8177 5996145
-8176 5869519
-8175 5834552
-8174 5714832
-8173 5631013
-8172 5577614
-8171 5551969
-8170 5487695
-8169 5394627
-8168 5352308
-8167 5295505
-8166 5220981
-8165 5135583
-8164 5089874
-8163 5052114
-8162 4982552
-8161 4905565
-8160 4900095
-8159 4842647
-8158 4836162
-8157 4740834
-8156 4690175
-8155 4617386
-8154 4621562
-8153 4498373
-8152 4420146
-8151 4368902
-8150 4323458
-8149 4288292
-8148 4241347
-8147 4154435
-8146 4096882
-8145 4048636
-8144 4006803
-8143 3941514
-8142 3866918
-8141 3842133
-8140 3820779
-8139 3765556
-8138 3737199
-8137 3667107
-8136 3633039
-8135 3640744
-8134 3573119
-8133 3544919
-8132 3494703
-8131 3477118
-8130 3516758
-8129 3397857
-8128 3334566
-8127 3299191
-8126 3249384
-8125 3206682
-8124 3139489
-8123 3106731
-8122 3092007
-8121 3044173
-8120 3002585
-8119 2937564
-8118 2882927
-8117 2856529
-8116 2779315
-8115 2802872
-8114 2739494
-8113 2725313
-8112 2672313
-8111 2623170
-8110 2609298
-8109 2609674
-8108 2562049
-8107 2551167
-8106 2511235
-8105 2456348
-8104 2462074
-8103 2437064
-8102 2403140
-8101 2380335
-8100 2360961
-8099 2313643
-8098 2307161
-8097 2253662
-8096 2239384
-8095 2225966
-8094 2202173
-8093 2157907
-8092 2077950
-8091 2062784
-8090 2050742
-8089 2035967
-8088 2011341
-8087 1973481
-8086 1959670
-8085 1930791
-8084 1858751
-8083 1847174
-8082 1819470
-8081 1792583
-8080 1792681
-8079 1745171
-8078 1708418
-8077 1706520
-8076 1676435
-8075 1638551
-8074 1594371
-8073 1585321
-8072 1517634
-8071 1506176
-8070 1480630
-8069 1486093
-8068 1435530
-8067 1440349
-8066 1400893
-8065 1380566
-8064 1354019
-8063 1326975
-8062 1319382
-8061 1272363
-8060 1253190
-8059 1243311
-8058 1226986
-8057 1202448
-8056 1198036
-8055 1197483
-8054 1190182
-8053 1156014
-8052 1140656
-8051 1120036
-8050 1107193
-8049 1099015
-8048 1090707
-8047 1076273
-8046 1040656
-8045 1055587
-8044 1017244
-8043 1003293
-8042 993279
-8041 989141
-8040 963156
-8039 924323
-8038 912895
-8037 905453
-8036 875642
-8035 883659
-8034 860586
-8033 846956
-8032 832385
-8031 818048
-8030 798686
-8029 786517
-8028 783953
-8027 781888
-8026 756615
-8025 744828
-8024 719779
-8023 732427
-8022 719811
-8021 702234
-8020 713638
-8019 698766
-8018 684823
-8017 691159
-8016 639268
-8015 645388
-8014 630481
-8013 624777
-8012 607350
-8011 618387
-8010 608384
-8009 596843
-8008 595532
-8007 575456
-8006 588012
-8005 568230
-8004 563358
-8003 559077
-8002 549782
-8001 539381
-8000 517065
-7999 501141
-7998 484421
-7997 477557
-7996 471231
-7995 461738
-7994 456310
-7993 438665
-7992 431594
-7991 427526
-7990 431583
-7989 423079
-7988 411243
-7987 414266
-7986 408441
-7985 399871
-7984 399006
-7983 377030
-7982 374313
-7981 374787
-7980 367667
-7979 359274
-7978 359773
-7977 348688
-7976 343314
-7975 336322
-7974 341104
-7973 329206
-7972 316035
-7971 321573
-7970 311598
-7969 317964
-7968 303181
-7967 298883
-7966 300826
-7965 289704
-7964 266849
-7963 265577
-7962 273939
-7961 257621
-7960 262422
-7959 251990
-7958 253385
-7957 244034
-7956 233043
-7955 235016
-7954 229837
-7953 213706
-7952 213139
-7951 214092
-7950 198320
-7949 202906
-7948 200602
-7947 202599
-7946 200361
-7945 201395
-7944 192986
-7943 198751
-7942 191304
-7941 200078
-7940 191501
-7939 196378
-7938 179742
-7937 186584
-7936 173622
-7935 181493
-7934 177730
-7933 162967
-7932 165396
-7931 163009
-7930 155832
-7929 157169
-7928 149494
-7927 154608
-7926 142244
-7925 139306
-7924 142377
-7923 133772
-7922 123926
-7921 130565
-7920 122517
-7919 117808
-7918 123433
-7917 119436
-7916 110178
-7915 115434
-7914 108667
-7913 113725
-7912 111143
-7911 113132
-7910 106663
-7909 110565
-7908 107863
-7907 111812
-7906 102920
-7905 97788
-7904 98603
-7903 93823
-7902 92800
-7901 89047
-7900 91416
-7899 84789
-7898 90937
-7897 84935
-7896 86650
-7895 84374
-7894 81710
-7893 79020
-7892 74985
-7891 77834
-7890 84793
-7889 82462
-7888 79268
-7887 75931
-7886 76057
-7885 75620
-7884 75902
-7883 75911
-7882 80689
-7881 79524
-7880 78484
-7879 80446
-7878 78533
-7877 77289
-7876 73270
-7875 72434
-7874 70634
-7873 70660
-7872 71876
-7871 76287
-7870 74750
-7869 72543
-7868 66816
-7867 74819
-7866 75394
-7865 72496
-7864 76043
-7863 70676
-7862 69964
-7861 70885
-7860 73490
-7859 74873
-7858 73510
-7857 72957
-7856 70395
-7855 70246
-7854 66534
-7853 69303
-7852 69974
-7851 67606
-7850 66358
-7849 63994
-7848 66856
-7847 67740
-7846 65849
-7845 66829
-7844 68388
-7843 70359
-7842 70230
-7841 64315
-7840 68897
-7839 67534
-7838 68972
-7837 66113
-7836 69144
-7835 69239
-7834 67135
-7833 66683
-7832 65755
-7831 60629
-7830 63084
-7829 60272
-7828 68063
-7827 56125
-7826 60600
-7825 61367
-7824 53692
-7823 59658
-7822 56749
-7821 53463
-7820 55975
-7819 57627
-7818 56382
-7817 58233
-7816 61672
-7815 59212
-7814 63160
-7813 61779
-7812 56061
-7811 51540
-7810 55205
-7809 54850
-7808 51808
-7807 52292
-7806 47271
-7805 49850
-7804 44233
-7803 45826
-7802 42902
-7801 39329
-7800 37424
-7799 31870
-7798 31778
-7797 30170
-7796 28855
-7795 21651
-7794 23422
-7793 22857
-7792 23693
-7791 20319
-7790 22152
-7789 21662
-7788 17928
-7787 17078
-7786 19609
-7785 20943
-7784 21202
-7783 17602
-7782 18475
-7781 22396
-7780 19121
-7779 20636
-7778 19011
-7777 19424
-7776 19510
-7775 17313
-7774 17296
-7773 18511
-7772 15657
-7771 15741
-7770 15271
-7769 16419
-7768 16028
-7767 15469
-7766 15526
-7765 14375
-7764 17102
-7763 14792
-7762 14478
-7761 13742
-7760 12067
-7759 13514
-7758 12309
-7757 14528
-7756 17770
-7755 16353
-7754 15040
-7753 15942
-7752 16113
-7751 15849
-7750 15979
-7749 14533
-7748 16657
-7747 14922
-7746 15049
-7745 14115
-7744 15197
-7743 15103
-7742 14591
-7741 13868
-7740 14343
-7739 13609
-7738 13328
-7737 13239
-7736 13325
-7735 12531
-7734 10652
-7733 9683
-7732 9409
-7731 9676
-7730 10553
-7729 10267
-7728 12115
-7727 10179
-7726 9066
-7725 8899
-7724 9054
-7723 7911
-7722 10450
-7721 9421
-7720 8896
-7719 7972
-7718 7280
-7717 7623
-7716 6096
-7715 5192
-7714 7046
-7713 6664
-7712 4818
-7711 4956
-7710 5181
-7709 4382
-7708 6122
-7707 5970
-7706 4096
-7705 3008
-7704 4091
-7703 2996
-7702 3174
-7701 3736
-7700 3562
-7699 4335
-7698 4663
-7697 5749
-7696 5604
-7695 7095
-7694 5230
-7693 6061
-7692 4682
-7691 5459
-7690 4285
-7689 6753
-7688 4957
-7687 4189
-7686 4425
-7685 4076
-7684 4041
-7683 5183
-7682 4660
-7681 3748
-7680 4081
-7679 4200
-7678 3903
-7677 4382
-7676 3940
-7675 4647
-7674 3639
-7673 3532
-7672 3759
-7671 4110
-7670 2621
-7669 5776
-7668 5237
-7667 5288
-7666 4719
-7665 4756
-7664 4129
-7663 3171
-7662 3597
-7661 3672
-7660 2899
-7659 3453
-7658 1281
-7657 2518
-7656 3477
-7655 2041
-7654 1838
-7653 2792
-7652 2905
-7651 1951
-7650 1590
-7649 1412
-7648 2052
-7647 2473
-7646 2250
-7645 1840
-7644 1437
-7643 1968
-7642 2548
-7641 1893
-7640 4332
-7639 2095
-7638 2906
-7637 2987
-7636 2851
-7635 3118
-7634 2385
-7633 2893
-7632 2192
-7631 2644
-7630 1502
-7629 1149
-7628 1329
-7627 1446
-7626 803
-7625 470
-7624 625
-7623 589
-7622 542
-7621 971
-7620 424
-7619 684
-7618 663
-7617 1200
-7616 1272
-7615 1844
-7614 1715
-7613 1895
-7612 1333
-7611 1261
-7610 1521
-7609 863
-7608 1137
-7607 1336
-7606 775
-7605 836
-7604 527
-7603 266
-7602 448
-7601 558
-7600 276
-7599 217
-7598 342
-7597 70
-7596 27
-7595 165
