0 -1.67195 99998500000
153.881 0.372707
1 161182729
2 242333951
3 273200128
4 307882372
5 321311176
6 342908261
7 353909601
8 370250725
9 378944561
10 391592599
11 398805778
12 408735664
13 414931699
14 422976179
15 428083836
16 434662873
17 438852235
18 444291564
19 447969797
20 452579868
21 455433222
22 459399006
23 461975335
24 465160735
25 467181586
26 469682880
27 471266046
28 473323132
29 474400576
30 476108458
31 477186419
32 478421470
33 478885970
34 479890599
35 480218517
36 480952080
37 480929046
38 481348694
39 481217541
40 481446683
41 481177340
42 481046239
43 480448594
44 480277335
45 479410970
46 479036846
47 478272918
48 477614320
49 476815191
50 476268764
51 475229614
52 474336388
53 473141685
54 472180625
55 470897348
56 469594319
57 468358579
58 467207630
59 465624246
60 464166487
61 462556263
62 461123801
63 459714091
64 458375919
65 456659444
66 455112358
67 453456945
68 451878379
69 450121192
70 448427624
71 446687493
72 445041030
73 443176872
74 441242229
75 439349457
76 437415617
77 435627669
78 433804927
79 431831008
80 430038932
81 428056210
82 426223188
83 424336982
84 422417041
85 420452087
86 418506255
87 416441887
88 414489617
89 412272054
90 410318344
91 408306925
92 406305567
93 404229045
94 402285185
95 400223950
96 398205505
97 396142908
98 394025989
99 391909296
100 390023368
101 388037944
102 385993915
103 383873987
104 381923450
105 379946433
106 378019228
107 375836184
108 373806739
109 371658345
110 369509988
111 367524961
112 365499330
113 363417357
114 361405928
115 359333382
116 357382263
117 355370848
118 353352426
119 351358027
120 349392737
121 347266819
122 345218321
123 343331535
124 341317805
125 339309020
126 337168183
127 335156202
128 333293429
129 331285438
130 329366662
131 327287206
132 325220991
133 323075114
134 321243297
135 319228429
136 317157832
137 315191026
138 313286021
139 311339124
140 309350882
141 307504601
142 305589846
143 303621805
144 301715548
145 299806122
146 297936570
147 296048860
148 294171658
149 292257642
150 290237261
151 288315047
152 286462256
153 284556011
154 282691000
155 280943435
156 279245836
157 277326981
158 275510330
159 273669675
160 271831454
161 270133470
162 268443203
163 266599117
164 264770527
165 262968257
166 261110220
167 259361423
168 257691587
169 255997012
170 254289865
171 252539976
172 250814362
173 249097292
174 247505574
175 245815331
176 244217314
177 242501526
178 240739569
179 239031874
180 237385689
181 235803102
182 234133103
183 232540456
184 230900769
185 229338109
186 227879435
187 226430709
188 224910589
189 223386599
190 221875161
191 220245250
192 218754523
193 217119075
194 215611389
195 214135984
196 212716399
197 211249111
198 209850516
199 208435751
200 207031137
201 205569909
202 204181387
203 202658812
204 201209511
205 199682592
206 198158482
207 196716288
208 195364453
209 193888880
210 192487675
211 191038191
212 189665413
213 188300748
214 186927134
215 185678373
216 184384889
217 183118644
218 181727417
219 180417157
220 179266134
221 178028686
222 176791691
223 175615531
224 174388081
225 173182142
226 171877426
227 170616035
228 169321988
229 167978364
230 166691465
231 165479449
232 164286490
233 163153697
234 162003367
235 160858070
236 159735288
237 158562566
238 157388583
239 156194462
240 155088130
241 153889807
242 152672042
243 151555429
244 150409168
245 149385321
246 148355276
247 147380648
248 146325170
249 145287316
250 144177617
251 143109351
252 142048940
253 141045838
254 140108214
255 138983981
256 137983752
257 137009472
258 136022529
259 135045042
260 134033974
261 132964295
262 132104788
263 131118929
264 130182558
265 129199037
266 128208264
267 127192699
268 126303777
269 125353067
270 124411282
271 123545100
272 122690311
273 121756881
274 120821690
275 119855603
276 118915637
277 118037851
278 117170113
279 116310263
280 115438804
281 114561112
282 113794228
283 112917153
284 112041704
285 111231131
286 110460620
287 109645068
288 108785821
289 107948536
290 107122746
291 106223122
292 105344215
293 104521003
294 103701531
295 102923602
296 102062111
297 101290193
298 100499522
299 99739944
300 99022880
301 98279658
302 97547767
303 96850859
304 96131877
305 95418181
306 94747902
307 94101374
308 93399189
309 92673273
310 91965390
311 91223479
312 90507063
313 89762952
314 89010912
315 88318042
316 87621254
317 86962324
318 86296949
319 85699430
320 85062760
321 84477362
322 83851100
323 83179815
324 82529385
325 81803245
326 81199084
327 80611186
328 80083303
329 79504152
330 78921472
331 78297660
332 77707545
333 77135604
334 76564003
335 75942138
336 75433597
337 74829965
338 74253971
339 73682602
340 73092764
341 72533804
342 71966937
343 71460771
344 70903412
345 70354257
346 69836126
347 69317911
348 68772814
349 68208574
350 67631612
351 67052844
352 66487932
353 66019020
354 65521047
355 64995722
356 64504938
357 63991962
358 63511781
359 62987245
360 62453354
361 61875195
362 61379635
363 60929303
364 60433821
365 59939920
366 59472646
367 59012351
368 58619367
369 58179716
370 57697663
371 57315044
372 56846490
373 56444825
374 55976285
375 55544288
376 55110526
377 54660151
378 54231421
379 53810856
380 53409724
381 53020061
382 52584420
383 52175045
384 51743935
385 51360968
386 50952522
387 50562064
388 50109088
389 49689907
390 49295057
391 48898218
392 48515935
393 48167403
394 47781525
395 47384599
396 47030171
397 46668503
398 46290933
399 45949602
400 45599775
401 45197417
402 44861562
403 44522860
404 44154671
405 43774043
406 43450852
407 43109279
408 42828041
409 42529835
410 42197573
411 41816881
412 41469487
413 41113228
414 40840929
415 40528990
416 40160222
417 39844975
418 39566825
419 39239222
420 38943529
421 38658402
422 38332784
423 38046846
424 37690002
425 37372425
426 37076222
427 36816775
428 36570909
429 36304983
430 35987472
431 35758265
432 35453675
433 35208649
434 34920296
435 34652030
436 34405808
437 34082048
438 33813854
439 33509471
440 33271851
441 33032363
442 32853308
443 32621223
444 32361816
445 32124802
446 31883979
447 31598790
448 31334493
449 31115335
450 30930428
451 30743040
452 30536717
453 30335332
454 30128803
455 29877869
456 29654485
457 29395188
458 29153716
459 28894770
460 28743903
461 28489435
462 28256173
463 28030162
464 27781264
465 27522302
466 27268524
467 27052196
468 26853596
469 26630248
470 26383706
471 26187069
472 25999505
473 25801059
474 25578866
475 25396587
476 25207224
477 24993474
478 24817058
479 24638666
480 24421761
481 24258409
482 24034838
483 23845475
484 23721322
485 23542787
486 23343879
487 23178853
488 22984741
489 22772295
490 22567722
491 22445260
492 22263783
493 22107506
494 21948872
495 21769975
496 21602106
497 21398205
498 21246235
499 21079380
500 20906858
501 20771643
502 20593183
503 20454576
504 20248018
505 20074430
506 19900224
507 19734255
508 19562250
509 19411849
510 19283253
511 19161057
512 19044413
513 18899359
514 18779522
515 18594314
516 18464721
517 18328421
518 18190081
519 18040379
520 17878062
521 17716886
522 17576861
523 17447511
524 17285977
525 17150554
526 16999418
527 16858451
528 16740536
529 16604397
530 16483535
531 16348106
532 16210506
533 16093347
534 15959252
535 15829785
536 15720602
537 15593578
538 15471966
539 15346546
540 15239753
541 15122312
542 14989765
543 14881765
544 14761820
545 14643594
546 14511497
547 14387271
548 14269230
549 14148108
550 14036264
551 13918778
552 13815934
553 13695411
554 13580692
555 13479673
556 13392739
557 13291072
558 13181257
559 13089015
560 12984675
561 12864128
562 12763412
563 12636539
564 12501531
565 12400667
566 12291626
567 12194504
568 12096476
569 11997445
570 11886984
571 11771473
572 11695920
573 11572344
574 11458593
575 11361430
576 11242448
577 11144902
578 11043322
579 10937565
580 10862485
581 10745512
582 10643045
583 10550364
584 10451054
585 10370481
586 10284576
587 10198703
588 10124752
589 10051405
590 9978923
591 9903711
592 9836782
593 9749529
594 9679245
595 9593488
596 9529499
597 9438741
598 9373341
599 9307756
600 9215410
601 9117239
602 9030601
603 8955181
604 8869311
605 8795356
606 8724031
607 8665976
608 8608234
609 8537235
610 8459475
611 8382382
612 8333468
613 8277453
614 8205151
615 8138632
616 8072265
617 8017710
618 7964450
619 7905579
620 7817218
621 7730051
622 7664247
623 7612850
624 7570219
625 7488892
626 7420701
627 7352141
628 7287779
629 7226878
630 7148964
631 7098903
632 7054579
633 7011693
634 6954236
635 6872971
636 6804943
637 6753131
638 6699622
639 6652730
640 6587388
641 6533835
642 6466264
643 6408612
644 6342306
645 6284187
646 6228191
647 6184681
648 6141518
