0.5 -1.82097 99998500000
196.603 0.607895
1 121901957
2 177982507
3 194953295
4 222045411
5 228975518
6 247134747
7 253136788
8 267769560
9 272877562
10 284360575
11 288986860
12 298135874
13 302381644
14 310080360
15 313903857
16 320388307
17 323758963
18 329201498
19 332178087
20 336886037
21 339428375
22 343440220
23 345693991
24 349216711
25 351140528
26 354191715
27 355876548
28 358405490
29 359891767
30 362092063
31 363576296
32 365557478
33 366597206
34 368256866
35 369043499
36 370458055
37 371117682
38 372349737
39 372907964
40 373965643
41 374387486
42 375279031
43 375483233
44 376159118
45 376363857
46 376760648
47 376674110
48 376980811
49 376970564
50 377326708
51 377223026
52 377359285
53 377133024
54 377327013
55 377134992
56 377040177
57 376487398
58 376309890
59 375716869
60 375556084
61 375100337
62 374878119
63 374356301
64 374080706
65 373532463
66 373035161
67 372415222
68 371884645
69 371133479
70 370386057
71 369559414
72 369047603
73 368302751
74 367484664
75 366646743
76 365869696
77 364955865
78 364034117
79 363100628
80 362313862
81 361377876
82 360503454
83 359469355
84 358675107
85 357486211
86 356647088
87 355472773
88 354607986
89 353485463
90 352561898
91 351266610
92 350167778
93 348983168
94 347958540
95 346780412
96 345832045
97 344710473
98 343637051
99 342470928
100 341425062
101 340165323
102 339041003
103 337899675
104 336772362
105 335532911
106 334232779
107 333030495
108 331852122
109 330719188
110 329504072
111 328138437
112 326936020
113 325542970
114 324340657
115 322949041
116 321632878
117 320320378
118 319143351
119 317832378
120 316616767
121 315235230
122 314005308
123 312642300
124 311386380
125 310020482
126 308769465
127 307466410
128 306243411
129 305000664
130 303686945
131 302349990
132 301045353
133 299711862
134 298598705
135 297311768
136 296189898
137 294728974
138 293427978
139 292069577
140 290877975
141 289482182
142 288190803
143 286857915
144 285568534
145 284294639
146 283085598
147 281840964
148 280532249
149 279266521
150 278035384
151 276851462
152 275566550
153 274235376
154 272944424
155 271632389
156 270682460
157 269427637
158 268048681
159 266719261
160 265337716
161 264017468
162 262742267
163 261466475
164 260186093
165 259001879
166 257798682
167 256514149
168 255305046
169 254164165
170 252933110
171 251646991
172 250432949
173 249237948
174 247927507
175 246658176
176 245439106
177 244266434
178 243039201
179 241919099
180 240707131
181 239551634
182 238330078
183 237096091
184 235857927
185 234626488
186 233425866
187 232169254
188 231010391
189 229937314
190 228870573
191 227727725
192 226492814
193 225344837
194 224188632
195 223084058
196 221887540
197 220647119
198 219513073
199 218372572
200 217259412
201 216108485
202 214964902
203 213738986
204 212616039
205 211531991
206 210418775
207 209233376
208 208213245
209 207084114
210 206092491
211 205002139
212 203935848
213 202990873
214 202019975
215 200972222
216 199920974
217 198813384
218 197760018
219 196660062
220 195638627
221 194606300
222 193499826
223 192508193
224 191372449
225 190421452
226 189334959
227 188379618
228 187525399
229 186501305
230 185613376
231 184641682
232 183706823
233 182702314
234 181800994
235 180904642
236 180012245
237 179103226
238 178230365
239 177242862
240 176296959
241 175199139
242 174299905
243 173389808
244 172413139
245 171435553
246 170584151
247 169598966
248 168636258
249 167708764
250 166938450
251 165973443
252 165095512
253 164208625
254 163251973
255 162384065
256 161468945
257 160597988
258 159690028
259 158869293
260 158013539
261 157055024
262 156198383
263 155363188
264 154557150
265 153662094
266 152907486
267 152107478
268 151313834
269 150374606
270 149467339
271 148664524
272 147713222
273 146856164
274 146021729
275 145239120
276 144349606
277 143497132
278 142660851
279 141744239
280 141045090
281 140288279
282 139515772
283 138877077
284 138153188
285 137307795
286 136585973
287 135761362
288 135009499
289 134265495
290 133480655
291 132797848
292 132038290
293 131284676
294 130612107
295 129864366
296 129097171
297 128322908
298 127610818
299 126979951
300 126238335
301 125572261
302 124880896
303 124144478
304 123456571
305 122739432
306 122001807
307 121251500
308 120510883
309 119810989
310 119094794
311 118370586
312 117698496
313 117043577
314 116396413
315 115691590
316 115029885
317 114349085
318 113699850
319 113023067
320 112379317
321 111787947
322 111089930
323 110598222
324 109921595
325 109353984
326 108706748
327 108093495
328 107482687
329 106898421
330 106248715
331 105676015
332 105076333
333 104473044
334 103925690
335 103366723
336 102758344
337 102173870
338 101595418
339 100967077
340 100395484
341 99785173
342 99230827
343 98596369
344 98029234
345 97407624
346 96828211
347 96191575
348 95679086
349 95084105
350 94553773
351 94004591
352 93438729
353 92843526
354 92301576
355 91785276
356 91270926
357 90762456
358 90189364
359 89679058
360 89185808
361 88643811
362 88129187
363 87638706
364 87162934
365 86586419
366 86087128
367 85519117
368 85032597
369 84508442
370 83997817
371 83439168
372 82892454
373 82378328
374 81927405
375 81381731
376 80920872
377 80392084
378 79921466
379 79440038
380 79004381
381 78564143
382 78083823
383 77652904
384 77209741
385 76761306
386 76291057
387 75923191
388 75429987
389 74977568
390 74526911
391 74083904
392 73636954
393 73244707
394 72756876
395 72325261
396 71827097
397 71419780
398 71002762
399 70615000
400 70220888
401 69819190
402 69404404
403 68961348
404 68577954
405 68167419
406 67690402
407 67300272
408 66889197
409 66519440
410 66140864
411 65736622
412 65318615
413 64949216
414 64610517
415 64215933
416 63860680
417 63450387
418 63124562
419 62753137
420 62371936
421 61985528
422 61681205
423 61297050
424 60978238
425 60662938
426 60308267
427 59966246
428 59551409
429 59195190
430 58848700
431 58501734
432 58189084
433 57842576
434 57422666
435 57101090
436 56774472
437 56414124
438 55994477
439 55677370
440 55327066
441 54946450
442 54651643
443 54314309
444 53995224
445 53581386
446 53302384
447 52963204
448 52673118
449 52390456
450 52052432
451 51734448
452 51380965
453 51017670
454 50711987
455 50429263
456 50126157
457 49844405
458 49505686
459 49202309
460 48928261
461 48610559
462 48311966
463 48012775
464 47733564
465 47413857
466 47114427
467 46767968
468 46512882
469 46285628
470 45983175
471 45680124
472 45369227
473 45074560
474 44761230
475 44490199
476 44210996
477 43882937
478 43579339
479 43311409
480 43061580
481 42804952
482 42523819
483 42284411
484 42069593
485 41812648
486 41577584
487 41315581
488 41105761
489 40855682
490 40614074
491 40366094
492 40132637
493 39875960
494 39625859
495 39436396
496 39153496
497 38907669
498 38682811
499 38488051
500 38287376
501 37979715
502 37781641
503 37584177
504 37361987
505 37145432
506 36891336
507 36657029
508 36435331
509 36198263
510 35973158
511 35766053
512 35543140
513 35324940
514 35136975
515 34917729
516 34707776
517 34509005
518 34257346
519 34025025
520 33816591
521 33627729
522 33444746
523 33244153
524 33061961
525 32864132
526 32651624
527 32455420
528 32278391
529 32042158
530 31814402
531 31594479
532 31344047
533 31180895
534 30989925
535 30789354
536 30586197
537 30408501
538 30257723
539 30054239
540 29843868
541 29651803
542 29448532
543 29267883
544 29113376
545 28929220
546 28752371
547 28590619
548 28395121
549 28212537
550 28070516
551 27907496
552 27713265
553 27578245
554 27410911
555 27199368
556 27033321
557 26856482
558 26662742
559 26516292
560 26375548
561 26240895
562 26085305
563 25883130
564 25712417
565 25549292
566 25395050
567 25234289
568 25074962
569 24835341
570 24659706
571 24525550
572 24381059
573 24262623
574 24118629
575 23929644
576 23787177
577 23633548
578 23466799
579 23327842
580 23169394
581 22993357
582 22892162
583 22754805
584 22627016
585 22490329
586 22309245
587 22198871
588 22046932
589 21929504
590 21743439
591 21616479
592 21500826
593 21372188
594 21208382
595 21067262
596 20912040
597 20730559
598 20577258
599 20445868
600 20300977
601 20188589
602 20070718
603 19935624
604 19819096
605 19709482
606 19589107
607 19462059
608 19341506
609 19234155
610 19149707
611 19031158
612 18921656
613 18787141
614 18681091
615 18576332
616 18444369
617 18307665
618 18175622
619 18057516
620 17963271
621 17874032
622 17764520
623 17659035
624 17560585
625 17410708
626 17312002
627 17203227
628 17083484
629 17003517
630 16928543
631 16807122
632 16712310
633 16600748
634 16506571
635 16378716
636 16255622
637 16149873
638 16042427
639 15965993
640 15865089
641 15761944
642 15663954
643 15555604
644 15463817
645 15375081
646 15301459
647 15170989
648 15090632
