0.2 -1.69539 99998500000
153.108 0.397018
1 0 0 
2 1 5.63211e-09 
3 2.66667 0.000252207 
4 4.53904 0.000659222 
5 7.01438 0.00107577 
6 9.50633 0.00179758 
7 12.497 0.00266843 
8 15.4329 0.00318223 
9 18.8584 0.00458739 
10 22.2026 0.0054174 
11 25.9902 0.00654925 
12 29.7047 0.00817971 
13 33.8334 0.00888724 
14 37.8799 0.0124055 
15 42.312 0.0162956 
16 46.6676 0.0145154 
17 51.3774 0.0163361 
18 56.0194 0.0182999 
19 61.0161 0.0209395 
20 65.9181 0.0238224 
21 71.156 0.0257743 
22 76.3367 0.0305305 
23 81.8304 0.0346753 
24 87.263 0.0346634 
25 93.0048 0.0363786 
26 98.6519 0.0390545 
27 104.618 0.0419191 
28 110.514 0.0468716 
29 116.683 0.0469945 
30 122.764 0.0599585 
31 129.146 0.0626004 
32 135.444 0.074209 
33 142.028 0.0842101 
34 148.541 0.0827616 
35 155.303 0.0881895 
36 161.989 0.0923098 
37 168.93 0.0933996 
38 175.791 0.0892238 
39 182.91 0.0921984 
40 189.973 0.0942468 
41 197.334 0.099849 
42 204.612 0.103041 
43 212.097 0.11113 
44 219.491 0.117554 
45 227.147 0.123273 
46 234.718 0.123512 
47 242.538 0.134223 
48 250.306 0.142086 
49 258.317 0.141534 
50 266.246 0.149997 
51 274.388 0.162658 
52 282.503 0.170263 
53 290.842 0.171194 
54 299.137 0.179163 
55 307.591 0.191538 
56 315.994 0.202127 
57 324.581 0.201167 
58 333.207 0.206525 
59 341.91 0.211789 
60 350.672 0.218293 
61 359.582 0.223462 
62 368.38 0.237943 
63 377.379 0.252095 
64 386.337 0.264904 
65 395.519 0.272765 
66 404.667 0.276907 
67 414.066 0.279165 
68 423.313 0.287231 
69 432.788 0.305109 
70 442.164 0.312684 
71 451.786 0.312367 
72 461.246 0.341057 
73 471.054 0.348792 
74 480.821 0.360952 
75 490.693 0.354779 
76 500.483 0.369305 
77 510.516 0.379768 
78 520.551 0.384656 
79 530.575 0.404303 
80 540.659 0.417845 
81 550.947 0.429834 
82 561.139 0.432214 
83 571.572 0.460883 
84 581.819 0.468849 
85 592.39 0.46873 
86 602.98 0.479341 
87 613.637 0.481763 
88 624.297 0.495613 
89 634.983 0.516077 
90 645.867 0.525064 
91 656.636 0.549735 
92 667.421 0.563803 
93 678.594 0.583065 
94 689.657 0.598941 
95 700.519 0.618151 
96 711.485 0.618105 
97 722.66 0.628765 
98 733.864 0.677673 
99 745.127 0.714056 
100 756.65 0.685706 
101 768.126 0.756006 
102 779.586 0.671856 
103 791.198 0.738111 
104 802.658 0.697223 
105 814.467 0.715965 
106 826.138 0.740522 
107 837.894 0.746961 
108 849.423 0.784846 
109 861.361 0.786167 
110 873.288 0.770649 
111 884.857 0.805957 
112 896.737 0.806467 
113 908.824 0.801539 
114 921.121 0.843442 
115 933.491 0.858393 
116 945.686 0.88168 
117 958.193 0.908123 
118 970.212 0.960223 
119 982.687 0.956239 
120 994.879 0.975694 
121 1007.51 1.07985 
122 1019.75 1.15058 
123 1032.51 1.10092 
124 1044.92 1.09676 
125 1057.79 1.20705 
126 1070.27 1.14973 
127 1083.01 1.26498 
128 1095.7 1.1363 
129 1108.7 1.15535 
130 1121.59 1.2018 
131 1134.78 1.18112 
132 1147.67 1.22414 
133 1160.72 1.26868 
134 1173.73 1.25918 
135 1187.17 1.33698 
136 1200.18 1.32898 
137 1213.88 1.31589 
138 1226.85 1.39064 
139 1240.19 1.39003 
140 1253.91 1.49944 
141 1267.42 1.47227 
142 1280.72 1.46937 
143 1294.27 1.52506 
144 1308.14 1.50336 
145 1321.94 1.52307 
146 1335.94 1.58494 
147 1349.14 1.52043 
148 1362.62 1.62239 
149 1376.22 1.66543 
150 1389.95 1.71439 
151 1403.73 1.7063 
152 1417.8 1.74488 
153 1432.6 1.86479 
154 1446.77 1.74972 
155 1461.49 1.88653 
156 1475.4 1.8762 
157 1489.82 1.95174 
158 1504.24 2.00976 
159 1518.86 1.95344 
160 1533.51 1.99631 
161 1547.68 2.22672 
162 1563.15 2.39669 
163 1578.03 2.54375 
164 1592.47 2.41559 
165 1607.04 2.35262 
166 1621.18 2.51386 
167 1635.99 2.70718 
168 1650.91 2.31534 
169 1665.47 2.54228 
170 1680.17 2.8259 
171 1694.41 2.53118 
172 1710.16 2.61388 
173 1724.83 2.54841 
174 1739.56 2.53024 
175 1755.08 2.74019 
176 1770.22 2.87354 
177 1785.46 2.75941 
178 1800.73 2.77986 
179 1816.55 3.11703 
180 1831.32 3.21867 
181 1846.36 3.1688 
182 1862.34 3.07782 
183 1877.71 2.86938 
184 1893.31 2.92564 
185 1908.99 3.12984 
186 1924.67 3.04903 
187 1940.58 3.38878 
188 1955.98 3.3251 
189 1971.17 3.45317 
190 1985.41 3.10797 
191 2000.7 3.17288 
192 2015.89 3.06174 
193 2032.14 3.0875 
194 2048.19 3.37142 
195 2062.85 3.72625 
196 2078.88 4.17612 
197 2094.88 3.33954 
198 2110.44 3.48599 
199 2126.73 3.55117 
200 2142.1 3.43102 
201 2157.54 3.40665 
202 2173.75 3.48792 
203 2190.72 3.59732 
204 2206.81 3.51452 
205 2223.31 3.65058 
206 2240.27 3.81665 
207 2255.7 4.40776 
208 2272.09 4.28183 
209 2288.3 4.02757 
210 2304.97 4.50021 
211 2322.5 4.65432 
212 2339.61 4.2942 
213 2355.53 4.00973 
214 2370.99 4.189 
215 2386.6 4.05799 
216 2404.2 4.20353 
217 2422.26 4.24747 
218 2439.13 4.26199 
219 2456.71 5.13689 
220 2473.16 4.52916 
221 2488.96 4.42896 
222 2505.86 4.41909 
223 2522.31 4.46275 
224 2539.9 4.67303 
225 2556.83 4.7216 
226 2573.69 4.56351 
227 2590.16 4.67641 
228 2608.71 4.75645 
229 2626.44 4.79204 
230 2642.65 5.02218 
231 2660.38 4.86419 
232 2677.84 5.05363 
233 2694.57 5.04758 
234 2710.85 5.11943 
235 2728.46 5.40472 
236 2745.55 5.23275 
237 2763.57 5.17366 
238 2779.9 5.03824 
239 2798.37 5.27979 
240 2816.67 5.50676 
241 2834.95 5.44236 
242 2853.25 5.60544 
243 2869.77 5.58726 
244 2887.63 5.58693 
245 2906.05 5.79816 
246 2924.67 5.7638 
247 2943.39 5.91143 
248 2962.85 6.03751 
249 2979.83 6.07157 
250 2997.78 6.07527 
251 3016.69 5.84756 
252 3034.69 6.03743 
253 3052.85 6.01038 
254 3071.89 6.30765 
255 3090.53 6.36442 
256 3109.59 6.39924 
257 3125.48 6.5976 
258 3142.43 6.72067 
259 3161.3 6.74632 
260 3179.2 6.74499 
261 3198.25 6.80566 
262 3216.93 7.01685 
263 3235.73 7.07592 
264 3254.94 7.14791 
265 3274.58 7.0607 
266 3292.58 7.35184 
267 3309.17 7.56967 
268 3327.96 7.57478 
269 3347.2 7.63648 
270 3364.03 7.71877 
271 3381.01 7.68972 
272 3398.58 7.83931 
273 3417.52 7.80148 
274 3436.42 8.03449 
275 3455.7 8.27344 
276 3473.19 8.1766 
277 3491.55 8.31974 
278 3510.31 8.50805 
279 3529.22 9.5335 
280 3549.22 8.72267 
281 3566.88 8.54465 
282 3586.04 8.60206 
283 3606.45 8.74912 
284 3624.66 8.91703 
285 3644.27 9.07625 
286 3662.72 8.83794 
287 3682.18 9.18427 
288 3703.33 9.32981 
289 3722.79 9.77496 
290 3739.25 9.53401 
291 3758.61 9.40535 
292 3778.57 9.7521 
293 3799.54 9.76297 
294 3819.54 9.80425 
295 3838.44 9.7941 
296 3859.09 9.85612 
297 3878.7 10.7038 
298 3896.14 10.1373 
299 3916.01 10.2501 
300 3932.59 10.3724 
301 3950.6 10.5556 
302 3967.3 10.6789 
303 3986.38 10.9453 
304 4008.78 10.7801 
305 4030.31 11.1365 
306 4050.75 11.2635 
307 4075.52 11.2051 
308 4094.48 11.2316 
309 4108.41 11.1765 
310 4127.41 11.5551 
311 4148.92 11.6757 
312 4170.17 11.6686 
313 4190.42 11.9312 
314 4211.6 11.99 
315 4233.52 12.0351 
316 4253.59 11.9566 
317 4275.74 12.4262 
318 4296.33 12.5844 
319 4319.15 12.609 
320 4340.13 12.6534 
321 4361.05 13.1572 
322 4375.66 13.4348 
323 4397.83 13.1489 
324 4419.78 13.5155 
325 4436.99 13.2757 
326 4458.21 13.3676 
327 4479.78 13.5438 
328 4497.21 14.0937 
329 4518.06 14.4317 
330 4540.83 14.1453 
331 4565.7 15.1318 
332 4587.44 14.236 
333 4611.24 14.594 
334 4635.51 14.7737 
335 4653.8 14.8708 
336 4670.08 16.4519 
337 4691.77 15.6696 
338 4718.17 16.3876 
339 4735.81 16.1345 
340 4758.93 16.3691 
341 4778.9 16.0324 
342 4794.09 16.4635 
343 4814.45 16.2848 
344 4833.17 16.9429 
345 4856.82 17.3238 
346 4879.92 18.2509 
347 4900.85 18.4187 
348 4920.48 18.8294 
349 4941.61 18.8827 
350 4959.6 21.0152 
351 4977.76 17.8492 
352 5000.33 21.0663 
353 5021.06 21.341 
354 5045.73 20.1633 
355 5063.18 20.1186 
356 5085.54 19.4166 
357 5111.74 19.6856 
358 5128.36 20.3883 
359 5147.32 19.5588 
360 5169.8 19.5646 
361 5193.03 19.6111 
362 5216.21 20.2146 
363 5233.65 22.1089 
364 5256.33 21.4765 
365 5280.19 22.6776 
366 5302.69 23.4776 
367 5316.17 22.5594 
368 5340.79 21.3357 
369 5357.6 23.0772 
370 5380.6 21.9775 
371 5407.51 23.9611 
372 5431.6 23.4427 
373 5451.36 24.9439 
374 5476.47 23.8849 
375 5500.54 24.0643 
376 5511.45 25.0611 
377 5538.02 24.7848 
378 5565.05 24.1127 
379 5587.87 22.8308 
380 5607.74 26.097 
381 5635.67 27.1 
382 5665.14 26.6379 
383 5683.97 27.8286 
384 5706.27 25.503 
385 5730.2 27.6052 
386 5752.79 29.2521 
387 5758.83 28.9774 
388 5786.07 29.0181 
389 5813.35 29.2614 
390 5828.95 26.5675 
391 5851.47 25.6309 
392 5879.22 25.1438 
393 5904.5 26.2293 
394 5932.85 25.5512 
395 5957.62 25.3574 
396 5983.09 25.6068 
397 6012.77 27.0081 
398 6018.19 26.0351 
399 6043.02 25.1418 
400 6065.64 25.9169 
401 6088.83 26.1612 
402 6109.26 26.8674 
403 6130.41 26.2188 
404 6155.81 27.8115 
405 6176.34 26.9782 
406 6202.09 28.1273 
407 6224.81 26.3304 
408 6251.28 30.348 
409 6281.5 27.4623 
410 6294.62 31.3691 
411 6319.63 29.8952 
412 6344.2 29.2775 
413 6365.3 30.3702 
414 6392.46 30.4639 
415 6416.99 28.9106 
416 6444.92 29.6528 
417 6459.38 29.387 
418 6482.17 30.3949 
419 6509.67 29.753 
420 6534.39 30.7871 
421 6564.33 31.3089 
422 6592.53 30.1527 
423 6622.06 31.1238 
424 6635.14 33.547 
425 6660.05 31.0266 
426 6689.41 32.2297 
427 6723.47 32.7413 
428 6746.88 32.7025 
429 6774.6 32.5446 
430 6795.24 32.8847 
431 6811.46 33.0419 
432 6835.65 33.5896 
433 6864.56 36.9521 
434 6895.03 35.1097 
435 6919.13 35.3995 
436 6950.31 35.1466 
437 6981.49 36.3081 
438 7011.06 36.2925 
439 7028.52 39.3972 
440 7062.01 37.0326 
441 7082.46 38.3323 
442 7110.96 37.3601 
443 7130.42 39.7173 
444 7149.33 37.1549 
445 7172.64 38.7999 
446 7184.54 40.4037 
447 7206.71 39.1739 
448 7233.83 38.8393 
449 7263.04 39.894 
450 7292.63 42.5764 
451 7319.97 40.3509 
452 7345.61 43.8938 
453 7374.64 46.7937 
454 7405.57 42.4667 
455 7422.38 43.4391 
456 7454.9 42.7663 
457 7477.08 42.869 
458 7497.65 45.2796 
459 7520.26 43.2683 
460 7553.73 47.414 
461 7585.88 44.505 
462 7615.39 44.1365 
463 7648.21 45.2711 
464 7683.69 46.2557 
465 7696.65 47.9143 
466 7721 48.2055 
467 7750.69 45.5478 
468 7772.7 47.182 
469 7795.82 49.2672 
470 7824.35 50.6934 
471 7852.7 46.8513 
472 7885.47 47.5891 
473 7927.32 47.9728 
474 7938.77 50.4708 
475 7967.74 54.8726 
476 7992.87 52.3967 
477 8027.32 52.1932 
478 8050.5 49.8412 
479 8072.42 50.1599 
480 8092.16 51.468 
481 8119.61 50.3872 
482 8160.89 51.2976 
483 8189.9 54.7055 
484 8217.06 53.1775 
485 8236.71 54.7 
486 8258.36 56.5923 
487 8278.22 53.5639 
488 8309.47 58.0782 
489 8334.92 56.8049 
490 8358.9 59.7121 
491 8382.41 59.9638 
492 8411.28 61.5963 
493 8428.36 55.4985 
494 8453.17 59.7039 
495 8489.89 59.8296 
496 8518.01 63.4518 
497 8525.1 60.3189 
498 8547.71 66.3203 
499 8585.35 63.2249 
500 8613.69 65.2146 
501 8630.03 64.5317 
502 8655.24 62.1826 
503 8671.68 68.7787 
504 8693.92 68.4999 
505 8715.65 64.2706 
506 8757.48 70.4765 
507 8793.45 70.3948 
508 8809.36 70.603 
509 8843.56 66.4765 
510 8847.78 65.6372 
511 8893.28 68.3926 
512 8926.75 65.8631 
513 8967.51 67.9342 
514 8990.97 68.5086 
515 9021.7 70.8845 
516 9038.96 75.7299 
517 9028.29 68.6002 
518 9064 72.1785 
519 9102.1 71.468 
520 9115.55 68.3416 
521 9148.4 70.7588 
522 9171.88 69.7883 
523 9199.99 70.2679 
524 9195.1 70.8454 
525 9220.07 79.9785 
526 9259.21 73.7968 
527 9296.57 77.5595 
528 9325.04 73.5022 
529 9361.42 74.1724 
530 9380.87 78.5934 
531 9409.95 77.5312 
532 9441 83.816 
533 9427.94 74.7096 
534 9467.19 75.1387 
535 9498.76 76.8049 
536 9537.34 78.2812 
537 9572.11 79.7253 
538 9606.8 83.3761 
539 9634.42 86.615 
540 9654.2 83.4058 
541 9634.79 86.9203 
542 9671.44 79.4159 
543 9704.14 86.8153 
544 9737.73 83.313 
545 9777.82 83.2255 
546 9817.79 81.4805 
547 9850.75 81.0285 
548 9889.48 83.6986 
549 9914.89 86.6099 
550 9885.6 86.9296 
551 9916.93 81.8368 
552 9955.64 82.2441 
553 9980.27 89.2448 
554 10023.5 91.213 
555 10057.5 83.7833 
556 10095.2 85.6366 
557 10141.1 86.5667 
558 10173.9 92.079 
559 10220.1 92.3232 
560 10194.4 90.4407 
561 10194.6 105.539 
562 10219 100.694 
563 10244.9 94.3855 
564 10293.8 94.4366 
565 10335.7 94.305 
566 10372.3 99.7665 
567 10379.8 94.5579 
568 10395.5 100.812 
569 10441.9 104.42 
570 10438.3 99.8761 
571 10479.4 98.3704 
572 10515 99.5967 
573 10528.6 104.317 
574 10562.1 106.933 
575 10602.9 117.237 
576 10652.2 124.152 
577 10676.7 113.129 
578 10682.6 120.101 
579 10720.7 106.532 
580 10758.6 106.922 
581 10755.2 111.947 
582 10805.5 114.256 
583 10830.9 120.177 
584 10843.2 115.873 
585 10848.3 113.953 
586 10873 132.411 
587 10878.2 134.695 
588 10919.1 124.279 
589 10934.1 120.266 
590 10950.8 125.115 
591 11009.5 123.128 
592 11035.9 106.557 
593 11041 121.067 
594 11075.9 119.346 
595 11129.6 116.945 
596 11155.9 114.776 
597 11175.8 120.267 
598 11195.9 126.666 
599 11235.3 125.095 
600 11228.1 122.475 
601 11261.1 121.361 
602 11322.6 119.081 
603 11362.7 118.399 
604 11395.8 120.557 
605 11429.4 118.307 
606 11468.6 134.389 
607 11462.1 129.965 
608 11506.2 138.213 
609 11558.5 137.294 
610 11604.3 145.476 
611 11620.1 139.927 
612 11658.3 130.54 
613 11671.1 127.058 
614 11672.8 135.884 
615 11714.5 143.281 
616 11736.7 146.653 
617 11801.2 143.168 
618 11849.2 140.368 
619 11866.5 137.835 
620 11863.9 167.604 
621 11879.4 157.328 
622 11949.2 149.578 
623 11920.6 142.329 
624 11978.7 137.258 
625 12005.5 146.58 
626 12068 144.706 
627 12099 158.52 
628 12136.6 161.073 
629 12150.4 148.078 
630 12193.8 150.932 
631 12224.5 157.915 
632 12180.6 159.927 
633 12201.4 154.35 
634 12248.8 174.373 
635 12286.1 163.188 
636 12334.3 159.469 
637 12374.8 166.202 
638 12413.1 167.941 
639 12458.8 185.149 
640 12494.4 190.048 
641 12514.9 211.723 
642 12449.4 216.211 
643 12475.9 190.11 
644 12528.4 177.722 
645 12568.7 169.569 
646 12635.3 182.54 
647 12663.2 196.05 
648 12740.6 179.411 
