0 -1.67195 1198500000
148.518 2.90745
1 0 0 
2 1 4.39411e-09 
3 2.66428 0.00209477 
4 4.55055 0.00557823 
5 7.03552 0.0107125 
6 9.55911 0.0185687 
7 12.5679 0.0237706 
8 15.5461 0.0289914 
9 18.9906 0.0384921 
10 22.4091 0.0492362 
11 26.2451 0.058784 
12 30.0251 0.0806659 
13 34.1793 0.104476 
14 38.2615 0.132917 
15 42.704 0.131554 
16 47.1551 0.1583 
17 51.9877 0.185329 
18 56.6021 0.230369 
19 61.6823 0.217125 
20 66.581 0.207849 
21 71.9147 0.236582 
22 77.1891 0.250391 
23 82.8968 0.273713 
24 88.4653 0.286871 
25 94.2195 0.360756 
26 100.105 0.368333 
27 106.125 0.405412 
28 112.035 0.473115 
29 118.208 0.490447 
30 124.489 0.466757 
31 130.604 0.517718 
32 136.921 0.557095 
33 143.588 0.569696 
34 150.181 0.6113 
35 156.948 0.673056 
36 164.064 0.710734 
37 171.038 0.755739 
38 177.875 0.859957 
39 185.104 0.851191 
40 192.298 0.851242 
41 199.296 0.873086 
42 206.789 0.963495 
43 214.286 0.984778 
44 221.803 1.07253 
45 229.595 1.08764 
46 237.098 1.13047 
47 244.801 1.25544 
48 252.147 1.24149 
49 260.715 1.307 
50 268.462 1.3244 
51 276.542 1.49549 
52 284.802 1.56929 
53 292.871 1.54007 
54 301.452 1.5503 
55 310.247 1.63548 
56 318.393 1.72646 
57 327.051 1.76757 
58 334.914 1.75878 
59 343.471 1.84609 
60 351.978 1.99272 
61 361.311 2.3919 
62 370.563 2.25104 
63 380.003 2.4322 
64 388.289 2.55175 
65 396.91 2.75021 
66 405.621 2.80893 
67 415.007 2.79023 
68 424.469 2.97181 
69 433.594 2.90007 
70 443.699 3.14229 
71 453.605 2.85818 
72 464.269 3.25086 
73 475.365 3.35843 
74 485.29 3.53752 
75 495.239 3.65956 
76 504.552 3.11933 
77 516.007 3.3172 
78 526.333 3.34851 
79 537.073 3.4519 
80 548.169 3.63589 
81 558.424 3.86187 
82 568.388 3.74638 
83 578.203 3.86929 
84 588.904 3.85623 
85 598.784 4.05998 
86 609.316 4.28231 
87 620.233 4.56935 
88 629.844 4.57165 
89 638.635 4.79553 
90 649.649 4.59151 
91 660.671 4.95538 
92 672.127 4.83483 
93 680.773 5.48975 
94 692.07 5.23956 
95 702.53 5.50603 
96 712.058 5.90204 
97 725.752 5.87035 
98 736.818 6.35709 
99 750.543 6.5016 
100 763.721 6.98992 
101 774.511 6.63907 
102 784.852 6.65539 
103 796.89 6.50348 
104 807.201 6.44407 
105 819.022 7.24527 
106 832.787 7.66693 
107 846.535 7.47247 
108 858.043 7.07715 
109 870.849 8.9339 
110 880.556 7.89374 
111 892.949 8.77676 
112 902.803 7.89922 
113 913.506 8.31862 
114 925.29 8.85137 
115 940.447 8.75385 
116 955.418 8.83357 
117 968.795 8.67834 
118 983.998 9.93591 
119 991.751 10.1218 
120 1006.35 9.84753 
121 1018.84 9.9421 
122 1030.54 9.89936 
123 1040.7 11.8932 
124 1052.89 10.7023 
125 1067.61 10.3795 
126 1077.86 13.124 
127 1093.85 12.588 
128 1112.61 13.1639 
129 1119.08 12.7012 
130 1133.09 13.178 
131 1143.67 14.4174 
132 1158.48 12.5422 
133 1170.69 13.827 
134 1182.77 15.3104 
135 1195.03 14.1057 
136 1208.86 14.0567 
137 1219.78 14.4393 
138 1234.7 14.1808 
139 1247.68 15.5922 
140 1263.21 15.8505 
141 1275.88 17.8338 
142 1280.57 16.5513 
143 1298.05 16.8562 
144 1312.12 15.8408 
145 1326.76 17.9617 
146 1340.81 19.0818 
147 1355.92 19.7705 
148 1372.79 18.7264 
149 1386.37 16.4977 
150 1399.39 17.1264 
151 1415.85 18.0044 
152 1424.71 18.0619 
153 1437.27 18.1443 
154 1451.27 16.9487 
155 1460.9 17.6778 
156 1469.15 19.0993 
157 1482.83 20.3534 
158 1496.25 19.4715 
159 1507.91 18.8469 
160 1525.2 19.5553 
161 1539.47 20.7361 
162 1556.06 22.1357 
163 1572.44 20.245 
164 1584.35 19.558 
165 1589.72 22.8663 
166 1605.4 21.8261 
167 1622.15 24.4655 
168 1641.6 26.6852 
169 1658.61 23.8555 
170 1674.76 24.9887 
171 1686.09 27.5475 
172 1702.47 26.3428 
173 1721.43 26.5607 
174 1740.12 28.9618 
175 1749.82 29.0819 
176 1761.35 28.4837 
177 1767.02 27.616 
178 1781.44 27.5567 
179 1793.13 23.9764 
180 1803.59 27.2772 
181 1813.65 25.6547 
182 1833.11 28.3918 
183 1849.92 27.0458 
184 1866.46 26.6688 
185 1881.04 26.7437 
186 1899.2 27.2372 
187 1917.13 28.1686 
188 1936.38 29.4324 
189 1947.09 27.614 
190 1956.54 26.4549 
191 1972.71 32.3414 
192 1984.53 32.4254 
193 2001.36 30.4246 
194 2017.29 31.8569 
195 2032.01 32.0256 
196 2049.05 30.8303 
197 2065.42 34.1683 
198 2077.24 38.6076 
199 2091.43 37.0745 
200 2112.6 36.0495 
201 2120.74 37.4798 
202 2136.7 36.823 
203 2152.18 34.8935 
204 2163.89 34.5895 
205 2183.69 34.734 
206 2200.76 33.327 
207 2212.87 34.879 
208 2228.79 36.1331 
209 2241.86 35.4729 
210 2259.72 37.7189 
211 2275.07 36.6413 
212 2293.14 40.8339 
213 2309.84 40.7141 
214 2329.55 39.1325 
215 2350.08 38.754 
216 2359.16 39.638 
217 2381.97 42.5811 
218 2394.3 41.9645 
219 2398.66 40.9531 
220 2412.07 45.19 
221 2434.09 42.7379 
222 2460.03 47.5687 
223 2473.16 47.0765 
224 2492.08 48.3932 
225 2504.81 47.201 
226 2516.96 48.1374 
227 2517.95 46.4423 
228 2535.72 50.0176 
229 2553.73 52.9056 
230 2576.07 55.2533 
231 2599.43 60.1218 
232 2622.06 55.1562 
233 2632.94 54.9 
234 2649.51 55.5282 
235 2666.08 59.6146 
236 2674.8 59.7717 
237 2691 58.2001 
238 2708.09 58.6316 
239 2704.99 59.1664 
240 2738.83 56.5038 
241 2746.27 60.8743 
242 2765.24 57.6231 
243 2776.97 61.8762 
244 2800.22 56.3969 
245 2809.02 58.0077 
246 2821.68 54.7772 
247 2833.17 63.4584 
248 2848.02 66.0678 
249 2875.87 70.1439 
250 2892.06 63.8105 
251 2924.45 60.9407 
252 2930.8 62.8773 
253 2949.83 69.3836 
254 2971.08 64.1325 
255 3001.02 66.9339 
256 3020.9 68.8515 
257 3032.54 65.207 
258 3057.05 69.1744 
259 3062.99 63.3439 
260 3090.93 71.2851 
261 3107.1 65.223 
262 3121.87 69.9319 
263 3128.08 75.9486 
264 3149.27 70.0953 
265 3171.74 76.1081 
266 3187.33 78.4379 
267 3201.96 70.4361 
268 3222.07 79.2551 
269 3235.41 83.369 
270 3255.3 72.2019 
271 3275.97 73.1124 
272 3295.43 78.6939 
273 3304.64 83.8478 
274 3318.05 89.0663 
275 3356.31 85.6047 
276 3369.24 91.5898 
277 3378.98 92.2339 
278 3402.61 87.8023 
279 3425.9 80.7497 
280 3426.23 83.9922 
281 3454.44 81.8972 
282 3490.89 86.3123 
283 3496.39 92.4448 
284 3519.1 91.396 
285 3538.78 94.4373 
286 3545.25 97.0317 
287 3554.35 108.937 
288 3583.1 111.767 
289 3614.93 102.908 
290 3632.15 104.326 
291 3653.94 98.0558 
292 3681.31 97.5855 
293 3682.58 100.051 
294 3690.81 102.986 
295 3711.06 104.546 
296 3728.65 98.6543 
297 3741.55 106.269 
298 3754.45 103.194 
299 3790.24 110.941 
300 3804.75 111.164 
301 3831.86 113.773 
302 3845.22 131.535 
303 3870.55 138.199 
304 3883.86 127.78 
305 3903.86 126.728 
306 3929.15 124.171 
307 3960.85 120.284 
308 3991.22 108.557 
309 3999.6 121.055 
310 4029.93 127.489 
311 4060.46 124.816 
312 4063.19 111.263 
313 4092.99 112.847 
314 4132.39 125.367 
315 4159.84 111.962 
316 4180.31 113.303 
317 4205.37 118.841 
318 4225.38 117.869 
319 4243.95 115.656 
320 4282.11 127.706 
321 4317.82 128.366 
322 4330.57 136.085 
323 4339.14 153.532 
324 4373.37 146.103 
325 4408.51 146.035 
326 4437.41 142.297 
327 4451.18 144.181 
328 4490.11 144.375 
329 4535.73 154.548 
330 4594.93 172.88 
331 4619.29 182.633 
332 4650.82 177.195 
333 4655.37 172.19 
334 4670.24 167.855 
335 4670.45 157.522 
336 4674.46 169.401 
337 4682.29 161.366 
338 4681.89 173.666 
339 4731.36 166.134 
340 4732.14 164.57 
341 4749.92 176.486 
342 4756.16 158.81 
343 4785.06 158.319 
344 4813.87 164.01 
345 4817.54 175.312 
346 4796.85 192.261 
347 4887.7 192.83 
348 4903.03 198.069 
349 4933.49 192.227 
350 4930.37 205.45 
351 4909.64 192.546 
352 4946.22 202.253 
353 4954.52 217.171 
354 4985.31 234.02 
355 5011.02 223.389 
356 5071.49 217.021 
357 5116.25 219.52 
358 5198.36 212.549 
359 5174 219.84 
360 5172.35 200.388 
361 5189.58 202.587 
362 5207.4 199.181 
363 5221 177.558 
364 5227.3 193.702 
365 5259.93 208.052 
366 5283.87 202.253 
367 5301.35 204.828 
368 5324.84 209.748 
369 5337.63 203.126 
370 5337.74 201.289 
371 5341.87 228.675 
372 5328.39 227.911 
373 5373.72 222.184 
374 5419.62 198.482 
375 5453 187.875 
376 5445.88 195.102 
377 5467.5 214.106 
378 5473.78 221.786 
379 5484.38 221.149 
380 5519.48 230.201 
381 5557.03 222.355 
382 5578.34 202.398 
383 5598.83 204.292 
384 5645.17 213.397 
385 5692.16 210.253 
386 5683.33 198.951 
387 5706.65 234.81 
388 5725.38 257.669 
389 5725.74 232.831 
390 5744.63 217.062 
391 5741.07 226.386 
392 5735.94 211.395 
393 5752.62 256.056 
394 5750.05 264.994 
395 5776.01 275.123 
396 5775.8 265.937 
397 5799.69 256.519 
398 5799.05 232.698 
399 5812.51 245.435 
400 5807.52 247.032 
401 5861.03 266.29 
402 5909.67 252.501 
403 5934.38 271.954 
404 5932.36 315.273 
405 5963.89 317.181 
406 6016.08 316.221 
407 6025.75 330.252 
408 6093.5 322.791 
409 6100.92 324.644 
410 6163.09 275.741 
411 6169.72 264.137 
412 6206.88 280.339 
413 6221.17 256.952 
414 6300.09 255.717 
415 6378.74 260.853 
416 6474.1 283.638 
417 6488.88 279.601 
418 6530.17 269.277 
419 6475.65 265.123 
420 6445.19 256.384 
421 6439.84 263.172 
422 6431.39 267.748 
423 6439.22 264.923 
424 6483.84 271.682 
425 6412.41 303.218 
426 6438.88 278.371 
427 6419.95 329.882 
428 6501.91 331.619 
429 6510.23 352.47 
430 6407.17 344.958 
431 6455.09 344.06 
432 6545.41 321.569 
433 6556.27 298.962 
434 6589.37 293.817 
435 6621.29 263.806 
436 6600.85 299.876 
437 6612.47 302.212 
438 6633.56 305.552 
439 6678.08 309.56 
440 6730.23 311.571 
441 6771.67 308.222 
442 6818.91 287.105 
443 6808.38 293.734 
444 6808.86 292.822 
445 6840.52 278.572 
446 6906.48 285.401 
447 6979.23 282.075 
448 6964.51 283.483 
449 7003.92 275.973 
450 7028.63 277.352 
451 7034.3 302.671 
452 7019.75 261.493 
453 6950.34 300.9 
454 7058.78 265.501 
455 7107.35 278.92 
456 7214.14 330.077 
457 7262.47 271.627 
458 7333.55 297.207 
459 7360.37 310.034 
460 7439.11 355.145 
461 7477.4 298.817 
462 7492.25 311.644 
463 7453.05 309.268 
464 7548.15 301.345 
465 7603.71 330.105 
466 7655.72 323.675 
467 7644.58 356.55 
468 7626.89 324.587 
469 7586.04 330.488 
470 7698.23 333.389 
471 7687.59 333.25 
472 7748.55 378.423 
473 7870.89 324.274 
474 7849.78 330.146 
475 7938.45 349.059 
476 7990.97 388.804 
477 7923.4 392.597 
478 7899.01 404.664 
479 7950.5 405.523 
480 7966.69 361.723 
481 8006.86 384.268 
482 7995.05 370.87 
483 7987.81 365.575 
484 7919.29 381.147 
485 7876.18 359.746 
486 7893.51 376.563 
487 7928.47 379.369 
488 8017.41 385.384 
489 8011.04 372.009 
490 7966.79 345.852 
491 7979.78 354.754 
492 8064.55 380.737 
493 7950.16 348.207 
494 7924.52 399.932 
495 7929.44 382.986 
496 7976.45 362.98 
497 7999 390.765 
498 8040.38 383.569 
499 8029.64 395.723 
500 8006.43 385.398 
501 8021.07 395.641 
502 8172.65 400.037 
503 8120.47 417.899 
504 8161.85 405.311 
505 8100.72 428.118 
506 8050.55 373.905 
507 8037.16 427.912 
508 8029.62 435.529 
509 7997.68 435.955 
510 8060.51 443.246 
511 8111.21 446.183 
512 8164.46 483.357 
513 8233.4 568.421 
514 8299.43 565.025 
515 8290.95 575.605 
516 8395.31 537.707 
517 8493.7 458.884 
518 8509.01 432.175 
519 8438.45 510.662 
520 8448.32 469.477 
521 8293.49 490.679 
522 8303.82 454.127 
523 8295.32 566.745 
524 8289.37 532.276 
525 8344.54 502.863 
526 8590.38 453.229 
527 8569.68 451.627 
528 8658.41 497.198 
529 8653.21 531.328 
530 8718.47 583.938 
531 8700.57 557.132 
532 8723.22 476.657 
533 8637.63 520.832 
534 8737.5 519.097 
535 8817.66 476.967 
536 8873.05 494.373 
537 8876.49 514.583 
538 8941.77 514.977 
539 8900.88 543.681 
540 8947.34 475.55 
541 8914.09 535.692 
542 8935.25 498.419 
543 8957.61 481.103 
544 8930.43 531.499 
545 8926.17 548.376 
546 8940.47 483.677 
547 8950.68 528.246 
548 8986.99 557.183 
549 9130 586.025 
550 9180.26 503.553 
551 9117.68 597.555 
552 9092.96 543.793 
553 9047.21 530.143 
554 9078.24 561.795 
555 9052.94 594.049 
556 9052.75 575.838 
557 8914.84 546.821 
558 8986.68 481.681 
559 8909.24 571.808 
560 8974.12 632.862 
561 9032.69 703.087 
562 9000.65 582.617 
563 9029.32 471.647 
564 8993.48 501.2 
565 8974.83 568.117 
566 9003.22 624.348 
567 9108.13 662.316 
568 9144.48 653.174 
569 9161.75 694.298 
570 9108.34 656.832 
571 9217.81 641.102 
572 9184.5 623.012 
573 9190.08 605.009 
574 9071.33 693.864 
575 9268.22 648.932 
576 9434.07 644.682 
577 9458.4 698.948 
578 9525.53 631.485 
579 9627.83 624.324 
580 9659.96 611.686 
581 9792.3 687.125 
582 9734.5 641.936 
583 9762.53 664.822 
584 9882.17 645.953 
585 9720.31 607.095 
586 9817.69 626.192 
587 9812.23 745.542 
588 10032.9 835.414 
589 10062.5 743.934 
590 10269.4 794.008 
591 10380.8 798.917 
592 10359.1 786.568 
593 10536.2 815.891 
594 10727.5 664.428 
595 11032.4 685.144 
596 11133.2 633.959 
597 11116.4 664.32 
598 11189.2 676.677 
599 11242.3 666.423 
600 11084 742.777 
601 11148.9 669.848 
602 11034.2 663.881 
603 10930 698.678 
604 11016.1 694.219 
605 11111.3 655.783 
606 11219.1 788.88 
607 11266.5 758.564 
608 11505.1 736.046 
609 11499.8 919.613 
610 11765.7 946.603 
611 11818 897.183 
612 11695.4 909.542 
613 11672.1 948.122 
614 11835 930.072 
615 11782 861.411 
616 11813.3 840.952 
617 11832.5 923.869 
618 11864 894.592 
619 12004.9 961.628 
620 11968.1 1003.29 
621 11894.4 1027.53 
622 11909.5 1019.68 
623 12104.3 904.266 
624 12096 904.369 
625 11932.9 920.159 
626 11938.1 931.797 
627 11974.1 988.61 
628 11893 962.202 
629 12200.5 956.724 
630 12199.2 1037.74 
631 12171.1 1014.21 
632 12418.3 985.442 
633 12693.8 1159.61 
634 12746 1079.54 
635 13064.1 1108.95 
636 13129.1 1084.94 
637 13032.2 1085.09 
638 13175.6 1014.91 
639 13236.5 978.152 
640 13198.1 999.979 
641 13303.9 1024.24 
642 13438.8 1093.14 
643 13459.8 1118.14 
644 13512 1085.99 
645 13459.2 1088.01 
646 13478.6 1062.66 
647 13441.2 998.434 
648 13469.2 1002.88 
