100 0 0 759 33 107.78 0.0397674 -0.157658 3.55147e-05 0.0271424 1.18672e-05 0.00100207 9.13607e-07 0 0 0 0 0 0 14080000000 0.708584 6.61201e-05 0.244483 5.15115e-05 0.0325865 1.96058e-05 
2500 0 0 95879 2404 13796.5 574.715 -0.160539 0.000338561 0.0258822 0.000100191 0.000680454 4.92045e-06 0 0 0 0 0 0 9339000000 0.712709 0.000653002 0.252593 0.000615744 0.0341296 0.000141124 
3600 0 0 189215 16632 27865.4 3756.96 -0.160127 0.000719791 0.0257545 0.000200178 0.000672887 8.99777e-06 0 0 0 0 0 0 6950000000 0.713773 0.00128331 0.251755 0.00104829 0.0340771 0.00033438 
400 0 0 6176 82 864.827 1.56875 -0.159852 7.46838e-05 0.0261421 2.41476e-05 0.000746218 1.37109e-06 0 0 0 0 0 0 13355000000 0.71192 0.00011892 0.250788 9.63065e-05 0.0337285 4.48882e-05 
100 0.1 0 707 29 100.704 0.054559 -0.182758 3.92695e-05 0.0361646 1.50179e-05 0.00173276 1.39892e-06 0 0 0 0 0 0 13615000000 0.671049 6.74674e-05 0.271477 4.60437e-05 0.0438409 2.60538e-05 
2500 0.1 0 91911 2907 13145.2 532.696 -0.186916 0.000413882 0.0350664 0.000149632 0.00124677 1.03884e-05 0 0 0 0 0 0 8768000000 0.672133 0.000701385 0.281112 0.000555157 0.0462157 0.00018243 
3600 0.1 0 162918 10294 24146 2455.16 -0.187022 0.000914638 0.0350989 0.000312417 0.00124692 1.95922e-05 0 0 0 0 0 0 6372000000 0.672314 0.00141569 0.280937 0.00108461 0.0463742 0.000359024 
400 0.1 0 5694 77 801.65 1.32415 -0.185967 0.000119316 0.0353025 4.79902e-05 0.00134949 4.04651e-06 0 0 0 0 0 0 12871000000 0.671931 0.000155933 0.279029 0.00011301 0.0456607 6.18383e-05 
100 0.2 0 636 32 92.5018 0.0344981 -0.213224 4.0626e-05 0.0488204 1.7832e-05 0.00307495 2.25451e-06 0 0 0 0 0 0 13325000000 0.627423 6.67443e-05 0.300285 4.72727e-05 0.0594793 2.59449e-05 
2500 0.2 0 82467 2484 11878.9 563.086 -0.218722 0.000613176 0.0480092 0.000249508 0.00233578 2.20806e-05 0 0 0 0 0 0 8072000000 0.62543 0.000832094 0.310936 0.000562744 0.063129 0.000314283 
3600 0.2 0 167888 25825 24747 4811.61 -0.218372 0.00146476 0.0478946 0.00054305 0.00232553 4.14012e-05 0 0 0 0 0 0 5817000000 0.626184 0.00247899 0.310066 0.0020643 0.0634 0.00047654 
400 0.2 0 5145 74 729 1.27391 -0.218037 0.000109751 0.0484254 5.00008e-05 0.00251916 5.49669e-06 0 0 0 0 0 0 12799000000 0.625118 0.000162515 0.309238 0.000111138 0.0624781 8.18638e-05 
100 0.3 0 564 28 83.1445 0.0413818 -0.250414 6.82049e-05 0.066814 3.41188e-05 0.00561251 5.02186e-06 0 0 0 0 0 0 13404000000 0.57676 8.30008e-05 0.330047 5.8744e-05 0.0813249 3.70289e-05 
2500 0.3 0 69387 2143 10057 420.91 -0.258654 0.000588174 0.0671136 0.000287684 0.00455792 3.65818e-05 0 0 0 0 0 0 7576000000 0.56972 0.000813931 0.34271 0.000556263 0.0871054 0.000356196 
3600 0.3 0 136723 12457 19990.6 2927.88 -0.259061 0.0013316 0.0673368 0.000599337 0.00458052 6.95903e-05 0 0 0 0 0 0 5138000000 0.569965 0.00232156 0.341934 0.00162841 0.0877782 0.000734809 
400 0.3 0 4463 69 638.776 1.03462 -0.257949 0.000121073 0.0676599 6.3393e-05 0.00488601 9.17227e-06 0 0 0 0 0 0 12772000000 0.569883 0.000151467 0.34067 0.00010782 0.0865305 7.73406e-05 
100 0.4 0 476 26 72.5345 0.0291721 -0.295998 5.27491e-05 0.0926214 3.26253e-05 0.0104973 7.42912e-06 0 0 0 0 0 0 13503000000 0.518357 6.73876e-05 0.358941 4.18423e-05 0.111918 3.921e-05 
2500 0.4 0 58239 2265 8482.36 476.227 -0.311818 0.000831482 0.0975015 0.000503499 0.00960761 9.5612e-05 0 0 0 0 0 0 6797000000 0.500321 0.000881413 0.375271 0.000525596 0.123992 0.00052576 
3600 0.4 0 107107 12563 17319.3 3609.24 -0.309908 0.00163585 0.096384 0.000862639 0.00938952 0.000137869 0 0 0 0 0 0 4539000000 0.502652 0.00225949 0.374678 0.00161485 0.122381 0.000815172 
400 0.4 0 3692 69 536.096 1.10047 -0.308096 0.00012555 0.0963433 7.82692e-05 0.00983642 1.6041e-05 0 0 0 0 0 0 12679000000 0.504696 0.000185031 0.371489 9.53298e-05 0.121194 0.000114386 
100 0.5 0 384 23 61.1483 0.0317132 -0.350866 5.58725e-05 0.129072 3.87057e-05 0.0197904 1.1361e-05 0 0 0 0 0 0 13585000000 0.453129 6.75339e-05 0.383369 4.64532e-05 0.153951 4.55599e-05 
2500 0.5 0 45100 2577 6771.53 686.021 -0.377272 0.000691365 0.142721 0.000484569 0.0205682 0.000132193 0 0 0 0 0 0 5087000000 0.422022 0.000966866 0.40115 0.000632615 0.176471 0.000605764 
3600 0.5 0 103539 37621 16664.7 7128.7 -0.376738 0.00297739 0.142606 0.00182571 0.0206138 0.000393121 0 0 0 0 0 0 3547000000 0.423194 0.00459472 0.399611 0.0032517 0.176947 0.00162549 
400 0.5 0 2751 54 415.464 0.918081 -0.372666 0.0001747 0.140715 0.000128026 0.0208446 3.58139e-05 0 0 0 0 0 0 11041000000 0.427375 0.000214751 0.39815 0.000103479 0.172209 0.00014845 
100 0.6 0 288 20 49.6551 0.021717 -0.414431 6.32462e-05 0.178396 5.43829e-05 0.0365348 2.25199e-05 0 0 0 0 0 0 13742000000 0.383976 6.39833e-05 0.3986 3.07432e-05 0.209222 5.338e-05 
2500 0.6 0 24358 2517 3972.26 597.309 -0.47136 0.000855514 0.222703 0.000749373 0.0500285 0.000309561 0 0 0 0 0 0 4670000000 0.320565 0.00110947 0.416183 0.000711996 0.262975 0.000697179 
3600 0.6 0 80562 44571 16287.6 10942 -0.468123 0.00553949 0.220807 0.00399075 0.0496548 0.00123512 0 0 0 0 0 0 2857000000 0.325124 0.00789238 0.412875 0.00472308 0.261809 0.00327127 
400 0.6 0 1759 44 288.618 0.704419 -0.456319 0.000203279 0.210548 0.000181892 0.0462918 7.56993e-05 0 0 0 0 0 0 12354000000 0.337107 0.000208469 0.412668 0.000101919 0.248389 0.000188113 
100 0.7 0 204 18 39.6033 0.0184718 -0.481609 5.88992e-05 0.238559 5.62056e-05 0.0630298 2.77788e-05 0 0 0 0 0 0 13091000000 0.318156 5.81545e-05 0.399954 2.76227e-05 0.275057 6.06415e-05 
2500 0.7 0 8692 3231 2104.38 911.355 -0.599146 0.00181544 0.359855 0.0018727 0.130502 0.00113467 0 0 0 0 0 0 3544000000 0.201053 0.00218999 0.400539 0.000723289 0.398238 0.00176975 
3600 0.7 0 16412 10694 5445.09 3950.16 -0.605751 0.0042871 0.368172 0.0043525 0.136663 0.00266196 0 0 0 0 0 0 2030000000 0.195017 0.00473782 0.398942 0.00112852 0.405933 0.00374385 
400 0.7 0 912 33 179.371 0.448243 -0.553653 0.000176989 0.308948 0.000193545 0.0984081 0.000118904 0 0 0 0 0 0 10893000000 0.245271 0.000155608 0.403042 7.69721e-05 0.350328 0.000181056 
100 0.8 0 144 14 32.1514 0.0155519 -0.543947 6.04746e-05 0.301634 6.3066e-05 0.0976119 3.75644e-05 0 0 0 0 0 0 13237000000 0.26381 6.03952e-05 0.387697 3.31417e-05 0.342895 8.09044e-05 
2500 0.8 0 6405 4378 1875.23 1176.92 -0.705551 0.00267537 0.49877 0.00319929 0.250153 0.00256879 0 0 0 0 0 0 2974000000 0.120469 0.00274154 0.348602 0.000682983 0.530837 0.00277059 
3600 0.8 0 10628 7574 5331.88 4246.13 -0.71112 0.00322554 0.506778 0.00380072 0.258214 0.00302464 0 0 0 0 0 0 1733000000 0.115685 0.00337349 0.346742 0.000658716 0.537515 0.00328865 
400 0.8 0 475 25 122.198 0.28392 -0.641033 0.000141491 0.412809 0.000179292 0.173478 0.000146438 0 0 0 0 0 0 10446000000 0.175734 0.00011873 0.368559 7.19878e-05 0.454743 0.000169316 
100 0.9 0 108 10 27.2879 0.0107873 -0.595553 5.82302e-05 0.359238 6.86503e-05 0.135267 5.00557e-05 0 0 0 0 0 0 12930000000 0.223896 4.11971e-05 0.36734 4.26618e-05 0.40418 7.88695e-05 
2500 0.9 0 6301 4655 1554.17 1009.51 -0.774875 0.00238512 0.601449 0.00297045 0.363442 0.00253299 0 0 0 0 0 0 2840000000 0.0802825 0.00249245 0.290158 0.000456729 0.629505 0.00240549 
3600 0.9 0 29264 26813 13274.9 12321.9 -0.775182 0.010356 0.606432 0.011025 0.373843 0.00803909 0 0 0 0 0 0 1671000000 0.0832963 0.0117535 0.28321 0.00301622 0.633459 0.00898165 
400 0.9 0 314 21 98.2661 0.198249 -0.704744 0.000145607 0.497987 0.000205963 0.250591 0.000207493 0 0 0 0 0 0 10122000000 0.133947 0.000125676 0.325455 0.000115992 0.539891 0.000237866 
