1.2 -1.80983 87400000000
155.174 0.801548
1 0 0 0 0 0.50009 0.000136281 0.50009 0.000136281 
2 0 0 0 0 0.500054 0.000107991 0.375059 0.000114334 
3 0 0 0 0 0.500166 0.000114861 0.333539 0.000119177 
4 0.163395 0.000118816 0.163395 0.000118816 0.528724 0.0001294 0.34481 0.000142713 
5 0.223968 0.000126353 0.223968 0.000126353 0.531411 0.000106923 0.334541 0.000113009 
6 0.443841 0.000246181 0.614111 0.000435044 0.549566 0.000128694 0.346719 0.000140917 
7 0.534131 0.000266225 0.76578 0.000470902 0.550754 9.82566e-05 0.341457 0.000108672 
8 0.802945 0.000414451 1.48107 0.00110392 0.564482 9.6187e-05 0.352736 0.000110125 
9 0.921358 0.000489599 1.79594 0.00137688 0.56582 9.75801e-05 0.350482 0.000109089 
10 1.19474 0.000646795 2.76165 0.00223968 0.57499 9.65707e-05 0.358286 0.000111241 
11 1.35083 0.000683097 3.35318 0.00305744 0.577065 9.36441e-05 0.358269 0.000109787 
12 1.62464 0.000792421 4.57728 0.0036598 0.583883 9.27718e-05 0.364372 0.000110497 
13 1.79944 0.000894095 5.40969 0.00449938 0.585682 0.000101098 0.364731 0.000115089 
14 2.08596 0.00105875 6.99443 0.00605773 0.591348 0.000102346 0.370085 0.00012418 
15 2.26932 0.00111119 8.04167 0.00689378 0.592703 0.000100323 0.37037 0.000122687 
16 2.56376 0.00127535 9.98083 0.00899423 0.597472 0.000105147 0.375029 0.000127499 
17 2.75828 0.00136553 11.2957 0.010004 0.598601 0.000100741 0.375363 0.000123819 
18 3.0551 0.00157976 13.5634 0.0126124 0.602592 0.000104645 0.379349 0.000128883 
19 3.26068 0.0015753 15.1746 0.0137844 0.603671 9.85131e-05 0.379836 0.000122279 
20 3.56203 0.00182418 17.8073 0.0177276 0.607118 0.00010366 0.383372 0.00012909 
21 3.77387 0.00185696 19.6837 0.0176845 0.608062 9.87947e-05 0.383831 0.000122246 
22 4.08075 0.00218764 22.7058 0.0226233 0.611102 0.000101359 0.387011 0.000126999 
23 4.30005 0.00209981 24.8897 0.0230292 0.611984 0.000102896 0.387519 0.000128836 
24 4.61039 0.00240043 28.298 0.0281394 0.614673 0.000105659 0.390381 0.000131864 
25 4.83302 0.00272967 30.7634 0.0336358 0.615367 0.000108524 0.390761 0.000137058 
26 5.14697 0.00282759 34.5742 0.0369671 0.617754 0.000109524 0.393325 0.000139306 
27 5.37549 0.00285102 37.355 0.0383619 0.618473 0.000103588 0.39379 0.000131297 
28 5.68871 0.00295584 41.4949 0.0465162 0.620524 0.000106374 0.395999 0.000136197 
29 5.92015 0.00356868 44.5723 0.0527002 0.621111 0.000108789 0.396378 0.000138273 
30 6.24041 0.00403021 49.1913 0.0620026 0.623081 0.000110311 0.398548 0.000141635 
31 6.47236 0.00363343 52.5166 0.0551416 0.623574 0.000105992 0.398837 0.000135075 
32 6.79766 0.00376805 57.6109 0.0659119 0.625426 0.000107936 0.400909 0.000138789 
33 7.03434 0.00499172 61.2771 0.0824267 0.625845 0.000111547 0.401133 0.000145349 
34 7.35756 0.00429775 66.6919 0.073979 0.627495 0.00011564 0.402984 0.00014761 
35 7.60423 0.00581099 70.8243 0.104864 0.628044 0.000128253 0.403425 0.000167807 
36 7.92091 0.00586582 76.4715 0.107138 0.62943 0.000115554 0.404959 0.000146142 
37 8.16994 0.00610399 80.9467 0.122867 0.629903 0.000132326 0.405335 0.00017695 
38 8.48587 0.00508433 86.9354 0.0980858 0.631172 0.000118348 0.406734 0.000154567 
39 8.74239 0.0058611 91.8834 0.127063 0.631708 0.000117822 0.407221 0.000154208 
40 9.06321 0.00583112 98.3835 0.142923 0.632905 0.000119229 0.408569 0.000157202 
41 9.31674 0.00538302 103.514 0.124342 0.633309 0.000144704 0.408891 0.000185927 
42 9.63643 0.00678363 110.335 0.161131 0.634401 0.000118285 0.410118 0.000156071 
43 9.89272 0.0059774 115.832 0.141118 0.634804 0.000124782 0.410466 0.000163887 
44 10.2159 0.00649215 123.126 0.161264 0.635898 0.000121257 0.411722 0.000159628 
45 10.4806 0.00711945 129.156 0.180403 0.636278 0.000134475 0.412055 0.000173032 
46 10.8063 0.00797086 136.92 0.211376 0.637332 0.000143658 0.413264 0.000187628 
47 11.0671 0.00675671 143.141 0.180135 0.637688 0.000129695 0.413581 0.000169394 
48 11.398 0.00754784 151.449 0.223206 0.638649 0.000126729 0.414689 0.000166184 
49 11.6551 0.00678379 157.818 0.187439 0.638953 0.000123645 0.414948 0.000161778 
50 11.9808 0.00855759 166.376 0.247449 0.639798 0.0001343 0.415917 0.000172777 
51 12.2395 0.00812275 173.114 0.232785 0.63998 0.00016304 0.416016 0.0002057 
52 12.5735 0.00801076 182.322 0.226436 0.640942 0.000169992 0.41716 0.000221947 
53 12.8426 0.00752564 189.674 0.233863 0.641232 0.000176199 0.417417 0.000225483 
54 13.1732 0.00894687 199.189 0.288827 0.642069 0.00014166 0.418399 0.000181059 
55 13.4404 0.00888899 206.81 0.279135 0.642301 0.00018204 0.418585 0.000233474 
56 13.7721 0.0109709 216.805 0.401667 0.643086 0.00015409 0.419516 0.000200342 
57 14.0484 0.0115587 225.056 0.390796 0.643325 0.000183596 0.419711 0.000238091 
58 14.3679 0.0102686 234.967 0.349614 0.643972 0.000170359 0.420463 0.000221997 
59 14.6414 0.010263 243.471 0.358259 0.644275 0.000172814 0.420766 0.000226157 
60 14.9621 0.00979117 253.799 0.336399 0.644843 0.000144188 0.421416 0.00018416 
61 15.2395 0.014057 262.763 0.48665 0.645088 0.000168979 0.421637 0.000216165 
62 15.5742 0.0121685 274.062 0.422271 0.645777 0.00015191 0.422465 0.000192256 
63 15.8469 0.0165019 283.197 0.632315 0.645962 0.000172219 0.422625 0.000225617 
64 16.1819 0.0165331 294.92 0.653918 0.646645 0.000163412 0.423443 0.000216878 
65 16.451 0.0182555 304.224 0.705144 0.646779 0.000177068 0.423536 0.000230998 
66 16.7886 0.0154888 316.412 0.62168 0.647444 0.000142093 0.424325 0.000184461 
67 17.0555 0.0168122 325.945 0.659443 0.647586 0.000168782 0.42444 0.000220081 
68 17.4006 0.0137156 338.898 0.557456 0.64821 0.000127298 0.42519 0.000169286 
69 17.6725 0.0136424 348.98 0.562807 0.648341 0.000147356 0.42529 0.000197255 
70 18.0082 0.0162676 362.008 0.680668 0.648916 0.000134195 0.425989 0.000180215 
71 18.2856 0.0143479 372.643 0.615824 0.649102 0.000136929 0.426164 0.000182093 
72 18.6126 0.0131393 385.621 0.572381 0.649554 0.000143815 0.426695 0.000192213 
73 18.893 0.0174793 396.74 0.776182 0.649697 0.00012872 0.426811 0.000170478 
74 19.2212 0.0154535 410.188 0.667192 0.650196 0.000133331 0.427409 0.000177151 
75 19.5011 0.0142555 421.641 0.641636 0.650401 0.000141965 0.427619 0.000189089 
76 19.8236 0.016803 435.229 0.794559 0.650772 0.000143454 0.428054 0.000192927 
77 20.1223 0.0156388 447.981 0.773033 0.651096 0.000148145 0.428422 0.000199684 
78 20.4491 0.0163991 462.155 0.831553 0.651444 0.000155882 0.428829 0.000209939 
79 20.7372 0.017232 474.658 0.931116 0.651615 0.00015312 0.42899 0.000209773 
80 21.0747 0.0189482 489.886 1.02695 0.652067 0.000153402 0.429541 0.000206622 
81 21.3547 0.015099 502.269 0.758303 0.6522 0.000146278 0.42966 0.000195287 
82 21.6824 0.0180927 517.441 0.980693 0.652556 0.000157316 0.430092 0.000212461 
83 21.9542 0.0160097 529.778 0.850441 0.652578 0.000146743 0.430059 0.000196817 
84 22.2802 0.0155523 544.948 0.827601 0.652921 0.000141911 0.430463 0.000190232 
85 22.5787 0.0173282 559.177 0.928901 0.653188 0.000161309 0.430768 0.000219284 
86 22.9038 0.0171442 574.789 0.933478 0.653493 0.000146538 0.431121 0.000197143 
87 23.2005 0.0166825 589.249 0.896592 0.653694 0.000149259 0.431339 0.000201607 
88 23.5157 0.0171937 604.85 0.964045 0.653958 0.000143475 0.43165 0.000192737 
89 23.8005 0.0167005 618.838 0.922628 0.654026 0.000140275 0.431687 0.000187812 
90 24.1364 0.0170917 635.945 0.943917 0.654434 0.000146214 0.432189 0.000194456 
91 24.446 0.0175475 651.909 1.00039 0.654662 0.00014115 0.432444 0.000188704 
92 24.7592 0.017488 668.055 0.99959 0.654901 0.000139967 0.432725 0.000187296 
93 25.0607 0.0178584 683.915 1.02989 0.655121 0.000143037 0.432977 0.000190755 
94 25.3779 0.0174888 700.674 1.0211 0.655367 0.000141763 0.433262 0.000190072 
95 25.6745 0.0189393 716.481 1.12265 0.655539 0.000150331 0.433452 0.000200093 
96 26.0008 0.0194529 734.398 1.16311 0.655852 0.000148148 0.433831 0.000198273 
97 26.2935 0.01882 750.348 1.13138 0.655975 0.000149812 0.433955 0.000200503 
98 26.6204 0.0201533 768.51 1.22483 0.656231 0.000150347 0.434256 0.000201384 
99 26.917 0.0200039 785.012 1.21959 0.656328 0.000151907 0.434343 0.000203211 
100 27.2598 0.022051 804.801 1.35273 0.656684 0.000162823 0.434787 0.000217634 
101 27.5538 0.0211282 821.726 1.33932 0.656736 0.000150235 0.434822 0.000200934 
102 27.8996 0.0236847 842.151 1.50932 0.657097 0.000164024 0.435272 0.000219892 
103 28.1968 0.030268 859.637 2.08467 0.657149 0.000162079 0.4353 0.000216955 
104 28.5186 0.0230995 878.86 1.5418 0.657489 0.000159963 0.435735 0.000216704 
105 28.8029 0.0255846 895.529 1.67365 0.657552 0.000148353 0.435777 0.000199611 
106 29.1328 0.0253368 915.753 1.6611 0.657801 0.000164102 0.436083 0.000223225 
107 29.429 0.023856 933.898 1.63168 0.657931 0.000158162 0.436231 0.000214636 
108 29.7664 0.0250848 954.94 1.73026 0.658218 0.000159689 0.436583 0.000216299 
109 30.0681 0.0257311 973.745 1.82098 0.658357 0.000170913 0.436736 0.00023259 
110 30.3888 0.0259334 994.21 1.93669 0.658554 0.000168387 0.43697 0.000226413 
111 30.674 0.0232919 1011.9 1.65161 0.658588 0.000151159 0.436979 0.000203697 
112 30.9888 0.0240462 1032.19 1.7077 0.658713 0.000156675 0.437121 0.000210507 
113 31.2964 0.0252234 1052.05 1.86805 0.658915 0.000164728 0.43736 0.000221977 
114 31.6217 0.0271457 1073.46 1.99723 0.659153 0.000165049 0.437649 0.000223179 
115 31.9316 0.0285229 1093.96 2.13881 0.659344 0.000167337 0.437879 0.000227005 
116 32.247 0.0301825 1114.96 2.34357 0.659523 0.000157405 0.43809 0.000212239 
117 32.5539 0.0261056 1135.76 1.95488 0.659611 0.000158667 0.43818 0.000214186 
118 32.89 0.0250192 1158.77 1.86957 0.659881 0.000156435 0.438518 0.000211114 
119 33.1944 0.02558 1179.77 1.92861 0.65993 0.000156798 0.43856 0.000211103 
120 33.5292 0.0266347 1203.08 2.02323 0.660186 0.000158158 0.438881 0.000213405 
121 33.8387 0.0257304 1224.79 1.91416 0.660321 0.000151139 0.439034 0.000204062 
122 34.1687 0.0273976 1248.15 2.0457 0.660521 0.000153649 0.439271 0.000207186 
123 34.4789 0.0274731 1270.49 2.15249 0.660631 0.000160606 0.439406 0.000217428 
124 34.8086 0.0279682 1294.27 2.20825 0.660848 0.000164981 0.439673 0.000223484 
125 35.1265 0.0281165 1317.54 2.20599 0.661072 0.000169165 0.439953 0.000227173 
126 35.4691 0.0288096 1342.99 2.3369 0.661312 0.000169829 0.440257 0.000230856 
127 35.7535 0.0305288 1363.62 2.45313 0.661332 0.000171526 0.440254 0.00023137 
128 36.1142 0.0338984 1391.1 2.90023 0.661658 0.00017832 0.440673 0.000243018 
129 36.4049 0.0307168 1412.7 2.49699 0.661657 0.000179336 0.44064 0.00024264 
130 36.7861 0.0416331 1442.83 3.7412 0.662001 0.00019852 0.441094 0.000271255 
131 37.0405 0.0366622 1461.42 3.11367 0.661885 0.000171785 0.440902 0.000233885 
132 37.3731 0.0438445 1487.51 4.09574 0.6621 0.000181346 0.441176 0.000248761 
133 37.6524 0.0334345 1508.67 2.88959 0.662068 0.000173741 0.44111 0.000236902 
134 38.0151 0.0390922 1537.56 3.49427 0.662399 0.000204389 0.441532 0.000278642 
135 38.2864 0.0357286 1558.49 3.15186 0.662387 0.000177106 0.441491 0.000242322 
136 38.6764 0.0463551 1590.47 4.36532 0.66284 0.000198896 0.442087 0.000272464 
137 38.9379 0.0490271 1611.32 4.68523 0.662688 0.000217495 0.441864 0.000301314 
138 39.2885 0.054098 1640.69 5.51212 0.662958 0.000224639 0.442215 0.000308958 
139 39.5461 0.0368515 1660.6 3.28897 0.662862 0.000177567 0.442057 0.000240421 
140 39.8707 0.0529942 1687.75 5.13736 0.663013 0.000221437 0.442241 0.0002993 
141 40.1563 0.0372531 1710.82 3.59437 0.663047 0.000178389 0.442268 0.000244358 
142 40.5168 0.0497197 1741.73 5.1812 0.663272 0.000190516 0.442551 0.000262054 
143 40.7922 0.0330727 1763.59 2.98916 0.663276 0.000163523 0.44253 0.000221962 
144 41.1355 0.033292 1792.97 3.0702 0.663479 0.000166324 0.44278 0.000228869 
145 41.4448 0.0364446 1819.67 3.40656 0.663535 0.000193512 0.442846 0.000265145 
146 41.7911 0.0427543 1849.45 3.68248 0.663767 0.000194125 0.443133 0.000264986 
147 42.0916 0.0403545 1875.68 3.75519 0.663813 0.000201128 0.443179 0.000272777 
148 42.4308 0.0386578 1905.57 3.63518 0.664016 0.000184647 0.443439 0.000250086 
149 42.7238 0.038194 1931.2 3.56181 0.664005 0.000184383 0.443406 0.000251336 
150 43.0408 0.0368732 1958.96 3.52752 0.664104 0.00017159 0.443517 0.000233067 
151 43.3596 0.0372451 1987.96 3.60421 0.664195 0.000166619 0.443629 0.00022602 
152 43.6579 0.0346588 2014.18 3.3426 0.664234 0.000162285 0.443661 0.000219608 
153 43.9859 0.0417731 2044.33 4.07194 0.664361 0.000195796 0.44382 0.000267768 
154 44.2864 0.0388095 2071.46 3.69797 0.664464 0.000180337 0.443945 0.000243444 
155 44.5988 0.0416127 2099.96 3.98234 0.664434 0.000189139 0.443887 0.000255573 
156 44.9492 0.0464098 2132.95 4.59063 0.664602 0.000198925 0.444105 0.000268743 
157 45.2277 0.0444905 2158.47 4.37779 0.664642 0.000219306 0.444137 0.000298161 
158 45.5562 0.0412191 2189.12 4.0449 0.664748 0.000183273 0.444263 0.000246798 
159 45.8553 0.0390453 2217.35 3.80647 0.664817 0.000204922 0.444344 0.000280548 
160 46.1944 0.0482005 2249.73 4.83927 0.664983 0.000217272 0.444552 0.000298303 
161 46.5066 0.0450175 2279.63 4.45235 0.66511 0.000195456 0.444714 0.000269218 
162 46.8241 0.0551571 2310.17 5.60149 0.665193 0.00020844 0.444806 0.000285712 
163 47.1514 0.0464055 2341.95 4.81882 0.665298 0.000195363 0.444938 0.000266839 
164 47.4943 0.0479467 2375.43 5.02231 0.665476 0.000206049 0.445159 0.000280994 
165 47.8025 0.0434331 2405.54 4.47483 0.66554 0.00020911 0.445235 0.000285551 
166 48.1198 0.0487618 2436.88 5.01187 0.665583 0.000204827 0.445276 0.000279515 
167 48.4691 0.0434581 2472.19 4.62956 0.665756 0.000185606 0.445501 0.000251831 
168 48.7854 0.0424879 2503.36 4.57176 0.665848 0.000197943 0.445603 0.000267616 
169 49.1072 0.0477251 2535.89 4.98762 0.665886 0.000209002 0.445639 0.000281507 
170 49.4478 0.0463764 2570.91 5.03986 0.666087 0.000193488 0.4459 0.000262867 
171 49.7435 0.0443519 2600.85 4.81242 0.666097 0.000213086 0.445898 0.000287151 
172 50.0717 0.0500957 2634.92 5.59792 0.66622 0.000213016 0.446055 0.000289424 
173 50.3939 0.0490497 2668.12 5.41979 0.666327 0.000223749 0.446192 0.000303302 
174 50.7134 0.0483453 2701.62 5.41668 0.666416 0.000235916 0.446295 0.000321217 
175 51.0314 0.0512173 2734.7 5.68443 0.666523 0.000233917 0.446426 0.000316389 
176 51.3729 0.0524593 2771.07 5.96153 0.666582 0.000225878 0.446496 0.000307179 
177 51.6869 0.0488718 2804.5 5.56093 0.666682 0.000195712 0.446622 0.000265519 
178 51.9977 0.0521219 2837.75 5.90069 0.666721 0.00020831 0.446662 0.00028548 
179 52.2965 0.0504736 2869.54 5.71596 0.666809 0.000215539 0.446773 0.000293472 
180 52.6212 0.0500906 2904.65 5.73646 0.666856 0.00021103 0.446821 0.000290036 
181 52.9311 0.0518474 2938.53 5.95868 0.666967 0.000205283 0.446957 0.000280051 
182 53.2357 0.0525825 2972.01 6.04024 0.666945 0.000213953 0.446917 0.00029295 
183 53.5551 0.0616656 3007.19 7.23351 0.667066 0.000223994 0.447077 0.000305873 
184 53.8868 0.0618404 3043.84 7.08038 0.667141 0.000206807 0.447166 0.00028217 
185 54.1982 0.0625874 3078.5 7.55494 0.66722 0.000206429 0.447265 0.000280346 
186 54.531 0.0753299 3115.86 9.08311 0.667359 0.000215786 0.447449 0.000296056 
187 54.8673 0.0860419 3153.95 10.7356 0.667472 0.000236717 0.447588 0.000324915 
188 55.1919 0.0646828 3190.85 7.93145 0.66755 0.000197187 0.447681 0.00026957 
189 55.5188 0.0871031 3228.14 10.6385 0.667631 0.000253168 0.447781 0.000346229 
190 55.83 0.080532 3263.37 9.59083 0.667702 0.000215775 0.447866 0.000295415 
191 56.1406 0.0955233 3299.01 12.0059 0.667722 0.0002677 0.447884 0.000363819 
192 56.5173 0.0699254 3343.23 8.55674 0.667964 0.000197411 0.448199 0.00026887 
193 56.8058 0.0596843 3376.59 7.2532 0.667859 0.000205991 0.448047 0.000280813 
194 57.1587 0.0649456 3418.47 8.11847 0.668104 0.000221542 0.448374 0.000303621 
195 57.4768 0.0738009 3455.77 8.84051 0.668108 0.000213949 0.448359 0.00029188 
196 57.8018 0.0711786 3494.72 8.54242 0.668261 0.000211063 0.448566 0.000288001 
197 58.0988 0.0641115 3529.28 8.15996 0.668242 0.000216321 0.448524 0.000293721 
198 58.4288 0.0668887 3569.85 9.15335 0.668356 0.000213942 0.448676 0.000292869 
199 58.7098 0.0752058 3602.47 9.59413 0.668316 0.00025966 0.448606 0.000353603 
200 59.0252 0.0702853 3640.08 8.48351 0.668344 0.000210246 0.448634 0.000287207 
201 59.3588 0.074691 3681.81 9.50403 0.66843 0.000224206 0.448749 0.00030781 
202 59.6701 0.0777193 3718.98 9.91426 0.668479 0.000219223 0.448796 0.000297636 
203 59.9522 0.0790502 3753.1 10.3494 0.668417 0.000220487 0.448703 0.000300668 
204 60.2901 0.0635483 3794.66 8.20034 0.66858 0.000217599 0.448914 0.000296209 
205 60.5819 0.0825851 3830.54 10.8924 0.668534 0.000248413 0.448838 0.000338588 
206 60.9371 0.0814393 3875.87 10.6736 0.668685 0.000214078 0.44904 0.000291309 
207 61.2645 0.0859587 3916.55 11.1394 0.66874 0.000233177 0.449101 0.000318174 
208 61.6008 0.0813102 3959.12 11.3978 0.668871 0.000225914 0.449274 0.000310832 
209 61.9374 0.0846027 4002.05 11.5643 0.668923 0.000250682 0.449333 0.000341633 
210 62.279 0.0797285 4046.04 11.198 0.66906 0.000250347 0.449514 0.000344961 
211 62.5732 0.0788906 4082.77 10.6379 0.669033 0.000245322 0.449463 0.000333227 
212 62.8933 0.0893512 4124.73 12.5292 0.669057 0.000237448 0.449494 0.000323046 
213 63.179 0.0727628 4160.45 9.92322 0.669068 0.000220066 0.449492 0.000300327 
214 63.5223 0.0890969 4205.25 12.1338 0.669188 0.000249346 0.449649 0.000341968 
215 63.8686 0.0895888 4251.78 12.5722 0.669311 0.000272524 0.449811 0.000371025 
216 64.2294 0.119486 4298.85 16.6128 0.669487 0.000377057 0.450042 0.000516051 
217 64.5554 0.0985774 4343.07 13.2442 0.669491 0.000298633 0.450037 0.000401042 
218 64.8303 0.11003 4377.71 15.1353 0.669408 0.000292985 0.449911 0.000395255 
219 65.1367 0.0895221 4418.23 12.3125 0.669475 0.000251853 0.449991 0.000338645 
220 65.4707 0.093215 4463.16 12.8751 0.669555 0.000262315 0.450094 0.000350559 
221 65.7527 0.084881 4500.08 11.2149 0.669556 0.000234986 0.45008 0.000319345 
222 66.1004 0.0806029 4547.85 11.4306 0.669636 0.000236662 0.450183 0.000323873 
223 66.3884 0.0779669 4586.51 11.0334 0.669644 0.000232774 0.450187 0.000316572 
224 66.7573 0.0879226 4637.63 12.667 0.669729 0.000248019 0.450294 0.000336296 
225 67.0067 0.0722174 4670.76 10.5593 0.669693 0.000227908 0.450237 0.000309269 
226 67.3459 0.0741981 4717.43 10.788 0.669849 0.000249335 0.450443 0.000339776 
227 67.6334 0.0763045 4756.56 11.0528 0.669808 0.000238407 0.450372 0.000325503 
228 67.9758 0.0755614 4804.41 11.1439 0.669893 0.000228505 0.450487 0.000312609 
229 68.2921 0.0801456 4848.51 11.9195 0.66996 0.000263051 0.45057 0.00035878 
230 68.6051 0.0750973 4891.87 11.0998 0.669952 0.000229957 0.450546 0.000313777 
231 68.9 0.0797665 4932.77 11.8301 0.669957 0.00024996 0.450545 0.000340368 
232 69.2548 0.0781252 4984.03 11.7366 0.670102 0.000235215 0.450737 0.000321273 
233 69.5853 0.0784255 5030.64 11.8677 0.670137 0.000240262 0.450775 0.000327399 
234 69.9016 0.0845391 5076.11 12.6972 0.670176 0.000245514 0.450818 0.000334897 
235 70.2107 0.088893 5119.68 13.2563 0.670255 0.000248917 0.450919 0.000339861 
236 70.6024 0.0995231 5178.16 16.2549 0.670434 0.000281052 0.45116 0.000386401 
237 70.84 0.089822 5210.38 13.298 0.670286 0.000235691 0.450948 0.000320379 
238 71.1781 0.086978 5260.82 13.6886 0.67039 0.000262311 0.451088 0.000358636 
239 71.4874 0.0795176 5304.57 12.3442 0.670441 0.000268548 0.451145 0.000365814 
240 71.7985 0.0904292 5350.84 13.7629 0.670441 0.000303649 0.451142 0.000412781 
241 72.1516 0.0945519 5403.72 14.6199 0.670525 0.000292497 0.451259 0.00040039 
242 72.4932 0.0820168 5453.72 12.7184 0.670645 0.000237436 0.451407 0.000321154 
243 72.8058 0.0829937 5500.01 12.9161 0.670579 0.000266297 0.451309 0.0003529 
244 73.1962 0.0867303 5559.19 13.8636 0.670863 0.000293708 0.451692 0.000389908 
245 73.4079 0.0826895 5589.81 13.1513 0.670676 0.000238986 0.451433 0.000321104 
246 73.7613 0.0880737 5642.87 13.9938 0.670837 0.000243498 0.451646 0.000332415 
247 74.0676 0.0897236 5689.11 14.251 0.670783 0.000273891 0.451564 0.000365839 
248 74.4069 0.0973764 5740.55 15.3604 0.670882 0.000339187 0.451694 0.00045611 
249 74.733 0.0910544 5790.05 14.6298 0.670889 0.000263664 0.451694 0.00035805 
250 75.0725 0.0871041 5842.39 14.0838 0.671097 0.000259723 0.451977 0.000353157 
251 75.3417 0.0889559 5884.05 14.5566 0.671002 0.000248692 0.451844 0.000340443 
252 75.6889 0.0905786 5937.06 14.9352 0.67106 0.000266715 0.451917 0.000365164 
253 75.9942 0.0897793 5985.18 15.1539 0.671085 0.000262094 0.451945 0.00035984 
254 76.3484 0.0905233 6039.99 14.9621 0.671132 0.000246291 0.451995 0.000337249 
255 76.7125 0.0928874 6098.63 15.5019 0.671277 0.000252016 0.452194 0.000345009 
256 77.0233 0.092617 6146.99 15.7027 0.671272 0.000266929 0.452184 0.000366345 
257 77.3801 0.104839 6203.3 17.5495 0.671363 0.000260824 0.452297 0.000357902 
258 77.6878 0.10783 6250.77 18.0058 0.6714 0.000253356 0.452342 0.000345561 
259 78.0516 0.122067 6309.64 19.9933 0.671511 0.0002612 0.452483 0.000355498 
260 78.3483 0.128333 6356.85 20.8934 0.671519 0.000286629 0.452485 0.000392379 
261 78.718 0.134036 6418.26 21.8924 0.671635 0.000291869 0.452645 0.000397318 
262 78.9618 0.118031 6454.88 19.1519 0.671536 0.000255972 0.452495 0.000350831 
263 79.3635 0.112998 6521.1 18.2229 0.671742 0.000264956 0.452776 0.000364047 
264 79.5949 0.116296 6556.25 18.8502 0.671626 0.000274856 0.452604 0.000380057 
265 79.941 0.10123 6613.67 16.6537 0.671635 0.000257793 0.452611 0.000352704 
266 80.2869 0.129056 6669.65 21.5889 0.671791 0.000308318 0.452814 0.000424058 
267 80.5826 0.137702 6718.74 23.2651 0.671758 0.000286525 0.452763 0.000393478 
268 80.9264 0.137289 6775.08 23.2882 0.671791 0.00027301 0.452803 0.000374892 
269 81.185 0.113029 6816.8 18.7072 0.671754 0.000259363 0.452745 0.000354076 
270 81.524 0.129064 6873.63 21.8377 0.671763 0.000271676 0.452754 0.000367484 
271 81.787 0.140214 6916.73 23.8671 0.671733 0.000321385 0.45271 0.000435321 
272 82.1645 0.126553 6979.77 21.5516 0.671852 0.000290795 0.452859 0.000393216 
273 82.4323 0.126563 7025.22 21.5555 0.671836 0.000306372 0.452842 0.000418476 
274 82.7497 0.119431 7077.68 19.4427 0.671835 0.000293874 0.452828 0.000399281 
275 83.0478 0.12552 7127.88 20.3227 0.671863 0.000291513 0.452861 0.000395128 
276 83.4033 0.132394 7189.07 21.7335 0.671931 0.000294263 0.452947 0.000389469 
277 83.7443 0.126682 7247.29 21.6833 0.672007 0.000292637 0.453044 0.000392678 
278 84.0089 0.135803 7289.61 22.9838 0.672025 0.000299457 0.453053 0.000403135 
279 84.3508 0.147489 7350.27 25.7242 0.672081 0.000283555 0.453133 0.000383824 
280 84.6846 0.173749 7407.85 30.0802 0.672183 0.000346471 0.453268 0.000466845 
281 84.9786 0.203634 7457.4 35.3271 0.672178 0.000416501 0.453256 0.000560439 
282 85.3185 0.176965 7518 30.3793 0.672295 0.000396241 0.453415 0.000530855 
283 85.6019 0.150907 7566.96 25.7095 0.67224 0.000325603 0.453334 0.000434402 
284 85.9809 0.158472 7633.28 27.2823 0.672421 0.000338725 0.453573 0.000452836 
285 86.3098 0.162873 7690.98 27.8474 0.672463 0.000324523 0.453629 0.00044245 
286 86.6666 0.163473 7753.73 27.358 0.67256 0.000319816 0.453754 0.000432573 
287 86.9287 0.164724 7799.35 28.8974 0.672441 0.000327176 0.453585 0.000443486 
288 87.3036 0.162263 7866.74 28.8758 0.672563 0.000344993 0.453747 0.000469042 
289 87.5873 0.146039 7916.07 27.2552 0.672543 0.000331512 0.453713 0.000453299 
290 87.9971 0.172912 7990.56 30.9298 0.672747 0.000317266 0.453985 0.000432686 
291 88.3177 0.182539 8048.51 33.3054 0.672829 0.000345542 0.454095 0.00046772 
292 88.6157 0.135283 8101.69 24.2585 0.672841 0.000306103 0.454108 0.000418727 
293 88.9475 0.135133 8162.69 25.4255 0.672899 0.000327522 0.454184 0.000446986 
294 89.2794 0.117043 8220.52 22.2903 0.67295 0.000293809 0.45424 0.000401771 
295 89.601 0.123049 8279.8 23.5008 0.672958 0.000303788 0.454248 0.000413843 
296 89.9528 0.124423 8343.55 23.8024 0.67304 0.000313027 0.45435 0.000425983 
297 90.275 0.118845 8402.93 22.9193 0.673081 0.000295112 0.454403 0.000403222 
298 90.6231 0.125039 8466.45 23.9289 0.673159 0.000318505 0.454508 0.000435502 
299 90.8946 0.118337 8516.94 22.9054 0.673064 0.000302507 0.454371 0.000407611 
300 91.2165 0.136127 8576.67 25.745 0.67317 0.000344482 0.454517 0.000463315 
301 91.5332 0.130352 8635.62 25.0352 0.673173 0.000317506 0.454514 0.000431255 
302 91.8836 0.132194 8700.92 25.2672 0.673339 0.000368094 0.454736 0.000500713 
303 92.1817 0.129024 8757.64 25.2709 0.673285 0.00031335 0.454661 0.000424928 
304 92.5627 0.148852 8829.43 28.7382 0.673459 0.00036191 0.454897 0.000496172 
305 92.8901 0.144729 8891.98 28.8311 0.673436 0.000330519 0.454858 0.000453231 
306 93.258 0.131601 8960.9 25.9475 0.67356 0.000324299 0.45502 0.000443991 
307 93.5977 0.1404 9027.78 29.0149 0.673621 0.00031972 0.455107 0.000439933 
308 94.0059 0.128471 9104.55 25.808 0.67375 0.000302286 0.455271 0.000414403 
309 94.3116 0.152842 9167.12 32.1162 0.673752 0.00033559 0.455279 0.000461355 
310 94.5884 0.131859 9217.12 26.5598 0.67366 0.000341233 0.455141 0.000464958 
311 94.9044 0.154716 9277.9 30.5642 0.673702 0.000354671 0.455194 0.000482419 
312 95.2676 0.145005 9348.39 29.1348 0.673824 0.000344969 0.455359 0.000471101 
313 95.5842 0.15056 9410.19 29.608 0.673822 0.000346446 0.455352 0.000468795 
314 95.9059 0.155124 9471.48 31.2633 0.673954 0.00038549 0.455528 0.00052876 
315 96.2501 0.136657 9539.11 28.3409 0.673962 0.000331921 0.455532 0.000447821 
316 96.5956 0.137115 9606.08 28.1464 0.674066 0.000338966 0.455673 0.000462037 
317 96.9043 0.140454 9666.91 28.8521 0.674083 0.000365094 0.455688 0.000492578 
318 97.2186 0.147069 9728.6 30.3419 0.674072 0.000335627 0.455669 0.000457384 
319 97.5631 0.140231 9797.26 28.1496 0.674095 0.000352517 0.455698 0.000469705 
320 97.8957 0.158096 9863.86 32.5444 0.674108 0.000394415 0.455715 0.000536065 
321 98.2027 0.179007 9924.66 35.9138 0.674114 0.000386975 0.455721 0.000520286 
322 98.5165 0.160576 9987.85 32.1501 0.674119 0.000345213 0.455726 0.000475036 
323 98.895 0.196882 10063.7 40.376 0.674262 0.000419766 0.455912 0.000564638 
324 99.2351 0.176924 10133 35.8899 0.674389 0.000360397 0.456086 0.000487833 
325 99.5556 0.15745 10198.2 33.5969 0.674348 0.000363264 0.456025 0.000495711 
326 99.8066 0.166957 10249.3 35.4275 0.674238 0.000368129 0.455872 0.00050252 
327 100.185 0.154653 10327.8 33.5719 0.67432 0.000354399 0.455984 0.000485526 
328 100.489 0.181205 10386.7 39.2685 0.674315 0.000393545 0.455969 0.000543804 
329 100.875 0.166795 10469.4 36.0221 0.6744 0.000366656 0.456084 0.00050299 
330 101.16 0.159945 10525.7 34.5219 0.674354 0.0003667 0.456015 0.000501803 
331 101.547 0.179048 10607.7 39.8322 0.674459 0.00035979 0.456157 0.00049414 
332 101.843 0.155163 10669 34.2928 0.674516 0.000335152 0.456235 0.000462057 
333 102.12 0.153721 10723.2 33.7186 0.674381 0.000310087 0.456038 0.000426122 
334 102.434 0.155193 10790.1 34.3172 0.674547 0.000330504 0.456267 0.00045566 
335 102.687 0.191506 10841.4 39.7739 0.674381 0.000344133 0.456034 0.000471133 
336 103.103 0.156705 10928.7 34.4939 0.674601 0.000326784 0.456332 0.000448731 
337 103.315 0.167589 10971.7 34.8542 0.674395 0.000328684 0.456042 0.000450821 
338 103.657 0.155566 11043.5 34.5166 0.674487 0.000320332 0.456165 0.000439012 
339 103.992 0.169485 11114.3 35.6292 0.674518 0.000329317 0.456203 0.000451688 
340 104.342 0.165257 11187.2 36.0039 0.67466 0.000342922 0.456389 0.000469807 
341 104.747 0.202589 11275.1 43.3946 0.674788 0.000401046 0.456563 0.000543377 
342 105.024 0.158357 11333.3 35.3518 0.674769 0.000361442 0.456534 0.000491681 
343 105.377 0.185413 11410.9 41.3455 0.674738 0.000376846 0.456488 0.000514276 
344 105.628 0.185103 11463.4 40.8279 0.674648 0.000386628 0.456363 0.000530017 
345 105.892 0.195453 11520.7 44.4635 0.67458 0.000380929 0.456272 0.000526353 
346 106.259 0.195633 11598.7 44.0944 0.674741 0.000390416 0.456485 0.000536677 
347 106.545 0.172738 11660.9 40.0163 0.674728 0.000376579 0.456467 0.000517924 
348 106.94 0.171691 11747.9 39.7727 0.674907 0.000358698 0.456706 0.000493194 
349 107.263 0.164144 11816.9 37.2093 0.674901 0.000339726 0.456697 0.000466212 
350 107.625 0.188475 11897.7 43.4516 0.674995 0.000380474 0.456828 0.000528171 
351 108 0.186197 11981.3 43.4466 0.675061 0.000363675 0.456911 0.000501718 
352 108.276 0.173956 12041.1 40.6955 0.675087 0.000384194 0.456944 0.000527892 
353 108.501 0.162471 12088 37.935 0.674957 0.000348618 0.456762 0.000480603 
354 108.862 0.17783 12167.8 41.5132 0.675072 0.000354997 0.456913 0.000489245 
355 109.211 0.186255 12245.6 43.5296 0.675077 0.000381467 0.456923 0.000524506 
356 109.563 0.190197 12322.1 44.5365 0.675155 0.00037216 0.457019 0.000512139 
357 109.911 0.190379 12402.1 43.0501 0.675196 0.000429088 0.457079 0.000592272 
358 110.327 0.189685 12495.9 45.0795 0.675389 0.000405994 0.457337 0.000559951 
359 110.646 0.218269 12568.5 48.9403 0.675376 0.000426541 0.457324 0.000587247 
360 110.891 0.193822 12620.3 43.0886 0.675245 0.000412198 0.457137 0.000569167 
361 111.109 0.197511 12669.6 44.6314 0.675111 0.000436591 0.456951 0.000602107 
362 111.456 0.202857 12746.2 45.6603 0.675176 0.000471968 0.457037 0.000649754 
363 111.743 0.203464 12813.2 46.5779 0.675101 0.00043204 0.456931 0.000593999 
364 112.107 0.183671 12895.5 42.7757 0.675191 0.000421306 0.457053 0.000579183 
365 112.541 0.192277 12996.1 46.0654 0.67535 0.000386065 0.457262 0.000528025 
366 112.769 0.189291 13045.7 45.3126 0.675216 0.000419712 0.45708 0.000577383 
367 113.174 0.184041 13139.6 43.952 0.675345 0.000401614 0.457247 0.000551348 
368 113.442 0.217708 13200.3 51.4879 0.675313 0.00049952 0.457204 0.000690718 
369 113.806 0.207288 13284.3 50.016 0.675378 0.000476057 0.457285 0.000654462 
370 114.204 0.242138 13377.6 55.8193 0.67554 0.000547502 0.45751 0.000753792 
371 114.43 0.221206 13428.6 52.0034 0.675378 0.000470547 0.457279 0.000643786 
372 114.729 0.213127 13499.6 50.2676 0.675322 0.00048566 0.457201 0.000668289 
373 115.118 0.25797 13591 63.0026 0.67539 0.000524643 0.457291 0.000725219 
374 115.334 0.198337 13640.4 48.0988 0.675266 0.000373367 0.457115 0.000512785 
375 115.795 0.219301 13751.4 53.3532 0.675432 0.000403555 0.457346 0.000552812 
376 116.105 0.230398 13824.8 57.4982 0.675418 0.000429152 0.457323 0.000594032 
377 116.422 0.203691 13898 50.3175 0.675409 0.000382549 0.457302 0.000525202 
378 116.636 0.196469 13949.2 47.6862 0.67532 0.00046646 0.457181 0.000638568 
379 117.041 0.233403 14045.3 56.5118 0.675392 0.00052808 0.457271 0.00072205 
380 117.29 0.276694 14103.6 66.3707 0.675364 0.000648521 0.457238 0.000891324 
381 117.663 0.226885 14193.3 55.1546 0.675473 0.000546683 0.457376 0.000751713 
382 118.036 0.245914 14282.5 60.8977 0.675612 0.000607884 0.457569 0.000840781 
383 118.258 0.250514 14332.3 60.6239 0.67544 0.000569922 0.457318 0.000780739 
384 118.627 0.237213 14422.6 57.9108 0.675439 0.000543038 0.457318 0.000745659 
385 118.818 0.209058 14467.8 52.7115 0.675368 0.0004291 0.457218 0.000586819 
386 119.114 0.212917 14537.4 53.5559 0.675327 0.000519897 0.457158 0.000710624 
387 119.403 0.212225 14606.8 53.3969 0.675335 0.000388696 0.457163 0.000533445 
388 119.817 0.219644 14709.8 55.9519 0.675377 0.000402483 0.45722 0.000551595 
389 120.178 0.241341 14800.8 62.263 0.675406 0.000410694 0.457257 0.000562216 
390 120.44 0.224301 14860.4 57.34 0.675371 0.000463812 0.457206 0.000633777 
391 120.729 0.212269 14931 54.1531 0.675322 0.000426591 0.457135 0.000584359 
392 121.069 0.214727 15014.2 55.3891 0.675356 0.000431183 0.457181 0.00058949 
393 121.378 0.222566 15091.1 57.4472 0.675348 0.000453948 0.45717 0.000620129 
394 121.706 0.220003 15170.6 56.8359 0.675284 0.000450856 0.457074 0.000614489 
395 121.961 0.215268 15231.6 55.9269 0.67531 0.000413045 0.457105 0.000563184 
396 122.335 0.23285 15326.9 60.6322 0.675383 0.000422246 0.457203 0.000573066 
397 122.54 0.238728 15372.7 61.5886 0.675371 0.000407732 0.457179 0.000559234 
398 122.972 0.22331 15483.2 57.3484 0.675481 0.00048655 0.457328 0.000664862 
399 123.236 0.228173 15549.2 60.3516 0.675429 0.000508098 0.457257 0.000692324 
400 123.622 0.236891 15644.4 62.0804 0.675411 0.00044657 0.457226 0.000609263 
401 123.924 0.258163 15722.2 67.8183 0.675529 0.000462039 0.457388 0.000626335 
402 124.47 0.275586 15862.5 73.0181 0.675705 0.000443995 0.457626 0.000604464 
403 124.646 0.312385 15906.4 80.7652 0.675657 0.000530502 0.457559 0.000720619 
404 124.957 0.255997 15981.8 68.829 0.675652 0.000457874 0.457543 0.000624837 
405 125.278 0.274808 16065.4 71.8656 0.675681 0.000503778 0.457586 0.000686913 
406 125.654 0.26096 16164.4 67.3439 0.675697 0.000447253 0.457605 0.000607925 
407 125.89 0.247486 16222.5 65.3881 0.675617 0.000418607 0.457493 0.00056853 
408 126.31 0.286901 16330.4 76.3294 0.67584 0.000427462 0.457792 0.000584862 
409 126.484 0.253959 16370.7 66.314 0.675635 0.000444496 0.457506 0.000607602 
410 126.782 0.289 16448.7 75.1627 0.675591 0.000452497 0.457448 0.00061707 
411 127.149 0.248628 16541.4 66.3921 0.6757 0.000392323 0.457587 0.000536237 
412 127.554 0.245994 16646.9 65.053 0.675733 0.000383425 0.457628 0.000522387 
413 127.841 0.262435 16720.4 71.3479 0.675679 0.000387736 0.457556 0.000531177 
414 128.223 0.261652 16822.6 71.3461 0.675781 0.000402695 0.457703 0.000550786 
415 128.612 0.256059 16924.2 69.4578 0.675843 0.000386769 0.457783 0.000528733 
416 128.873 0.251135 16990 67.6033 0.67583 0.000394533 0.457762 0.000538847 
417 129.192 0.27578 17072.2 74.0345 0.675997 0.000444896 0.457984 0.000607352 
418 129.428 0.255694 17134 69.5107 0.675864 0.000409078 0.457804 0.000558353 
419 129.671 0.261638 17193.7 70.0505 0.675827 0.000395796 0.457747 0.000542161 
420 130.048 0.262537 17295.5 71.4013 0.675918 0.000430629 0.457874 0.00058965 
421 130.394 0.285336 17383.5 77.7519 0.675969 0.000425504 0.457938 0.000582796 
422 130.748 0.291229 17478.4 79.466 0.675981 0.000432215 0.457952 0.000590094 
423 131.065 0.279299 17562.2 74.1414 0.676075 0.000475814 0.458078 0.000644492 
424 131.373 0.290672 17643.8 77.4783 0.67605 0.00045389 0.45804 0.000616414 
425 131.785 0.311642 17754.6 83.8086 0.676223 0.000496448 0.458276 0.000677936 
426 132.008 0.333838 17813.2 90.8646 0.676152 0.000506746 0.458173 0.000689118 
427 132.4 0.294012 17918.8 79.2947 0.676114 0.000415417 0.458113 0.000564164 
428 132.74 0.287674 18008 80.316 0.676188 0.000415948 0.458206 0.000569574 
429 133.099 0.304963 18108.4 83.3486 0.676107 0.000429487 0.458096 0.000588693 
430 133.273 0.267252 18154 74.159 0.675938 0.000416282 0.457868 0.000569262 
431 133.733 0.32681 18279.8 90.6445 0.676145 0.000483123 0.458151 0.000658365 
432 134.042 0.317599 18365.5 90.0254 0.676159 0.000476005 0.458169 0.000650739 
433 134.329 0.291145 18445.2 81.5528 0.676044 0.000474053 0.458012 0.000646694 
434 134.725 0.305367 18553.6 86.7868 0.676185 0.000486713 0.4582 0.000665343 
435 135.241 0.421233 18703.6 128.764 0.676376 0.000538006 0.45846 0.000739083 
436 135.312 0.326361 18706.6 92.2711 0.676182 0.0005156 0.458186 0.000708397 
437 135.764 0.363886 18836.1 104.657 0.676371 0.000535194 0.458448 0.000738932 
438 135.947 0.271492 18884.3 77.7431 0.676124 0.000387246 0.458099 0.000528872 
439 136.262 0.270933 18972.1 77.2977 0.676142 0.000433261 0.458129 0.000590602 
440 136.468 0.304768 19027.3 86.5654 0.675978 0.000454279 0.4579 0.000619816 
441 136.848 0.297932 19135.4 85.5877 0.676085 0.000439425 0.458047 0.000600016 
442 137.226 0.296796 19237.3 85.5767 0.676153 0.000470952 0.458132 0.000643705 
443 137.549 0.297666 19325.6 84.7354 0.676147 0.000425003 0.458118 0.000577556 
444 137.876 0.312932 19419 89.7475 0.676108 0.000482338 0.458064 0.00065632 
445 138.193 0.335471 19507.8 98.1334 0.676198 0.000470111 0.458186 0.000645654 
446 138.515 0.334515 19596 96.4875 0.676121 0.000489645 0.458077 0.000669717 
447 138.952 0.345381 19723.2 101.177 0.67633 0.000531119 0.458369 0.000727573 
448 139.148 0.302728 19772.5 87.8545 0.676056 0.000451161 0.457982 0.000614601 
449 139.564 0.346056 19898.2 101.554 0.676298 0.000459738 0.45832 0.000629286 
450 139.807 0.289354 19961.1 84.9673 0.676131 0.000452675 0.458083 0.000616475 
451 140.233 0.30879 20085 91.7805 0.676408 0.000466883 0.458473 0.000639478 
452 140.396 0.330665 20129.3 97.1255 0.676154 0.000469445 0.458119 0.000640043 
453 140.831 0.360378 20258.4 105.154 0.676337 0.000472614 0.458376 0.000645731 
454 141.202 0.35115 20364.2 101.646 0.676406 0.000443294 0.458456 0.000603984 
455 141.747 0.406273 20528.8 122.006 0.676571 0.000549241 0.458694 0.000766658 
456 141.755 0.356052 20515.8 107.57 0.676248 0.000447002 0.458234 0.000610927 
457 142.461 0.411625 20727.9 126.383 0.676721 0.000521383 0.458886 0.000716995 
458 142.439 0.312491 20713 93.5706 0.676186 0.000432304 0.458148 0.000589835 
459 142.781 0.311056 20817.4 93.146 0.676359 0.000420291 0.458385 0.000572668 
460 143.082 0.354464 20901.5 106.372 0.676364 0.000485219 0.458384 0.000662472 
461 143.48 0.312739 21015.2 93.534 0.676466 0.000441714 0.458522 0.000602563 
462 143.823 0.308307 21114.8 92.5196 0.676498 0.000432788 0.458561 0.000590755 
463 144.239 0.309066 21238.8 94.4592 0.676673 0.000435308 0.458806 0.000595504 
464 144.443 0.33417 21294.6 101.863 0.676432 0.000451235 0.45847 0.000617434 
465 144.735 0.320008 21380.5 98.5861 0.67646 0.000513298 0.458509 0.0007028 
466 145.043 0.356363 21471.1 109.931 0.67643 0.000466295 0.458459 0.000637734 
467 145.358 0.309386 21562 94.8878 0.676545 0.000432885 0.458617 0.000591608 
468 145.793 0.330348 21690.3 101.798 0.676651 0.00043144 0.458753 0.000589024 
469 146.049 0.351512 21767 109.013 0.676774 0.000484216 0.458928 0.000662415 
470 146.4 0.364884 21873.6 113.206 0.676689 0.000477598 0.458811 0.000653058 
471 146.692 0.322424 21954.9 98.8747 0.67665 0.000451311 0.458753 0.00061577 
472 146.967 0.337335 22035.4 103.688 0.676652 0.000445589 0.458751 0.000609913 
473 147.322 0.343052 22138.3 104.546 0.676718 0.000443876 0.45883 0.000605438 
474 147.609 0.323593 22224.2 100.378 0.676777 0.000437398 0.458914 0.000596211 
475 147.929 0.341418 22318.7 104.604 0.676787 0.000489452 0.458925 0.000668932 
476 148.129 0.332007 22379.2 101.374 0.676579 0.000425907 0.45864 0.000580025 
477 148.622 0.30475 22526.8 93.1252 0.676831 0.000440988 0.458981 0.000603034 
478 148.919 0.31962 22614.4 97.8794 0.676704 0.000443285 0.458803 0.000604342 
479 149.38 0.317297 22756.8 99.4593 0.676984 0.000424864 0.459191 0.000579454 
480 149.773 0.31458 22873.6 97.5476 0.677111 0.000406345 0.459353 0.000553417 
481 150.057 0.305664 22963.2 95.8864 0.677101 0.000415549 0.459343 0.000567267 
482 150.507 0.332976 23102.5 103.892 0.677334 0.000447369 0.459669 0.000610584 
483 150.638 0.331086 23137.2 103.245 0.676926 0.000426874 0.459099 0.00058327 
484 151.136 0.344487 23292.7 109.26 0.677106 0.000464614 0.45934 0.000634379 
485 151.303 0.359807 23338.8 113.584 0.676906 0.000414903 0.459061 0.000566715 
486 151.709 0.327548 23465.9 102.621 0.677069 0.000410787 0.459282 0.000560882 
487 151.953 0.345329 23539.1 109.411 0.677028 0.000436719 0.459223 0.000596154 
488 152.211 0.352459 23610.4 110.764 0.676924 0.000426913 0.459071 0.000582673 
489 152.428 0.327299 23677.4 102.694 0.676769 0.000402543 0.458859 0.000549072 
490 152.833 0.343167 23809.7 110.01 0.676834 0.000422557 0.458956 0.000577401 
491 153.086 0.356389 23885.6 113.196 0.676716 0.000435042 0.458792 0.000594687 
492 153.362 0.336972 23967 107.306 0.676693 0.000408358 0.458759 0.000557352 
493 153.923 0.345937 24141.6 109.73 0.67699 0.000434989 0.459155 0.000593446 
494 153.984 0.353118 24157.2 112.706 0.676786 0.000468736 0.458873 0.000635381 
495 154.452 0.343271 24306.2 110.309 0.676952 0.000438196 0.459099 0.000598364 
496 154.691 0.339936 24381.7 108.458 0.676883 0.000436422 0.459003 0.000595481 
497 155.013 0.352197 24484.7 113.731 0.676944 0.000432662 0.459088 0.000590365 
498 155.321 0.33389 24582.4 107.451 0.67686 0.000414345 0.458972 0.000565514 
499 155.661 0.349579 24687.2 111.222 0.676883 0.000433513 0.458997 0.000590255 
500 155.838 0.346261 24738.1 110.637 0.676815 0.000436221 0.458901 0.000593652 
501 156.204 0.412275 24855.8 132.753 0.676741 0.000470923 0.458799 0.000640853 
502 156.615 0.411199 24991.2 133.368 0.676899 0.000486146 0.459017 0.000663089 
503 156.895 0.380134 25075.3 122.958 0.676842 0.000448724 0.458931 0.000611875 
504 157.127 0.377424 25144.4 122.646 0.676891 0.000471114 0.458995 0.000641969 
505 157.584 0.362466 25293.6 118.554 0.676865 0.000440764 0.458961 0.000599097 
506 157.904 0.363361 25397.3 119.577 0.67698 0.000475077 0.459116 0.000648222 
507 158.112 0.392321 25458.3 128.65 0.676846 0.00046644 0.458925 0.000636055 
508 158.435 0.390744 25566.8 126.681 0.676835 0.000447184 0.458916 0.0006096 
509 158.709 0.350148 25648.1 115.198 0.676822 0.000427336 0.45889 0.00058157 
510 159.058 0.366476 25756.9 120.318 0.676802 0.000462067 0.458857 0.000629236 
511 159.3 0.388344 25832.7 127.034 0.676855 0.000456667 0.458925 0.000621818 
512 159.71 0.435905 25967.2 143.061 0.676831 0.000443968 0.458895 0.000602699 
513 160.065 0.399713 26080.1 131.618 0.67701 0.000457125 0.459139 0.000623493 
514 160.386 0.360644 26184.3 119.425 0.676967 0.000448755 0.459076 0.000611277 
515 160.889 0.369081 26349.9 122.257 0.677175 0.000447843 0.459355 0.000610239 
516 161.188 0.38846 26445.8 127.657 0.677137 0.000447943 0.459304 0.000610094 
517 161.376 0.385313 26506.2 127.544 0.677001 0.000491437 0.459116 0.000672127 
518 161.736 0.37816 26625.3 127.341 0.677069 0.000455732 0.459206 0.000622959 
519 162.082 0.378966 26733.7 127.187 0.677106 0.000456832 0.459252 0.00062277 
520 162.499 0.399008 26873.7 134.609 0.677149 0.000439441 0.459313 0.000598029 
521 162.815 0.41126 26980.9 139.598 0.67714 0.00046678 0.459304 0.000636599 
522 163.29 0.456531 27138.6 155.782 0.677367 0.000445501 0.459604 0.000607119 
523 163.549 0.4353 27224.8 148.185 0.677352 0.000478424 0.459588 0.000654741 
524 163.871 0.478215 27328.4 161.369 0.677403 0.000513625 0.459651 0.000699429 
525 164.237 0.458505 27449.1 155.36 0.677411 0.000514683 0.459662 0.000706948 
526 164.456 0.443264 27517.5 149.023 0.677393 0.000479028 0.459634 0.000652255 
527 164.954 0.420603 27688.4 143.157 0.677554 0.000468062 0.459852 0.00063701 
528 165.214 0.400984 27771.7 134.94 0.677505 0.000469408 0.459789 0.000640557 
529 165.622 0.439159 27916 146.595 0.677438 0.000489071 0.459702 0.000666794 
530 165.776 0.49291 27959.1 166.995 0.677542 0.000585749 0.459839 0.000798251 
531 166.3 0.552328 28139.3 189.197 0.677677 0.000624475 0.460017 0.00085223 
532 166.588 0.536481 28228.6 177.253 0.677738 0.000610289 0.460094 0.00082983 
533 167.014 0.525148 28369.8 175.37 0.677806 0.000614264 0.460188 0.000837158 
534 167.315 0.498989 28474.6 169.851 0.677978 0.000583185 0.460416 0.000798373 
535 167.532 0.507102 28549.7 173.003 0.677909 0.000592073 0.460327 0.000806827 
536 168.141 0.572928 28763.8 198.146 0.678187 0.00061415 0.460711 0.000843365 
537 168.172 0.591152 28765.7 203.373 0.67783 0.000547416 0.460209 0.000740585 
538 168.488 0.649965 28872.4 224.681 0.677811 0.000574342 0.460184 0.000782315 
539 168.815 0.587952 28981.8 202.769 0.677802 0.00053928 0.460161 0.000733163 
540 169.172 0.823311 29112.6 285.906 0.677762 0.000592217 0.460116 0.000810758 
541 169.424 0.824621 29191.6 280.881 0.677803 0.00063462 0.460166 0.000852293 
542 169.778 0.75118 29314.3 258.485 0.677859 0.000598048 0.460243 0.00081307 
543 170.211 0.784724 29462.4 269.386 0.677877 0.000669834 0.46026 0.000902436 
544 170.438 0.911268 29550.6 321.127 0.677882 0.000692759 0.460276 0.000936451 
545 170.859 0.797733 29694.1 281.338 0.677908 0.000614336 0.460307 0.000836121 
546 171.128 0.755931 29785 269.722 0.677885 0.000721403 0.460271 0.000981886 
547 171.517 0.749928 29926.9 274.382 0.677962 0.000629937 0.460383 0.00086065 
548 171.964 0.606636 30083.5 222.541 0.678102 0.000561408 0.460574 0.000766213 
549 172.476 0.840856 30275.2 312.924 0.678219 0.000617194 0.460743 0.000841871 
550 172.551 0.720346 30287.8 262.007 0.678082 0.000626548 0.460546 0.000856617 
551 172.847 0.742136 30391.6 266.388 0.678055 0.000724001 0.460507 0.000984999 
552 173.313 0.75899 30556 277.012 0.678001 0.000732881 0.460426 0.000996689 
553 173.6 0.691678 30652 249.261 0.678156 0.000684172 0.460636 0.000934792 
554 173.815 0.635231 30726.9 229.306 0.67803 0.000648895 0.460464 0.000886165 
555 174.212 0.745838 30870.8 273.291 0.678061 0.000647531 0.460512 0.000889447 
556 174.512 0.626723 30975.1 227.688 0.678066 0.000604388 0.460516 0.0008225 
557 174.829 0.703283 31089.4 260.954 0.677984 0.000630946 0.460399 0.000863367 
558 175.26 0.592222 31238.9 217.469 0.678162 0.000609296 0.460634 0.000832754 
559 175.506 0.639309 31332.7 231.474 0.678068 0.000668997 0.460517 0.000912584 
560 176.003 0.650173 31512.7 239.016 0.678319 0.000633675 0.46086 0.000864862 
561 176.412 0.667642 31661.6 243.739 0.678315 0.000679977 0.460862 0.000929328 
562 176.762 0.630548 31780.6 230.304 0.678426 0.000617348 0.460998 0.000841937 
563 177.184 0.62689 31931.7 230.172 0.678397 0.000580676 0.460955 0.000791066 
564 177.798 0.712015 32162.7 268.994 0.678683 0.00059794 0.461343 0.000816421 
565 177.844 0.629935 32162.2 229.43 0.678358 0.000630307 0.460897 0.000862528 
566 178.168 0.563812 32282.7 210.576 0.678416 0.000592147 0.460977 0.000806647 
567 178.252 0.666129 32309.4 241.766 0.678264 0.000604158 0.460764 0.000822707 
568 178.548 0.631048 32418.3 230.053 0.678223 0.000645035 0.460716 0.000873739 
569 179.155 0.705482 32634.1 262.962 0.678462 0.000798007 0.461034 0.00108642 
570 179.587 0.781888 32794.3 292.38 0.678797 0.000806443 0.461492 0.00110002 
571 179.979 0.776511 32929.3 290.401 0.678553 0.000683034 0.461153 0.000931635 
572 180.442 0.79547 33100.8 298.492 0.67873 0.000776561 0.461391 0.0010604 
573 180.725 0.699445 33208.6 265.785 0.678745 0.000657515 0.461409 0.000898567 
574 180.827 0.715907 33241.8 273.081 0.678473 0.00064934 0.461035 0.000884648 
575 181.316 0.697946 33419.7 265.883 0.678583 0.000626979 0.461183 0.000853693 
576 181.557 0.690785 33509.8 263.637 0.678532 0.000650351 0.461113 0.000886405 
577 182.117 0.76921 33725 296.358 0.678647 0.000671682 0.46127 0.000917883 
578 182.213 0.730087 33752.7 278.179 0.678414 0.000783659 0.460956 0.00106406 
579 182.569 0.750652 33880.9 283.397 0.678457 0.000681853 0.461011 0.000927428 
580 183.038 0.783675 34064 298.98 0.678722 0.00070811 0.461381 0.000964545 
581 183.384 0.741192 34186.5 282.996 0.678526 0.000630542 0.461104 0.00085836 
582 183.784 0.762602 34332.5 287.191 0.678734 0.000676493 0.461386 0.000917308 
583 184.027 0.781333 34422.7 297.755 0.678555 0.000745276 0.461137 0.00101946 
584 184.439 0.846467 34576.8 320.433 0.678712 0.000781672 0.461352 0.00106797 
585 184.774 0.853186 34702.6 327.382 0.678733 0.000752954 0.461374 0.00102777 
586 185.044 0.84171 34798.6 320.072 0.678729 0.000915939 0.46137 0.00124808 
587 185.741 0.891966 35064.2 342.522 0.678975 0.000947579 0.461697 0.00129611 
588 185.581 0.772761 34991.6 294.379 0.678887 0.000840016 0.46158 0.00115018 
589 186.005 0.846945 35156.2 324.969 0.678737 0.000914784 0.461377 0.00124895 
590 186.336 0.750896 35279.6 287.96 0.678921 0.000742483 0.461629 0.00101307 
591 186.708 0.782291 35424.6 304.553 0.678855 0.000843455 0.461542 0.00115647 
592 187.059 0.7692 35555.7 291.158 0.678911 0.000754991 0.461612 0.00103317 
593 187.604 0.862555 35758.5 329.191 0.679032 0.000789491 0.461775 0.00108148 
594 187.439 0.688554 35696.9 268.405 0.678581 0.000741651 0.461164 0.00101923 
595 188.169 0.900758 35970.5 345.825 0.678932 0.000865705 0.461638 0.00118519 
596 188.115 0.762238 35946.1 297.826 0.678762 0.000847682 0.461405 0.00116551 
597 188.671 0.745183 36162 292.574 0.678727 0.000801569 0.461357 0.00109759 
598 188.925 0.711946 36255.1 281.924 0.678814 0.000824255 0.461473 0.00113776 
599 189.188 0.673641 36364.4 267.202 0.67864 0.000744754 0.46124 0.00102293 
600 189.36 0.640388 36431.8 254.799 0.678605 0.000700224 0.461187 0.00096389 
601 189.506 0.648933 36481.2 255.933 0.678461 0.000696663 0.460989 0.000954941 
602 189.566 0.707642 36499.5 277.946 0.678204 0.000692376 0.460634 0.000949136 
603 189.91 0.680991 36630.4 266.244 0.678224 0.000706963 0.46066 0.000975806 
604 190.255 0.635279 36772.1 250.534 0.678309 0.000743373 0.460783 0.00102276 
605 190.682 0.595673 36930.7 234.332 0.678352 0.000719789 0.460832 0.000989789 
606 191.04 0.619575 37070.7 241.407 0.678333 0.000743263 0.460813 0.00102459 
607 191.383 0.631189 37203.9 251.056 0.678442 0.000648927 0.460958 0.000888011 
608 191.613 0.658143 37289.8 261.647 0.678426 0.000808387 0.460935 0.0011137 
609 192.256 0.709673 37547.6 283.114 0.678613 0.000678602 0.461199 0.000925938 
610 192.477 0.667404 37631.2 266.321 0.678534 0.000755307 0.461089 0.00104152 
611 193.119 0.728396 37890.9 296.78 0.67893 0.000765517 0.461638 0.00106179 
612 193.364 0.794606 37971.5 311.866 0.678829 0.000859984 0.461482 0.00118313 
613 193.789 0.772268 38140.5 306.706 0.678846 0.000678382 0.461507 0.00092521 
614 193.98 0.746314 38217.6 302.493 0.678611 0.000727912 0.461181 0.000998291 
615 194.355 0.699055 38361.7 283.76 0.678756 0.000697119 0.461375 0.000958327 
616 194.434 0.710086 38385.4 282.954 0.678664 0.00074609 0.461245 0.00102361 
617 194.643 0.825384 38466.6 336.031 0.678528 0.000743479 0.461058 0.00101736 
618 194.785 0.784162 38517.8 313.063 0.678433 0.000672145 0.460935 0.000916739 
619 195.158 0.78273 38659.4 316.464 0.678572 0.000670199 0.461109 0.000915406 
620 195.474 0.657505 38780.9 267.675 0.678429 0.000658905 0.460916 0.000900063 
621 195.888 0.670441 38935.9 271.176 0.678506 0.000618887 0.461013 0.000846929 
622 196.099 0.815745 39030.6 326.157 0.678305 0.000840532 0.46075 0.00114609 
623 196.385 0.758793 39134.4 306.256 0.678287 0.000678352 0.46072 0.000927372 
624 196.665 0.659667 39252.1 263.79 0.678371 0.000699186 0.460839 0.000952693 
625 196.903 0.851795 39341.6 339.218 0.67846 0.000808914 0.460965 0.00110044 
626 197.428 0.822192 39554.8 330.449 0.67828 0.000804259 0.460714 0.00109833 
627 197.681 0.878974 39655.6 353.873 0.678494 0.000835551 0.460998 0.00114645 
628 197.897 0.822276 39736.2 330.292 0.678136 0.000740672 0.460514 0.001013 
629 198.217 1.02044 39862.2 411.637 0.678389 0.000934621 0.460857 0.00127808 
630 198.444 1.15012 39952.4 464.346 0.678367 0.00103835 0.460822 0.00141814 
631 199.016 1.00022 40191.7 405.423 0.678551 0.00086002 0.461078 0.00117279 
632 199.489 1.24614 40388.2 506.162 0.678531 0.00102924 0.461059 0.00140849 
633 199.755 0.969541 40495.4 399.187 0.678468 0.000715249 0.460972 0.00097581 
634 199.896 0.947401 40551.2 396.3 0.678408 0.000741405 0.46089 0.00102203 
635 200.104 0.858647 40632.8 360.988 0.678423 0.000755653 0.460907 0.00103986 
636 200.463 0.852649 40780.5 355.876 0.678351 0.000776085 0.460806 0.0010568 
637 200.587 0.806414 40828.7 329.207 0.678287 0.00080788 0.460724 0.0011044 
638 201.026 0.809106 41006.6 333.497 0.678314 0.000727803 0.460761 0.000991784 
639 201.438 0.796127 41170.9 331.071 0.678349 0.000755272 0.460798 0.001036 
640 201.814 0.757273 41333.8 307.135 0.678406 0.00071792 0.460889 0.000982149 
641 202.116 0.763069 41464.2 310.427 0.678502 0.000684379 0.461025 0.000940554 
642 202.034 0.725805 41428.9 299.154 0.678045 0.000706242 0.460398 0.000961308 
643 202.567 0.781345 41646.1 321.612 0.678202 0.00073832 0.460613 0.00100583 
644 202.858 0.835673 41769.8 352.222 0.678076 0.00084056 0.460444 0.00114787 
645 203.266 0.884467 41934.3 370.474 0.678197 0.000856502 0.460608 0.00117093 
646 203.545 0.848785 42043.2 355.92 0.678109 0.000772007 0.460473 0.0010457 
647 203.77 0.822484 42149.6 344.136 0.678104 0.000761477 0.460481 0.00104021 
648 204.316 0.844344 42380 357.37 0.678311 0.000763097 0.46076 0.00104352 
649 204.685 0.917876 42531.2 380.024 0.67827 0.000898111 0.460709 0.00122618 
650 204.903 0.923036 42613.9 388.279 0.678046 0.000860009 0.460393 0.00117674 
651 205.351 0.945267 42803.9 392.893 0.678278 0.000760193 0.46072 0.00103612 
652 205.417 0.816336 42838.3 337.53 0.677916 0.000747422 0.460225 0.00101734 
653 206.006 0.840213 43078.2 345.805 0.678487 0.000744907 0.461001 0.00101686 
654 205.805 0.921179 42983.6 380.136 0.677814 0.00083609 0.460073 0.00113246 
655 206.57 0.832407 43315.6 344.345 0.678412 0.000759277 0.460898 0.0010341 
656 206.577 0.866439 43297.5 354.908 0.678119 0.000821764 0.460489 0.00112325 
657 207.114 0.854634 43525.8 357.635 0.678354 0.000834622 0.460807 0.00112867 
658 207.337 0.869607 43628.1 363.32 0.678263 0.000807805 0.460691 0.00110011 
659 207.678 0.84818 43766.6 356.186 0.678449 0.000839977 0.460941 0.00113405 
660 207.978 0.912722 43896.7 384.565 0.67821 0.000847593 0.460615 0.0011498 
661 208.435 1.18016 44074.3 498.137 0.678655 0.00102035 0.461211 0.00138103 
662 209.035 1.19392 44337.7 506.036 0.678764 0.000951052 0.461358 0.00129208 
663 209.201 1.13786 44406 478.606 0.678627 0.00112003 0.461167 0.00150826 
664 209.748 1.06575 44638.2 449.928 0.678757 0.000955208 0.461348 0.00129494 
665 209.557 1.0432 44547.6 436.369 0.678328 0.000891426 0.460752 0.00120634 
666 210.098 1.15667 44782.6 486.866 0.678389 0.000954339 0.46083 0.00129511 
667 210.363 1.11775 44883.7 474.133 0.6785 0.000947275 0.460978 0.00128562 
668 210.889 1.12623 45109.3 476.965 0.678605 0.000881969 0.461118 0.00119182 
669 211.007 1.26825 45148.1 538.25 0.678643 0.00107271 0.461165 0.00144548 
670 211.76 1.12493 45477.8 478.774 0.678848 0.000862936 0.461437 0.00116866 
671 211.894 1.07899 45529.7 453.873 0.678705 0.000922936 0.461246 0.00124244 
672 212.601 0.907088 45835.6 390.192 0.679177 0.000789905 0.461887 0.00107287 
673 212.803 1.01177 45925.2 425.177 0.679024 0.000804292 0.46168 0.0010938 
674 212.959 0.934568 45991.2 388.527 0.678868 0.000732965 0.461468 0.000997644 
675 213.236 1.04396 46107.6 441.843 0.678825 0.000753178 0.461413 0.00102467 
676 213.777 0.908828 46338 391.893 0.679134 0.000777328 0.461832 0.00105622 
677 214.066 0.928901 46464.8 404.122 0.679008 0.000832225 0.461659 0.00113581 
678 214.148 0.910905 46500.3 388.625 0.67894 0.000784775 0.461565 0.00106935 
679 214.533 1.0623 46659.8 455.263 0.678948 0.000931632 0.461571 0.00126833 
680 214.992 1.04545 46851.7 446.689 0.679136 0.000838732 0.461826 0.00114351 
681 215.474 0.944828 47065.5 407.6 0.679207 0.000785149 0.461921 0.00106948 
682 216.034 0.945787 47316.2 415.034 0.679522 0.000864774 0.462356 0.0011776 
683 216.406 1.10119 47469.9 466.179 0.679462 0.000840796 0.462261 0.00114217 
684 216.222 0.939292 47388.7 406.91 0.679141 0.000812809 0.46183 0.00110501 
685 217.039 1.22657 47738.1 536.35 0.679537 0.000893961 0.462359 0.00121526 
686 217.114 0.977941 47768.8 412.523 0.679284 0.000787496 0.462011 0.00107373 
687 217.657 0.96267 48007.7 424.63 0.679572 0.000816952 0.462407 0.00111314 
688 217.672 0.939723 48024.1 418.605 0.679222 0.000778407 0.461939 0.00106023 
689 218.159 0.986994 48225.7 433.614 0.679556 0.000817295 0.462383 0.00111007 
690 218.481 0.907481 48370.8 400.639 0.67949 0.000818193 0.462303 0.00111421 
691 218.751 0.962152 48482 422.947 0.679898 0.000830058 0.462846 0.00112872 
692 219.231 1.13915 48699.6 508.513 0.679883 0.000890443 0.462827 0.00121295 
693 219.283 0.878037 48706.8 393.166 0.680176 0.000940416 0.463219 0.00128207 
694 219.856 1.11668 48976 503.989 0.679812 0.000907235 0.462726 0.00124565 
695 220.151 1.06795 49098.2 479.607 0.680244 0.0010568 0.463326 0.00144347 
696 219.989 1.1397 49036.5 519.755 0.679181 0.000883989 0.461868 0.00120472 
697 220.725 1.32039 49361.2 606.867 0.679555 0.000885765 0.462374 0.00120748 
698 220.828 0.957876 49394.4 436.574 0.679993 0.00107489 0.463 0.00148079 
