1.2 -1.80983 108600000000
155.498 0.615984
1 0 0 0 0 0.500106 0.000129926 0.500106 0.000129926 
2 0 0 0 0 0.500017 9.38753e-05 0.374996 9.94151e-05 
3 0 0 0 0 0.499971 0.000105658 0.333289 9.83375e-05 
4 0.16344 0.00011526 0.16344 0.00011526 0.528521 0.000113004 0.34455 0.000100755 
5 0.223963 0.000122981 0.223963 0.000122981 0.531311 7.98205e-05 0.334396 8.61066e-05 
6 0.443765 0.000232573 0.613917 0.000414127 0.549391 8.93275e-05 0.346488 9.38628e-05 
7 0.534135 0.00024688 0.765849 0.000458925 0.550612 7.86432e-05 0.341279 8.7291e-05 
8 0.802878 0.000366622 1.48069 0.00100587 0.564339 9.43506e-05 0.352547 0.00010562 
9 0.921112 0.00042129 1.79499 0.00133888 0.565658 8.52272e-05 0.350267 0.000101737 
10 1.19557 0.000573536 2.76473 0.00201918 0.575026 8.41918e-05 0.358307 9.88705e-05 
11 1.35088 0.000676331 3.35304 0.0030371 0.577059 8.42601e-05 0.358251 0.00010506 
12 1.62471 0.000726978 4.57725 0.00355322 0.583823 8.32275e-05 0.36424 0.000108257 
13 1.79938 0.000773387 5.40844 0.00388752 0.585584 8.24069e-05 0.364575 9.90252e-05 
14 2.08407 0.00114711 6.98174 0.00593649 0.591214 9.49979e-05 0.369897 0.000115214 
15 2.26853 0.00112418 8.04007 0.00612444 0.59261 9.26428e-05 0.370239 0.00011252 
16 2.56238 0.00117604 9.97345 0.00834175 0.597339 9.01626e-05 0.374865 0.000106829 
17 2.75878 0.00132642 11.3055 0.0112738 0.598592 8.54583e-05 0.375346 0.000104624 
18 3.05531 0.00144515 13.5727 0.011909 0.602558 9.97088e-05 0.379321 0.000122417 
19 3.25992 0.00149794 15.1707 0.0121768 0.603649 9.18737e-05 0.379811 0.000110958 
20 3.56346 0.00178337 17.8244 0.0169674 0.607107 0.000120425 0.383353 0.000149361 
21 3.77473 0.00210273 19.7007 0.0203367 0.608008 0.000101536 0.383771 0.000123058 
22 4.0814 0.00188707 22.7219 0.020278 0.611035 9.25594e-05 0.386934 0.000118285 
23 4.29737 0.00191899 24.867 0.0210768 0.611847 8.98092e-05 0.387343 0.000111728 
24 4.60811 0.00215257 28.2845 0.0296201 0.614547 9.24867e-05 0.390226 0.000115508 
25 4.83129 0.00230241 30.7498 0.0287945 0.615248 9.32204e-05 0.390603 0.000112374 
26 5.1473 0.00239205 34.5821 0.031902 0.617682 9.21184e-05 0.393225 0.000116052 
27 5.37302 0.00254804 37.326 0.034562 0.618252 9.2397e-05 0.393509 0.000116343 
28 5.68735 0.00274628 41.4896 0.0399879 0.620352 9.74988e-05 0.395786 0.000122804 
29 5.92156 0.00354511 44.6109 0.0592743 0.620977 0.000131765 0.396212 0.000166369 
30 6.23686 0.00327269 49.1428 0.0490001 0.622882 0.000126451 0.398293 0.000160909 
31 6.47436 0.00466212 52.5713 0.077883 0.623475 0.000128456 0.398716 0.00016458 
32 6.7962 0.00387704 57.5949 0.0734967 0.625281 0.000121419 0.400716 0.000159436 
33 7.03254 0.00420679 61.242 0.0725648 0.625735 0.000108355 0.400998 0.000141093 
34 7.35486 0.0048578 66.654 0.0900928 0.627361 0.00011576 0.402815 0.000148664 
35 7.59959 0.00494692 70.7543 0.094408 0.627828 0.000112098 0.403151 0.00014518 
36 7.92002 0.00541788 76.5126 0.111717 0.629319 0.000128995 0.404832 0.00016931 
37 8.16463 0.00460387 80.8571 0.0936134 0.62968 0.000111269 0.405044 0.000145519 
38 8.48828 0.00621687 87.0334 0.138991 0.631042 0.000119036 0.406583 0.000155173 
39 8.73701 0.00581007 91.7693 0.126871 0.631474 0.000139641 0.406926 0.000182141 
40 9.06413 0.00531979 98.4188 0.126603 0.632783 0.000114771 0.408423 0.000146542 
41 9.31876 0.00628669 103.573 0.146021 0.633151 0.000138214 0.408694 0.000177792 
42 9.64351 0.00557067 110.563 0.130689 0.634329 0.000103751 0.410043 0.000135794 
43 9.89447 0.00567659 115.888 0.1403 0.634586 0.000108683 0.410179 0.000139056 
44 10.218 0.00610322 123.207 0.170627 0.635646 0.000133119 0.41139 0.000174051 
45 10.4774 0.00603185 129.083 0.166314 0.636024 0.000128841 0.411719 0.000168269 
46 10.8032 0.00583367 136.829 0.156637 0.637028 0.000120057 0.41287 0.00015317 
47 11.0606 0.00573158 142.943 0.15266 0.637333 0.000115461 0.413114 0.000150878 
48 11.3906 0.00626788 151.258 0.175944 0.63834 0.00010924 0.414292 0.000144429 
49 11.6466 0.00754965 157.63 0.224336 0.638534 0.000135735 0.414403 0.00017761 
50 11.976 0.00765981 166.242 0.228093 0.639497 0.000115137 0.415526 0.000151319 
51 12.244 0.00705478 173.317 0.22604 0.639862 0.00011066 0.415879 0.000144983 
52 12.57 0.00679537 182.269 0.213463 0.640659 0.000110173 0.416794 0.000143971 
53 12.8322 0.00895036 189.444 0.282617 0.640878 0.000130497 0.416963 0.000171078 
54 13.1614 0.00877058 198.887 0.295909 0.641699 0.000116716 0.417927 0.000154373 
55 13.4319 0.00842091 206.67 0.285593 0.641991 0.000124878 0.418204 0.000166123 
56 13.7604 0.00736933 216.43 0.241257 0.642743 0.000109818 0.419071 0.000145549 
57 14.0299 0.00793306 224.501 0.290099 0.643004 0.000111513 0.419311 0.000147117 
58 14.3527 0.00790947 234.483 0.269872 0.643625 0.000114828 0.420019 0.000152285 
59 14.6268 0.0100436 243 0.378782 0.643928 0.000145218 0.420319 0.000195389 
60 14.9589 0.00863996 253.764 0.328693 0.644663 0.000132193 0.421195 0.000176723 
61 15.2249 0.00851782 262.316 0.303175 0.644757 0.000115661 0.421222 0.000152927 
62 15.5625 0.00950934 273.656 0.362539 0.645546 0.000119662 0.422174 0.000158015 
63 15.8385 0.00924416 282.905 0.356823 0.645742 0.000115895 0.422345 0.000151922 
64 16.1687 0.00971442 294.385 0.375784 0.646353 0.000115077 0.423066 0.000152424 
65 16.443 0.00961611 303.884 0.36832 0.646544 0.000117145 0.423229 0.000155033 
66 16.7758 0.00986928 315.931 0.390196 0.647138 0.000117006 0.423943 0.000154456 
67 17.0443 0.00988606 325.542 0.399582 0.647237 0.000114501 0.423992 0.000151897 
68 17.377 0.0102226 337.926 0.423594 0.647836 0.000116671 0.42471 0.000154965 
69 17.6388 0.00993489 347.573 0.404665 0.64786 0.000115683 0.424663 0.000153214 
70 17.9751 0.00998479 360.576 0.414869 0.648437 0.000110538 0.425359 0.000146795 
71 18.2524 0.0102689 371.165 0.432235 0.648613 0.000114855 0.425519 0.000152232 
72 18.5947 0.0116102 384.915 0.51229 0.649216 0.000115447 0.426255 0.000153091 
73 18.8683 0.0123252 395.672 0.577099 0.649376 0.000121901 0.4264 0.000162616 
74 19.197 0.010904 409.11 0.487178 0.649851 0.000117272 0.426968 0.000157384 
75 19.4754 0.0150219 420.479 0.717002 0.650023 0.000143944 0.427136 0.000193595 
76 19.8088 0.0121038 434.541 0.555987 0.650487 0.000159281 0.427691 0.000213318 
77 20.0929 0.0129844 446.48 0.635757 0.65065 0.000142156 0.427839 0.000191706 
78 20.4295 0.0143287 461.088 0.681406 0.651102 0.000155436 0.428378 0.000209538 
79 20.712 0.0158969 473.331 0.756844 0.651255 0.000174962 0.428523 0.000233143 
80 21.0473 0.018122 488.425 0.916336 0.651735 0.000167994 0.429109 0.000222993 
81 21.3286 0.0148593 500.986 0.815687 0.651838 0.000129208 0.429194 0.00017462 
82 21.6593 0.012597 516.13 0.647874 0.652242 0.000137941 0.429671 0.000186871 
83 21.9542 0.0147736 529.743 0.764451 0.652464 0.000131835 0.429917 0.000176582 
84 22.2752 0.0163634 544.724 0.908815 0.65284 0.000123144 0.430362 0.00016627 
85 22.5603 0.0162838 558.111 0.936446 0.652893 0.000145565 0.430376 0.000198161 
86 22.9035 0.0197192 574.9 1.20933 0.653379 0.000139809 0.430982 0.000187213 
87 23.1767 0.0140572 587.972 0.811904 0.653447 0.000137734 0.431021 0.000184947 
88 23.5097 0.0173644 604.636 1.07711 0.65381 0.000127503 0.431471 0.000171555 
89 23.8034 0.0152307 619.241 0.925241 0.653953 0.000131229 0.43162 0.000175875 
90 24.1382 0.019877 636.345 1.21043 0.654297 0.000123997 0.432031 0.000166446 
91 24.4244 0.0167553 650.71 0.96885 0.654469 0.00012432 0.432211 0.000168243 
92 24.766 0.019743 668.785 1.19559 0.654904 0.00013008 0.43276 0.000174411 
93 25.0511 0.0187166 683.637 1.09845 0.65496 0.000131467 0.432792 0.000177176 
94 25.3867 0.0199836 701.603 1.17075 0.655321 0.000132164 0.433232 0.000178134 
95 25.6695 0.020061 716.58 1.26387 0.65539 0.000135132 0.433278 0.000181412 
96 25.9977 0.0215679 734.484 1.31582 0.655666 0.000154957 0.433604 0.000208039 
97 26.2949 0.0221874 750.902 1.38024 0.655858 0.00013271 0.433827 0.000180508 
98 26.619 0.0233342 768.918 1.4808 0.656071 0.000149732 0.434067 0.000203963 
99 26.9236 0.0233965 786.142 1.5451 0.656275 0.000159824 0.434313 0.000219246 
100 27.2529 0.0207639 804.889 1.32722 0.656542 0.000152449 0.434632 0.000205457 
101 27.5541 0.0207718 822.07 1.30491 0.656733 0.000141009 0.434851 0.000191297 
102 27.8769 0.0205396 840.828 1.32779 0.656909 0.000141676 0.435046 0.0001908 
103 28.1745 0.0203017 858.375 1.30868 0.657047 0.000136977 0.435198 0.000185545 
104 28.5142 0.0196596 878.782 1.29883 0.657383 0.000135569 0.435617 0.000183713 
105 28.7946 0.0208858 895.358 1.37819 0.657438 0.000139774 0.435654 0.00019017 
106 29.1206 0.029742 915.213 2.10827 0.657722 0.000143216 0.436005 0.000195633 
107 29.4092 0.0232856 932.673 1.65642 0.657852 0.000136945 0.436143 0.000184984 
108 29.7484 0.0274852 953.972 1.99299 0.658115 0.000169258 0.43647 0.000231857 
109 30.0201 0.0275521 970.48 2.10403 0.658082 0.000190576 0.436394 0.000262917 
110 30.3606 0.0226503 992.259 1.68819 0.658396 0.000154793 0.436781 0.000208022 
111 30.664 0.0288944 1011.54 2.11582 0.658521 0.000156486 0.436917 0.000210532 
112 30.9833 0.0284894 1032.12 2.12718 0.658721 0.000175858 0.437156 0.000238683 
113 31.2783 0.0264491 1051.14 1.91123 0.658785 0.000149045 0.437209 0.000202635 
114 31.6097 0.0269594 1073.14 1.9056 0.659003 0.000151839 0.437479 0.000205891 
115 31.9076 0.0279526 1092.85 2.12157 0.659068 0.000185058 0.437537 0.000252393 
116 32.2444 0.0264894 1115.63 2.00854 0.659352 0.000153187 0.437892 0.000207482 
117 32.5413 0.0263821 1135.44 2.03104 0.659387 0.000143246 0.437907 0.000193494 
118 32.879 0.0267469 1158.62 2.02588 0.659687 0.000151579 0.438286 0.000202738 
119 33.1833 0.0251756 1179.54 1.90394 0.659773 0.000152288 0.438373 0.000204437 
120 33.5382 0.0281255 1204.42 2.16471 0.6601 0.000148455 0.438784 0.000199292 
121 33.8183 0.0295813 1223.98 2.31308 0.66013 0.000161983 0.438802 0.000215668 
122 34.1484 0.0295447 1247.5 2.35887 0.660314 0.000173837 0.439025 0.00023486 
123 34.4385 0.0304532 1267.98 2.42101 0.660335 0.000166549 0.439028 0.000222354 
124 34.7639 0.031212 1291.44 2.50829 0.660502 0.000164238 0.439223 0.00022251 
125 35.0614 0.0304562 1312.85 2.44106 0.660594 0.000163428 0.439319 0.000219751 
126 35.4038 0.0313894 1338.24 2.55743 0.660848 0.000151759 0.439641 0.000205261 
127 35.6849 0.0297189 1358.51 2.40333 0.660844 0.000157903 0.439605 0.00021142 
128 36.0442 0.0329316 1385.9 2.74026 0.661163 0.000162436 0.440016 0.000218957 
129 36.3199 0.0319399 1406.28 2.6607 0.661081 0.00015609 0.439881 0.000210227 
130 36.6696 0.0332496 1433.13 2.80032 0.661396 0.000161123 0.440277 0.000216868 
131 36.9605 0.0320982 1455.13 2.7444 0.66146 0.000153522 0.440342 0.000208037 
132 37.2898 0.0381996 1480.84 3.31851 0.66168 0.000184902 0.440623 0.000248408 
133 37.5674 0.0310063 1501.93 2.6465 0.661613 0.000162564 0.440507 0.000213472 
134 37.933 0.0580443 1531.32 5.40853 0.661931 0.000260897 0.44092 0.000356895 
135 38.2043 0.0310969 1551.92 2.69882 0.661832 0.000153582 0.440758 0.000208276 
136 38.5778 0.045842 1582.54 4.32203 0.66219 0.000199244 0.441229 0.000272494 
137 38.8651 0.0347376 1605.11 3.11201 0.662164 0.000161788 0.441165 0.000219294 
138 39.1842 0.0376682 1631.2 3.6331 0.66237 0.000172097 0.441428 0.000235354 
139 39.4664 0.0338321 1653.65 3.07078 0.662344 0.000158825 0.441362 0.000214606 
140 39.8128 0.0347511 1682.47 3.2243 0.662589 0.000165389 0.441676 0.000223384 
141 40.0931 0.0307242 1705.26 2.70802 0.662563 0.00015182 0.441616 0.000203821 
142 40.4119 0.0289131 1731.72 2.60702 0.662711 0.000147666 0.441799 0.000198926 
143 40.7052 0.0359686 1756.13 3.22719 0.662761 0.000160023 0.441842 0.000215688 
144 41.0433 0.0316211 1784.84 2.91819 0.663005 0.000159571 0.442153 0.000215528 
145 41.3408 0.0341865 1810.06 3.1262 0.663002 0.000158625 0.44213 0.00021423 
146 41.6932 0.0332155 1840.79 3.11206 0.66325 0.000164031 0.442453 0.000221805 
147 41.9814 0.0341365 1865.35 3.21803 0.663239 0.000160708 0.442416 0.000217197 
148 42.3454 0.0395644 1898.01 3.92386 0.663516 0.00018076 0.442778 0.000247253 
149 42.6191 0.0346913 1921.14 3.3322 0.663512 0.00015576 0.442748 0.000210649 
150 42.9726 0.041461 1953.21 4.10318 0.663731 0.000166493 0.443033 0.000226332 
151 43.2553 0.0455837 1978.21 4.47394 0.663725 0.000171106 0.443007 0.000233205 
152 43.6045 0.0417001 2010.29 4.19536 0.663954 0.000177498 0.443306 0.000241993 
153 43.9105 0.0437817 2037.61 4.44987 0.663988 0.000188004 0.443329 0.00025672 
154 44.2455 0.044232 2068.49 4.50574 0.664188 0.000177733 0.443585 0.000243402 
155 44.5565 0.0435723 2096.72 4.5524 0.664255 0.000183512 0.443658 0.000251625 
156 44.8695 0.0358688 2125.57 3.59298 0.664365 0.000167318 0.443789 0.000226711 
157 45.176 0.0387301 2154.16 3.99424 0.664411 0.000175377 0.443839 0.000239023 
158 45.5197 0.0357252 2186.3 3.67199 0.664612 0.00016431 0.444094 0.000223002 
159 45.8163 0.0383786 2214.06 4.11621 0.664587 0.000164154 0.444041 0.00022281 
160 46.1557 0.0367068 2246.32 3.81813 0.664777 0.000163082 0.444281 0.000220803 
161 46.4732 0.0445785 2276.85 4.76601 0.664843 0.00017383 0.444352 0.000236418 
162 46.8059 0.0437324 2308.85 4.62352 0.664982 0.000179116 0.444527 0.000243034 
163 47.0915 0.0402153 2336.32 4.44306 0.664979 0.000158928 0.444508 0.000216021 
164 47.4346 0.0405347 2370.14 4.68956 0.665129 0.000164413 0.444701 0.000224033 
165 47.7354 0.0455215 2399.51 5.09111 0.665178 0.000167256 0.444754 0.000227035 
166 48.099 0.0582606 2436.38 7.01223 0.665404 0.000201042 0.445053 0.000279291 
167 48.3494 0.0413209 2459.98 4.36666 0.665264 0.000161851 0.444845 0.000219707 
168 48.7108 0.0521351 2497.12 6.23129 0.665451 0.000195596 0.44509 0.000271361 
169 49.0031 0.0435437 2525.8 4.70685 0.665493 0.000167275 0.445127 0.000226858 
170 49.3264 0.0452501 2558.53 4.96544 0.665563 0.00016517 0.445202 0.000223679 
171 49.6453 0.0424034 2590.83 4.66485 0.665726 0.000171783 0.445411 0.000233732 
172 49.9938 0.0484162 2627.44 5.42927 0.665854 0.000165043 0.445571 0.00022414 
173 50.2862 0.0447746 2657.33 5.00371 0.665839 0.000184628 0.445545 0.000253371 
174 50.6003 0.0474908 2690.18 5.63184 0.66589 0.000170935 0.445596 0.000232319 
175 50.888 0.0445643 2719.52 4.96769 0.66589 0.000167729 0.445581 0.000228183 
176 51.2223 0.0478974 2754.81 5.47121 0.666032 0.000170093 0.445758 0.000230464 
177 51.5301 0.0472688 2787.19 5.32441 0.666048 0.000169069 0.445765 0.000229287 
178 51.9066 0.0524023 2828 6.09872 0.666284 0.000175192 0.446073 0.000240232 
179 52.2066 0.0458564 2859.17 5.13705 0.666377 0.00016717 0.446188 0.000226894 
180 52.5171 0.0485553 2892.73 5.5791 0.666422 0.00017542 0.446238 0.000239265 
181 52.8408 0.0518282 2927.41 6.03703 0.666491 0.000182588 0.446309 0.000250042 
182 53.1833 0.0517132 2965.19 6.12474 0.666621 0.000174475 0.446473 0.000237476 
183 53.4563 0.0455728 2994.25 5.42848 0.666541 0.000172653 0.446348 0.000234903 
184 53.8187 0.0522595 3035.03 6.16718 0.666764 0.000189078 0.446645 0.000257658 
185 54.0905 0.0518076 3064.93 6.15191 0.66672 0.000186425 0.446573 0.000253902 
186 54.4483 0.0549553 3104.7 6.58164 0.66691 0.000182357 0.44682 0.000249026 
187 54.7475 0.0630321 3138.49 7.52569 0.666936 0.000220515 0.446848 0.000301043 
188 55.1121 0.0674322 3179.88 8.23275 0.667121 0.000222465 0.447086 0.000305424 
189 55.4084 0.0631846 3213.6 7.97894 0.667134 0.00021691 0.447094 0.000299813 
190 55.7742 0.0612283 3255.84 7.66646 0.667365 0.000193223 0.447399 0.000269998 
191 56.0671 0.0573872 3289.48 7.14671 0.667387 0.000189037 0.447418 0.000259811 
192 56.3936 0.0577306 3326.61 7.4157 0.66746 0.00020738 0.447501 0.000287582 
193 56.7306 0.0598503 3365.98 7.66513 0.667609 0.000204047 0.447691 0.000280595 
194 57.0022 0.0556278 3396.45 6.93757 0.667595 0.000230207 0.447659 0.000314627 
195 57.34 0.0629904 3436.34 7.81925 0.66769 0.000190887 0.447774 0.000259518 
196 57.6541 0.0568936 3473.73 7.1974 0.667699 0.000181652 0.447773 0.000247424 
197 57.9869 0.0589337 3513.76 7.7161 0.667765 0.000190855 0.44786 0.000262296 
198 58.2742 0.0626225 3547.94 8.02152 0.667733 0.00018566 0.447806 0.000252867 
199 58.6065 0.0641285 3588.6 8.17115 0.667843 0.000190088 0.447947 0.000259515 
200 58.8872 0.0688203 3620.98 8.73127 0.667786 0.000189278 0.447853 0.000260239 
201 59.2517 0.0653665 3665.89 8.41643 0.667985 0.000192162 0.448116 0.000261795 
202 59.5818 0.0637136 3706.13 8.41437 0.668086 0.000195618 0.448246 0.000267915 
203 59.91 0.0597753 3746.4 7.80094 0.668199 0.000191487 0.448386 0.000260928 
204 60.2324 0.056647 3786.16 7.91997 0.668238 0.000186436 0.448426 0.000253595 
205 60.5562 0.0640913 3826.59 8.43099 0.66831 0.000195856 0.448521 0.000267549 
206 60.8618 0.0625076 3864.76 8.26383 0.6683 0.000184721 0.448495 0.000251242 
207 61.1998 0.0648245 3907.57 8.65201 0.668468 0.000198842 0.448719 0.000272145 
208 61.492 0.0684438 3943.95 9.17575 0.66837 0.00021196 0.448576 0.000289459 
209 61.8013 0.0729974 3983.07 9.56513 0.668431 0.000242885 0.448651 0.000329583 
210 62.1173 0.0723614 4023.06 9.64719 0.668451 0.000225016 0.448668 0.000307367 
211 62.4643 0.0772571 4068.11 10.531 0.668624 0.000243962 0.448898 0.000329691 
212 62.7363 0.0829309 4102.32 11.2702 0.668559 0.000225389 0.448802 0.000305673 
213 63.0953 0.0815609 4148.58 11.1123 0.668717 0.000220005 0.449003 0.000299622 
214 63.4399 0.0795686 4193.52 11.0984 0.668816 0.000213616 0.449129 0.000291398 
215 63.7672 0.0826812 4235.7 11.2122 0.668901 0.000238238 0.44923 0.000324541 
216 64.0586 0.0753681 4273.99 10.5126 0.668868 0.000221831 0.449179 0.000302472 
217 64.373 0.0709937 4315.07 9.69573 0.66897 0.000208507 0.449308 0.000286085 
218 64.6892 0.0688308 4356.98 9.58403 0.668996 0.000208517 0.449333 0.000285869 
219 65.0135 0.0747238 4400.27 10.7543 0.669043 0.000225988 0.449391 0.000307473 
220 65.3524 0.0745919 4446.73 10.8142 0.669122 0.000205436 0.449494 0.000281691 
221 65.6409 0.0755238 4484.28 10.6547 0.669106 0.000213946 0.44946 0.000289899 
222 65.9697 0.0813724 4529.6 11.742 0.669168 0.000246428 0.449542 0.000335766 
223 66.292 0.0684699 4572.39 10.0002 0.669199 0.000208484 0.449572 0.000284311 
224 66.6608 0.0763009 4623.84 11.2871 0.669375 0.000214947 0.449808 0.000294672 
225 66.9858 0.0750938 4668.16 11.3256 0.669419 0.000211749 0.449857 0.000286701 
226 67.3445 0.0829915 4717.02 12.302 0.669631 0.000239809 0.450134 0.000325571 
227 67.6513 0.0756815 4759.29 11.4605 0.669576 0.000203768 0.450051 0.000279227 
228 67.9787 0.0990158 4805.63 15.289 0.669724 0.000254347 0.45025 0.000350367 
229 68.2605 0.0909155 4843.33 13.8439 0.66962 0.000228921 0.450099 0.000315676 
230 68.5899 0.0729854 4890.17 11.2257 0.669696 0.000204829 0.450196 0.000279532 
231 68.9138 0.0767479 4934.92 11.6355 0.66976 0.000204838 0.450271 0.000280888 
232 69.2104 0.0700709 4976.27 10.5894 0.669754 0.000202113 0.450256 0.000276158 
233 69.5504 0.0726402 5025.36 11.1601 0.669864 0.000208917 0.450402 0.000285645 
234 69.8681 0.0723558 5070.24 10.9794 0.669924 0.000204293 0.450474 0.00027924 
235 70.1702 0.0772435 5114.48 11.8041 0.669868 0.000203239 0.450395 0.000278632 
236 70.4983 0.0843017 5161.67 12.7076 0.669891 0.000223358 0.45042 0.000303601 
237 70.8237 0.0844844 5209.37 13.2794 0.66999 0.00021924 0.450555 0.000301731 
238 71.0962 0.083774 5247.81 12.9043 0.669879 0.000217031 0.450391 0.000295844 
239 71.498 0.0872602 5307.48 13.109 0.670139 0.000252836 0.450741 0.000342165 
240 71.8091 0.0925488 5351.6 13.9488 0.670144 0.000241795 0.450728 0.000327897 
241 72.0951 0.0877856 5393.44 13.3785 0.670105 0.000231455 0.450673 0.000318091 
242 72.4274 0.0900121 5442.39 14.0702 0.670155 0.000230466 0.450732 0.000310954 
243 72.6993 0.108845 5482.33 17.3453 0.670047 0.000281574 0.45058 0.000385208 
244 73.0731 0.0956157 5538.75 14.731 0.670237 0.000240678 0.450829 0.000325547 
245 73.4143 0.10205 5590.68 16.6131 0.67034 0.000224333 0.450969 0.000309056 
246 73.7134 0.0825733 5634.76 13.1401 0.670318 0.000218562 0.45093 0.000300302 
247 74.0546 0.102831 5686.03 17.0293 0.670374 0.000248612 0.450997 0.000340831 
248 74.4073 0.0880547 5739.81 14.0609 0.670488 0.000229081 0.451143 0.000313171 
249 74.7434 0.0919836 5791.81 14.6426 0.670561 0.000229597 0.45124 0.00031426 
250 75.0726 0.117492 5842.54 19.0463 0.670661 0.00028234 0.45137 0.000383108 
251 75.3368 0.0959285 5881.62 15.9411 0.67056 0.000231473 0.45122 0.000317626 
252 75.6893 0.106359 5935.18 16.9654 0.670687 0.000268619 0.451381 0.000363557 
253 76.0146 0.0988354 5986.6 16.5967 0.670707 0.000229703 0.451407 0.000314666 
254 76.39 0.113464 6046.27 19.5495 0.670916 0.000259909 0.451689 0.000356654 
255 76.6237 0.098552 6080.16 16.4942 0.670719 0.000240675 0.451408 0.000329427 
256 76.987 0.109698 6137.89 18.1041 0.670942 0.000249166 0.451709 0.000340322 
257 77.2241 0.0907006 6174.34 15.3643 0.670753 0.000228551 0.451444 0.000312987 
258 77.6057 0.10155 6237.03 17.4881 0.670966 0.00022857 0.451736 0.000312816 
259 77.8908 0.0956504 6282.1 16.6414 0.670881 0.000238796 0.451615 0.000327924 
260 78.2119 0.116383 6333.73 19.653 0.670925 0.00026864 0.451668 0.000363633 
261 78.5486 0.0925689 6386.83 16.2056 0.671041 0.000236699 0.45182 0.000324194 
262 78.8545 0.0897633 6435.44 15.7478 0.671039 0.000232142 0.451809 0.000318183 
263 79.2068 0.0932161 6492.28 16.5105 0.671135 0.000229309 0.451936 0.000313097 
264 79.485 0.0858014 6535.18 14.6758 0.67113 0.000237598 0.451912 0.000320361 
265 79.8762 0.103819 6601.01 18.7197 0.671294 0.000250084 0.452134 0.000341986 
266 80.1728 0.0894761 6647.68 15.5133 0.671277 0.000224736 0.452101 0.000306237 
267 80.5178 0.095529 6705.03 17.0054 0.671314 0.000241387 0.452149 0.000329623 
268 80.8315 0.105513 6755.87 17.9531 0.671362 0.000242389 0.452205 0.000325927 
269 81.1225 0.0890971 6804.92 15.6965 0.671379 0.000222029 0.452228 0.000303995 
270 81.4885 0.0959786 6866.26 16.9524 0.671522 0.000243223 0.452419 0.000333408 
271 81.7999 0.0952674 6917.06 16.3969 0.671526 0.000224796 0.452417 0.00030551 
272 82.1705 0.097788 6979.97 17.465 0.671698 0.000242444 0.452647 0.000332095 
273 82.385 0.0934932 7014 16.8951 0.671539 0.000256934 0.452421 0.000355175 
274 82.7705 0.0961891 7080.65 17.1964 0.671663 0.000240677 0.452589 0.000328633 
275 83.0426 0.0977413 7125.52 17.6455 0.671666 0.000246065 0.452586 0.000336934 
276 83.4107 0.098458 7188.38 17.9509 0.671749 0.000241786 0.45269 0.000330951 
277 83.7112 0.10974 7240.35 19.987 0.671753 0.000279849 0.452696 0.000384982 
278 84.0799 0.107075 7303.61 19.8046 0.671789 0.000244311 0.452735 0.000333698 
279 84.3758 0.0973404 7354.14 17.7673 0.671842 0.000240358 0.452803 0.000329101 
280 84.7407 0.109061 7416.97 20.3331 0.671919 0.000268858 0.4529 0.000368793 
281 85.0848 0.107368 7476.09 19.9369 0.672046 0.000258679 0.453065 0.000353692 
282 85.4472 0.114362 7540.76 21.6412 0.672069 0.000256439 0.453091 0.000352445 
283 85.705 0.105331 7584.18 19.4119 0.672072 0.000266733 0.453089 0.000364061 
284 86.0773 0.105725 7650.7 19.9541 0.672186 0.000249075 0.453239 0.00033841 
285 86.3562 0.103598 7699.29 19.5214 0.672208 0.00024584 0.453272 0.000336079 
286 86.7568 0.120435 7770.75 22.8772 0.672401 0.000270095 0.453526 0.000370894 
287 87.0195 0.107026 7816.57 20.4333 0.672317 0.000249137 0.45341 0.000341394 
288 87.3086 0.11302 7866.61 21.6114 0.672291 0.000254506 0.453365 0.000348589 
289 87.5792 0.122862 7914.03 22.8474 0.672273 0.000293371 0.453336 0.000399812 
290 87.9696 0.114033 7985.84 21.9376 0.672352 0.000260217 0.453439 0.000356088 
291 88.3254 0.114752 8049.45 22.1087 0.672539 0.000263249 0.45369 0.000360069 
292 88.6494 0.122165 8108.45 23.6575 0.672497 0.00026849 0.45363 0.000368572 
293 88.9414 0.12038 8160.53 23.2502 0.672563 0.000283674 0.453713 0.000388733 
294 89.2981 0.124404 8226.64 24.2078 0.672605 0.000277515 0.453764 0.000380866 
295 89.6176 0.12832 8284.27 25.1206 0.672729 0.000296443 0.453928 0.000407508 
296 89.9564 0.122654 8347.04 24.1072 0.672767 0.000275508 0.453981 0.000378856 
297 90.2352 0.123854 8397.05 24.1961 0.672731 0.000291677 0.453923 0.000399767 
298 90.56 0.118749 8457.15 23.5942 0.672738 0.000267169 0.453925 0.000366532 
299 90.7969 0.128417 8498.97 24.5237 0.672662 0.000312141 0.453817 0.000426705 
300 91.159 0.142016 8568.43 28.3102 0.672706 0.000327938 0.453874 0.000450517 
301 91.4484 0.152291 8621.32 29.5488 0.672728 0.000327096 0.453901 0.000445991 
302 91.9126 0.142922 8708.95 28.3379 0.673022 0.000303629 0.454294 0.000416191 
303 92.2544 0.132125 8772.4 25.7563 0.673063 0.000298736 0.454343 0.000408849 
304 92.5718 0.122799 8833.62 24.6219 0.673032 0.000276924 0.454305 0.000381302 
305 92.8519 0.119137 8885.59 23.9251 0.673019 0.000292541 0.454278 0.000402395 
306 93.1877 0.125934 8948.77 25.3244 0.672999 0.000298349 0.454246 0.000410523 
307 93.4961 0.123117 9006.44 24.7818 0.673049 0.00028001 0.454309 0.000383935 
308 93.8523 0.160988 9074.11 31.971 0.673116 0.000322516 0.454396 0.000437517 
309 94.1929 0.148559 9139.76 29.3347 0.673138 0.000304891 0.454416 0.000413743 
310 94.4404 0.125482 9185.62 25.1252 0.673035 0.000270435 0.454269 0.000366413 
311 94.7824 0.138682 9251.29 27.8256 0.673126 0.000309331 0.45439 0.000421917 
312 95.0763 0.142011 9307.57 28.4747 0.673203 0.000328549 0.454487 0.000447126 
313 95.5374 0.134941 9399.06 27.5393 0.673409 0.000293277 0.454764 0.000399646 
314 95.8434 0.139836 9458.26 29.0738 0.67342 0.000313917 0.454772 0.000428305 
315 96.2248 0.137768 9533.89 29.1224 0.673611 0.00028978 0.455037 0.000397565 
316 96.5013 0.187392 9588.74 39.8989 0.673539 0.000352643 0.454943 0.000485644 
317 96.7851 0.144671 9644.63 30.4185 0.673502 0.000322097 0.454884 0.000442029 
318 97.0657 0.143069 9698.4 31.5749 0.673449 0.000317563 0.45481 0.000435481 
319 97.4192 0.14196 9768.81 30.9111 0.673566 0.000327328 0.454961 0.000451431 
320 97.7254 0.147921 9829.81 33.3028 0.673541 0.000360606 0.454924 0.000494235 
321 98.085 0.159367 9902.92 35.2264 0.673634 0.000381664 0.455049 0.000523557 
322 98.3579 0.150887 9956.74 32.6146 0.673576 0.00030379 0.454965 0.000416568 
323 98.7555 0.151457 10037.8 33.6156 0.673661 0.00031147 0.455076 0.000429082 
324 99.0521 0.175153 10097.5 37.147 0.673735 0.000310691 0.455177 0.000425133 
325 99.4598 0.17312 10182.1 38.6847 0.673838 0.000328451 0.455318 0.000454586 
326 99.8229 0.175805 10255.7 39.3735 0.673891 0.000334976 0.455384 0.000462532 
327 100.191 0.164493 10331.5 37.3433 0.674039 0.000331066 0.455581 0.000456885 
328 100.468 0.172742 10386 40.1118 0.673995 0.000331353 0.455515 0.000457664 
329 100.807 0.180294 10455.7 41.5261 0.674032 0.00034096 0.455563 0.000472251 
330 101.13 0.195261 10524.7 45.8289 0.674084 0.000364937 0.455637 0.000504496 
331 101.497 0.190213 10598.9 43.971 0.674167 0.000342613 0.455743 0.000474066 
332 101.79 0.233395 10662.6 57.1933 0.674162 0.000397712 0.455739 0.000554079 
333 102.112 0.18412 10726.6 43.7091 0.67417 0.000320862 0.455741 0.000444311 
334 102.4 0.159125 10782.2 36.197 0.674172 0.000319452 0.455731 0.000440247 
335 102.834 0.18069 10876.8 42.8194 0.674344 0.000338371 0.455969 0.000469306 
336 103.13 0.155588 10936.3 34.751 0.674321 0.000304392 0.455928 0.000417506 
337 103.413 0.172326 10997.8 40.7699 0.67427 0.000328953 0.455859 0.00045252 
338 103.799 0.160605 11079 36.8523 0.674446 0.000318244 0.456094 0.00043766 
339 104.106 0.172101 11143.1 39.2746 0.674404 0.00033688 0.456034 0.000463614 
340 104.401 0.162099 11203.7 36.5493 0.674423 0.000323455 0.456052 0.000443924 
341 104.745 0.163276 11277 37.0767 0.674361 0.000339114 0.455969 0.000465736 
342 105.048 0.163271 11341.2 37.014 0.67437 0.000327921 0.455972 0.000450439 
343 105.273 0.155806 11386.8 34.8756 0.674249 0.000318122 0.4558 0.00043463 
344 105.61 0.171065 11460.2 38.7191 0.67436 0.000331293 0.455955 0.000453559 
345 106.006 0.16253 11546.5 38.4593 0.674491 0.000321703 0.456127 0.000440016 
346 106.318 0.160602 11612.1 37.1546 0.67451 0.0003169 0.456148 0.000434673 
347 106.596 0.164417 11673.2 37.6173 0.674397 0.000321535 0.45599 0.000440907 
348 106.982 0.179492 11756.8 41.8376 0.674469 0.000347256 0.456086 0.000477395 
349 107.283 0.165606 11823.3 38.218 0.674445 0.000324003 0.456052 0.000443894 
350 107.584 0.17501 11887.5 40.1734 0.674425 0.00032497 0.456016 0.00044629 
351 107.829 0.174824 11940.4 40.3167 0.674364 0.000317048 0.45593 0.000434547 
352 108.164 0.173869 12013.5 40.4431 0.674457 0.00033111 0.456058 0.000454099 
353 108.542 0.181403 12097.7 42.2026 0.67454 0.000336932 0.456166 0.000462041 
354 108.89 0.184137 12173.6 42.7312 0.67459 0.000349646 0.45623 0.000479039 
355 109.19 0.175004 12238.4 40.5659 0.674526 0.00033315 0.456137 0.000455765 
356 109.576 0.179538 12325.5 42.1968 0.674679 0.000342595 0.456341 0.00046961 
357 109.851 0.174516 12387.8 41.0679 0.674631 0.000320539 0.456279 0.00044007 
358 110.194 0.176889 12463.9 41.717 0.674735 0.000340802 0.456417 0.000467214 
359 110.487 0.172263 12530 40.5167 0.674652 0.000330352 0.456304 0.000452882 
360 110.813 0.178536 12602.1 42.161 0.674644 0.000335487 0.456283 0.000459295 
361 111.151 0.177508 12678.3 42.0114 0.674754 0.000326132 0.456435 0.00044679 
362 111.552 0.18377 12772.4 44.0043 0.674877 0.000337662 0.456601 0.000462677 
363 111.858 0.187159 12839.9 45.1214 0.674882 0.000344337 0.456604 0.00047261 
364 112.169 0.185777 12910.8 45.0962 0.674813 0.000333432 0.456503 0.000458166 
365 112.506 0.198724 12988 49.0866 0.674908 0.000351244 0.456633 0.00048596 
366 112.825 0.197465 13060.7 48.0107 0.6749 0.000347949 0.456615 0.000477139 
367 113.218 0.196293 13152.7 47.9148 0.67508 0.000348694 0.456869 0.000479669 
368 113.44 0.192386 13201.1 46.7373 0.674942 0.000338104 0.456668 0.000463642 
369 113.821 0.214548 13291.7 53.9289 0.675049 0.000362529 0.456816 0.000498193 
370 114.116 0.203764 13359.8 50.4631 0.675066 0.000365801 0.456837 0.000502312 
371 114.603 0.256782 13483.6 68.2305 0.675295 0.000434848 0.457163 0.000603295 
372 114.708 0.207215 13494.5 50.8973 0.67506 0.000364868 0.456822 0.000500157 
373 115.003 0.210915 13562.2 52.2475 0.675033 0.000382615 0.456777 0.000526565 
374 115.464 0.218371 13674.9 55.2638 0.675298 0.000388074 0.457149 0.000534784 
375 115.656 0.204667 13714.5 51.4334 0.675196 0.000353042 0.456993 0.000484879 
376 116.019 0.199515 13800.6 49.6216 0.675213 0.000346583 0.457016 0.000475459 
377 116.335 0.207713 13874 51.9043 0.675205 0.000371624 0.456999 0.000510608 
378 116.714 0.215579 13965.2 54.0435 0.67527 0.000383105 0.457091 0.00052617 
379 116.998 0.20585 14030.8 51.8364 0.675296 0.000364251 0.457118 0.00050158 
380 117.306 0.227799 14104.9 57.147 0.675264 0.000354678 0.457075 0.000487478 
381 117.631 0.217174 14180.3 54.2262 0.675315 0.000348565 0.457134 0.000477933 
382 118.009 0.210697 14270.5 53.0376 0.675316 0.000369345 0.457135 0.000506623 
383 118.347 0.210629 14350.7 53.589 0.675487 0.000374264 0.457365 0.000514963 
384 118.556 0.215772 14401.2 54.8908 0.675303 0.000360583 0.457112 0.000494251 
385 118.917 0.21525 14489.3 54.7432 0.675395 0.000369691 0.457234 0.000508509 
386 119.193 0.217928 14554.4 55.6495 0.675344 0.000383527 0.457164 0.000527712 
387 119.587 0.214023 14654.1 54.8353 0.675458 0.000377596 0.457323 0.000519011 
388 119.907 0.210585 14730.1 53.9514 0.675519 0.00035488 0.457401 0.000487365 
389 120.254 0.217328 14813.6 56.0987 0.675556 0.000353406 0.457444 0.000486196 
390 120.544 0.217462 14882.4 55.686 0.675606 0.000379722 0.457507 0.000521106 
391 120.945 0.206612 14981.9 52.8446 0.67571 0.000353329 0.457647 0.000484458 
392 121.309 0.219961 15069.5 56.8168 0.675757 0.000374829 0.457705 0.000514841 
393 121.601 0.216408 15142.3 56.8064 0.675799 0.000374904 0.457767 0.000516146 
394 121.971 0.228654 15234.8 59.9078 0.675834 0.00039293 0.457809 0.00054198 
395 122.275 0.276171 15312.9 73.1693 0.675836 0.000425433 0.457816 0.000587243 
396 122.559 0.234396 15380.9 61.6225 0.675817 0.000393409 0.457778 0.000540293 
397 122.956 0.243007 15481.7 64.1223 0.675943 0.000417652 0.457957 0.0005742 
398 123.31 0.238681 15570.1 62.979 0.676074 0.000394057 0.458125 0.000543746 
399 123.621 0.253501 15648.3 67.1095 0.676058 0.000412046 0.458107 0.00056713 
400 123.946 0.255154 15729.2 68.7723 0.676044 0.000419102 0.458085 0.000579718 
401 124.373 0.281437 15840.4 76.1788 0.676187 0.000436097 0.458289 0.000606538 
402 124.55 0.256544 15880.9 67.8781 0.675962 0.000420075 0.457976 0.000576848 
403 124.982 0.246742 15991.8 65.8039 0.676244 0.000408237 0.458356 0.000561901 
404 125.132 0.267593 16027 69.6674 0.675916 0.000426394 0.457902 0.00058448 
405 125.615 0.247884 16152.9 66.6398 0.676267 0.000410911 0.458383 0.000564819 
406 125.861 0.238793 16214.1 64.2952 0.676105 0.000396673 0.458158 0.000544284 
407 126.192 0.28171 16298 76.4849 0.676145 0.000437387 0.458209 0.000603256 
408 126.553 0.257844 16390.8 71.2576 0.676185 0.000397263 0.458254 0.000548712 
409 126.981 0.260334 16504.8 70.6925 0.676267 0.000430198 0.458376 0.000593403 
410 127.331 0.274401 16592.9 74.2469 0.676456 0.000457931 0.458626 0.000631615 
411 127.596 0.261978 16660.6 71.3519 0.676354 0.000431148 0.458484 0.000593098 
412 127.946 0.253289 16751.9 69.1289 0.676477 0.000414362 0.458649 0.000571563 
413 128.227 0.278655 16824.4 75.8447 0.676433 0.000432739 0.45859 0.000596741 
414 128.559 0.273536 16910.3 74.6984 0.676504 0.000447996 0.458684 0.000617066 
415 128.851 0.268954 16987.3 74.4865 0.676478 0.000435464 0.458646 0.000599074 
416 129.177 0.31096 17073 85.5011 0.676384 0.000491687 0.458515 0.000681102 
417 129.501 0.334068 17157.1 91.8279 0.676485 0.000509856 0.458646 0.000706457 
418 129.767 0.345365 17224.4 95.251 0.676319 0.000504353 0.458412 0.000700766 
419 130.043 0.320539 17295.1 88.0751 0.676305 0.000483503 0.458389 0.000668505 
420 130.565 0.279279 17437.2 78.7174 0.676493 0.000391097 0.458645 0.000537641 
421 130.752 0.258174 17484.5 71.5881 0.676339 0.000413804 0.458431 0.000569362 
422 131.093 0.260624 17575.9 72.7715 0.676331 0.000405937 0.458419 0.000559404 
423 131.47 0.262621 17675.5 73.5534 0.676454 0.000417053 0.458585 0.000573596 
424 131.746 0.279333 17750.6 78.7133 0.676465 0.000410315 0.458598 0.000563765 
425 132.047 0.267293 17828.4 75.2058 0.676509 0.000437545 0.458656 0.000600054 
426 132.445 0.291128 17934.1 82.3692 0.676579 0.000439781 0.458748 0.000607073 
427 132.762 0.289927 18018.6 82.7613 0.676537 0.000430186 0.458687 0.000595929 
428 133.096 0.284165 18109.8 80.5283 0.676584 0.0004619 0.458751 0.000635925 
429 133.487 0.308373 18214.8 87.6268 0.676681 0.000479722 0.458876 0.000661193 
430 133.875 0.313141 18324.7 89.8958 0.676767 0.000483765 0.458999 0.000667786 
431 134.135 0.342594 18391.3 98.5572 0.676687 0.000469934 0.458881 0.000654116 
432 134.52 0.356934 18502.3 104.54 0.676875 0.000534454 0.459145 0.000745474 
433 134.817 0.360864 18580.2 105.488 0.676809 0.000530413 0.459051 0.000738393 
434 135.003 0.340902 18629.1 100.413 0.676712 0.000490768 0.458917 0.000681904 
435 135.272 0.344919 18698.8 102.117 0.676643 0.000435708 0.458815 0.000607789 
436 135.54 0.310451 18772.6 94.2582 0.67664 0.000425784 0.458809 0.0005857 
437 135.979 0.266708 18894.2 78.1101 0.676836 0.000409836 0.459075 0.000565279 
438 136.31 0.280905 18985.5 83.3472 0.676807 0.00041101 0.459027 0.000566449 
439 136.68 0.299866 19088.9 86.6075 0.676941 0.000459467 0.459212 0.000631302 
440 137.086 0.312748 19203.6 91.8142 0.677049 0.000419929 0.45936 0.000579335 
441 137.416 0.305942 19296.4 90.226 0.677156 0.000430637 0.459507 0.000594464 
442 137.668 0.313369 19363 93.0953 0.67699 0.000450644 0.459269 0.000624256 
443 138.045 0.315101 19471.3 94.2334 0.677191 0.000445772 0.459551 0.000614554 
444 138.236 0.277521 19521 82.7732 0.67695 0.000411733 0.459212 0.000566856 
445 138.594 0.27197 19620.4 80.3826 0.677019 0.000419179 0.459303 0.00057618 
446 139.045 0.283524 19750.8 84.6563 0.677273 0.000438903 0.459656 0.000604258 
447 139.335 0.29314 19834.3 86.23 0.677242 0.000457053 0.459611 0.000626229 
448 139.737 0.301919 19946.1 89.7047 0.677421 0.000470241 0.459855 0.000647645 
449 140.016 0.32755 20026.6 98.3789 0.677282 0.000464857 0.459663 0.000639163 
450 140.285 0.30671 20103.4 93.3113 0.677265 0.000452204 0.459641 0.000622676 
451 140.762 0.385764 20242.5 116.239 0.677441 0.000475162 0.459884 0.000654433 
452 140.978 0.364349 20302.2 110.971 0.677344 0.000455682 0.459746 0.000626689 
453 141.542 0.467417 20470.6 143.793 0.677623 0.00053248 0.460133 0.000745634 
454 141.664 0.314733 20499.9 94.4291 0.67738 0.000463371 0.459789 0.000636871 
455 141.938 0.301726 20576.7 91.8315 0.677404 0.000457344 0.459822 0.000628535 
456 142.277 0.30511 20674.3 94.0427 0.677477 0.000455577 0.459918 0.000628118 
457 142.595 0.342503 20765.5 104.279 0.677354 0.000478977 0.45975 0.000660709 
458 143.032 0.322013 20897.2 99.2277 0.677665 0.000482147 0.460181 0.000665853 
459 143.28 0.311828 20962.5 95.3867 0.677506 0.000455048 0.459954 0.0006282 
460 143.645 0.323767 21071.5 100.576 0.67765 0.000487129 0.460149 0.000674284 
461 144.097 0.327562 21205 102.463 0.677742 0.000491022 0.460275 0.000676653 
462 144.394 0.344111 21295.3 107.192 0.677801 0.000494546 0.460356 0.000682735 
463 144.72 0.371734 21390.9 119.177 0.67766 0.000467866 0.460156 0.000648098 
464 145.114 0.333863 21507.2 104.819 0.67776 0.00047925 0.460292 0.000660792 
465 145.408 0.364001 21590.8 115.678 0.677643 0.000481672 0.46013 0.000663516 
466 145.694 0.344491 21680 110.028 0.677684 0.000495645 0.460195 0.0006845 
467 146.076 0.3417 21791.4 107.087 0.677762 0.000490151 0.460297 0.000676973 
468 146.405 0.379965 21890.2 121.789 0.677837 0.000498979 0.460399 0.000691408 
469 146.78 0.325476 21994.9 101.838 0.677939 0.000456786 0.460527 0.000629423 
470 146.992 0.341429 22056.3 106.912 0.677726 0.000473202 0.46023 0.000652205 
471 147.583 0.334638 22237.2 106.301 0.678071 0.00046263 0.460705 0.000636514 
472 147.844 0.354037 22319.2 111.836 0.678022 0.000497617 0.460643 0.000686206 
473 148.208 0.346343 22422.2 109.079 0.678173 0.000475467 0.460839 0.000655079 
474 148.572 0.349508 22536.7 112.09 0.678174 0.000470015 0.460846 0.000648053 
475 148.907 0.365641 22633.9 116.005 0.678113 0.000482745 0.460757 0.000664728 
476 149.187 0.372155 22717.9 119.485 0.678117 0.000537061 0.460761 0.000738882 
477 149.54 0.38649 22824.9 128.353 0.67822 0.00051552 0.460903 0.000715526 
478 149.637 0.353715 22851.1 116.82 0.677976 0.000476682 0.460565 0.000656939 
479 150.203 0.408949 23024.1 137.829 0.678301 0.000513845 0.46101 0.00071 
480 150.688 0.370788 23178.8 118.991 0.678581 0.000508369 0.461397 0.000700427 
481 151.017 0.409979 23281.2 131.891 0.678414 0.000557395 0.461163 0.000768418 
482 151.21 0.369943 23332.1 118.395 0.678387 0.000493682 0.461114 0.000679562 
483 151.714 0.37945 23490.8 123.588 0.678515 0.000515947 0.461292 0.000712407 
484 151.876 0.375505 23535.5 125.702 0.678402 0.000492431 0.461135 0.000678539 
485 152.345 0.369982 23681.7 121.85 0.678549 0.000502391 0.461331 0.00069462 
486 152.533 0.380043 23736.5 124.898 0.67844 0.000496354 0.461177 0.000685359 
487 153.125 0.450452 23928.6 149.937 0.678681 0.000504196 0.461511 0.000697984 
488 153.394 0.42462 24009.5 139.047 0.678601 0.000526477 0.461397 0.00072516 
489 153.75 0.417838 24122.7 138.668 0.678685 0.000519953 0.461509 0.000719317 
490 153.941 0.385491 24180 130.039 0.678612 0.000518824 0.461406 0.000716058 
491 154.515 0.414681 24365.4 138.312 0.67884 0.000523979 0.461721 0.000724897 
492 154.855 0.38602 24474.2 128.532 0.678926 0.000496303 0.461838 0.000684794 
493 155.169 0.434993 24573.7 149.116 0.678837 0.000517977 0.461714 0.000716816 
494 155.542 0.421074 24689.1 143.859 0.67888 0.00051938 0.461766 0.00071965 
495 155.671 0.425929 24727.3 143.743 0.678696 0.00052337 0.461514 0.000722923 
496 155.923 0.387606 24800.7 131.37 0.678547 0.000484276 0.461306 0.000668711 
497 156.078 0.413526 24851.3 140.432 0.678443 0.000550567 0.461162 0.0007579 
498 156.501 0.464059 24984.5 158.559 0.678435 0.000631132 0.461147 0.0008758 
499 156.797 0.488698 25076.8 169.384 0.678431 0.000611693 0.461143 0.000851963 
500 157.014 0.487555 25138.5 166.547 0.678398 0.000599085 0.461091 0.000828557 
501 157.605 0.431923 25333.9 148.573 0.678672 0.000512143 0.461475 0.000710693 
502 157.937 0.458561 25435.1 157.821 0.678647 0.000539139 0.461435 0.000745299 
503 158.19 0.400443 25519.4 137.561 0.678544 0.000495257 0.461289 0.000681585 
504 158.461 0.447792 25605.9 151.177 0.678577 0.00056836 0.461335 0.000782996 
505 158.799 0.387571 25715.8 132.254 0.678497 0.000500851 0.461226 0.000691066 
506 159.086 0.43554 25807.8 148.062 0.678612 0.000558949 0.461387 0.00076931 
507 159.282 0.410032 25866.4 140.139 0.678382 0.000531892 0.461063 0.000734226 
508 159.66 0.410629 25988.1 140.434 0.678493 0.000548013 0.461218 0.000755526 
509 159.815 0.401105 26033.3 136.726 0.678271 0.000493065 0.460904 0.000678659 
510 160.1 0.391417 26123.5 133.657 0.678327 0.000509995 0.460981 0.000700848 
511 160.744 0.41756 26340.7 144.997 0.678589 0.000558182 0.461344 0.000773641 
512 160.939 0.431547 26403.5 147.13 0.678482 0.000579114 0.461193 0.000795788 
513 161.368 0.461022 26546 159.135 0.678587 0.000577224 0.461337 0.00079599 
514 161.736 0.48539 26666.1 167.335 0.678751 0.00061297 0.461562 0.000844018 
515 161.915 0.415323 26724.5 143.919 0.678474 0.000524296 0.461175 0.000723009 
516 162.33 0.411172 26859.5 141.156 0.678688 0.000543808 0.461471 0.000747026 
517 162.613 0.422835 26950.6 146.917 0.678474 0.000497505 0.461173 0.000688129 
518 162.813 0.441551 27015.2 153.498 0.678469 0.000504537 0.461167 0.000694354 
519 163.126 0.480114 27115.5 166.775 0.678392 0.000519534 0.461055 0.000715095 
520 163.242 0.463627 27150 160.049 0.678339 0.000542455 0.460982 0.000742992 
521 163.546 0.462582 27249 160.692 0.678131 0.00054034 0.460696 0.000740862 
522 163.903 0.44794 27372.3 153.069 0.678297 0.000514239 0.460928 0.000708772 
523 164.231 0.403097 27476.5 139.631 0.678203 0.000506761 0.460794 0.000696952 
524 164.779 0.454864 27667.8 158.284 0.678526 0.000532051 0.461237 0.000731968 
525 165.049 0.511521 27762.1 183.14 0.678406 0.000557684 0.46108 0.000774444 
526 165.339 0.489064 27850.5 172.076 0.678333 0.000576066 0.460968 0.000791387 
527 165.531 0.472448 27910 166.995 0.678216 0.00053496 0.460802 0.000732583 
528 165.903 0.455295 28037.5 160.613 0.67822 0.000561484 0.460809 0.000774191 
529 166.315 0.454371 28174.2 160.556 0.678283 0.000535872 0.460883 0.000737018 
530 166.685 0.435936 28296.2 151.945 0.678449 0.000525712 0.461106 0.00072188 
531 167.196 0.455078 28477.8 163.395 0.678519 0.000527812 0.461199 0.000731625 
532 167.431 0.442174 28548.9 154.417 0.678451 0.000536573 0.461103 0.000733626 
533 167.773 0.440353 28661.4 154.434 0.678494 0.000523596 0.46115 0.000718339 
534 168.011 0.45767 28743.4 162.902 0.678463 0.000545218 0.461114 0.000748337 
535 168.494 0.56798 28910.4 200.439 0.678603 0.00055671 0.461304 0.000760674 
536 168.708 0.4648 28979.7 163.645 0.678675 0.000535294 0.461402 0.00073377 
537 168.935 0.516334 29057 181.368 0.67843 0.000560783 0.461065 0.000767646 
538 169.399 0.46113 29220 164.812 0.678695 0.000530372 0.461429 0.000730397 
539 169.649 0.465346 29300.4 167.268 0.678497 0.000554842 0.461152 0.000763066 
540 170.071 0.4741 29444.7 170.781 0.678718 0.000561363 0.46145 0.000772246 
541 170.461 0.461849 29578.6 166.937 0.678738 0.000548582 0.461479 0.00075614 
542 170.722 0.496745 29666.2 179.995 0.678667 0.000564679 0.461377 0.00078129 
543 171.013 0.467394 29765.7 168.062 0.678501 0.000567851 0.461147 0.000780247 
544 171.309 0.496007 29868.5 176.777 0.678566 0.000531546 0.461237 0.000725693 
545 171.571 0.455569 29959.5 164.627 0.678532 0.000553423 0.461192 0.000760524 
546 171.886 0.494637 30067.7 180.066 0.678659 0.000587557 0.461366 0.000807536 
547 172.347 0.470204 30236.9 171.067 0.678643 0.000558307 0.461346 0.000767828 
548 172.704 0.488666 30361.9 177.891 0.678755 0.000566902 0.461496 0.000779028 
549 173.014 0.499833 30471 181.535 0.678627 0.000584263 0.461319 0.00080235 
550 173.378 0.545614 30600.5 195.007 0.678632 0.000574136 0.461328 0.000788827 
551 173.716 0.51738 30717.5 184.056 0.678649 0.000539363 0.461349 0.000739126 
552 174.227 0.567981 30902.8 209.838 0.678934 0.000603387 0.461736 0.000828377 
553 174.364 0.574759 30947.3 209.436 0.678738 0.000625927 0.461471 0.000860443 
554 174.821 0.568155 31110.6 211.049 0.678869 0.000629834 0.461644 0.000865372 
555 175.184 0.608417 31238.8 225.193 0.67898 0.000657427 0.461796 0.000906152 
556 175.301 0.575143 31272.9 211.888 0.678768 0.000604231 0.461499 0.000832378 
557 175.577 0.545035 31373 200.851 0.678634 0.000573412 0.461318 0.000786834 
558 175.907 0.569064 31492.6 211.73 0.678589 0.000591609 0.461255 0.000812695 
559 176.232 0.53892 31600.8 198.036 0.678561 0.000593312 0.46121 0.000815044 
560 176.492 0.54577 31698.3 201.772 0.678422 0.000626545 0.461021 0.000856133 
561 176.55 0.545853 31717.1 200.232 0.67821 0.000596817 0.460733 0.000813493 
562 177.373 0.575949 32020.6 216.064 0.678695 0.000605558 0.461389 0.000830996 
563 177.708 0.580854 32146.8 219.291 0.678693 0.000627773 0.461395 0.000863996 
564 177.925 0.587051 32221.5 216.694 0.678682 0.000659168 0.461373 0.000902299 
565 178.251 0.566306 32345 208.162 0.678608 0.000603583 0.461279 0.000829062 
566 178.603 0.591478 32466.2 219.883 0.678609 0.00063888 0.461271 0.000871961 
567 178.609 0.549467 32463.8 207.358 0.678492 0.000589096 0.461111 0.000810686 
568 179.081 0.577958 32630.5 216.946 0.678859 0.000619663 0.461613 0.000851427 
569 179.345 0.543675 32728.3 206.54 0.678682 0.00057926 0.461372 0.000798021 
570 179.651 0.54884 32838.5 209.121 0.67857 0.000614509 0.461219 0.000843412 
571 180.076 0.639638 33002.6 245.233 0.678556 0.000686897 0.461196 0.000945914 
572 180.457 0.62279 33137.5 239.954 0.678852 0.000647486 0.461595 0.000892568 
573 180.63 0.606815 33197.1 236.115 0.67884 0.000588223 0.46158 0.000808611 
574 181.09 0.636142 33369 247.821 0.678905 0.000656656 0.461668 0.000909607 
575 181.336 0.548581 33452.9 214.489 0.678762 0.000604128 0.461471 0.000833002 
576 181.718 0.593667 33592.9 231.968 0.678857 0.000647487 0.461595 0.000886512 
577 181.693 0.543795 33575 209.082 0.678437 0.000640606 0.461022 0.000881072 
578 182.475 0.634815 33874.2 251.917 0.678948 0.000671879 0.461718 0.000924826 
579 182.207 0.525193 33763.6 203.749 0.678523 0.000613081 0.461137 0.000846224 
580 182.787 0.55534 33978.4 213.662 0.67869 0.000654331 0.461358 0.000902161 
581 183.059 0.608116 34082.8 235.592 0.678614 0.000719887 0.461264 0.000990474 
582 183.524 0.572689 34251.9 224.185 0.67891 0.00063086 0.461651 0.000866702 
583 183.73 0.567962 34325.3 221.016 0.678744 0.00066996 0.461422 0.000922176 
584 184.376 0.608465 34572.4 236.565 0.678941 0.000670315 0.46169 0.000923487 
585 184.481 0.565675 34607.9 223.994 0.678744 0.000674541 0.461421 0.00093085 
586 184.688 0.628433 34677.4 244.386 0.678706 0.000644546 0.461361 0.000887155 
587 184.923 0.582074 34766.4 227.65 0.678719 0.000631292 0.461385 0.000868382 
588 185.224 0.577741 34877 228.158 0.678635 0.000608767 0.461261 0.000836271 
589 185.764 0.660433 35089.2 259.535 0.678814 0.000655033 0.46151 0.000901702 
590 186.025 0.633261 35187.7 249.654 0.678813 0.000681406 0.461509 0.000937477 
591 186.451 0.668146 35345 263.247 0.678892 0.000720239 0.461609 0.000994437 
592 186.727 0.720641 35455.5 283.589 0.678843 0.000740031 0.461542 0.00101619 
593 187.462 0.780704 35739 309.391 0.679141 0.000743385 0.461953 0.0010246 
594 187.259 0.710881 35653.9 280.893 0.678812 0.000740075 0.46151 0.00102122 
595 187.366 0.639352 35693.5 253.961 0.678543 0.000626955 0.461141 0.000860647 
596 187.95 0.667821 35918.1 269.549 0.678877 0.000701624 0.461603 0.000974062 
597 188.003 0.683031 35930 272.653 0.678603 0.000669749 0.461223 0.000923071 
598 188.521 0.681612 36136.4 274.144 0.678887 0.000693412 0.461615 0.000957558 
599 189.177 0.670718 36395.6 267.375 0.679048 0.000689114 0.461838 0.000950969 
600 189.563 0.699124 36536.4 278.74 0.67901 0.000806093 0.461779 0.00110839 
601 189.788 0.64584 36615.6 259.807 0.67895 0.000724653 0.461688 0.00100169 
602 190.057 0.698176 36718.9 279.2 0.678867 0.000747867 0.46157 0.00103234 
603 190.59 0.635538 36926.3 255.803 0.679069 0.00065099 0.461841 0.00089502 
604 191.144 0.663217 37149.7 268.387 0.679272 0.000718353 0.462124 0.000988038 
605 191.418 0.61885 37247.2 248.826 0.679344 0.000659585 0.462218 0.000906792 
606 191.923 0.651414 37440.2 262.787 0.679412 0.000734874 0.462314 0.00101174 
607 192.238 0.646447 37565.9 263.719 0.679381 0.000697714 0.462265 0.000958654 
608 192.599 0.712427 37717.8 295.387 0.679389 0.000715463 0.462284 0.000987194 
609 193.968 1.17004 38294.9 503.798 0.680031 0.000864718 0.46316 0.00119332 
610 193.278 0.676496 37968.9 281.913 0.679553 0.000749197 0.462495 0.00103782 
611 193.536 0.743209 38066.9 305.743 0.679704 0.000798248 0.462705 0.00110271 
612 193.659 0.741818 38116.7 303.377 0.679391 0.000788156 0.462272 0.00108656 
613 194.087 0.765152 38283 311.865 0.679594 0.000823089 0.462556 0.00113176 
614 194.589 0.746026 38481.1 306.677 0.679639 0.000714647 0.462612 0.000985539 
615 194.83 0.771316 38579.8 318.193 0.679623 0.000789591 0.46259 0.00109136 
616 195.217 0.760743 38730.7 315.161 0.679641 0.000726839 0.462609 0.00100447 
617 195.58 0.758917 38872.8 313.151 0.679651 0.00077807 0.462627 0.00107173 
618 195.984 0.809408 39037.1 334.645 0.679767 0.000846084 0.462787 0.00116328 
619 196.141 0.698619 39087.9 289.875 0.679629 0.000778575 0.462593 0.00108058 
620 196.622 0.770857 39296 326.234 0.679791 0.000822249 0.462823 0.00113807 
621 197.057 0.737095 39460.4 307.409 0.679892 0.000744591 0.462944 0.00102435 
622 197.038 0.802664 39446.8 339.621 0.679696 0.000798477 0.462671 0.00110262 
623 197.364 0.697484 39572.4 295.466 0.679687 0.00073464 0.46266 0.00101411 
624 197.753 0.829867 39730.5 354.042 0.679699 0.000840856 0.462671 0.00115964 
625 197.962 0.711039 39810.5 297.223 0.679455 0.000727914 0.462335 0.00100089 
626 198.465 0.796414 40015.6 337.689 0.67967 0.000750247 0.462627 0.00103663 
627 198.807 0.787743 40153 342.091 0.679635 0.000826647 0.462581 0.00114532 
628 199.418 0.863506 40404.9 377.381 0.679814 0.000856788 0.462827 0.00118845 
629 199.326 0.744939 40360 312.559 0.679644 0.000766117 0.462595 0.00105218 
630 200.004 0.825404 40641.3 351.542 0.680041 0.000800832 0.463137 0.00110365 
631 200.028 0.788821 40645.4 336.222 0.679771 0.000809536 0.462771 0.00111798 
632 200.574 0.942729 40876.8 406.643 0.679848 0.000928401 0.462878 0.00128239 
633 200.762 0.772872 40951.4 328.86 0.679651 0.000791773 0.462606 0.00109244 
634 201.351 0.889758 41198.1 385.361 0.679822 0.000863272 0.46284 0.0011904 
635 201.578 0.917914 41284.5 396.22 0.679894 0.000838288 0.46294 0.00115431 
636 201.668 0.75499 41316.3 325.044 0.679547 0.000726132 0.462454 0.000998599 
637 202.108 0.952393 41499.4 411.732 0.679794 0.000917864 0.462798 0.00126967 
638 202.105 0.897557 41483.2 387.001 0.679463 0.000772234 0.462328 0.00106518 
639 202.698 1.00661 41724.6 430.924 0.67963 0.000807121 0.462548 0.00111016 
640 203.184 0.992423 41941.2 438.166 0.679686 0.000863262 0.462628 0.0011926 
641 203.503 0.963677 42059.9 420.818 0.679671 0.000747256 0.462605 0.00103138 
642 203.397 0.95459 42017.9 420.561 0.67934 0.000870067 0.462157 0.00120737 
643 203.842 1.05827 42191.8 451.289 0.67936 0.000970922 0.462176 0.00133779 
644 203.622 0.793158 42093.6 342.62 0.679189 0.000742644 0.461948 0.00102199 
645 203.922 0.798984 42208.3 343.548 0.679071 0.000753389 0.461775 0.00103741 
646 204.254 0.746758 42347.1 323.807 0.679185 0.000803003 0.461936 0.00110719 
647 204.629 0.749774 42498.7 322.841 0.679241 0.000775135 0.462003 0.00106778 
648 205.046 0.772911 42675.4 331.302 0.679254 0.000816983 0.462021 0.00111873 
649 205.491 0.787754 42868 342.222 0.679498 0.000698116 0.46236 0.000960498 
650 205.844 0.851536 43026.9 370.003 0.679536 0.000773524 0.462422 0.00106509 
651 206.168 0.828985 43158.5 364.6 0.679557 0.000787191 0.462452 0.00109056 
652 206.203 0.820316 43163.6 354.755 0.679184 0.000709059 0.461931 0.000975708 
653 206.612 0.825871 43341.4 358.408 0.679433 0.000786334 0.462285 0.00108513 
654 207.126 0.925997 43550 400.905 0.67947 0.000740099 0.462324 0.00102187 
655 207.518 0.8817 43720.4 388.703 0.679594 0.00085865 0.462507 0.00118693 
656 207.728 0.91182 43792.9 393.151 0.679496 0.000844744 0.462359 0.00116085 
657 207.922 0.851932 43878.8 368.426 0.679495 0.000800099 0.462361 0.00110241 
658 208.23 0.974565 44004.9 417.491 0.679161 0.000873781 0.461897 0.00119783 
659 209.028 0.76631 44344.1 331.154 0.679637 0.00080584 0.462544 0.00111201 
660 209.191 0.838675 44404.7 360.218 0.679581 0.000986242 0.462461 0.00135808 
661 209.645 0.774979 44604.4 332.037 0.679733 0.000956553 0.462675 0.00131693 
662 209.86 0.727653 44689.5 318.367 0.679583 0.00073991 0.462464 0.00102134 
663 210.231 0.727586 44838.6 317.382 0.679547 0.000722002 0.462412 0.000995939 
664 210.722 0.778349 45048.1 330.653 0.679505 0.000835784 0.462344 0.0011481 
665 211.169 0.787277 45246.3 343.291 0.680113 0.000793339 0.463194 0.00109671 
666 211.611 0.842871 45445.5 371.691 0.680053 0.000779809 0.463107 0.00108111 
667 211.754 0.807663 45505.9 357.217 0.67992 0.000807249 0.462926 0.00111285 
668 212.097 0.831508 45654.6 369.012 0.679943 0.000820006 0.462957 0.00112639 
669 212.469 0.932511 45820.9 415.298 0.680344 0.000894178 0.463512 0.00123402 
670 212.645 0.850417 45882 379.091 0.679903 0.00090718 0.4629 0.00124832 
671 213.013 0.953778 46042 420.062 0.680192 0.00098051 0.463299 0.00135306 
672 212.832 0.794534 45951.6 354.735 0.679393 0.000732295 0.462192 0.00100837 
673 213.291 0.933037 46156.6 412.849 0.679703 0.00085693 0.462618 0.00117991 
674 213.575 0.905675 46261.6 393.77 0.679762 0.000819512 0.462684 0.0011276 
675 214.094 1.1351 46498.7 507.316 0.68021 0.00094769 0.463311 0.00130846 
676 214.163 1.00439 46534.4 446.216 0.679629 0.000832604 0.462517 0.00114646 
677 214.772 1.05137 46787.1 468.332 0.680139 0.00101784 0.463216 0.00140264 
678 214.849 0.873989 46811.7 377.801 0.679749 0.000788017 0.462671 0.00108105 
679 215.575 1.21246 47143.6 527.209 0.680191 0.00110387 0.463297 0.00151943 
680 215.554 0.847124 47122.8 377.075 0.679639 0.000830878 0.462525 0.00114426 
681 216.314 1.18765 47465 531.518 0.680133 0.00118058 0.46321 0.0016287 
682 216.629 1.07857 47610.4 482.358 0.679946 0.000907826 0.462951 0.00124898 
683 217.211 1.25699 47874.7 552.915 0.680699 0.00117774 0.463995 0.00162667 
684 216.803 0.966616 47676.6 416.471 0.679872 0.000826056 0.462836 0.00113515 
685 217.239 0.904644 47866.3 396.361 0.679673 0.000854231 0.462581 0.00117037 
686 217.412 0.944179 47944.8 407.46 0.679638 0.000764803 0.462515 0.00104829 
687 217.751 0.975107 48084.8 430.144 0.679706 0.000813235 0.462613 0.00111908 
688 217.968 0.775272 48177.4 350.224 0.679613 0.000738526 0.462478 0.00101251 
689 218.379 0.896529 48359.2 398.929 0.679766 0.000825983 0.462698 0.00113835 
690 218.663 0.73805 48480.2 333.697 0.679459 0.000763045 0.462259 0.00104638 
691 218.841 0.783877 48550.2 341.812 0.679574 0.000886315 0.462417 0.00121425 
692 219.073 0.862255 48648.5 379.744 0.679293 0.000852731 0.462022 0.00116398 
693 219.48 0.795884 48828.4 346.482 0.679501 0.00082632 0.462308 0.00113045 
694 219.615 0.917553 48887.3 399.936 0.6792 0.000804728 0.461901 0.00110156 
695 219.786 0.896095 48955.7 410.117 0.679204 0.000737483 0.461905 0.00101112 
696 220.151 0.858375 49115 386.047 0.678993 0.000777033 0.461611 0.00106362 
697 220.64 0.83337 49335.8 368.153 0.679299 0.000819137 0.462031 0.00112113 
698 221.129 0.812212 49562 368.881 0.679197 0.000722879 0.461898 0.00099141 
