1.3 -1.8465 60600000000
188.582 12.8968
1 0 0 0 0 0.499851 0.000135136 0.499851 0.000135136 
2 0 0 0 0 0.499861 0.000118445 0.374856 0.000124462 
3 0 0 0 0 0.499689 9.64227e-05 0.333031 0.000113503 
4 0.177431 0.000112746 0.177431 0.000112746 0.532033 0.000101141 0.348527 0.000109562 
5 0.241888 0.000142418 0.241888 0.000142418 0.534993 0.000100043 0.338473 0.000115397 
6 0.487397 0.000322465 0.685947 0.000636376 0.556014 0.000142555 0.354032 0.00017565 
7 0.583802 0.0002914 0.851149 0.000548083 0.557221 0.000109988 0.348688 0.000137818 
8 0.89016 0.000583144 1.69459 0.00168297 0.573494 0.0001341 0.363098 0.000159901 
9 1.0191 0.000535835 2.05546 0.00178311 0.57493 9.9366e-05 0.360936 0.000117186 
10 1.33488 0.000704848 3.22543 0.00266432 0.58614 0.000102676 0.371282 0.00012367 
11 1.50923 0.000861674 3.93233 0.00372354 0.58851 0.000102065 0.371675 0.000121739 
12 1.82735 0.00095932 5.44497 0.00483073 0.596671 0.00010185 0.379499 0.000124764 
13 2.02724 0.00104552 6.47527 0.00561806 0.59884 0.000103974 0.38034 0.000127579 
14 2.3608 0.00138204 8.45645 0.0104234 0.605717 0.000109359 0.387311 0.000136019 
15 2.57329 0.00134618 9.78707 0.00908378 0.607455 0.000107518 0.388098 0.000133742 
16 2.92057 0.00159238 12.2681 0.0120924 0.613358 0.000117493 0.394294 0.000150726 
17 3.14548 0.00192817 13.9446 0.0152809 0.61478 0.000119835 0.39501 0.000148618 
18 3.50081 0.00204599 16.9192 0.0185188 0.619843 0.000119757 0.40047 0.000159467 
19 3.73774 0.00228854 18.9745 0.0252865 0.621153 0.000140086 0.401274 0.000184163 
20 4.10059 0.00255135 22.4697 0.0279349 0.625532 0.000126041 0.406092 0.000165572 
21 4.34903 0.00251561 24.9423 0.0282131 0.626742 0.000123126 0.406944 0.000155831 
22 4.72017 0.00297087 29.007 0.0400891 0.630588 0.000121177 0.411229 0.000156479 
23 4.97182 0.00287813 31.8179 0.0364546 0.631575 0.000130984 0.411904 0.000170631 
24 5.35616 0.00336536 36.5489 0.0469717 0.635195 0.000135762 0.416052 0.000178714 
25 5.61813 0.00342441 39.824 0.0477063 0.636198 0.000130806 0.416842 0.000170115 
26 5.99658 0.00383703 44.9666 0.0589821 0.639194 0.000134208 0.420276 0.000176407 
27 6.26631 0.00498588 48.7041 0.0841308 0.640121 0.000147319 0.421058 0.000195244 
28 6.65935 0.00431794 54.6073 0.0707135 0.643051 0.000138361 0.424511 0.000184124 
29 6.93489 0.00473388 58.7876 0.0832347 0.643843 0.000129163 0.425161 0.000169596 
30 7.33119 0.00494905 65.2674 0.0891018 0.64648 0.000139408 0.428272 0.000185447 
31 7.61397 0.00549889 69.9635 0.103435 0.647236 0.000144328 0.428924 0.000192867 
32 8.01286 0.00547528 77.0685 0.108208 0.64963 0.000143099 0.43178 0.000192213 
33 8.29124 0.00545956 81.9972 0.107827 0.650134 0.000139585 0.432115 0.000185926 
34 8.69044 0.00604207 89.6727 0.129205 0.652418 0.000149354 0.434888 0.000201527 
35 8.99019 0.00639292 95.5103 0.136582 0.653092 0.000148066 0.435502 0.000198264 
36 9.39798 0.00726479 103.933 0.168158 0.655153 0.000150037 0.437999 0.000204448 
37 9.68288 0.00714618 109.837 0.171509 0.655619 0.000153895 0.438395 0.000219924 
38 10.0906 0.0107 118.828 0.259205 0.657554 0.000205759 0.440751 0.000285023 
39 10.4019 0.00947921 125.784 0.245056 0.658213 0.00017287 0.441421 0.000239306 
40 10.809 0.010814 135.357 0.286914 0.660035 0.000207691 0.443665 0.000295115 
41 11.1191 0.0080613 142.699 0.213154 0.66055 0.000178966 0.444154 0.000247197 
42 11.5186 0.0102653 152.647 0.291275 0.662092 0.000172515 0.446035 0.000239612 
43 11.8376 0.00976119 160.728 0.286912 0.662668 0.00016495 0.446635 0.000225459 
44 12.2405 0.00926977 171.291 0.26929 0.664041 0.000164638 0.448302 0.000225953 
45 12.5523 0.0111569 179.579 0.334088 0.664556 0.000168006 0.448836 0.000231876 
46 12.9749 0.0137805 191.445 0.424005 0.666133 0.0002326 0.450824 0.000321033 
47 13.3051 0.0125272 200.758 0.384098 0.666644 0.000173158 0.451354 0.000238125 
48 13.7237 0.0169856 213.135 0.561096 0.668022 0.000218418 0.453087 0.000297712 
49 14.0474 0.0137852 222.685 0.474171 0.668413 0.000191551 0.45346 0.000268179 
50 14.4477 0.0153324 234.92 0.505352 0.669679 0.000209603 0.455037 0.000295405 
51 14.7849 0.0139406 245.527 0.486455 0.670153 0.000190574 0.45556 0.00026571 
52 15.2118 0.0170915 259.439 0.629054 0.671397 0.000251899 0.457138 0.000360239 
53 15.5244 0.0146824 269.546 0.529521 0.671692 0.000198022 0.457417 0.000277876 
54 15.944 0.0140155 283.744 0.523265 0.672747 0.000196338 0.458731 0.000280131 
55 16.2921 0.0177475 295.796 0.691321 0.673317 0.000222694 0.459418 0.000310694 
56 16.7122 0.02031 310.6 0.818415 0.674474 0.000265526 0.460883 0.000380783 
57 17.0452 0.0187114 322.696 0.767121 0.674739 0.000251159 0.461152 0.000356245 
58 17.4726 0.0265875 338.409 1.11778 0.675852 0.000323328 0.462573 0.000458791 
59 17.8112 0.0235184 351.053 1.00602 0.676126 0.000303144 0.46284 0.000440286 
60 18.2287 0.0291582 367.133 1.27206 0.677104 0.000339325 0.4641 0.000493717 
61 18.572 0.0322585 380.599 1.54481 0.677512 0.000403316 0.46459 0.00060604 
62 19.0267 0.0319276 398.725 1.42233 0.678691 0.000326698 0.466083 0.000474632 
63 19.3351 0.0207886 411.065 0.90914 0.678665 0.000238437 0.465959 0.000340157 
64 19.7864 0.0327074 430.017 1.51903 0.67972 0.000319163 0.467327 0.000459295 
65 20.1319 0.0263333 444.588 1.22863 0.680166 0.000307072 0.467879 0.000440165 
66 20.5566 0.0362364 462.927 1.71505 0.680941 0.000359287 0.468876 0.000506791 
67 20.88 0.0228602 476.982 1.1043 0.681108 0.000231144 0.46902 0.000324398 
68 21.3238 0.0237571 496.909 1.21444 0.68206 0.000236618 0.470261 0.000335698 
69 21.654 0.0217248 511.635 1.14782 0.682146 0.000236873 0.470294 0.00033699 
70 22.1007 0.0286216 532.477 1.51869 0.68309 0.000266376 0.471527 0.000388905 
71 22.4451 0.023313 548.537 1.17303 0.683292 0.000226743 0.471739 0.000317697 
72 22.9263 0.0256476 571.956 1.39854 0.684488 0.00023299 0.47334 0.000328952 
73 23.2455 0.0246074 587.139 1.32707 0.684508 0.000233524 0.473296 0.000331071 
74 23.7012 0.0285658 609.727 1.57157 0.68544 0.00024041 0.474524 0.000337312 
75 24.06 0.0281892 627.675 1.50911 0.685531 0.00023567 0.474574 0.00033285 
76 24.4993 0.0286066 650.284 1.6645 0.686486 0.000247153 0.47586 0.000354751 
77 24.8757 0.0340413 669.784 2.04316 0.686804 0.000256553 0.476228 0.000361663 
78 25.3049 0.0310343 692.556 1.88267 0.68743 0.000278448 0.477051 0.000396543 
79 25.6485 0.0326443 710.609 2.0191 0.68765 0.000283973 0.47731 0.000405417 
80 26.0618 0.0341443 732.809 2.01251 0.688128 0.000293874 0.477899 0.000415232 
81 26.4223 0.0322402 752.701 1.95265 0.68843 0.000265146 0.478277 0.000376109 
82 26.8823 0.0328711 778.55 2.03859 0.689236 0.000287267 0.47935 0.00041351 
83 27.2383 0.0383239 798.465 2.39623 0.689304 0.000305403 0.479372 0.000433699 
84 27.7098 0.0404375 826.207 2.65125 0.690079 0.000312443 0.480411 0.000448164 
85 28.0054 0.0342638 842.648 2.18392 0.689988 0.000276632 0.480227 0.000394132 
86 28.4986 0.0388846 872.224 2.56918 0.690841 0.000303568 0.481371 0.000436183 
87 28.8148 0.0354929 890.625 2.35637 0.690775 0.00030309 0.48123 0.000434203 
88 29.2996 0.0488988 920.314 3.28093 0.691592 0.000342332 0.482317 0.000487591 
89 29.6179 0.037572 939.809 2.54551 0.691613 0.000278088 0.482313 0.000396998 
90 30.0756 0.03835 968.355 2.60797 0.692139 0.000284196 0.482993 0.000407915 
91 30.4405 0.0401051 991.324 2.82876 0.692419 0.000281026 0.483355 0.000399417 
92 30.8442 0.038085 1016.82 2.68385 0.692742 0.000284187 0.483758 0.000405055 
93 31.2337 0.0397557 1041.98 2.78346 0.693152 0.000297413 0.484295 0.0004226 
94 31.6763 0.0404384 1071.35 2.84893 0.693661 0.000296426 0.484975 0.000423467 
95 32.1116 0.057357 1100.88 4.19596 0.694366 0.00042239 0.485961 0.000614547 
96 32.5415 0.099966 1129.46 7.6219 0.694774 0.000644809 0.486485 0.000944769 
97 32.8695 0.0527033 1150.77 3.74989 0.694743 0.000448499 0.486381 0.000655558 
98 33.2748 0.0577692 1178.47 4.34579 0.694824 0.000323661 0.486419 0.0004607 
99 33.7267 0.0876633 1210.42 6.78491 0.695599 0.000494541 0.487511 0.000719716 
100 34.1041 0.0547767 1237.21 4.36796 0.695563 0.000324607 0.487412 0.000465892 
101 34.5724 0.0685139 1270.8 5.32108 0.696588 0.000556575 0.488863 0.000828056 
102 34.89 0.0473499 1293.11 3.66785 0.696114 0.000314059 0.488098 0.000449672 
103 35.3204 0.053237 1324.66 4.24164 0.696766 0.000394113 0.489013 0.00057364 
104 35.7272 0.0564772 1354.56 4.7343 0.696871 0.000347596 0.4891 0.000502259 
105 36.082 0.0479525 1380.3 3.84204 0.696854 0.000300061 0.489028 0.000426694 
106 36.5169 0.0697176 1412.93 5.85042 0.697256 0.000377995 0.489567 0.000553844 
107 36.8606 0.0520455 1438.39 4.24282 0.697354 0.000310964 0.48965 0.000444733 
108 37.3034 0.051965 1472.59 4.26674 0.697661 0.000310247 0.490046 0.00044138 
109 37.769 0.0586021 1509.06 4.93156 0.69831 0.000329128 0.49093 0.000469436 
110 38.1841 0.072777 1541.36 5.94343 0.698528 0.000385312 0.491195 0.000544492 
111 38.5951 0.0721923 1574.5 6.20516 0.69907 0.000396657 0.491948 0.000566248 
112 38.9853 0.064047 1605.54 5.6265 0.699193 0.000373816 0.492093 0.000535136 
113 39.4361 0.0836458 1642.23 7.857 0.699669 0.000436289 0.492738 0.000628166 
114 39.8323 0.0680614 1675.05 6.47228 0.69976 0.000358168 0.492847 0.00051452 
115 40.2057 0.0843302 1705.42 7.84382 0.700063 0.00041104 0.493245 0.000592321 
116 40.6896 0.0764257 1746.38 6.94173 0.700508 0.000372843 0.493846 0.000534867 
117 41.0801 0.082354 1779.43 7.42301 0.700726 0.0003716 0.494135 0.000527377 
118 41.4985 0.0716198 1815.32 6.53443 0.700857 0.000368216 0.494285 0.00053025 
119 41.9052 0.0824765 1850.44 7.73525 0.701263 0.000453015 0.494858 0.000653357 
120 42.305 0.0828322 1884.61 7.62208 0.701378 0.000445057 0.494974 0.000633188 
121 42.7001 0.0888248 1919.79 8.64937 0.701588 0.000497034 0.495278 0.00072254 
122 43.1562 0.0809232 1960.27 7.66314 0.701764 0.000413807 0.495468 0.000591683 
123 43.4319 0.0774559 1983.5 7.46623 0.701524 0.000387291 0.495096 0.000555521 
124 43.9999 0.0923703 2035.75 8.87144 0.702399 0.000468872 0.496314 0.000669677 
125 44.4435 0.0835014 2076.85 8.38149 0.702721 0.00040795 0.49676 0.000589699 
126 44.8997 0.10302 2119.33 10.4477 0.703143 0.000485024 0.49734 0.000702255 
127 45.2902 0.0855888 2155.47 8.57055 0.703321 0.000392014 0.497566 0.000561733 
128 45.6632 0.0856423 2190.01 8.77419 0.703325 0.00040163 0.49755 0.000578749 
129 45.9944 0.0731887 2220.15 7.31746 0.703186 0.000328081 0.497318 0.000469214 
130 46.4769 0.0733074 2266.2 7.4708 0.703614 0.000360971 0.497902 0.000517776 
131 46.9134 0.0810956 2308.03 8.388 0.70403 0.000360983 0.498468 0.000517986 
132 47.3515 0.0821651 2350.28 8.50596 0.704341 0.000362821 0.498889 0.000520776 
133 47.7574 0.097397 2390.56 10.2515 0.70452 0.000391387 0.499129 0.000564379 
134 48.2025 0.101438 2434.32 10.5955 0.704687 0.000389935 0.499333 0.000559189 
135 48.6612 0.190051 2481.25 20.5182 0.704838 0.000439716 0.499521 0.000617992 
136 49.0277 0.104993 2517.2 11.3667 0.705145 0.000445523 0.49996 0.000643309 
137 49.3701 0.104089 2551.45 11.5116 0.705068 0.000408293 0.499828 0.00058932 
138 49.778 0.0941196 2592.34 10.3145 0.705193 0.000386285 0.49997 0.000556818 
139 50.1867 0.103131 2633.91 11.1725 0.705419 0.000403144 0.500266 0.000576803 
140 50.6895 0.114741 2687.08 12.3459 0.705923 0.000380061 0.500967 0.000544915 
141 51.0779 0.091339 2729.32 10.5152 0.706067 0.000378801 0.501186 0.000547324 
142 51.5634 0.118325 2780.38 14.2382 0.70655 0.000474798 0.501843 0.000685619 
143 51.9825 0.186725 2827.29 24.5223 0.706603 0.000602688 0.501912 0.000883831 
144 52.3438 0.0970955 2861.94 11.1663 0.706746 0.000399022 0.502079 0.000578115 
145 52.7142 0.100743 2901.93 11.7526 0.706651 0.000426069 0.501933 0.000617989 
146 53.1846 0.105754 2952.2 12.2476 0.707063 0.000395968 0.502478 0.000568417 
147 53.6226 0.107389 3001.49 12.8873 0.70726 0.0004241 0.502763 0.000616269 
148 54.0701 0.0975842 3050.22 11.5905 0.707694 0.000385548 0.503348 0.000558154 
149 54.3501 0.0910639 3080.82 10.7724 0.70742 0.000382867 0.502955 0.00055071 
150 54.9167 0.0925522 3145.37 11.3356 0.708037 0.000367268 0.503807 0.000530305 
151 55.2281 0.0931336 3178.98 10.9098 0.707877 0.000381124 0.503566 0.000550307 
152 55.7713 0.0977539 3241.27 11.553 0.708462 0.000392011 0.504379 0.00056479 
153 56.0928 0.101414 3278.83 12.5617 0.70828 0.000397969 0.504118 0.00057773 
154 56.6572 0.107292 3344.02 12.9555 0.708837 0.000395179 0.504876 0.0005692 
155 57.1014 0.17887 3396.29 23.2105 0.70885 0.000464874 0.504878 0.000677655 
156 57.5058 0.113916 3443.49 13.9987 0.709162 0.000414576 0.505329 0.000600099 
157 57.8775 0.117087 3487.97 14.5486 0.709183 0.000438866 0.50536 0.00063695 
158 58.2909 0.129572 3535.69 16.103 0.709436 0.00044766 0.505695 0.000650178 
159 58.7163 0.129082 3586.92 16.002 0.709622 0.000554196 0.505958 0.000810355 
160 59.1193 0.117799 3635.98 15.0347 0.709528 0.000421727 0.505794 0.000609166 
161 59.6141 0.154848 3697.3 20.6732 0.709762 0.0005511 0.506117 0.000803413 
162 60.0468 0.123587 3749.04 15.9529 0.710203 0.000476816 0.50674 0.000690104 
163 60.3968 0.162745 3792.62 21.5457 0.709885 0.000516536 0.506246 0.000743854 
164 60.8512 0.134134 3848.27 17.552 0.71031 0.000474881 0.506851 0.000681618 
165 61.3005 0.156744 3904.92 20.8428 0.710466 0.000542371 0.507053 0.000782223 
166 61.7852 0.143235 3966.49 19.2571 0.710833 0.000480223 0.507578 0.000696426 
167 62.2465 0.154992 4025.72 21.2707 0.711077 0.000543397 0.507914 0.000787668 
168 62.6597 0.158966 4077.12 20.7951 0.711312 0.000508552 0.508241 0.000732181 
169 63.0973 0.161256 4132.62 21.1518 0.71145 0.000545185 0.508419 0.000783312 
170 63.6274 0.230833 4204.1 30.9707 0.71193 0.000748409 0.509134 0.00109691 
171 64.0866 0.24639 4263.72 33.5065 0.712187 0.000674294 0.509477 0.000974879 
172 65.0276 0.581032 4397.96 85.7534 0.714112 0.00208177 0.512337 0.00310505 
173 65.1298 0.480269 4403.57 68.0537 0.712765 0.00129477 0.510254 0.00186651 
174 65.6406 0.285045 4473.06 39.9377 0.713291 0.000770668 0.511028 0.00111666 
175 66.3023 0.595831 4566.96 86.7863 0.713947 0.00163444 0.511968 0.00237414 
176 66.3829 0.238637 4573.45 35.2756 0.713242 0.000727937 0.510941 0.00106446 
177 66.7037 0.196338 4615.57 27.9157 0.713053 0.00059943 0.510634 0.000863295 
178 67.1605 0.19331 4679.25 28.1575 0.713483 0.000605709 0.511259 0.000890678 
179 67.3314 0.186407 4698.11 25.9959 0.712713 0.000533874 0.510102 0.000777175 
180 67.9784 0.224451 4791.39 32.8989 0.713653 0.000670569 0.511477 0.000988179 
181 68.305 0.191899 4834.18 27.7498 0.713502 0.000632159 0.511218 0.000928328 
182 68.8119 0.193371 4905.87 27.9579 0.713913 0.000615447 0.511808 0.000900691 
183 69.1686 0.208758 4956.16 30.2035 0.713853 0.000693316 0.511707 0.00101461 
184 69.5865 0.164126 5013.82 23.4485 0.714042 0.000531292 0.511955 0.00077045 
185 69.9762 0.171382 5068.35 24.3602 0.71412 0.000661655 0.512046 0.000970753 
186 70.4771 0.201095 5140.57 29.0973 0.714304 0.000532614 0.512299 0.000774542 
187 70.7375 0.164921 5177.38 23.6953 0.713935 0.000561025 0.511758 0.000820799 
188 71.2793 0.165251 5257.93 24.7083 0.714379 0.000535897 0.512393 0.000778349 
189 71.5987 0.148299 5302.76 22.542 0.714157 0.000491652 0.512049 0.000715368 
190 72.313 0.300075 5410.7 47.2252 0.715102 0.000793736 0.513403 0.00116755 
191 72.6032 0.171192 5453.35 27.1144 0.714731 0.000518471 0.512867 0.000754955 
192 73.082 0.2604 5524.12 43.6969 0.714989 0.000619685 0.513222 0.00090498 
193 73.3656 0.227076 5564 35.9083 0.714745 0.00070706 0.512859 0.00103083 
194 73.9263 0.249423 5648.81 40.4192 0.715181 0.000656953 0.513458 0.0009597 
195 74.4943 0.382643 5735.93 62.4197 0.715663 0.000885864 0.51414 0.00130123 
196 74.9716 0.4105 5810.09 68.1394 0.715832 0.000890668 0.514381 0.00131628 
197 75.4288 0.415807 5881.33 70.3195 0.715786 0.000876893 0.514287 0.00126975 
198 75.7816 0.364977 5932.84 60.7014 0.715937 0.000756333 0.514501 0.00111566 
199 76.1114 0.26776 5983.75 44.6072 0.715925 0.000788908 0.514492 0.00115316 
200 76.515 0.283732 6047.52 48.6162 0.716006 0.00068071 0.5146 0.000997812 
201 76.8213 0.236494 6093.16 39.7914 0.715888 0.000680758 0.514422 0.000996523 
202 77.158 0.277638 6145.02 47.8994 0.715866 0.000769979 0.514388 0.00113477 
203 77.5885 0.195076 6210.8 34.5914 0.715739 0.000533533 0.514172 0.000788383 
204 78.1443 0.260128 6301.71 47.1461 0.716371 0.000687244 0.51509 0.00101512 
205 78.5394 0.261524 6365.07 46.8991 0.716411 0.000643822 0.515153 0.000953262 
206 79.0205 0.249131 6443.3 44.7334 0.716559 0.000681991 0.515353 0.0010121 
207 79.3391 0.215752 6492.11 37.4393 0.71629 0.000627213 0.514934 0.000924494 
208 79.9603 0.197037 6594.14 35.3386 0.716897 0.000599359 0.515798 0.000885489 
209 80.2247 0.194113 6638.11 34.3705 0.716607 0.000540802 0.515377 0.000793684 
210 80.8432 0.210654 6739.34 38.0177 0.717307 0.000619786 0.516377 0.000917152 
211 81.0358 0.219009 6768.65 38.918 0.716669 0.000632378 0.515444 0.000933427 
212 81.3865 0.195616 6823.02 34.7328 0.716667 0.000512462 0.515398 0.000746198 
213 81.7959 0.20413 6892.37 36.8855 0.716776 0.000535526 0.515583 0.000782668 
214 82.3493 0.184643 6984.06 34.1467 0.716976 0.000479951 0.515836 0.000720524 
215 82.8443 0.217919 7068.64 40.3956 0.717584 0.000578349 0.516725 0.000857702 
216 83.1954 0.194543 7128.64 35.7062 0.717443 0.000530493 0.516508 0.000775392 
217 83.5714 0.201188 7192.04 36.9137 0.717459 0.000541262 0.516527 0.000795125 
218 84.0602 0.199704 7275.4 36.5356 0.717634 0.000556135 0.516766 0.000818974 
219 84.533 0.218766 7359.42 41.0221 0.717917 0.000623003 0.517189 0.000926743 
220 85.1057 0.264905 7458.86 51.4002 0.718396 0.000770065 0.517879 0.00115715 
221 85.4785 0.302786 7527.34 60.6275 0.718273 0.000919687 0.51772 0.00139855 
222 85.9793 0.362309 7615.16 73.9276 0.718608 0.00114585 0.518215 0.00176769 
223 86.4421 0.353163 7699.73 72.0345 0.718609 0.00109284 0.518216 0.00168043 
224 87.2844 0.574881 7858.11 121.479 0.719794 0.00170181 0.520001 0.00262678 
225 87.9472 0.727062 7987.01 154.388 0.720497 0.00207926 0.521071 0.00321519 
226 88.727 0.915971 8138.22 198.916 0.721238 0.00259495 0.522182 0.00401607 
227 88.8998 0.804001 8165.48 174.913 0.720867 0.00213638 0.521598 0.00329852 
228 88.5479 0.30182 8066.27 59.6368 0.718945 0.000733392 0.518582 0.00108259 
229 89.0461 0.248212 8158.27 48.4685 0.719098 0.000636554 0.51881 0.000934658 
230 89.407 0.220434 8221.91 42.926 0.719 0.000588954 0.518654 0.000858537 
231 89.7607 0.239086 8287.93 46.3182 0.718955 0.00065522 0.51859 0.00095762 
232 90.2089 0.2757 8368.76 52.9734 0.718959 0.000666136 0.518584 0.000958937 
233 90.5572 0.215732 8431.24 42.1174 0.719115 0.000555194 0.518795 0.000809317 
234 90.9904 0.223788 8507.26 43.5963 0.719232 0.000611581 0.518954 0.000891692 
235 91.3833 0.229509 8581.51 45.7375 0.719119 0.000569405 0.518773 0.000824752 
236 91.9405 0.237639 8686.99 47.4509 0.719553 0.000611177 0.519409 0.000896148 
237 92.2233 0.241839 8738.13 46.8327 0.719443 0.000638959 0.51922 0.000929904 
238 92.6055 0.227852 8807.75 45.2452 0.719374 0.000574106 0.519107 0.000840487 
239 93.2306 0.254636 8928.13 51.7749 0.719825 0.000590156 0.519756 0.000862771 
240 93.5128 0.215628 8975.96 43.065 0.719735 0.000560419 0.519618 0.000818452 
241 94.0284 0.23238 9077.02 46.3395 0.71999 0.000553575 0.519982 0.000807889 
242 94.4794 0.238138 9159.54 48.1162 0.72019 0.000592242 0.520261 0.000863795 
243 94.7332 0.287716 9208.29 56.5142 0.719908 0.000713718 0.519833 0.00102279 
244 95.184 0.302241 9294.33 60.4315 0.719907 0.000808119 0.51983 0.00116916 
245 95.7319 0.350635 9401.19 69.7623 0.72038 0.000911311 0.520501 0.00131619 
246 96.2097 0.278749 9494.26 55.8419 0.720501 0.000721382 0.520681 0.00104444 
247 96.7489 0.288632 9600.27 56.605 0.720999 0.000670289 0.52138 0.000963463 
248 97.3697 0.259058 9725.19 53.7007 0.721181 0.000703272 0.521651 0.00102666 
249 97.7946 0.290472 9809.54 59.1962 0.721304 0.000730776 0.521832 0.00105069 
250 98.3558 0.292773 9924.67 62.7068 0.721549 0.000691786 0.52219 0.00100927 
251 98.5144 0.26819 9956.27 55.935 0.721091 0.000629938 0.521525 0.000920092 
252 99.1638 0.285377 10087.3 60.5907 0.72149 0.000682721 0.522106 0.000999673 
253 99.5183 0.396051 10158.4 83.0486 0.721498 0.000935096 0.522114 0.00135771 
254 100.157 0.315965 10287.8 67.8029 0.721883 0.00077281 0.52267 0.00113708 
255 100.639 0.37476 10388.3 78.0049 0.721932 0.000933994 0.522736 0.00135469 
256 101.067 0.351619 10477.4 76.8327 0.72212 0.000826212 0.523024 0.00122403 
257 101.673 0.451756 10605.2 97.3556 0.722304 0.00101797 0.52328 0.00148549 
258 101.967 0.393343 10664.5 87.709 0.722119 0.00104371 0.523032 0.00153871 
259 102.601 0.532679 10801.7 117.272 0.722655 0.00117315 0.523797 0.00171606 
260 102.896 0.428243 10860.7 96.3067 0.722572 0.00110537 0.523669 0.00163844 
261 103.492 0.60827 10990 136.649 0.72277 0.0011589 0.523942 0.00170291 
262 103.914 0.451596 11073.4 102.651 0.723125 0.00096477 0.524459 0.00144805 
263 104.521 0.448438 11207.4 102.573 0.723236 0.000891897 0.524601 0.00132116 
264 104.826 0.533508 11270.2 123.3 0.723357 0.00120474 0.524798 0.00181009 
265 105.227 0.423053 11356.5 96.6755 0.723075 0.00082909 0.524356 0.00122751 
266 105.648 0.438866 11446 102.714 0.723305 0.00105592 0.524714 0.00158395 
267 106.041 0.406346 11528.2 93.6443 0.723284 0.000963341 0.524643 0.00142437 
268 106.373 0.429973 11599.5 99.8678 0.723156 0.000984082 0.524469 0.00146449 
269 107.007 0.43838 11739.3 100.77 0.723412 0.000877103 0.524834 0.00129743 
270 107.358 0.429673 11815.6 100.705 0.72351 0.00102803 0.524977 0.00152886 
271 108.032 0.464084 11966 107.843 0.72391 0.000939327 0.525543 0.00140691 
272 108.534 0.456501 12072.9 105.531 0.724434 0.00103011 0.526314 0.00153846 
273 109.071 0.545329 12202.4 131.224 0.724359 0.00109071 0.52621 0.00163536 
274 109.115 0.436123 12201.1 102.874 0.723971 0.000902349 0.525629 0.00135249 
275 109.703 0.55384 12339.3 135.588 0.724259 0.00114642 0.526071 0.0017264 
276 110.17 0.471153 12438 111.077 0.72423 0.00106416 0.526002 0.00159098 
277 110.532 0.548032 12521 136.043 0.724234 0.00117325 0.52601 0.00176845 
278 110.997 0.434066 12624.9 105.433 0.72439 0.000993104 0.52624 0.00147763 
279 111.777 0.793654 12819 206.04 0.725163 0.00164017 0.527429 0.00249333 
280 111.627 0.430014 12763.5 105.772 0.724147 0.000913236 0.525866 0.00136193 
281 112.669 0.658818 13021.6 170.637 0.725085 0.00133923 0.527293 0.00202721 
282 112.642 0.556168 12993.9 134.149 0.724551 0.00100646 0.526442 0.00147937 
283 112.825 0.437197 13028.8 108.819 0.724013 0.000915316 0.52565 0.00136729 
284 113.553 0.5646 13201.1 136.187 0.724817 0.00104435 0.526817 0.00153955 
285 113.934 0.565284 13286.9 136.939 0.72432 0.00114294 0.526095 0.00168774 
286 114.706 0.687475 13472.6 168.22 0.725401 0.0012107 0.527667 0.00178487 
287 114.858 0.517483 13506.7 128.995 0.724757 0.00105982 0.526738 0.00157601 
288 116.081 0.951253 13800.4 234.449 0.72628 0.00173661 0.528949 0.00256087 
289 115.846 0.566058 13737.2 142.171 0.725191 0.00117606 0.527361 0.00175455 
290 117.087 1.09637 14037.2 272.502 0.726734 0.00188991 0.529609 0.0027777 
291 116.721 0.589647 13943.6 149.335 0.725401 0.00118591 0.527665 0.00176609 
292 118.164 1.15101 14297.4 289.258 0.727052 0.0018322 0.530058 0.00268862 
293 117.857 0.640144 14218.8 164.11 0.726038 0.00124024 0.528586 0.00184532 
294 119.71 1.61854 14685.4 413.566 0.727681 0.00226919 0.530965 0.00331421 
295 119.187 0.83698 14547.2 217.029 0.726701 0.00147968 0.529554 0.00219558 
296 121.984 2.30684 15270.3 603.048 0.729775 0.00290709 0.534045 0.00425135 
297 120.716 1.07311 14935.8 279.855 0.727708 0.00175414 0.531045 0.00259393 
298 124.151 3.16983 15842.2 842.38 0.731216 0.00402509 0.536151 0.00589716 
299 121.945 1.45668 15247.4 387.746 0.728137 0.00202445 0.531653 0.00298332 
300 125.316 3.21695 16157.7 873.332 0.731432 0.00388195 0.536477 0.00569831 
301 122.249 1.11796 15317.7 303.273 0.727501 0.00170017 0.530731 0.0025253 
302 124.038 2.43842 15803.2 667.899 0.728733 0.00294539 0.532518 0.00433055 
303 121.745 0.528658 15151.5 139.995 0.725707 0.0010551 0.528039 0.00158063 
304 122.292 0.486894 15289.6 129.9 0.725979 0.000995721 0.528445 0.00149243 
305 122.653 0.48898 15378.8 131.255 0.725953 0.000965248 0.528392 0.00144469 
306 123.443 0.486473 15573.9 130.568 0.726682 0.000968759 0.529445 0.00144675 
307 123.8 0.49384 15668.6 133.388 0.726397 0.0009644 0.529039 0.00144118 
308 124.318 0.507272 15797.6 136.454 0.726579 0.000994444 0.529296 0.00148317 
309 124.79 0.452117 15916.7 121.495 0.726659 0.000905506 0.529414 0.00134979 
310 125.241 0.447987 16034.8 120.095 0.72683 0.000971271 0.529666 0.00142669 
311 125.601 0.474029 16123.9 128.026 0.726664 0.000933092 0.529409 0.00138693 
312 126.141 0.500851 16262.3 135.34 0.726743 0.00104951 0.529521 0.00154558 
313 126.919 0.638231 16461.1 172.937 0.72741 0.00131546 0.530484 0.00194926 
314 127.435 0.730952 16596.7 195.142 0.727456 0.00144456 0.530565 0.00212216 
315 128.038 0.726877 16753.7 197.668 0.727993 0.00138605 0.53133 0.00205386 
316 128.992 0.934597 17007.9 253.626 0.728865 0.00173994 0.532613 0.00256491 
317 129.067 0.802987 17026.2 220.708 0.728346 0.00147414 0.531852 0.00218602 
318 129.676 0.879326 17183.6 242.1 0.728696 0.00163721 0.532358 0.00242609 
319 130.028 0.812578 17277.7 224.687 0.728774 0.00150665 0.532472 0.00223349 
320 130.333 0.787799 17357.3 219.202 0.72827 0.00150338 0.53173 0.00222945 
321 130.919 0.790302 17516.2 221.573 0.728606 0.00155695 0.532234 0.00231397 
322 131.423 0.790021 17646.4 220.713 0.728763 0.00151369 0.532439 0.00224866 
323 131.86 0.70448 17758.6 198.597 0.728633 0.00131708 0.532223 0.00196145 
324 132.686 0.853797 17990.5 239.921 0.729387 0.00161656 0.533364 0.0023986 
325 133.392 1.00607 18191.8 286.464 0.729836 0.00172328 0.534022 0.00257019 
326 133.941 1.26125 18330.8 358.736 0.730135 0.00223111 0.534457 0.00331208 
327 134.424 1.33083 18463.5 380.387 0.730369 0.00227041 0.534789 0.00337526 
328 136.209 1.81844 18972.2 524.4 0.732611 0.00314302 0.538122 0.00467849 
329 136.02 1.69463 18911.6 491.019 0.7315 0.00295618 0.536468 0.00440401 
330 137.881 2.45422 19459.4 715.713 0.733585 0.00423368 0.539613 0.00631132 
331 137.741 2.15069 19411.7 632.203 0.732784 0.00364693 0.538402 0.0054416 
332 140.619 3.37875 20267.5 1000.53 0.736721 0.00561437 0.544301 0.00839021 
333 139.638 2.76731 19971.2 826.643 0.73447 0.00449953 0.540928 0.00672787 
334 142.763 4.22634 20914 1271.13 0.738772 0.00671698 0.547373 0.010051 
335 140.459 3.11759 20207.7 943.696 0.734299 0.00489516 0.540654 0.00733261 
336 143.984 4.41421 21281.9 1345.58 0.739044 0.00677918 0.547763 0.0101471 
337 139.493 2.40956 19907.2 721.994 0.731454 0.00379174 0.536411 0.0056418 
338 141.609 3.33391 20545.2 1019.9 0.733978 0.00500464 0.540168 0.00748625 
339 139.741 1.50477 19946.3 454.782 0.730509 0.00238356 0.53495 0.00355939 
340 141.034 2.3789 20336.9 729.695 0.731909 0.00374941 0.537044 0.00561351 
341 139.972 1.04848 19996.6 314.496 0.729558 0.00159124 0.533507 0.00237177 
342 141.515 1.61437 20456.7 490.764 0.730971 0.0023511 0.535589 0.0034983 
343 140.524 0.753425 20143.4 224.111 0.729235 0.00125774 0.533021 0.00186597 
344 141.045 0.770689 20303.5 232.264 0.729181 0.00123462 0.532959 0.00183288 
345 141.082 0.775733 20294.6 232.262 0.728844 0.00130173 0.532428 0.00193292 
346 141.697 0.751719 20477.7 226.425 0.729249 0.00127132 0.533028 0.001885 
347 141.954 0.761545 20545.2 229.888 0.72905 0.00128992 0.532726 0.00191716 
348 142.743 0.718049 20776.6 218.947 0.729515 0.00123628 0.533403 0.0018377 
349 142.982 0.687804 20847.9 210.906 0.729418 0.00115778 0.533268 0.00173429 
350 143.783 0.800089 21086 247.667 0.729846 0.00129753 0.53389 0.00194089 
351 144.15 0.617537 21190.3 190.974 0.729919 0.0010986 0.533998 0.00164582 
352 144.683 0.705038 21345 221.694 0.72994 0.00122975 0.534022 0.00184972 
353 145.108 0.655183 21471.6 201.968 0.729919 0.00112012 0.53399 0.00167545 
354 145.133 0.627578 21471.5 191.433 0.729398 0.00104772 0.533207 0.00156487 
355 145.969 0.66375 21720.5 203.551 0.730016 0.00111987 0.534112 0.00166685 
356 146.159 0.621088 21772.4 191.233 0.729561 0.00102662 0.533425 0.00152948 
357 146.6 0.641781 21902 198.8 0.729946 0.0010981 0.533997 0.00163841 
358 147.133 0.685965 22066.4 213.437 0.72967 0.00109912 0.533583 0.00163986 
359 147.596 0.678919 22200.6 212.072 0.730122 0.00115586 0.534257 0.00172948 
360 148.084 0.648479 22348.8 202.469 0.730008 0.00110774 0.53408 0.00165471 
361 148.82 0.717616 22575.7 225.099 0.730677 0.00115937 0.535082 0.00173129 
362 148.998 0.732867 22632.4 232.526 0.730255 0.00138779 0.534471 0.00207675 
363 149.507 0.759762 22789.6 242.674 0.730457 0.00137559 0.534772 0.00205921 
364 150.141 0.826622 22979.4 265.317 0.730915 0.00164803 0.535434 0.00247971 
365 150.488 0.762387 23083.7 245.424 0.73074 0.00146812 0.535179 0.0021962 
366 151.077 0.779321 23262 250.188 0.730886 0.00134969 0.535375 0.00203265 
367 151.866 0.796422 23504.4 256.496 0.731707 0.00137255 0.536565 0.00206164 
368 152.173 0.743411 23597.4 238.638 0.731285 0.00123307 0.535926 0.0018393 
369 152.893 0.8405 23820.5 270.752 0.731685 0.00124417 0.536501 0.00185638 
370 152.694 0.62274 23748.4 198.932 0.730892 0.00110355 0.535324 0.00164467 
371 153.102 0.597882 23877.6 192.683 0.730671 0.00102047 0.535002 0.00152445 
372 153.304 0.632077 23938.5 200.897 0.730692 0.00111503 0.535018 0.00165704 
373 153.822 0.662469 24099.1 214.044 0.730773 0.00115216 0.535134 0.00171632 
374 154.306 0.660762 24249.2 214.347 0.730981 0.00115264 0.535436 0.00172018 
375 155.163 0.773555 24529.9 250.562 0.731299 0.00120894 0.535906 0.00179282 
376 155.188 0.666989 24523 216.149 0.730932 0.00115142 0.535363 0.00171405 
377 155.375 0.651531 24578 210.664 0.730567 0.00105327 0.53481 0.00156444 
378 155.891 0.84854 24743.2 281.542 0.730613 0.00130486 0.534878 0.0019342 
379 156.025 0.691803 24778.3 225.526 0.730443 0.00120764 0.534633 0.00178523 
380 156.537 0.672429 24947.6 224.176 0.730661 0.00104611 0.534942 0.00155915 
381 157.07 0.604189 25115.8 199.068 0.730928 0.00104897 0.535344 0.00156536 
382 157.54 0.644761 25271.6 213.195 0.73091 0.00103922 0.535315 0.00155088 
383 158.232 0.652016 25483.6 216.689 0.731313 0.000999886 0.535887 0.00148748 
384 158.852 0.885045 25687.8 298.388 0.731386 0.0012546 0.536004 0.00186875 
385 159.292 0.738776 25826.9 247.82 0.731533 0.00118283 0.536205 0.00176437 
386 159.688 0.848085 25956.8 284.222 0.731522 0.00125795 0.536199 0.00186844 
387 160.176 0.744032 26117.3 248.257 0.731678 0.00123662 0.536453 0.00183862 
388 160.449 0.823424 26195.8 275.056 0.731574 0.00122849 0.536267 0.00182356 
389 161.194 0.788725 26446.3 266.158 0.731655 0.00130244 0.536398 0.00193356 
390 161.935 0.851772 26688.8 289.037 0.732382 0.00145392 0.537446 0.00215757 
391 161.993 0.851939 26694.1 287.423 0.731612 0.00138267 0.536298 0.00204929 
392 162.72 0.778559 26936.4 264.875 0.732075 0.00125006 0.536977 0.00185312 
393 163.199 0.891376 27090 303.775 0.732197 0.00147702 0.537167 0.00219874 
394 163.893 1.20992 27331 416.705 0.732633 0.00180226 0.537802 0.00266741 
395 164.123 0.995198 27396.2 339.879 0.732233 0.00160522 0.537215 0.00237726 
396 164.469 1.1533 27510.3 395.31 0.732404 0.00190899 0.537474 0.00282939 
397 165.15 1.17323 27736.8 406.131 0.732986 0.00183157 0.53832 0.00272032 
398 166.071 1.5747 28052.7 546.908 0.733449 0.00237712 0.539009 0.00353243 
399 166.619 1.60474 28242 560.309 0.733639 0.00228605 0.539286 0.00339527 
400 167.393 1.97902 28505.4 695.303 0.733869 0.00280296 0.539625 0.00416433 
401 167.464 1.35605 28520 479.374 0.733634 0.00200755 0.539272 0.00297829 
402 168.256 1.99519 28802.7 709.044 0.733893 0.00277645 0.539659 0.00412918 
403 167.797 1.09847 28618.9 386.646 0.733077 0.00170609 0.538424 0.00253333 
404 169.172 1.93486 29116.9 695.9 0.733995 0.00264372 0.539808 0.0039395 
405 168.092 0.754909 28709.8 262.493 0.732274 0.00120809 0.53724 0.00179631 
406 168.983 1.05486 29020.2 376.453 0.732674 0.00149206 0.537814 0.00222006 
407 169.366 0.819212 29152.9 287.34 0.732671 0.00127317 0.537815 0.0018844 
408 170.164 1.13675 29427.1 412.685 0.733021 0.00152143 0.538319 0.00225794 
409 170.285 0.785099 29457.9 274.49 0.732895 0.00135417 0.538138 0.00200389 
410 170.893 0.933839 29669.6 335.221 0.732953 0.00145123 0.538202 0.00215455 
411 170.979 0.777648 29695.4 269.972 0.732727 0.0013387 0.537878 0.00197553 
412 171.604 0.924844 29911.6 331.984 0.732882 0.00142953 0.538101 0.00212256 
413 171.635 0.837183 29916.1 297.373 0.732334 0.00139364 0.537284 0.0020557 
414 172.113 0.97579 30087.7 354.767 0.732456 0.00144324 0.537469 0.00214805 
415 172.266 0.731628 30125.8 260.156 0.731917 0.0011917 0.536649 0.00177187 
416 172.851 0.842247 30335.9 299.658 0.732411 0.00143159 0.537386 0.00211852 
417 173.376 0.776912 30515.6 273.054 0.732528 0.00123581 0.537548 0.00182858 
418 173.559 0.840931 30581.6 300.176 0.732104 0.00137762 0.536935 0.00204369 
419 174.273 1.00138 30832.1 356.735 0.7326 0.0014828 0.53765 0.00219336 
420 174.501 0.859508 30907 304.591 0.732419 0.00135014 0.537379 0.00199651 
421 175.273 0.935723 31183.2 333.786 0.733159 0.0014932 0.538469 0.00220402 
422 175.679 1.05259 31325.6 377.937 0.732798 0.00162005 0.537942 0.00240093 
423 176.228 1.01769 31515.5 368.764 0.733812 0.0016882 0.53942 0.00249963 
424 176.954 0.828903 31765.5 301.035 0.733727 0.00129839 0.539275 0.00192197 
425 177.865 1.21179 32105.6 441.74 0.734388 0.00177238 0.540263 0.00262592 
426 178.29 0.875692 32242.7 325.379 0.73445 0.00140743 0.540328 0.00209148 
427 179.271 1.28421 32613.3 474.536 0.734997 0.00185394 0.541153 0.00275106 
428 179.816 1.20751 32792.2 443.783 0.735168 0.00184387 0.541374 0.00273092 
429 180.906 1.57986 33217 595.389 0.735891 0.00211543 0.54249 0.00315266 
430 180.81 1.2238 33159.5 455.131 0.735251 0.00179529 0.541507 0.00266559 
431 182.002 1.94097 33636.8 736.294 0.735898 0.00246037 0.542513 0.00366642 
432 181.493 1.40085 33440.1 529.389 0.734964 0.00184008 0.541125 0.00274015 
433 183.44 1.92605 34176.4 739.233 0.735646 0.00248793 0.542129 0.00371652 
434 183.441 1.62687 34171.2 617.35 0.735088 0.00198809 0.541295 0.0029625 
435 185.141 2.64084 34827.4 1024.17 0.736315 0.00314543 0.543132 0.00471037 
436 184.29 1.95307 34482.9 756.402 0.735932 0.00230833 0.542529 0.00344478 
437 185.9 2.80694 35120.8 1115.13 0.737621 0.00322809 0.545074 0.00484499 
438 184.579 1.37173 34585.8 534.16 0.735449 0.00171173 0.541819 0.00255541 
439 184.187 0.918578 34395.8 340.824 0.734777 0.00140927 0.54078 0.00209442 
440 184.544 0.910536 34539.5 349.105 0.734342 0.0011181 0.540134 0.00167126 
441 184.741 0.926009 34616.3 358.843 0.734271 0.00115782 0.540041 0.00170392 
442 185.217 0.886255 34792.2 336.784 0.734302 0.00110292 0.540083 0.00162827 
443 185.5 0.972834 34900.9 371.569 0.734127 0.00114779 0.539841 0.00169647 
444 186.013 1.02274 35087.9 392.535 0.734424 0.00119615 0.540259 0.00178689 
445 186.319 0.961358 35208.9 368.28 0.734433 0.00113324 0.540284 0.00167554 
446 186.712 1.18927 35347.7 449.372 0.73452 0.00144173 0.540383 0.00213706 
447 187.155 1.10574 35541.3 413.986 0.734564 0.00129911 0.540493 0.00191996 
448 187.715 1.04488 35724.5 396.552 0.734874 0.00122766 0.540919 0.00181499 
449 187.856 1.12524 35788 425.052 0.734475 0.00140642 0.54035 0.00209317 
450 188.191 1.15676 35916.6 435.08 0.734471 0.0014335 0.540337 0.00212756 
451 188.755 1.12621 36123.3 418.422 0.734784 0.0014063 0.540799 0.00208513 
452 189.188 1.03803 36289.9 392.602 0.734714 0.00131892 0.540688 0.00196295 
453 189.569 1.18981 36433 445.758 0.734654 0.00140464 0.5406 0.00208025 
454 189.95 1.27199 36574.7 476.959 0.734664 0.00152822 0.540603 0.00224906 
455 191.408 1.59823 37154.1 627.972 0.735145 0.00147246 0.541306 0.0021782 
456 191.374 1.0162 37113.5 384.062 0.735172 0.00143193 0.541339 0.002105 
457 191.443 0.954692 37149.1 361.204 0.734771 0.00127768 0.540769 0.00188239 
458 192.102 1.09345 37396.2 404.883 0.735153 0.00167254 0.541334 0.00245017 
459 192.243 0.869729 37469.2 324.629 0.734613 0.00117628 0.540543 0.00175419 
460 193.203 0.91068 37838.3 356.403 0.735135 0.00131823 0.541324 0.00195504 
461 193.711 0.883201 38029 342.989 0.735313 0.00132426 0.541559 0.00196329 
462 194.155 0.930258 38205.9 365.414 0.735391 0.00128192 0.541679 0.00191548 
463 195.04 0.924353 38553.2 359.061 0.735924 0.00142634 0.542462 0.00211195 
464 195.037 0.867088 38545.8 341.536 0.73547 0.00124142 0.541791 0.00183901 
465 196.175 0.875989 39001.2 349.833 0.73609 0.0012128 0.542711 0.00179029 
466 196.204 0.888382 39012.8 354.868 0.735764 0.00142309 0.54223 0.002118 
467 196.38 0.893113 39081.8 339.414 0.73546 0.00134246 0.541762 0.00199615 
468 196.689 0.791186 39206.1 316.249 0.735257 0.00125958 0.541468 0.00188075 
469 197.519 0.97705 39546.9 401.679 0.735707 0.00147183 0.542152 0.00220431 
470 197.324 0.791142 39457.3 317.838 0.734944 0.00114059 0.541 0.00171067 
471 198.358 0.905737 39874.7 367.028 0.735521 0.00120432 0.541851 0.0017887 
472 198.42 0.801903 39893.1 328.052 0.735085 0.00122365 0.541192 0.00183704 
473 198.615 0.816725 39977.4 333.712 0.734929 0.00115391 0.540976 0.001713 
474 199.044 0.827834 40138.3 335.744 0.734976 0.00111178 0.541034 0.00165374 
475 199.778 0.82755 40437.1 339.979 0.735387 0.00106359 0.541639 0.00158247 
476 200.081 0.789185 40549.9 322.365 0.735093 0.00107618 0.541188 0.00159957 
477 200.881 1.22392 40899.7 510.057 0.735384 0.00116553 0.541635 0.00172944 
478 201.271 0.868208 41032.7 354.964 0.735442 0.00112868 0.541703 0.00167276 
479 201.571 0.97221 41157.5 398.667 0.735213 0.00124763 0.541367 0.00184841 
480 201.769 0.916605 41242.5 377.224 0.73512 0.00122303 0.541233 0.00181455 
481 202.236 0.940716 41428.1 387.486 0.735161 0.00119358 0.541273 0.00176866 
482 202.712 1.04363 41622.7 432.759 0.735245 0.00132281 0.541404 0.00195801 
483 203.699 1.1084 42040 462.549 0.735585 0.00128094 0.541899 0.00189745 
484 204.09 1.22623 42191.3 513.974 0.735801 0.00147631 0.542229 0.00218157 
485 205.042 1.53682 42597 657.436 0.736063 0.00125749 0.542594 0.00187807 
486 204.234 0.948543 42241 400.011 0.735047 0.00121327 0.541094 0.00179843 
487 205.075 0.897403 42589.1 377.768 0.735434 0.00105981 0.541652 0.00157011 
488 204.889 0.838134 42503.8 353.01 0.734706 0.00105317 0.54058 0.00155711 
489 206.072 0.963769 42998 403.983 0.735449 0.00122292 0.541681 0.00181295 
490 206.167 0.868114 43025.1 362.525 0.73532 0.00115275 0.541482 0.00170755 
491 207.072 0.93156 43413 394.493 0.735717 0.00120899 0.542084 0.00179167 
492 207.067 0.804218 43402.5 339.305 0.735314 0.00110869 0.541485 0.00164642 
493 207.771 0.903314 43702.5 380.26 0.735492 0.00119778 0.541758 0.00176365 
494 208.125 0.810683 43843.5 345.19 0.735501 0.00118278 0.541764 0.00174544 
495 208.942 1.01788 44196.9 426.138 0.735979 0.00137889 0.542478 0.00203949 
496 209.396 0.960551 44381.3 403.237 0.736067 0.00130488 0.542593 0.00192306 
497 210.655 1.40119 44919.3 595.124 0.736777 0.00167821 0.543649 0.00249287 
498 210.585 0.922 44879.4 378.848 0.736204 0.00144094 0.542791 0.00212693 
499 211.662 1.24655 45354.5 529.27 0.736967 0.00165196 0.543933 0.00243846 
500 211.457 1.04324 45256.7 438.075 0.736389 0.00161863 0.543077 0.00239594 
501 212.985 1.35774 45927.3 583.588 0.737347 0.00159664 0.544482 0.0023546 
502 212.516 0.967037 45706.1 417.664 0.736515 0.00155071 0.543248 0.00229771 
503 213.256 1.23527 46025.9 526.052 0.736975 0.00160354 0.543925 0.00236301 
504 213.254 0.955997 46016.3 411.455 0.736551 0.00155337 0.543298 0.00229893 
505 214.148 0.98655 46393.8 429.214 0.737068 0.00150265 0.544044 0.00222561 
506 214.682 1.17689 46606.7 483.398 0.737581 0.00213119 0.544793 0.00315891 
507 214.892 1.22679 46706.6 522.421 0.736627 0.00151178 0.543377 0.00223168 
508 215.682 1.22126 47040.7 512.433 0.737527 0.0020589 0.544713 0.00305661 
509 216.333 1.11568 47341.9 482.057 0.737458 0.00151802 0.544618 0.00224346 
510 216.576 1.07555 47437.7 463.903 0.737165 0.00157298 0.544193 0.00232714 
511 217.1 1.0058 47677.7 441.828 0.737459 0.00154465 0.544614 0.0022854 
512 217.561 1.0072 47873 431.318 0.737403 0.00162423 0.544527 0.00240219 
513 217.774 1.04117 47969.6 450.529 0.73726 0.00142947 0.544312 0.00211553 
514 218.401 1.16945 48230.5 498.014 0.737578 0.0016193 0.54477 0.00239205 
515 219.337 1.04669 48661.5 451.433 0.737909 0.00141314 0.545277 0.00208602 
516 219.85 1.23508 48876.2 529.568 0.737992 0.00185115 0.545386 0.00273522 
517 220.409 1.01041 49135.3 444.28 0.738218 0.00146197 0.545727 0.00216102 
518 221.449 1.28299 49581.2 552.012 0.738466 0.00186371 0.546072 0.00275289 
519 221.611 1.15132 49667.8 499.186 0.738511 0.00160137 0.546161 0.00236521 
520 222.589 1.29296 50089.1 558.254 0.738808 0.00200807 0.546572 0.00296981 
521 223.022 1.28749 50299.9 555.811 0.738854 0.00177651 0.546673 0.00262568 
522 223.804 1.3363 50640.3 582.684 0.739102 0.00195913 0.547 0.00289553 
523 224.136 1.36783 50810.9 600.27 0.739385 0.00178702 0.547458 0.00264016 
524 224.838 1.46461 51119.5 641.394 0.739013 0.001983 0.546873 0.00292645 
525 225.222 1.2487 51303.6 551.822 0.739375 0.0017748 0.547433 0.00262421 
526 225.748 1.40931 51535.2 621.579 0.739082 0.00200068 0.546965 0.00295683 
527 225.989 1.2647 51657 561.364 0.739453 0.00163707 0.547556 0.00241336 
528 226.16 1.58023 51719.1 692.016 0.739247 0.00226327 0.547217 0.00334803 
529 227.119 1.62036 52168.2 707.923 0.739927 0.00204589 0.548252 0.00302209 
530 227.11 1.63535 52153.8 720.557 0.739514 0.00233319 0.547622 0.00345438 
531 227.526 1.47062 52365.2 651.686 0.739662 0.00210013 0.547885 0.00310845 
532 227.572 1.76165 52393.6 784.082 0.739374 0.00250508 0.547446 0.00370699 
533 228.607 1.58644 52880.5 700.869 0.740055 0.00242184 0.548484 0.00357752 
534 227.458 1.56208 52335.9 701.892 0.739469 0.00267493 0.547582 0.00395798 
535 229.509 1.71126 53293.2 762.187 0.739958 0.00278667 0.548351 0.00413308 
536 229.245 1.97367 53149.4 884.057 0.739719 0.00333814 0.547975 0.00496525 
537 229.669 1.82418 53351.1 811.241 0.739911 0.0032657 0.548279 0.00484925 
538 229.798 1.91786 53410 855.41 0.739377 0.00312708 0.547466 0.00464218 
539 230.404 1.74044 53694.2 780.525 0.739614 0.00304703 0.547839 0.00452489 
540 230.593 1.72977 53794.3 765.065 0.739291 0.00329996 0.547374 0.0049071 
541 231.135 2.02584 54060.7 904.382 0.739548 0.00359309 0.547775 0.00533872 
542 231.155 1.98905 54073.7 879.058 0.739033 0.00377639 0.547004 0.00561232 
543 232.455 1.9634 54685.7 886.912 0.740105 0.00356376 0.548608 0.00530641 
544 232.638 2.00915 54769.5 900.448 0.739638 0.00358236 0.547922 0.00532227 
545 233.545 1.90375 55207.3 847 0.740218 0.00389691 0.548787 0.00579917 
546 233.75 2.38332 55310 1077.89 0.740136 0.00424247 0.548675 0.00632107 
547 235.596 2.26341 56213.7 1038.45 0.741261 0.0040366 0.550365 0.00601126 
548 234.881 2.23007 55860.8 1022 0.74027 0.00384114 0.548882 0.00572765 
549 236.819 2.08554 56811.9 1005.75 0.741381 0.0032073 0.550541 0.00477916 
550 236.361 2.29619 56586.4 1108.08 0.740749 0.00336909 0.549604 0.0050258 
551 238.338 2.99252 57575.5 1472.09 0.742161 0.00373203 0.551725 0.00555729 
552 239.225 2.66768 57997.9 1316.63 0.74351 0.00376373 0.553778 0.00563274 
553 238.945 3.38057 57893.4 1668.92 0.741724 0.00414778 0.551076 0.00618746 
554 237.884 2.39102 57364.3 1117.32 0.740371 0.00356702 0.549053 0.00530205 
555 240.461 3.57577 58654.2 1777.32 0.74218 0.00419472 0.551764 0.00624847 
556 239.401 2.70891 58103.9 1265.66 0.741083 0.00410135 0.550118 0.00608274 
557 241.211 3.01882 59028 1502.59 0.741979 0.00390393 0.551468 0.00581818 
558 241.468 3.02283 59145.2 1463.79 0.742597 0.00458759 0.552414 0.00684003 
559 241.876 2.87193 59323.2 1424.38 0.742166 0.00393124 0.551738 0.00586047 
560 240.127 2.99766 58380 1401.71 0.741003 0.00473228 0.549975 0.0070493 
561 241.33 2.31999 59006.5 1159.46 0.741162 0.00382983 0.550219 0.00571221 
562 240.929 2.94841 58737.6 1380.37 0.741198 0.00463951 0.550258 0.00689815 
563 241.279 2.80648 58922.3 1322.51 0.74058 0.00494537 0.549343 0.00737357 
564 242.972 3.28836 59726.5 1579.68 0.742732 0.00494539 0.552561 0.00738413 
565 242.35 2.92723 59395.2 1385.84 0.741537 0.00473445 0.550739 0.00705373 
566 245.237 3.86824 60817.4 1900.96 0.744865 0.00548289 0.555709 0.00820449 
567 242.834 2.709 59606.4 1274.33 0.741359 0.00457457 0.550442 0.00680963 
568 245.483 2.93528 60850.6 1374.31 0.744616 0.00465069 0.555239 0.00689217 
569 243.613 2.94881 60022.4 1410.84 0.740775 0.00501056 0.549607 0.00747845 
570 243.958 3.07734 60194.7 1477.32 0.740545 0.00478158 0.549283 0.00712207 
571 244.701 3.39367 60574.4 1655.7 0.740666 0.00526887 0.549455 0.00787573 
572 246.202 4.17035 61325.2 2044.46 0.742365 0.0060334 0.552023 0.00901306 
573 246.861 4.01386 61657.1 1986.91 0.741758 0.00551631 0.551093 0.00823562 
574 247.02 3.71427 61716.9 1818.35 0.741967 0.00566553 0.551404 0.00845346 
575 246.471 3.25828 61443.7 1590.71 0.740573 0.00512445 0.549324 0.00764867 
576 247.863 3.64442 62139.7 1788.39 0.741926 0.00548657 0.551337 0.00818603 
577 247.313 3.49119 61857.8 1711.1 0.740454 0.00533898 0.549134 0.00797421 
578 248.947 3.85376 62700.8 1910.28 0.742058 0.00577403 0.551564 0.00863111 
579 248.356 3.57979 62392.1 1771.86 0.740733 0.00544599 0.549572 0.00814055 
580 249.922 3.68854 63189.4 1840.65 0.742368 0.00553728 0.552031 0.0082882 
581 249.347 3.50462 62888.6 1734.34 0.740855 0.00539391 0.549731 0.00806032 
582 251.165 3.96216 63822.4 1985.75 0.742679 0.00588656 0.552493 0.00881215 
583 251.883 3.73049 64186.7 1875.79 0.74293 0.00546511 0.552854 0.00819363 
584 253.369 4.58661 64940.9 2320.84 0.744332 0.0065351 0.554978 0.00979814 
585 253.412 4.09849 64981.9 2075.16 0.743364 0.00590651 0.5535 0.00883926 
586 255.697 5.34056 66165.1 2726.38 0.746069 0.00743015 0.55759 0.0111427 
587 254.283 4.55092 65438.5 2315.62 0.743353 0.00602657 0.553498 0.00900998 
588 256.7 5.68731 66687.7 2921.99 0.746188 0.00765256 0.557773 0.0114763 
589 254.754 3.7705 65667.9 1916.09 0.743214 0.00531226 0.553279 0.00795056 
590 256.007 4.74743 66327.1 2439.9 0.74421 0.00636661 0.554788 0.00953631 
591 254.672 3.50674 65573.8 1775.51 0.741963 0.00509411 0.551349 0.00761199 
592 256.496 4.0352 66545.8 2058.17 0.743293 0.00569588 0.553379 0.0085049 
593 256.846 3.41466 66704.2 1733.15 0.742988 0.00492828 0.552889 0.0073573 
594 258.465 3.67965 67529.7 1884.79 0.74427 0.00535654 0.554793 0.00800662 
595 257.337 3.73618 66968.4 1911.58 0.742212 0.00530198 0.551737 0.00792528 
596 259.45 3.71362 68070.7 1917.34 0.744587 0.0051099 0.555292 0.00764602 
597 258.953 3.46975 67808.1 1775.86 0.743311 0.0049741 0.553366 0.00742743 
598 260.523 3.77634 68634.2 1946.85 0.744761 0.00527444 0.555558 0.00788885 
599 260.377 3.51377 68539.3 1802.86 0.744014 0.00490887 0.554392 0.00732796 
600 261.353 3.71634 69047.5 1916.16 0.744759 0.00525588 0.555531 0.00785557 
601 261.773 3.85633 69274.8 1998.34 0.74444 0.00515288 0.555028 0.00769919 
602 263.068 3.79641 69946.9 1964.42 0.745629 0.00528199 0.556826 0.00789441 
603 263.051 4.11615 69937.5 2150.01 0.744678 0.00517154 0.55537 0.00772643 
604 263.858 3.88944 70367.8 2017.87 0.744997 0.00543463 0.555884 0.00811474 
605 264.82 4.27642 70887.6 2247.81 0.745558 0.00515898 0.556694 0.00771573 
606 265.864 3.95031 71436.2 2063.89 0.746347 0.00564458 0.557887 0.00844254 
607 265.975 4.58538 71507.7 2418.86 0.745543 0.00531686 0.556661 0.00794406 
608 267.765 3.96035 72467.5 2078.6 0.747054 0.00559007 0.558944 0.00835794 
609 266.548 4.22527 71824.6 2221.36 0.744933 0.00495678 0.555741 0.00739669 
610 269.46 4.06065 73374.8 2147.34 0.747584 0.00550769 0.559711 0.00823976 
611 268.601 4.41934 72926.7 2345.65 0.745846 0.00511545 0.557081 0.00764735 
612 272.486 4.72063 75071 2542.46 0.749304 0.00585175 0.562298 0.00877471 
613 270.413 4.22523 73900.1 2244.21 0.746294 0.00500865 0.557728 0.00748405 
614 271.413 4.32854 74445.9 2333.06 0.747198 0.00551905 0.559123 0.00825373 
615 272.088 4.368 74806.8 2339.12 0.746226 0.00501869 0.557613 0.00748652 
616 273.312 4.071 75467.9 2201.82 0.747888 0.00534063 0.560111 0.00798689 
617 274.176 3.85101 75973.3 2088.13 0.74705 0.0041683 0.55882 0.00622266 
618 275.075 4.21689 76445.9 2270.14 0.748682 0.00579218 0.561313 0.0086723 
619 276.825 4.40254 77431.7 2394.6 0.748098 0.00438046 0.560362 0.00652761 
620 276.997 4.36005 77511.7 2357.76 0.749573 0.00590601 0.562625 0.00884895 
621 278.835 5.00115 78548.8 2738.53 0.748967 0.00449629 0.561654 0.00669262 
622 278.393 4.72428 78296.2 2571.77 0.750036 0.00559873 0.563311 0.00837792 
623 280.217 5.28337 79317.2 2920.53 0.749499 0.00454025 0.562437 0.00675079 
624 278.889 4.47417 78592 2459.98 0.74953 0.00531196 0.562579 0.00794418 
625 282.449 5.65147 80599.9 3150.16 0.750315 0.0046413 0.563666 0.00689721 
626 280.571 5.09256 79515.6 2803.07 0.750379 0.00600876 0.563835 0.00899444 
627 283.851 5.89685 81406.5 3316.77 0.750753 0.00466395 0.564323 0.00694063 
628 281.964 5.32004 80318.8 2912.66 0.750724 0.00680791 0.564359 0.0101851 
629 284.274 5.53809 81670.6 3126.73 0.750214 0.00470583 0.563529 0.00701197 
630 282.705 5.21096 80762.7 2858.46 0.75047 0.00696664 0.564001 0.0104364 
631 284.218 4.94774 81667.7 2803.68 0.749664 0.00463012 0.562725 0.00689961 
632 281.709 5.81513 80211.9 3225.3 0.74922 0.00715478 0.562155 0.0107048 
633 284.753 4.83523 81973 2719.67 0.749854 0.00508856 0.563034 0.00759968 
634 282.687 5.43929 80766.1 3012.35 0.749365 0.00684347 0.562388 0.0102411 
635 283.388 5.30918 81197 3010.2 0.748222 0.00572578 0.560614 0.00853895 
636 281.916 5.79278 80303 3216.75 0.74852 0.00731351 0.561148 0.0109409 
637 282.658 4.49895 80749.6 2500.43 0.747725 0.0057659 0.559906 0.00861056 
638 281.707 5.98276 80187.8 3334.94 0.747668 0.00752173 0.559895 0.0112587 
639 281.464 6.03482 80055.5 3359 0.746754 0.00748513 0.558483 0.0111827 
640 282.429 5.90746 80587.1 3299.47 0.747868 0.00712359 0.560201 0.0106604 
641 281.8 6.27578 80229.9 3514.17 0.746744 0.0076202 0.55848 0.0113863 
642 284.135 6.74157 81531.9 3784.14 0.749085 0.00816338 0.56201 0.0122035 
643 282.689 6.1535 80712.2 3451.82 0.747007 0.00730849 0.558872 0.010915 
644 284.663 7.10654 81837 4007.44 0.748498 0.00865458 0.561132 0.0129443 
645 283.452 6.31401 81171.9 3558.33 0.746417 0.00742042 0.557991 0.0110796 
646 286.738 6.76601 83046.6 3821.69 0.749488 0.00816542 0.562622 0.0121981 
647 285.411 6.91545 82283.3 3898.64 0.74751 0.0080371 0.55962 0.0119994 
648 287.545 6.79773 83505.7 3850.43 0.749526 0.00815621 0.562688 0.0121801 
649 286.368 6.86212 82823.1 3878.71 0.747791 0.00803066 0.560033 0.0119934 
650 288.617 6.13257 84127.2 3508.35 0.749089 0.00704088 0.562029 0.0105375 
651 288.773 6.73537 84188.9 3821.84 0.749072 0.00794559 0.561938 0.0118764 
652 289.95 6.79596 84901.3 3884.69 0.749584 0.00824749 0.562785 0.0123207 
653 289.744 6.90201 84805.9 3931.21 0.748971 0.00804491 0.561832 0.0120189 
654 291.96 6.58632 86098.8 3808.82 0.751023 0.00709929 0.564926 0.0106405 
655 291.309 6.53352 85704.6 3730.49 0.74938 0.0076782 0.562412 0.0114744 
656 293.774 7.153 87123.7 4145.07 0.75185 0.00787822 0.566141 0.0118021 
657 293.042 6.55667 86730.9 3765.9 0.750335 0.00774958 0.563835 0.0115949 
658 295.724 7.19697 88301.9 4189.26 0.752291 0.00786279 0.566808 0.011789 
659 295.591 6.60173 88242.5 3827.09 0.751024 0.00725154 0.564836 0.0108463 
660 295.712 6.64592 88250.2 3899.76 0.751337 0.0072868 0.56535 0.0109244 
661 294.024 6.64835 87283.2 3844.27 0.74943 0.00768662 0.562455 0.0114936 
662 297.905 6.99225 89556.2 4097.9 0.752612 0.00758167 0.56725 0.0113608 
663 297.33 6.7218 89228.6 3916.28 0.750976 0.00709114 0.564731 0.0106122 
664 297.702 6.4409 89435.3 3766.69 0.751707 0.00704194 0.565862 0.0105324 
665 297.182 6.21369 89161.2 3610.26 0.75054 0.00708077 0.564101 0.0105887 
666 299.135 6.56248 90318.8 3856.27 0.752072 0.00722946 0.566425 0.0108364 
667 300.651 6.70707 91297.8 3948.7 0.752429 0.00726728 0.566947 0.010874 
668 300.279 7.27998 90980.3 4298.88 0.752217 0.00781557 0.566657 0.0116986 
669 300.201 6.7065 90931.8 3942.99 0.751741 0.00724846 0.565898 0.0108519 
670 301.73 6.52734 91867 3883.86 0.752281 0.00696809 0.566744 0.0104437 
671 301.264 6.36412 91573.9 3744.75 0.751577 0.00701672 0.565624 0.0104967 
672 302.457 6.54131 92312.3 3893.32 0.752352 0.00719524 0.566835 0.0107935 
673 300.84 6.87807 91340 4071.43 0.750304 0.00767323 0.563759 0.0114832 
674 303.74 6.72983 93106.9 4005.7 0.752834 0.00732338 0.567575 0.0109703 
675 302.127 6.80414 92105.3 4044.9 0.75043 0.00744838 0.563934 0.0111379 
676 303.628 6.85033 93038.6 4092.06 0.751854 0.00740523 0.566086 0.0110934 
677 303.801 6.96919 93132 4172.29 0.75098 0.0070518 0.564718 0.0105683 
678 303.452 7.14742 92946.7 4295.33 0.751059 0.00760205 0.56488 0.0114047 
679 304.095 7.18624 93349 4325.47 0.750493 0.00745507 0.564007 0.0111777 
680 305.295 7.35593 94067.1 4432.47 0.752089 0.0078385 0.566444 0.0117513 
681 304.938 7.63621 93853.9 4604.62 0.750587 0.00795079 0.56415 0.0119126 
682 305.304 7.63717 94072 4624.66 0.750491 0.008296 0.564041 0.0124408 
683 305.273 7.58409 94067.7 4589.62 0.750135 0.00797909 0.563482 0.0119576 
684 307.276 7.83823 95300.8 4757.26 0.751241 0.00844805 0.565195 0.0126631 
685 306.37 8.0987 94752.6 4928.5 0.750616 0.00820281 0.564202 0.0122965 
686 307.584 7.50433 95492.7 4572.05 0.750328 0.00818718 0.563793 0.0122696 
687 307.565 8.34528 95500.3 5099.79 0.750918 0.0082149 0.564654 0.012318 
688 310.248 7.4827 97113.8 4596.62 0.751185 0.00816307 0.565056 0.0122557 
689 309.845 8.41297 96944.2 5168.85 0.751618 0.00803685 0.565717 0.0120494 
690 309.859 8.14663 96916.3 5019.2 0.751062 0.00864869 0.564903 0.0129859 
691 309.491 8.70487 96721.4 5355.93 0.751024 0.0085959 0.56484 0.0128986 
692 310.205 6.53471 97157.5 4032.12 0.751384 0.00662857 0.565402 0.00995679 
693 310.178 6.44832 97128.5 3969.77 0.75109 0.00642549 0.56493 0.00963407 
694 310.651 6.07441 97410 3754.88 0.750588 0.00631634 0.564188 0.00947548 
695 310.832 6.48305 97535.1 4005.62 0.750589 0.00651079 0.564187 0.00976202 
696 311.974 6.35183 98232.5 3940.54 0.750715 0.00639844 0.564365 0.009599 
697 312.228 6.52889 98403.7 4051.7 0.750662 0.00660335 0.564294 0.00989682 
698 313.694 6.70306 99341.5 4178.75 0.751568 0.0067428 0.565658 0.0101195 
