1.5 -1.959 105800000000
64.7034 6.13085
1 0 0 0 0 0.499981 3.56814e-05 0.499981 3.56814e-05 
2 0 0 0 0 0.499982 3.24123e-05 0.374988 3.21866e-05 
3 0 0 0 0 0.499955 4.0552e-05 0.333293 4.09402e-05 
4 0.208578 3.68592e-05 0.208578 3.68592e-05 0.540493 3.31456e-05 0.358047 3.68886e-05 
5 0.280317 6.42179e-05 0.280317 6.42179e-05 0.543532 3.39744e-05 0.347884 3.36986e-05 
6 0.582916 0.000151275 0.849055 0.000281079 0.570989 3.88484e-05 0.371166 4.02542e-05 
7 0.69141 0.000129694 1.04293 0.000257043 0.571669 3.31481e-05 0.365027 4.0715e-05 
8 1.0825 0.000220363 2.19208 0.000640333 0.59361 4.23954e-05 0.386538 5.13436e-05 
9 1.23621 0.000300869 2.67073 0.000990194 0.59524 4.57523e-05 0.384662 5.5647e-05 
10 1.64149 0.000282142 4.30939 0.00118906 0.610119 3.93785e-05 0.399722 4.85578e-05 
11 1.86342 0.000410718 5.33723 0.00198 0.6136 5.16719e-05 0.401636 6.42711e-05 
12 2.27527 0.000581323 7.52547 0.00313794 0.624702 6.71205e-05 0.413391 8.98321e-05 
13 2.53142 0.000639978 9.05289 0.00398767 0.627667 4.3328e-05 0.415352 5.51024e-05 
14 2.97535 0.000798788 12.0654 0.00563712 0.637433 5.57019e-05 0.426332 7.21498e-05 
15 3.24742 0.000881558 14.0707 0.00675123 0.639721 5.2281e-05 0.427919 6.73594e-05 
16 3.71643 0.000907656 17.9544 0.00843088 0.648126 5.54786e-05 0.437654 7.48687e-05 
17 4.01044 0.00103571 20.5847 0.010323 0.650297 6.10742e-05 0.439474 8.44703e-05 
18 4.49403 0.00117587 25.345 0.0124843 0.657484 6.68003e-05 0.447996 9.13503e-05 
19 4.80354 0.00145629 28.5962 0.0172159 0.659319 7.56217e-05 0.449598 0.000100071 
20 5.30508 0.00156169 34.3553 0.0202002 0.665762 7.90048e-05 0.457432 0.000115482 
21 5.63128 0.00186764 38.3271 0.0258811 0.667442 7.35232e-05 0.458998 0.00010243 
22 6.14709 0.0019723 45.1189 0.0294607 0.673221 7.62482e-05 0.466164 0.000108161 
23 6.48639 0.00267996 49.8274 0.0417997 0.674748 0.000112557 0.467666 0.000160318 
24 7.01692 0.00250891 57.7362 0.0417894 0.679997 8.40938e-05 0.47429 0.000120661 
25 7.36304 0.00313292 63.1404 0.053815 0.681269 0.000101148 0.475552 0.000144906 
26 7.9058 0.00563549 72.2083 0.102738 0.685985 0.000143281 0.48158 0.000200275 
27 8.26563 0.0034668 78.4817 0.0680252 0.687179 9.88603e-05 0.482815 0.000142134 
28 8.82426 0.00427566 88.847 0.0907579 0.691685 0.00010994 0.488658 0.000159422 
29 9.18877 0.00466401 95.8483 0.103224 0.692747 0.000119034 0.489775 0.000171558 
30 9.75067 0.00844772 107.325 0.207667 0.696734 0.000194391 0.495003 0.000291351 
31 10.1194 0.00486791 115.078 0.115166 0.697671 0.000129314 0.495998 0.00019014 
32 10.7021 0.00584843 128.068 0.144517 0.70153 0.000158544 0.501107 0.000233393 
33 11.0933 0.0100684 137.102 0.269278 0.702558 0.00022403 0.502301 0.000337503 
34 11.6765 0.00796949 151.246 0.208204 0.70596 0.00017648 0.506804 0.000257902 
35 12.061 0.0104511 160.848 0.303637 0.706576 0.000242908 0.507441 0.000362906 
36 12.6574 0.00951087 176.468 0.286711 0.709977 0.000183847 0.512043 0.000275748 
37 13.0396 0.00849114 186.725 0.25448 0.710453 0.000136519 0.512481 0.00020317 
38 13.6397 0.0106078 203.609 0.341811 0.713674 0.000196254 0.516865 0.000292768 
39 14.045 0.0139374 215.36 0.449847 0.714429 0.000240359 0.517762 0.00035798 
40 14.6566 0.0167603 233.785 0.56063 0.717313 0.000243723 0.521676 0.00037856 
41 15.0582 0.0127135 246.189 0.444396 0.717882 0.000217165 0.522337 0.00032661 
42 15.6791 0.0198291 266.288 0.732839 0.720917 0.000276351 0.526548 0.00041293 
43 16.0937 0.0281351 279.898 1.01093 0.721588 0.000580673 0.527374 0.000898934 
44 16.7135 0.0253017 301.022 0.942828 0.72414 0.000347887 0.530861 0.000508637 
45 17.1444 0.0231803 316.371 0.937844 0.724799 0.000389136 0.531695 0.000599285 
46 17.7577 0.017181 338.584 0.678404 0.727106 0.000242391 0.534869 0.000367588 
47 18.1703 0.0237184 353.837 0.980055 0.727278 0.000247297 0.534981 0.000370634 
48 18.7832 0.0152349 377.221 0.620243 0.729543 0.000222008 0.538133 0.000331394 
49 19.2215 0.0165336 394.482 0.692633 0.73009 0.000239348 0.53883 0.000358088 
50 19.8857 0.0221934 421.642 0.983061 0.73257 0.000283526 0.542347 0.000423847 
51 20.2966 0.0224972 438.477 1.01929 0.732969 0.000413103 0.542848 0.000637339 
52 20.9464 0.0257237 466.201 1.16079 0.735159 0.000421969 0.545915 0.000653117 
53 21.4652 0.0856256 489.301 4.13568 0.736862 0.00126238 0.548491 0.0019767 
54 22.0153 0.0418967 513.574 1.91786 0.737772 0.000508295 0.549577 0.00075622 
55 22.4902 0.048213 535.44 2.467 0.738223 0.000574445 0.55016 0.000891559 
56 23.0851 0.0543998 563.124 2.69447 0.739693 0.000627487 0.552216 0.000950683 
57 23.5492 0.0431259 585.438 2.21293 0.74013 0.000452245 0.552774 0.000702634 
58 24.2007 0.0473524 617.549 2.55098 0.741989 0.000354767 0.55542 0.000542119 
59 24.7169 0.0572151 643.7 3.14097 0.743319 0.000739814 0.557424 0.00115185 
60 25.367 0.108176 676.889 5.82915 0.744794 0.00109506 0.559422 0.00163306 
61 25.7817 0.056048 698.641 3.1271 0.744889 0.000768062 0.559533 0.00120465 
62 26.3877 0.0414027 730.978 2.38967 0.745907 0.00038821 0.560901 0.000588263 
63 26.9288 0.0558312 760.856 3.31418 0.747246 0.000687686 0.56293 0.00107859 
64 27.6309 0.0808072 800.223 4.83236 0.749388 0.00080052 0.566051 0.00124981 
65 28.0183 0.0908285 821.669 5.27542 0.749251 0.00132003 0.565744 0.00204994 
66 28.7273 0.0812537 863.475 5.125 0.750324 0.000743252 0.567239 0.00113849 
67 29.0805 0.0430936 883.884 2.73273 0.749705 0.00037962 0.566183 0.000581025 
68 29.7082 0.0465612 921.596 3.02349 0.751029 0.000405587 0.568145 0.000619088 
69 30.1447 0.0384933 947.769 2.52116 0.751232 0.000387132 0.568372 0.00059699 
70 30.9247 0.0608201 997.109 4.09225 0.753918 0.00059951 0.572432 0.000931971 
71 31.4758 0.105435 1032.54 7.2272 0.754207 0.000759092 0.572788 0.00116273 
72 32.0879 0.106049 1072.17 7.68477 0.755176 0.0005657 0.574128 0.000867215 
73 32.5069 0.108389 1099.43 7.64888 0.755098 0.000566252 0.57399 0.000855539 
74 33.2204 0.105482 1147.11 7.62107 0.756869 0.000540496 0.576594 0.000835356 
75 33.651 0.0673729 1176.34 4.74651 0.757002 0.000578778 0.576727 0.000886641 
76 34.3702 0.109842 1226.34 8.09014 0.758385 0.000676115 0.578771 0.00105872 
77 34.9378 0.157907 1266.88 11.7575 0.758529 0.000743021 0.578869 0.00113035 
78 35.5433 0.122598 1310.74 9.90304 0.75978 0.000854409 0.580824 0.00133244 
79 35.9675 0.086282 1340.25 6.7244 0.759709 0.000576036 0.580622 0.000902644 
80 36.7526 0.144712 1399.62 11.7679 0.761666 0.000948174 0.583575 0.00147085 
81 37.1959 0.212155 1432.83 17.2467 0.762319 0.00188666 0.584648 0.00302389 
82 37.8297 0.116861 1479.77 8.82852 0.762831 0.00104784 0.585235 0.00161852 
83 38.41 0.118727 1526.5 10.2739 0.763379 0.000728859 0.586081 0.00115044 
84 38.9789 0.0798909 1570.46 6.87512 0.76407 0.000577579 0.587096 0.000887224 
85 39.4249 0.0893935 1605.53 7.46775 0.763922 0.000773442 0.586767 0.00116349 
86 40.1369 0.0887763 1661.94 7.21729 0.765266 0.000785232 0.588779 0.00121795 
87 41.1167 0.310429 1747.01 28.2867 0.768991 0.00219233 0.594659 0.00349158 
88 41.4717 0.150664 1773.31 12.871 0.768815 0.00166531 0.594299 0.00266008 
89 42.4071 0.385709 1852.79 33.3255 0.7707 0.00339935 0.59716 0.00540414 
90 42.6371 0.164057 1873.36 14.8049 0.769138 0.00151456 0.594638 0.00238399 
91 43.6283 0.431308 1959.33 38.1719 0.773251 0.00350822 0.60097 0.00545506 
92 43.9023 0.314161 1983.89 27.9838 0.771294 0.0027205 0.597905 0.00423303 
93 46.2679 1.36238 2206.09 128.202 0.782293 0.00844075 0.615068 0.0131695 
94 44.9127 0.151393 2075.51 14.0286 0.770709 0.00114087 0.596953 0.00180728 
95 45.7922 0.437452 2156.75 40.9753 0.773555 0.00268137 0.601301 0.00416742 
96 45.9791 0.144784 2174.67 14.582 0.771485 0.00118096 0.598137 0.00189637 
97 46.5616 0.138689 2229.22 13.6667 0.772331 0.00142469 0.599393 0.00229528 
98 47.3375 0.225132 2302.57 21.981 0.773776 0.00235002 0.601647 0.00379917 
99 47.7767 0.166868 2346.28 16.8794 0.77369 0.00134431 0.601469 0.00216476 
100 48.7417 0.340874 2441.3 35.5079 0.776405 0.00253771 0.605677 0.00410346 
101 49.1972 0.360156 2484.36 36.6541 0.775893 0.00253423 0.604826 0.00402416 
102 50.1829 0.586115 2584.53 61.6151 0.779786 0.00508476 0.611097 0.00826785 
103 50.1899 0.145852 2582.68 15.0331 0.774832 0.00105985 0.602988 0.001698 
104 51.1053 0.195907 2676.06 19.8516 0.777338 0.00122818 0.606845 0.00195034 
105 51.5463 0.211132 2723.67 23.1693 0.776961 0.00151706 0.606281 0.00242852 
106 52.4508 0.318616 2820.99 36.1483 0.778973 0.00193993 0.609446 0.00310205 
107 53.5743 0.909928 2949.27 108.192 0.78213 0.00477141 0.614511 0.00769965 
108 53.5353 0.228169 2936.14 26.1074 0.77889 0.0013674 0.609244 0.00218687 
109 53.8687 0.148715 2968.89 16.4499 0.776799 0.00144819 0.605889 0.0022983 
110 54.6983 0.204691 3061.05 22.6848 0.778975 0.00123987 0.609204 0.001961 
111 55.1844 0.189382 3115.37 21.1475 0.779432 0.00130241 0.609902 0.00206381 
112 55.8485 0.182308 3190.97 21.2186 0.780116 0.00112989 0.610972 0.00179932 
113 56.5056 0.293106 3266.35 33.9132 0.780574 0.00160166 0.611671 0.00252087 
114 57.5564 0.794813 3396.36 101.62 0.782529 0.00278179 0.614813 0.00442396 
115 57.1362 0.161568 3336.1 18.2472 0.779343 0.00114535 0.609661 0.00182361 
116 57.7698 0.220206 3410.04 25.8897 0.780207 0.00117058 0.611025 0.00187097 
117 58.3857 0.146055 3481.61 17.2544 0.780403 0.00107014 0.611293 0.00170328 
118 59.2533 0.200065 3584.74 23.9946 0.781617 0.00118969 0.613153 0.00191217 
119 59.8266 0.211062 3653.27 26.2663 0.781645 0.000983382 0.613147 0.00157176 
120 60.5825 0.194889 3743.6 23.6915 0.78253 0.00103677 0.614494 0.00163834 
121 60.9824 0.172007 3791.86 20.221 0.783364 0.00105458 0.615798 0.00166302 
122 62.0003 0.34934 3921.16 43.0284 0.785599 0.00195705 0.619395 0.00308883 
123 62.4564 0.318276 3980.37 41.3474 0.784758 0.00185339 0.618023 0.00297097 
124 62.9425 0.339626 4043.69 44.4294 0.784929 0.00165907 0.618353 0.0026467 
125 63.7546 0.248848 4142.34 31.4786 0.786385 0.00174551 0.620496 0.00277312 
126 63.9257 0.222427 4166.59 28.4076 0.78525 0.00124187 0.61875 0.00197483 
127 65.1397 0.412856 4321.08 54.3446 0.789147 0.00238462 0.624885 0.00381945 
128 65.4081 0.259104 4363.54 35.2276 0.786902 0.00150632 0.621329 0.00243051 
129 66.068 0.311249 4449.36 44.2137 0.786706 0.00162685 0.620963 0.00261599 
130 67.0714 0.424792 4589.8 60.4031 0.788289 0.00193366 0.623508 0.0031153 
131 67.2262 0.222406 4601.74 29.9802 0.786384 0.00147369 0.62039 0.00233406 
132 67.6003 0.303507 4657.15 39.2818 0.786516 0.00125639 0.620626 0.00199781 
133 68.4488 0.273789 4771.2 36.6009 0.787664 0.00193921 0.622355 0.00311447 
134 69.1101 0.330035 4865 44.4923 0.787739 0.00192563 0.622474 0.00309313 
135 69.7469 0.21785 4951.6 30.5657 0.788655 0.00141619 0.623858 0.00227018 
136 70.8007 0.422535 5104.53 60.227 0.790653 0.00159911 0.627032 0.00253063 
137 71.1155 0.425905 5146.19 62.2297 0.790708 0.00229032 0.627106 0.00363994 
138 72.3444 0.556929 5326.24 82.515 0.79219 0.00276321 0.629374 0.00442179 
139 73.0079 0.541269 5424.07 81.421 0.792893 0.0026378 0.63048 0.00419265 
140 74.4857 1.12895 5643.54 169.794 0.796582 0.00422219 0.636358 0.00671714 
141 73.5567 0.361428 5504.74 53.5286 0.790651 0.00183281 0.626961 0.00293768 
142 73.887 0.332768 5550.11 49.6926 0.790472 0.00161553 0.626617 0.00259182 
143 74.6864 0.351625 5667.6 52.9161 0.792569 0.00171665 0.629881 0.00275339 
144 74.9754 0.388018 5713.38 57.9595 0.791531 0.00147693 0.628268 0.00237039 
145 75.7332 0.446952 5828.79 67.9032 0.793068 0.00175023 0.630703 0.00281029 
146 76.2022 0.513197 5897.68 78.6633 0.792966 0.00188672 0.630429 0.00301311 
147 76.4865 0.492287 5944.1 78.8914 0.79197 0.00200197 0.628894 0.0032263 
148 76.8659 0.6 5999.63 95.7583 0.79272 0.00175201 0.629992 0.0028428 
149 77.8996 0.487051 6155.49 77.7418 0.793762 0.00199073 0.631587 0.00318738 
150 78.5036 0.854584 6250.88 141.798 0.795756 0.00284406 0.634716 0.00461003 
151 79.4268 0.571044 6397.46 93.6957 0.795148 0.00158066 0.633749 0.00253231 
152 79.7897 0.724679 6449.24 125.029 0.796238 0.00188292 0.635301 0.00304752 
153 80.3167 0.46548 6541.27 81.1966 0.794455 0.00219021 0.632701 0.00351466 
154 80.2994 0.909571 6522.71 151.807 0.791627 0.00460657 0.628005 0.00732302 
155 82.0815 0.335718 6837.57 56.7974 0.794493 0.00223948 0.632919 0.00359577 
156 83.1381 0.432851 7012.58 73.5204 0.795892 0.00221642 0.635146 0.00356597 
157 83.8154 0.484865 7130.65 85.4272 0.797447 0.00270845 0.637626 0.00436181 
158 84.6004 0.512663 7260.96 89.2143 0.798538 0.00235049 0.639312 0.00378272 
159 84.801 0.440031 7295.6 77.1149 0.797867 0.00236543 0.638287 0.00379503 
160 86.5933 0.71276 7604.63 121.736 0.801958 0.00358389 0.644779 0.00573051 
161 86.2929 0.637817 7553.09 111.864 0.799963 0.00322746 0.641569 0.00518916 
162 88.3524 1.17813 7923.16 209.929 0.803298 0.00465159 0.64694 0.00746281 
163 87.5434 0.495034 7767.71 87.562 0.800054 0.0034138 0.641647 0.00550065 
164 88.3848 0.600699 7919.03 105.47 0.799622 0.00368022 0.640995 0.00591498 
165 88.6877 0.535427 7970.26 97.7812 0.799351 0.00347582 0.64055 0.00558129 
166 90.4405 0.990203 8290.02 178.571 0.802967 0.00436339 0.646334 0.0070196 
167 89.939 0.620096 8198.01 112.63 0.800423 0.00321823 0.642288 0.00518741 
168 90.6158 0.514798 8319.55 93.2352 0.800656 0.00250346 0.642585 0.00403599 
169 91.5239 0.882215 8493.09 169.15 0.80223 0.00389722 0.645185 0.00630607 
170 92.0266 0.566324 8577.13 104.577 0.80257 0.00275142 0.645647 0.00444465 
171 92.9898 0.732187 8754.88 138.05 0.803577 0.00376772 0.647229 0.00610241 
172 92.913 0.557151 8742.62 103.453 0.801815 0.00269549 0.644444 0.0043333 
173 94.0851 0.709538 8962.91 133.393 0.802789 0.00307529 0.645943 0.0049816 
174 94.172 0.57431 8978.9 108.405 0.802302 0.00271374 0.645196 0.00437184 
175 95.205 0.91771 9181.98 174.875 0.804629 0.0036945 0.648934 0.00598814 
176 96.0418 0.795989 9346.85 156.519 0.805512 0.00341231 0.650409 0.00556646 
177 96.2091 0.984795 9366.14 186.825 0.806683 0.00471448 0.652166 0.00764884 
178 97.2459 0.830815 9569.06 164.241 0.807292 0.00351304 0.653204 0.00570704 
179 97.9679 0.974656 9693.97 191.692 0.808525 0.00554829 0.655075 0.0089878 
180 98.7675 0.688594 9850.35 130.791 0.812072 0.00505765 0.660885 0.00817863 
181 101.59 1.21053 10414.2 233.075 0.820505 0.00770615 0.674668 0.0124817 
182 100.011 0.70844 10126.1 145.412 0.805781 0.00290182 0.650794 0.00475301 
183 101.463 1.35362 10428.2 279.989 0.808896 0.00543264 0.655959 0.00888925 
184 100.898 0.524241 10299.3 106.427 0.805391 0.00217052 0.650104 0.00352141 
185 102.198 0.745432 10569.4 151.623 0.807553 0.00274178 0.653581 0.00444824 
186 102.048 0.822172 10531.7 170.384 0.804149 0.00248515 0.647912 0.00404549 
187 103.933 1.04979 10927.9 218.598 0.808549 0.00367679 0.655174 0.00597824 
188 103.45 0.704375 10825.3 145.313 0.805192 0.0024375 0.649692 0.0039394 
189 104.164 0.849073 10973.6 176.504 0.805952 0.00323496 0.65099 0.00524198 
190 104.638 0.655508 11071.1 138.143 0.805925 0.00267448 0.650839 0.00432779 
191 105.586 0.6856 11269.5 143.339 0.807468 0.00245718 0.65331 0.00398209 
192 106.087 0.665453 11374.5 139.558 0.807029 0.00249104 0.652591 0.00403289 
193 107.271 0.877217 11627.7 186.527 0.808606 0.00289613 0.655113 0.00469289 
194 107.534 0.746137 11689.8 158.207 0.807874 0.00264819 0.65397 0.00428622 
195 109.367 1.06824 12092.1 225.28 0.811709 0.00506196 0.660192 0.00822705 
196 109.225 0.804907 12063.6 177.96 0.809257 0.00267317 0.6562 0.00434621 
197 109.511 0.814456 12120.6 182.026 0.807828 0.00218158 0.653763 0.00352804 
198 110.507 1.0111 12339.6 227.924 0.808848 0.00308788 0.655438 0.00502935 
199 110.674 0.924436 12377.5 203.38 0.807832 0.0023987 0.653823 0.00385845 
200 111.377 0.768925 12534.5 171.197 0.808163 0.00273944 0.654387 0.00442866 
201 112.903 1.25357 12879.9 289.814 0.808836 0.0028796 0.655361 0.00465683 
202 112.367 0.747323 12757.4 168.361 0.808031 0.00267202 0.654173 0.00433885 
203 114.225 1.90259 13191.1 442.475 0.809518 0.00401968 0.656472 0.00644888 
204 113.516 0.939688 13015.6 214.883 0.808471 0.00280748 0.654861 0.00455472 
205 114.147 1.18869 13164.2 275.244 0.808361 0.00387389 0.654693 0.0062432 
206 114.72 1.10427 13293 258.679 0.808715 0.00357347 0.655244 0.00575296 
207 114.641 0.971366 13265.1 226.418 0.806206 0.00482496 0.651211 0.00770895 
208 115.733 0.897905 13523.4 208.694 0.80727 0.0038126 0.652886 0.00611138 
209 115.996 0.883164 13575.5 208.726 0.806434 0.00411828 0.651512 0.00660738 
210 117.045 0.819866 13826 196.58 0.806338 0.00366366 0.651366 0.00589001 
211 117.444 0.966403 13913.6 232.89 0.806984 0.00410949 0.652366 0.00663636 
212 118.627 0.79566 14201.3 192.163 0.808515 0.00281369 0.654861 0.00452321 
213 119.206 0.881901 14338.7 210.204 0.809529 0.00292286 0.656433 0.0047526 
214 120.466 0.873882 14643.2 211.415 0.811418 0.00276019 0.659547 0.00451352 
215 120.731 1.00575 14715.9 240.908 0.811584 0.00279063 0.659786 0.0045491 
216 121.664 0.809831 14939.3 198.297 0.811775 0.00226648 0.660052 0.00370785 
217 121.938 1.07061 15007.4 263.579 0.811258 0.0030419 0.659199 0.00495289 
218 123.493 0.975202 15399.6 244.723 0.812767 0.00211169 0.661638 0.00345554 
219 122.848 1.06998 15232 267.272 0.810483 0.00249451 0.657931 0.00405558 
220 123.367 0.877417 15357.9 220.155 0.809934 0.00223046 0.657005 0.00361287 
221 123.565 1.16519 15410.3 292.103 0.810041 0.00246262 0.657167 0.0040131 
222 124.783 0.835205 15716.5 214.964 0.811549 0.00211913 0.659604 0.00347441 
223 125.079 0.870341 15783.1 225.019 0.811186 0.00188592 0.658981 0.00302187 
224 127.074 1.134 16313.5 295.019 0.813441 0.00271924 0.662828 0.00446977 
225 126.053 0.940168 16036.8 237.722 0.809475 0.00185883 0.656199 0.00302579 
226 126.807 1.07411 16229.6 274.203 0.810531 0.00176436 0.657922 0.00285857 
227 126.508 1.48513 16157.6 376.938 0.811052 0.00228519 0.658762 0.00366431 
228 126.677 1.06108 16189.7 272.229 0.810359 0.00197755 0.657588 0.00317943 
229 127.29 1.29099 16345.3 330.661 0.810537 0.00182426 0.657899 0.00293869 
230 127.887 1.47488 16496.3 381.046 0.811204 0.00231706 0.658948 0.00371753 
231 127.378 1.97059 16362.3 514.871 0.814735 0.00303957 0.664567 0.00482804 
232 127.396 1.55406 16351 410.534 0.814034 0.00334911 0.663376 0.0053548 
233 128.354 1.42906 16582.5 384.63 0.816693 0.00319674 0.66759 0.00510561 
234 131.845 0.790244 17528.7 211.282 0.809491 0.00204677 0.656224 0.00333698 
235 133.079 0.809892 17849.7 216.003 0.810304 0.00214044 0.657476 0.00351552 
236 132.626 0.91824 17733.5 246.021 0.80852 0.00233329 0.654651 0.00378804 
237 133.94 1.2141 18082.6 332.603 0.811877 0.00291825 0.660073 0.00477165 
238 133.551 0.88281 17978.8 237.05 0.809308 0.00192372 0.655871 0.00312895 
239 135.07 1.33277 18382 363.458 0.81186 0.00325568 0.660007 0.00530722 
240 135.24 0.80546 18430.2 222.994 0.809247 0.00197737 0.655772 0.00320313 
241 136.852 0.97497 18865.1 266.552 0.811032 0.00181758 0.658592 0.00297188 
242 136.956 0.891559 18901.3 245.008 0.81079 0.00180681 0.658279 0.0029299 
243 137.441 0.872041 19033.1 242.027 0.810945 0.00188204 0.658519 0.00306884 
244 138.011 0.881117 19197.6 246.368 0.810598 0.00163054 0.657989 0.00265749 
245 139.119 0.82768 19505 234.486 0.811551 0.00184327 0.659493 0.00300309 
246 138.917 0.978839 19451.7 277.658 0.80958 0.00234791 0.65641 0.00380141 
247 140.119 0.648959 19787.6 183.535 0.811345 0.00169551 0.659197 0.00275579 
248 141.209 0.916167 20096.4 264.105 0.81271 0.00210084 0.661434 0.00345443 
249 141.619 0.912429 20204 261.013 0.812039 0.00195441 0.66026 0.00317976 
250 142.225 0.967508 20375.5 279.841 0.812228 0.00195771 0.660575 0.0031845 
251 143.187 0.844176 20652.1 244.68 0.812546 0.00203328 0.661061 0.00330936 
252 143.417 0.912753 20717.9 265.989 0.812164 0.00175784 0.660474 0.00286044 
253 144.3 0.769191 20969.5 226.751 0.813161 0.00170705 0.662052 0.00278296 
254 144.891 0.840674 21137.7 246.799 0.812307 0.00171059 0.660666 0.00278554 
255 145.269 0.837218 21254.4 245.233 0.813042 0.00181116 0.66188 0.0029403 
256 146.151 0.877057 21513.8 259.332 0.813622 0.0018011 0.662835 0.00293593 
257 146.861 0.903395 21710.6 267.006 0.814597 0.00175437 0.664351 0.00284891 
258 147.413 0.870196 21870.9 258.875 0.813091 0.00191116 0.661877 0.00311169 
259 147.909 1.09007 22025.5 327.701 0.814468 0.00212974 0.66415 0.00346031 
260 149.143 1.04386 22405.4 314.714 0.815239 0.00169244 0.665473 0.0027557 
261 149.341 1.05504 22449.8 315.342 0.815634 0.00312106 0.666065 0.00507598 
262 149.886 1.06978 22623.9 327.082 0.814635 0.00190625 0.664441 0.00308678 
263 150.249 1.06431 22729.1 323.403 0.814354 0.00191308 0.66397 0.00311849 
264 151.583 1.23838 23146.6 383.207 0.814525 0.00230301 0.664274 0.00375494 
265 152.06 1.10537 23276.3 338.008 0.815372 0.00203976 0.665648 0.00331975 
266 152.904 1.14238 23538.8 351.324 0.814234 0.00181671 0.663763 0.00296441 
267 153.612 1.29989 23757 403.459 0.815261 0.00265934 0.665504 0.00428362 
268 155.386 1.67078 24314.2 524.017 0.817467 0.00292176 0.669062 0.00477401 
269 155.392 1.16363 24303.4 366.156 0.817647 0.00207141 0.6693 0.00339328 
270 158.01 1.76779 25139 558.976 0.820012 0.00291323 0.67319 0.00476083 
271 156.549 1.29567 24666.9 408.191 0.81713 0.00214104 0.668461 0.00350781 
272 157.943 1.84841 25118.1 591.699 0.817752 0.00287718 0.669497 0.00471121 
273 158.574 1.66209 25306.7 533.485 0.817915 0.00264071 0.669714 0.00432343 
274 160.39 1.75357 25903.4 567.601 0.819708 0.00318439 0.672707 0.00522032 
275 160.78 1.73418 26028.7 567.118 0.81936 0.00277276 0.672086 0.0045539 
276 161.358 1.60143 26206.4 520.689 0.818671 0.00270208 0.670937 0.00441889 
277 161.569 1.97291 26263.4 643.016 0.817953 0.00285495 0.669694 0.00466241 
278 162.531 1.83678 26594.9 599.916 0.818347 0.0025623 0.670421 0.00419174 
279 162.459 2.04547 26558.9 674.203 0.818738 0.00302583 0.671008 0.00495929 
280 164.026 1.87709 27091.1 626.975 0.819022 0.0027258 0.671534 0.00448766 
281 163.374 1.52418 26854.8 506.434 0.817856 0.0025963 0.669571 0.00424725 
282 167.833 2.20047 28357.9 743.364 0.821369 0.00285806 0.675296 0.00469849 
283 164.084 1.94846 27088.7 649.606 0.817747 0.00324187 0.669447 0.00528232 
284 165.402 1.85264 27536.8 625.945 0.818974 0.00312685 0.671467 0.00512424 
285 165.995 1.70647 27722.4 578.471 0.819106 0.00303816 0.671662 0.00497531 
286 167.54 2.54837 28258 868.343 0.821094 0.00397962 0.674963 0.00652278 
287 167.086 2.30648 28077.3 782.65 0.819457 0.00423748 0.672197 0.00691513 
288 168.126 1.98742 28452.3 682.195 0.819818 0.00339008 0.672874 0.00555859 
289 168.344 1.84777 28516.9 635.244 0.819174 0.00282663 0.671779 0.00464764 
290 169.15 2.23395 28797.6 775.549 0.818575 0.00399755 0.67089 0.00652733 
291 169.903 1.97931 29048.9 682.234 0.819899 0.0029782 0.67295 0.00487515 
292 171.017 2.70706 29448.1 940.78 0.82066 0.00395531 0.674273 0.0064799 
293 171.733 2.94344 29704.3 1025.7 0.82009 0.00442703 0.673358 0.00726493 
294 173.217 3.08653 30224 1087.43 0.821991 0.00442564 0.676468 0.0072777 
295 172.618 3.17582 30005.3 1116.02 0.82034 0.00471033 0.673734 0.0077391 
296 173.867 2.89588 30446.7 1020.79 0.820882 0.00416158 0.674634 0.00683109 
297 174.308 2.64616 30606.3 932.201 0.820183 0.00375216 0.673503 0.00613363 
298 174.865 3.19357 30800 1135.79 0.82095 0.00459249 0.674757 0.00755373 
299 174.941 2.78036 30817.7 985.912 0.819767 0.00429808 0.672784 0.00704193 
300 176.45 2.90957 31358.2 1046.8 0.821317 0.00427596 0.675336 0.00702781 
301 176.672 3.07305 31436.3 1096.77 0.820257 0.00460128 0.673587 0.00752393 
302 176.967 2.86539 31534.2 1030.93 0.821126 0.00430854 0.675018 0.00706226 
303 177.44 3.04276 31703.7 1093.32 0.819366 0.00473966 0.672134 0.00776188 
304 178.594 3.66776 32136.6 1330.54 0.820054 0.00539684 0.673318 0.00886757 
305 179.231 3.31398 32362.2 1201.72 0.820313 0.00503993 0.673712 0.00824163 
306 179.103 3.77659 32327.5 1373.59 0.819346 0.00552852 0.672174 0.00907175 
307 180.531 4.0757 32868.1 1494.93 0.820328 0.00602321 0.673852 0.0098868 
308 179.128 3.73795 32334 1371.94 0.816885 0.00546495 0.668115 0.00897302 
309 179.736 3.76916 32540.6 1383.49 0.816449 0.00591943 0.667401 0.00970077 
310 181.664 3.20807 33240 1187.29 0.819064 0.00477142 0.671662 0.00781654 
311 179.675 3.55692 32511.3 1311.17 0.813393 0.00621882 0.662425 0.0101745 
312 183.754 3.26776 34009.3 1217.33 0.820565 0.00457903 0.674103 0.00750909 
313 180.206 3.02902 32672.6 1127.91 0.811236 0.00535763 0.658821 0.00876437 
314 185.267 3.32119 34568.6 1250.04 0.820425 0.00463883 0.673896 0.00760593 
315 185.549 2.73134 34654.9 1020.37 0.819381 0.00453295 0.672148 0.00739172 
316 186.579 2.85494 35048.8 1078.72 0.820784 0.00418469 0.674484 0.00684809 
317 186.812 3.29046 35113.4 1238.78 0.819477 0.00525229 0.672245 0.0085887 
318 188.315 3.03074 35702.9 1154.9 0.82141 0.00467521 0.675488 0.00766107 
319 189.217 3.32069 36025.1 1263.4 0.821419 0.00494849 0.67542 0.00811158 
320 189.666 3.19241 36213.2 1228.96 0.821744 0.00486484 0.676049 0.00800635 
321 191.312 3.17778 36846.7 1243.55 0.822111 0.00519999 0.676634 0.00861577 
322 193.693 3.01492 37784.4 1185.51 0.825681 0.00480468 0.68259 0.00796415 
323 195.288 3.90257 38392.4 1530.7 0.826298 0.00622254 0.683511 0.0102701 
324 197 3.33139 39096 1319.77 0.829335 0.0050773 0.688623 0.00841013 
325 193.298 3.17374 37594.6 1276.7 0.820828 0.00530749 0.674454 0.00882851 
326 198.378 4.17468 39642.2 1658.2 0.829908 0.00620497 0.689604 0.0102829 
327 197.641 3.52663 39353.9 1422.34 0.826873 0.00504576 0.68455 0.00836576 
328 195.599 2.87682 38501.6 1139.05 0.822955 0.00390151 0.677982 0.00640368 
329 195.357 2.69345 38431.5 1080.23 0.822606 0.0034447 0.677414 0.00568234 
330 196.395 3.24437 38814.8 1285.72 0.822565 0.00465997 0.677342 0.00763619 
331 196.663 2.9742 38915.8 1185.23 0.822218 0.00409523 0.676755 0.00672106 
332 197.856 3.0425 39388.1 1215.93 0.822576 0.0043141 0.677345 0.00708177 
333 198.302 2.8262 39549.3 1141.66 0.822874 0.00376133 0.677771 0.00620892 
334 199.288 2.92059 39954.2 1178.01 0.823075 0.00398042 0.678144 0.00654793 
335 198.931 2.7259 39789 1102.59 0.821932 0.00341392 0.676192 0.00561928 
336 200.119 2.65012 40275.1 1078.39 0.822626 0.0036154 0.677366 0.00595091 
337 199.738 2.41848 40057.3 994.91 0.819864 0.00315532 0.672657 0.00522668 
338 201.983 2.79789 41038.7 1142.41 0.823778 0.00375477 0.679289 0.00617494 
339 204.055 3.35372 41901.8 1382.11 0.826012 0.00431645 0.682966 0.00710518 
340 203.983 2.80131 41855.3 1147.55 0.82507 0.00373856 0.681396 0.00614697 
341 203.111 2.95124 41492.3 1209.97 0.823009 0.00379519 0.677971 0.00622739 
342 205.191 3.07895 42340.8 1269.25 0.82533 0.00399357 0.68182 0.00654891 
343 206.407 3.38653 42870.7 1412.68 0.825378 0.00413422 0.681925 0.0067822 
344 205.742 2.79812 42558.5 1158.64 0.824267 0.00388246 0.680041 0.00634872 
345 206.469 2.9703 42870.9 1231.52 0.824068 0.00414776 0.679751 0.0067978 
346 207.382 2.68223 43242.5 1121.13 0.824727 0.00330164 0.680812 0.00542836 
347 208.158 2.54077 43553.5 1063.98 0.824053 0.00350657 0.679672 0.0057628 
348 208.929 3.8194 43902.5 1596 0.825729 0.00540536 0.682513 0.00884128 
349 210.282 3.18722 44468.9 1352.43 0.826132 0.00408274 0.683135 0.00670666 
350 211.612 3.25202 45061.1 1374.65 0.828128 0.00441054 0.686539 0.0072625 
351 210.311 2.68171 44454.5 1134.66 0.825278 0.00359429 0.681658 0.00587413 
352 211.29 3.96246 44911 1677.12 0.824826 0.00504041 0.68098 0.00824715 
353 211.618 2.79499 45004.7 1182.8 0.82561 0.00352846 0.682171 0.00574648 
354 212.045 4.17131 45232.3 1797.2 0.823322 0.00486093 0.678419 0.00797414 
355 212.47 3.03115 45380.7 1294 0.826826 0.00354152 0.684182 0.00580213 
356 213.005 4.34574 45634.4 1873.97 0.822621 0.0054912 0.677328 0.00898218 
357 214.729 3.181 46357.2 1376.22 0.825045 0.00389212 0.681295 0.00636667 
358 214.526 3.84611 46260.8 1664.65 0.823492 0.0047508 0.678737 0.0077685 
359 216.001 2.93312 46915.5 1282.49 0.823497 0.00387762 0.678788 0.0063806 
360 216.672 3.25982 47196.3 1421.04 0.824398 0.00424788 0.680234 0.00695086 
361 217.927 3.54868 47761.8 1560.19 0.825663 0.00443542 0.682339 0.00732755 
362 218.236 3.47375 47892.2 1525.64 0.824789 0.00411667 0.680877 0.00676525 
363 219.015 3.10749 48234.4 1374.14 0.825417 0.00382132 0.68193 0.00624988 
364 221.128 3.6742 49185.3 1638.76 0.827401 0.00432543 0.685247 0.00708047 
365 221.25 4.61608 49245.1 2079.6 0.826549 0.00571507 0.683894 0.00939276 
366 222.931 4.15797 50027 1872.38 0.826367 0.00495534 0.683561 0.0081271 
367 221.688 3.3859 49403.7 1533.69 0.824405 0.00411603 0.680222 0.00677146 
368 222.212 2.86028 49623.2 1289.19 0.826108 0.00339289 0.683014 0.0055639 
369 222.398 2.76357 49701.1 1252.08 0.8243 0.00373792 0.680014 0.00615165 
370 223.607 2.90266 50252.5 1312.42 0.825923 0.0033738 0.682736 0.00551376 
371 224.04 2.95889 50415.8 1349.34 0.822972 0.0039456 0.677828 0.0064849 
372 225.601 2.75165 51141.4 1256.71 0.825792 0.00315948 0.682497 0.00517355 
373 226.412 2.60809 51468 1197.49 0.822968 0.00466848 0.67784 0.00770545 
374 226.93 4.60238 51780.4 2092.12 0.824475 0.00721412 0.680547 0.0116219 
375 226.442 2.66509 51501.3 1221.24 0.822689 0.00428655 0.677409 0.00704856 
376 228.24 2.4732 52320.3 1138.16 0.82739 0.00326212 0.685121 0.00535913 
377 231.159 3.27998 53639.5 1531.97 0.828349 0.00515339 0.686678 0.00852587 
378 230.425 3.19009 53328.5 1490.39 0.829157 0.00401376 0.688055 0.00661101 
379 240.274 4.86634 58023.1 2319.14 0.840845 0.00715494 0.707664 0.0119754 
380 232.026 2.67258 54083.2 1250.71 0.829156 0.00291646 0.688062 0.00479333 
381 230.887 2.51855 53527.1 1176.02 0.825756 0.00267946 0.682344 0.00440356 
382 232.598 2.31362 54324.6 1088.53 0.82878 0.00286365 0.687378 0.00470905 
383 232.381 2.44043 54212.4 1147.01 0.82663 0.00299076 0.683756 0.00492451 
384 233.884 2.329 54911 1093 0.828906 0.00303953 0.687544 0.0049982 
385 234.452 2.47688 55171.2 1164.41 0.827783 0.00290829 0.685656 0.00476801 
386 236.347 2.19414 56051.7 1030.39 0.831104 0.00299813 0.691149 0.00493792 
387 237.12 2.33373 56445.4 1110.77 0.830564 0.00285857 0.690265 0.00471883 
388 238.279 2.18894 56959.5 1005.28 0.832063 0.00357212 0.692722 0.00585848 
389 236.944 2.92851 56381.9 1392.78 0.828248 0.00318426 0.68645 0.00523036 
390 239.874 3.05686 57732.1 1435.22 0.832752 0.00519799 0.693915 0.00858748 
391 238.042 2.83479 56897.7 1344.17 0.827508 0.00330491 0.685226 0.00543979 
392 242.991 2.5932 59230.9 1230.08 0.834235 0.00448501 0.696367 0.00738848 
393 237.161 2.80422 56470.4 1339.76 0.824345 0.00291063 0.679986 0.00478568 
394 239.298 3.24822 57517.2 1559.18 0.82659 0.00332437 0.683748 0.00547033 
395 239.26 3.32603 57495.9 1593.33 0.82601 0.00313601 0.682744 0.00517765 
396 240.526 3.14489 58103.6 1518.07 0.826559 0.00305541 0.683653 0.00503 
397 241.338 2.56929 58471.7 1236.39 0.826254 0.00288401 0.683105 0.00475813 
398 242.271 2.95973 58929.7 1435.15 0.828058 0.00306325 0.686105 0.00505557 
399 242.272 2.79109 58933.6 1356.98 0.827029 0.00344026 0.684443 0.00568379 
400 244.2 2.31844 59870 1129.47 0.829506 0.00292305 0.688537 0.00482262 
401 244.425 2.77991 59988.7 1353.74 0.828286 0.00352271 0.686514 0.00581584 
402 248.115 2.76438 61787.7 1353.87 0.832742 0.00368311 0.693885 0.00608343 
403 244.562 2.61155 60040.3 1270.09 0.829554 0.00325075 0.688549 0.00536945 
404 250.968 2.61553 63186.5 1273.94 0.836152 0.00476986 0.699544 0.00788753 
405 248.065 2.94906 61759 1444.96 0.830648 0.00376389 0.690382 0.006219 
406 253.325 2.31271 64376.6 1135.99 0.837246 0.00358231 0.701358 0.00592472 
407 247.288 2.66425 61428.3 1326.8 0.826685 0.00264443 0.683843 0.00437051 
408 250.611 2.60081 63066.7 1315.12 0.830486 0.00257378 0.690112 0.00426199 
409 248.128 2.72864 61843 1351.78 0.82608 0.00283676 0.682875 0.00467227 
410 251.849 2.86612 63712 1436.46 0.829111 0.00297043 0.687869 0.00491725 
411 251.249 3.10876 63397.8 1546.51 0.82803 0.00310151 0.686058 0.00510401 
412 253.157 2.95386 64384.9 1483.84 0.829624 0.00292136 0.688722 0.00484154 
413 249.991 2.98615 62755.5 1516.71 0.825958 0.00330447 0.682629 0.00547165 
414 250.909 3.11698 63233.2 1575.97 0.825795 0.00313466 0.682377 0.00519552 
415 250.686 2.84424 63102.9 1427.39 0.824956 0.00254535 0.680961 0.00417128 
416 251.253 2.65771 63389.5 1339.56 0.824709 0.00255876 0.68056 0.00422559 
417 250.875 3.36399 63187.5 1709.55 0.824319 0.00364354 0.6799 0.00602471 
418 251.925 3.10744 63734.2 1581.36 0.82438 0.00278455 0.680004 0.00459455 
419 252.563 2.69971 64046.4 1377.6 0.82483 0.00287037 0.680753 0.00473612 
420 253.415 3.1396 64470.7 1606.47 0.824574 0.00267542 0.68032 0.00441182 
421 253.392 2.56154 64443.2 1312.97 0.824254 0.0028964 0.679792 0.00477628 
422 253.115 2.97143 64321.9 1523.58 0.82219 0.00359773 0.67641 0.00593542 
423 253.815 2.7566 64655.8 1406.59 0.822917 0.00283395 0.67759 0.00464143 
424 253.928 2.76828 64712.3 1430.9 0.822358 0.00325831 0.676679 0.00538597 
425 255.366 2.23728 65439.5 1148.09 0.823487 0.00258256 0.678524 0.00425937 
426 256.492 2.40532 66010.2 1248.28 0.822564 0.00360481 0.676999 0.00594707 
427 257.164 2.17655 66366.8 1119.05 0.824673 0.00267527 0.680448 0.00439466 
428 257.44 2.64958 66530.8 1376.74 0.824721 0.0028408 0.680541 0.00467603 
429 258.192 2.55109 66915.9 1317 0.825678 0.00263743 0.682131 0.00432464 
430 259.06 2.92364 67383 1530.32 0.826308 0.00329065 0.683193 0.00542722 
431 259.678 2.47608 67682 1295.63 0.826622 0.00253231 0.683678 0.00417201 
432 261.328 3.37746 68572.4 1769.24 0.828754 0.00325777 0.687203 0.00538474 
433 260.578 4.01552 68165.6 2097.23 0.827993 0.00408006 0.685952 0.00671467 
434 259.501 3.00279 67593.4 1587.33 0.82786 0.00265707 0.685671 0.00438625 
435 258.888 2.42759 67265.5 1283.66 0.827209 0.00309278 0.684651 0.00504917 
436 263.035 3.36115 69465.5 1794.07 0.830789 0.00273914 0.690549 0.00452154 
437 260.91 2.80968 68317.8 1506.69 0.829353 0.00301329 0.688194 0.00496323 
438 263.374 3.67199 69662.1 1978.78 0.831636 0.00361354 0.691999 0.00593786 
439 260.733 1.91737 68171.1 1031.9 0.830056 0.00334018 0.689333 0.00547339 
440 262.26 3.00074 69011.2 1641.15 0.832083 0.00399843 0.692719 0.00655405 
441 261.65 1.69132 68609.5 923.418 0.832481 0.00260302 0.693303 0.00425955 
442 262.405 1.56165 68964.9 848.76 0.835012 0.00261516 0.697434 0.00429674 
443 263.178 1.48245 69384.8 820.721 0.833662 0.00267851 0.695227 0.00438117 
444 263.374 1.10203 69448.9 608.104 0.835991 0.00206269 0.699045 0.00339293 
445 265.046 1.2319 70336.9 689.805 0.835543 0.00215885 0.698324 0.00353571 
446 266.225 0.775147 70926.4 437.795 0.83879 0.00146108 0.703678 0.00239782 
447 268.276 1.34523 72079.4 751.996 0.835811 0.00312992 0.698806 0.00513799 
448 269.552 0.915616 72732.2 495.025 0.83686 0.00279947 0.700509 0.00461121 
449 272.154 2.66799 74324.4 1458.59 0.827329 0.00313988 0.684855 0.00518424 
450 270.326 2.85992 73277.1 1569.11 0.825196 0.00211189 0.681244 0.00348097 
451 271.338 2.41142 73859.7 1317.62 0.824105 0.00249984 0.67951 0.00411961 
452 273.087 2.5092 74808.6 1368.12 0.825173 0.00304009 0.681263 0.0050022 
453 273.849 3.07244 75254.6 1689.92 0.825401 0.00319793 0.681673 0.00526476 
454 274.563 2.82207 75633.3 1555.67 0.825329 0.00293724 0.681516 0.00484041 
455 275.533 3.74477 76211.2 2089.36 0.82473 0.00331245 0.680563 0.00544427 
456 278.618 2.80991 77923.6 1562.21 0.828433 0.00277522 0.686681 0.00459787 
457 275.87 2.5316 76398.5 1408.05 0.824748 0.00275258 0.680607 0.00454628 
458 280.416 3.16915 78988.4 1804.89 0.829531 0.00351437 0.688611 0.00585917 
459 275.569 2.20308 76206 1227.22 0.823251 0.00247054 0.678116 0.00407597 
460 277.604 2.63943 77350.8 1482.73 0.824893 0.00255216 0.680809 0.00420856 
461 276.885 2.75282 76946.8 1524.98 0.823447 0.00338416 0.678447 0.00555559 
462 277.855 2.49798 77496 1393.2 0.823973 0.00251044 0.679321 0.00414354 
463 276.458 2.63831 76693.6 1476.45 0.823085 0.00285159 0.677838 0.00470054 
464 278.255 2.45364 77707.3 1369.97 0.822973 0.00268753 0.677669 0.00442422 
465 278.507 2.4084 77837.5 1348.29 0.82328 0.00280095 0.678146 0.00461592 
466 278.603 2.85602 77896.1 1606.56 0.821867 0.00287414 0.675826 0.00472832 
467 278.758 3.08774 77983.2 1728.1 0.822935 0.00352681 0.677613 0.00578756 
468 279.238 3.34142 78253.9 1879.86 0.822606 0.00333812 0.677073 0.00548258 
469 280.88 3.36697 79189.8 1899.62 0.823641 0.00354088 0.678782 0.00582399 
470 281.069 2.43929 79249.4 1382.87 0.823334 0.00303975 0.678226 0.00499528 
471 280.669 2.67037 79030.2 1525.41 0.822528 0.00250389 0.676916 0.00411904 
472 282.446 2.60201 80021.6 1476.02 0.824049 0.00297335 0.679406 0.00488762 
473 282.861 3.05205 80293 1748.81 0.823704 0.00338696 0.678873 0.00556813 
474 282.079 2.57288 79806.9 1474.41 0.822852 0.00269011 0.677428 0.00443182 
475 283.995 3.80125 80935.7 2174.92 0.824007 0.00372141 0.679374 0.00610803 
476 282.699 2.37196 80140 1366.52 0.823252 0.00248301 0.678039 0.00408397 
477 284.913 2.85027 81448.2 1640.6 0.823909 0.00317428 0.679217 0.00522011 
478 283.645 2.15046 80649 1244.48 0.822284 0.00242384 0.676426 0.00398984 
479 285.788 2.93171 81924.3 1680.23 0.823367 0.00365205 0.678311 0.00601725 
480 285.935 2.13494 81968.4 1242.27 0.823036 0.00281326 0.677675 0.00463713 
481 288.176 3.23707 83324.1 1868.71 0.825165 0.00391558 0.681299 0.00646155 
482 289.271 2.61019 83913.2 1525.72 0.826198 0.00298268 0.682917 0.00493052 
483 292.644 3.88406 85924.9 2261.56 0.828047 0.00455642 0.686048 0.0075249 
484 294.074 4.68976 86763.8 2763.78 0.828645 0.00451108 0.687005 0.00747128 
485 295.106 3.95132 87393.3 2324.21 0.829175 0.00407823 0.687923 0.00674066 
486 290.452 1.94512 84574.9 1168.51 0.825284 0.00205233 0.681374 0.00341012 
487 293.439 2.96862 86420.4 1730.35 0.82708 0.00459402 0.684526 0.00761635 
488 294.796 3.64213 87221.9 2161.85 0.827235 0.00378024 0.684745 0.00629299 
489 292.164 3.872 85678.2 2277.03 0.824303 0.00409502 0.679916 0.00675209 
490 292.436 2.82416 85754.8 1685.2 0.824068 0.00290711 0.679405 0.00479191 
491 296.915 4.31758 88578.2 2596.59 0.827128 0.00474752 0.684649 0.00788503 
492 292.781 2.17767 85946.8 1300.18 0.821812 0.00236784 0.675677 0.00391326 
493 293.618 2.60885 86451.4 1526.15 0.824704 0.00377066 0.680557 0.00623838 
494 292.696 2.51943 85874.2 1495.88 0.821328 0.00256805 0.674842 0.0042525 
495 295.053 3.35879 87342.7 1979.44 0.823957 0.00393682 0.679303 0.0064984 
496 293.354 3.11722 86308.1 1851.9 0.821335 0.00279686 0.674883 0.00462066 
497 295.534 3.14209 87638.6 1857.38 0.823683 0.00387536 0.678832 0.00637843 
498 294.795 2.2307 87121.3 1325.59 0.822234 0.00263324 0.676323 0.00432556 
499 296.097 2.74064 88007.4 1618.82 0.822152 0.00343496 0.676325 0.00564359 
500 295.027 2.37719 87229.8 1428.69 0.821384 0.00231787 0.674902 0.00382667 
501 297.378 3.53883 88768.6 2115.38 0.822302 0.00359929 0.676584 0.00592577 
502 295.583 2.63653 87627.5 1590.4 0.820169 0.00252291 0.672947 0.0041548 
503 297.808 3.00943 89045.8 1795.25 0.820879 0.00320571 0.674233 0.00526315 
504 295.05 2.97851 87376.4 1767.2 0.818921 0.00298645 0.670936 0.00489065 
505 299.045 2.99393 89751.3 1789.36 0.821007 0.00315103 0.674411 0.00517261 
506 297.789 2.69496 88938.3 1630.39 0.820292 0.00250114 0.673154 0.00409587 
507 299.388 2.60907 89915.4 1594.77 0.821297 0.00248797 0.674841 0.00408484 
508 298.499 1.42706 89210.2 880.572 0.820422 0.00103812 0.673207 0.00169877 
509 301.564 3.46205 91308 2071.73 0.820847 0.00365653 0.674176 0.00598589 
510 300.542 4.08664 90683.7 2467.14 0.819131 0.00341116 0.671308 0.00559945 
511 302.278 3.40645 91791 2045.82 0.819781 0.00343912 0.672473 0.00562673 
512 300.868 3.88314 90914.6 2325.31 0.817964 0.00377409 0.669455 0.00616415 
513 300.43 5.09395 90705 3018.66 0.817259 0.00505428 0.668381 0.00822329 
514 301.787 3.22664 91441.4 1942.99 0.818475 0.0035294 0.670291 0.00576687 
515 305.829 5.20657 93937.9 3163.13 0.821673 0.00535828 0.675592 0.00879503 
516 303.038 3.21297 92148.7 1967.39 0.81808 0.00314922 0.669565 0.00515368 
517 305.497 4.51517 93777.5 2770.13 0.818622 0.00417401 0.670566 0.00681774 
518 302.518 3.93849 91872.4 2355.78 0.815893 0.00398668 0.666048 0.00647257 
519 306.944 5.72042 94663.8 3498.25 0.81879 0.00456566 0.670823 0.00744621 
520 302.793 5.18045 92128.8 3175.63 0.815058 0.00502335 0.664754 0.00818707 
521 304.749 4.40767 93269.7 2695.84 0.817191 0.0037171 0.668213 0.00606239 
522 307.265 4.36252 94842.2 2689.23 0.819491 0.00430684 0.672026 0.00706616 
523 306.059 4.55248 94097.6 2780.82 0.816902 0.00402923 0.667762 0.00656999 
524 308.772 5.54775 95731.2 3433.88 0.818677 0.00522622 0.670629 0.00856268 
525 306.861 3.64183 94559.1 2268.7 0.81734 0.00330657 0.668449 0.00539646 
526 306.471 2.52491 94157.9 1588.03 0.815351 0.00234079 0.665036 0.00384311 
527 306.286 4.37966 94135.8 2704.61 0.818647 0.00398005 0.670526 0.00650022 
528 306.89 3.66897 94463.3 2298.78 0.818175 0.00280909 0.669704 0.00458471 
529 307.278 2.42642 94640.6 1532.28 0.820083 0.00260266 0.672783 0.0042233 
530 307.547 3.73583 94855.6 2296.33 0.818311 0.00406101 0.669936 0.00658075 
531 307.95 4.51635 95240.3 2750.59 0.813854 0.00430516 0.662765 0.00699247 
532 305.651 6.80859 93903.4 4151.34 0.811212 0.00590866 0.658528 0.00957757 
533 307.815 4.91339 95194.1 3010.03 0.812414 0.00470991 0.660452 0.00764191 
534 305.229 5.96419 93600.2 3656.6 0.809913 0.00579649 0.656394 0.00939095 
535 311.003 3.75101 97121.4 2329.39 0.814789 0.00358308 0.664271 0.00580918 
536 312.66 4.54295 98131.1 2897.34 0.816221 0.00356605 0.666556 0.00581859 
537 312.089 4.30744 97692.5 2675.09 0.81817 0.00435327 0.669707 0.00705947 
538 312.203 2.37494 97684.1 1487.38 0.819515 0.00366982 0.671846 0.00593803 
539 314.042 1.39227 98731.8 860.618 0.823829 0.0018354 0.678823 0.00295902 
540 314.243 1.99298 98894.1 1240.49 0.82218 0.00266288 0.676155 0.00431614 
541 317.042 5.36746 100936 3329.4 0.819809 0.00681251 0.672603 0.0111641 
542 315.252 5.79526 99818 3600.23 0.816456 0.00645639 0.667103 0.0105496 
543 319.612 5.49171 102575 3461.47 0.821301 0.00677314 0.675076 0.0111372 
544 321.866 4.92221 104021 3106.83 0.824111 0.00658738 0.679733 0.0108341 
545 330.006 4.36889 109224 2769.8 0.833862 0.00565617 0.695782 0.00931888 
546 335.229 3.91053 112652 2519.3 0.838783 0.00520451 0.703952 0.00860023 
547 337.238 4.30571 114003 2775.52 0.839187 0.00536499 0.704594 0.00885361 
548 316.271 4.95751 100397 3108.89 0.812435 0.00423431 0.660381 0.0068455 
549 320.041 4.00318 102838 2503.94 0.815215 0.00355899 0.664929 0.00574677 
550 317.76 6.17596 101401 3871.84 0.812389 0.00542706 0.660343 0.00876758 
551 321.661 5.27807 103879 3292.61 0.815018 0.00452912 0.66461 0.0072817 
552 318.101 6.88992 101581 4304.03 0.812089 0.00649764 0.65986 0.0104799 
553 318.762 6.21717 102072 3863.92 0.811897 0.00552414 0.659601 0.00890573 
554 317.637 6.94729 101292 4314.74 0.81067 0.00668493 0.657554 0.0107591 
555 320.33 5.46826 103103 3416.37 0.811806 0.00499675 0.659475 0.00805961 
556 325.02 9.54938 106419 6217.98 0.814619 0.00832241 0.66421 0.0135393 
557 321.149 5.60374 103643 3510.54 0.811833 0.00510111 0.659533 0.00823828 
558 320.179 5.49294 103020 3445.5 0.809847 0.0049507 0.65629 0.00797505 
559 321.235 5.87905 103780 3701.07 0.810333 0.00529231 0.657139 0.00852122 
560 328.268 5.9945 108497 3870.62 0.816932 0.00534629 0.66796 0.00865133 
561 325.209 6.354 106432 4074.15 0.812345 0.0055367 0.660422 0.0089471 
562 333.786 8.58004 112462 5746.55 0.818581 0.00708052 0.670817 0.0115822 
563 323.114 6.43416 104953 4080.32 0.810557 0.00598398 0.657471 0.0096446 
564 323.13 6.70399 104953 4266.23 0.809046 0.00609198 0.655011 0.00982099 
565 323.411 7.29201 105145 4665.49 0.809204 0.00675425 0.65528 0.0108986 
566 322.574 7.01767 104616 4475.72 0.807788 0.00650854 0.653 0.0104889 
567 323.209 7.1403 105027 4588.47 0.807825 0.00666882 0.653066 0.0107726 
568 323.136 6.96267 105014 4468.3 0.807425 0.00646927 0.652443 0.0104416 
569 327.685 6.60498 107955 4253.62 0.810765 0.00614532 0.657839 0.00992966 
570 325.57 7.14269 106656 4600.03 0.80814 0.00619388 0.653619 0.00998041 
571 327.086 6.4232 107566 4143.4 0.809167 0.00590071 0.655257 0.00952439 
572 324.281 6.59438 105764 4233.61 0.806236 0.00580156 0.650531 0.00933974 
573 326.784 6.9251 107395 4499.38 0.808478 0.00631957 0.654156 0.0102205 
574 322.286 7.53015 104504 4874.04 0.803633 0.00642868 0.646349 0.0103562 
575 331.02 8.55484 110318 5650.79 0.809964 0.00738265 0.656614 0.0119362 
576 320.965 7.4084 103601 4816 0.801236 0.00591279 0.642482 0.00957304 
577 326.769 6.94547 107369 4518.82 0.805537 0.00623076 0.649407 0.0100498 
578 325.707 7.20271 106672 4723.83 0.802923 0.00686897 0.64522 0.0110801 
579 332.144 8.09139 111037 5374.93 0.809964 0.00779656 0.656663 0.0126784 
580 328.091 7.56606 108365 5013.69 0.805791 0.00710629 0.649931 0.0115222 
581 329.662 7.21667 109323 4762.49 0.806722 0.00662802 0.651378 0.0107243 
582 332.04 8.27863 111071 5574.98 0.809157 0.00777355 0.655498 0.0126719 
583 329.632 7.33875 109271 4828.77 0.805677 0.00662479 0.649625 0.0106844 
584 326.355 7.02178 107142 4660.02 0.802175 0.00648657 0.644019 0.0104787 
585 332.32 7.54892 111079 4976.68 0.806542 0.00655345 0.651034 0.0105644 
586 326.427 6.47668 107125 4255.86 0.800722 0.00614199 0.641662 0.00988163 
587 330.899 7.6133 110093 5016.49 0.804388 0.00681472 0.64754 0.0109703 
588 325.636 6.70213 106588 4409.48 0.799374 0.00638416 0.639489 0.0102703 
589 330.874 6.81359 110080 4488.16 0.803396 0.00610154 0.645944 0.00981179 
590 327.476 6.20273 107771 4108.61 0.799307 0.00559852 0.639347 0.00901307 
591 330.514 6.66095 109812 4430.3 0.801427 0.00580863 0.642759 0.00934611 
592 328.625 7.07479 108509 4690.31 0.799327 0.00644778 0.639389 0.0103782 
593 329.357 6.63356 109027 4420.79 0.799999 0.006258 0.640465 0.0100778 
594 328.853 6.31247 108650 4208.56 0.799464 0.00608884 0.639607 0.00979251 
595 332.643 6.06245 111228 4046.38 0.801529 0.00542216 0.642903 0.00871825 
596 329.326 6.21081 108925 4157.72 0.798427 0.00597232 0.637919 0.00960789 
597 332.589 6.24564 111159 4202.74 0.800404 0.00583885 0.64109 0.00940181 
598 331.043 6.65788 110065 4492.44 0.7979 0.00606776 0.637025 0.00977882 
599 335.556 7.92754 113218 5364.91 0.800141 0.00594662 0.640654 0.00954955 
600 330.279 5.01888 109490 3381.32 0.796243 0.00457046 0.634353 0.00733994 
601 332.017 5.64542 110721 3822.78 0.797237 0.00499976 0.635978 0.00804143 
602 331.254 5.51437 110108 3749.74 0.796095 0.0050335 0.634105 0.00811887 
603 332.823 6.53571 111215 4456.47 0.79698 0.00578175 0.635566 0.00933337 
604 333.33 5.2375 111489 3601.23 0.796476 0.00485948 0.634712 0.00784692 
605 335.05 6.23384 112687 4247.63 0.797855 0.0053922 0.636953 0.0086797 
606 334.977 4.30929 112566 2953.3 0.797057 0.00405067 0.635615 0.00651938 
607 334.694 5.44802 112461 3784.73 0.797123 0.0052564 0.635817 0.00852125 
608 334.559 4.49579 112275 3100.32 0.796732 0.00424453 0.635089 0.00686494 
609 336.855 5.53659 113909 3804.73 0.797591 0.00552465 0.636551 0.00888493 
610 337.117 4.53928 114016 3130.09 0.796354 0.00427826 0.634508 0.00688658 
611 337.601 4.98715 114391 3446.22 0.796759 0.004747 0.635201 0.00764402 
612 340.562 4.64533 116336 3206.27 0.798303 0.0042074 0.637594 0.00676444 
613 340.698 5.63746 116481 3906.75 0.797817 0.00527113 0.636869 0.00847947 
614 342.785 4.96726 117879 3445.03 0.799648 0.00462706 0.639784 0.00745217 
615 340.954 5.91116 116713 4131.94 0.797852 0.00502798 0.636947 0.00811161 
616 340.354 4.6111 116214 3230.69 0.796102 0.00436159 0.634117 0.00704428 
617 341.708 7.46221 117272 5240.21 0.797216 0.00616374 0.635972 0.00996382 
618 341.353 5.70505 116929 4041.86 0.796236 0.00501662 0.634327 0.00811309 
619 344.057 8.09321 118933 5786.92 0.797901 0.00694512 0.637077 0.0112421 
620 341.987 5.84124 117374 4177.29 0.795819 0.00501944 0.633653 0.00811681 
621 349.853 8.82945 123131 6397.2 0.801706 0.00685578 0.643214 0.0110979 
622 341.002 3.96122 116573 2831.1 0.79431 0.00348636 0.631182 0.00563541 
623 344.525 6.12273 119123 4395.99 0.796294 0.00524788 0.634411 0.00848589 
624 343.822 4.28435 118515 3087.76 0.794943 0.00361651 0.632171 0.00584967 
625 349.056 7.18189 122416 5289.53 0.797981 0.00527929 0.637151 0.00856123 
626 346.348 4.03995 120256 2937.32 0.795618 0.003354 0.633224 0.00542407 
627 351.503 10.1848 124200 7547.48 0.798467 0.00760116 0.637935 0.0123353 
628 347.089 2.30584 120629 1670.74 0.794771 0.00208691 0.631796 0.00337483 
629 353.132 5.99974 125196 4409.44 0.79913 0.00477901 0.638944 0.00773495 
630 349.239 2.4529 122116 1795.67 0.795189 0.00217994 0.632446 0.0035364 
631 360.249 6.93072 130410 5091.95 0.804174 0.00579731 0.647138 0.00938575 
632 350.494 3.58555 123110 2599.41 0.795941 0.00335394 0.633765 0.00541808 
633 349.994 3.9224 122827 2840.59 0.795357 0.00368557 0.632884 0.00595523 
634 355.593 4.17692 126787 3052.6 0.798789 0.00388517 0.638341 0.00628823 
635 351.934 3.54869 124162 2587.69 0.79542 0.00354334 0.632966 0.0057172 
636 352.31 3.01174 124335 2168.27 0.794684 0.00253313 0.631707 0.00407231 
637 351.513 3.68922 123823 2708.7 0.793902 0.00361479 0.630525 0.00584055 
638 352.23 2.66474 124247 1944.35 0.793205 0.00246241 0.629351 0.00397785 
639 355.496 3.88657 126660 2875.4 0.796285 0.00392138 0.634333 0.00633982 
640 356.319 2.98325 127178 2205.98 0.795511 0.00298605 0.633044 0.00482822 
641 357.935 4.05657 128406 3045.6 0.796353 0.00423887 0.634461 0.00687761 
642 357.389 2.41098 127888 1794.86 0.795448 0.00232582 0.632892 0.00376519 
643 359.575 3.36505 129541 2523.39 0.796852 0.00351968 0.635212 0.00569973 
644 360.07 1.94313 129781 1448.84 0.796494 0.00203871 0.634528 0.0032955 
645 360.478 3.06628 130154 2298.65 0.796986 0.00305106 0.635387 0.00493791 
646 361.857 2.00651 131065 1479.83 0.797017 0.00193594 0.635352 0.00312967 
647 362.812 2.72913 131809 2055.62 0.798208 0.00271574 0.637302 0.00439842 
648 364.286 1.3466 132812 1023.14 0.797649 0.00131775 0.636342 0.00214325 
649 364.659 2.5388 133117 1906.71 0.797331 0.00247974 0.635864 0.00401452 
650 368.071 0.523406 135505 364.001 0.79781 0.000465907 0.636525 0.000755401 
651 365.968 4.68719 134164 3543.1 0.797307 0.00457378 0.635911 0.00741934 
652 368.321 2.65519 135811 1993.89 0.79785 0.00240993 0.636691 0.00391177 
653 368.244 7.43202 136025 5657.79 0.800008 0.00700615 0.640389 0.0113811 
654 366.098 4.19893 134317 3197.4 0.797328 0.00402513 0.635994 0.0065403 
655 365.502 5.94189 133903 4540.3 0.795929 0.00560609 0.633773 0.00910969 
656 366.671 4.35067 134729 3321.34 0.796917 0.00402624 0.63532 0.00653658 
657 366.456 5.21068 134590 3979.18 0.795783 0.00476406 0.633531 0.0077295 
658 367.074 4.87537 134993 3737.83 0.795543 0.00445438 0.633098 0.00723124 
659 368.419 4.87984 136016 3749.64 0.796038 0.0045389 0.633922 0.00736277 
660 369.715 4.3165 136933 3315.54 0.797149 0.00402283 0.635657 0.00651379 
661 369.23 4.21518 136576 3255.22 0.795564 0.0039305 0.633141 0.00638321 
662 369.719 2.69733 136846 2065.65 0.795268 0.00259332 0.632585 0.00421003 
663 369.42 3.93237 136682 3055.17 0.793934 0.00382028 0.630521 0.00620877 
664 371.227 3.26979 137996 2536.29 0.79575 0.00315507 0.633376 0.00512745 
665 371.245 4.62515 138063 3607.23 0.7949 0.00440569 0.632075 0.00716481 
666 372.996 4.26378 139357 3333.39 0.796389 0.00433733 0.634449 0.00706117 
667 373.498 4.55721 139742 3563.87 0.795748 0.00443237 0.633435 0.00720832 
668 379.85 5.65131 144664 4455.21 0.800815 0.00529324 0.641614 0.0086147 
669 376.048 4.94322 141670 3915.11 0.796338 0.00507024 0.634403 0.00826846 
670 379.446 3.94397 144193 3125.32 0.799961 0.00418838 0.640152 0.00682984 
671 378.199 3.79391 143263 3023.97 0.796379 0.00397762 0.634448 0.00648938 
672 383.478 5.00033 147334 3986.68 0.802327 0.00574418 0.644023 0.00938225 
673 386.406 8.16197 149707 6529.64 0.802916 0.00873095 0.645089 0.0142631 
674 389.888 5.95874 152454 4787.1 0.807238 0.00623873 0.652079 0.0102137 
675 392.716 6.54492 154731 5267.54 0.807441 0.00739748 0.65251 0.0120878 
676 399.521 9.38536 160299 7533.32 0.816104 0.00959415 0.666679 0.015687 
677 398.369 8.30958 159333 6681.9 0.813398 0.00895279 0.662242 0.0146109 
678 404.279 9.10224 164125 7314.6 0.818763 0.00948738 0.671005 0.0155061 
679 406.11 9.47355 165615 7648.35 0.820318 0.00958881 0.673566 0.0156914 
680 408.086 10.3607 167230 8343.04 0.823113 0.0101518 0.678134 0.0165922 
681 408.355 11.2222 167490 9063.96 0.821818 0.0110341 0.676054 0.0180455 
682 413.89 10.339 172098 8397.37 0.826252 0.00969335 0.683353 0.0158602 
683 410.915 9.13799 169596 7432.56 0.823201 0.00889688 0.678329 0.0145668 
684 414.944 9.69961 172903 7889.39 0.826573 0.00937487 0.683866 0.0153436 
685 415.643 9.96491 173472 8119.09 0.826428 0.00962378 0.683629 0.0157294 
686 414.993 9.59703 172880 7824.93 0.824975 0.00938959 0.681192 0.0153684 
687 413.205 7.21564 171273 5926.02 0.821128 0.00740929 0.674774 0.0121588 
688 417.896 9.46714 175351 7739.1 0.82697 0.00925736 0.684517 0.0151533 
689 419.526 9.82001 176756 8035.1 0.828196 0.00952713 0.686562 0.0155777 
690 423.007 8.97894 179618 7374.67 0.830774 0.00848395 0.690766 0.0138835 
691 423.852 8.78293 180367 7221.54 0.830733 0.00811682 0.690714 0.0132834 
692 425.592 10.3139 181824 8457.47 0.831944 0.00957901 0.692711 0.0156511 
693 427.647 7.16939 183540 5866.27 0.833006 0.00657068 0.694449 0.0107238 
694 426.078 9.24535 182215 7614.1 0.831536 0.00873994 0.692015 0.0142952 
695 429.771 6.75746 185286 5564.09 0.834482 0.00625221 0.696846 0.0102215 
696 427.143 9.38462 183119 7747.41 0.8316 0.00875034 0.692107 0.0143104 
697 432.552 5.69441 187594 4701.69 0.836072 0.00528597 0.699427 0.00864557 
698 429.084 7.59137 184810 6281.8 0.83214 0.00698455 0.693014 0.0114245 
