1.3 -1.8465 71000000000
182.036 7.8868
1 0 0 0 0 0.499921 0.000133411 0.499921 0.000133411 
2 0 0 0 0 0.49987 9.49355e-05 0.374905 9.75169e-05 
3 0 0 0 0 0.499952 8.7686e-05 0.333269 8.99497e-05 
4 0.177519 0.000112197 0.177519 0.000112197 0.532283 8.67528e-05 0.348836 9.31062e-05 
5 0.241929 0.000137599 0.241929 0.000137599 0.535256 8.96675e-05 0.338792 9.56861e-05 
6 0.487404 0.000282534 0.686195 0.000489315 0.556206 0.000107296 0.354263 0.000120573 
7 0.58378 0.000313279 0.851376 0.000564837 0.557323 8.7785e-05 0.348829 0.000100794 
8 0.889941 0.000534387 1.69482 0.0014646 0.573468 0.000111239 0.36309 0.000127618 
9 1.01913 0.000503246 2.05654 0.00161805 0.574928 9.46426e-05 0.360949 0.000108884 
10 1.33494 0.000705025 3.22559 0.00265983 0.586057 0.000109556 0.371182 0.000129848 
11 1.51001 0.000895829 3.93606 0.00395686 0.58845 0.000105728 0.371587 0.000129859 
12 1.82812 0.00105471 5.44767 0.00502734 0.596635 0.000117441 0.37942 0.000143514 
13 2.02725 0.000958933 6.47516 0.00540305 0.598752 0.000100913 0.380204 0.000122917 
14 2.36052 0.00119332 8.45454 0.00751954 0.605683 0.000106286 0.387259 0.000130654 
15 2.57129 0.00139504 9.7702 0.0107056 0.607342 0.00010972 0.38793 0.000140585 
16 2.91979 0.00144663 12.2592 0.0109396 0.613297 0.000106389 0.394201 0.00013428 
17 3.14516 0.0024555 13.9398 0.022764 0.614842 0.000116443 0.395092 0.000143895 
18 3.50309 0.00213959 16.9351 0.0224926 0.619971 0.000128764 0.400621 0.000166867 
19 3.74161 0.00240498 19.01 0.025339 0.621337 0.000159452 0.401524 0.000207672 
20 4.10511 0.00289807 22.521 0.0288093 0.625704 0.000136385 0.406319 0.000183444 
21 4.34834 0.00251123 24.9292 0.0269425 0.626748 0.000125693 0.406934 0.000164306 
22 4.72434 0.00293725 29.0412 0.03437 0.630792 0.000130624 0.4115 0.000174171 
23 4.97852 0.00283853 31.9081 0.0395742 0.631854 0.000118851 0.412282 0.000156629 
24 5.35845 0.00403255 36.5607 0.0530305 0.635352 0.000146389 0.416259 0.000205146 
25 5.61811 0.00352577 39.8085 0.050849 0.636221 0.000124964 0.416869 0.000165257 
26 6.00652 0.00408147 45.1075 0.0671598 0.639412 0.000164646 0.420558 0.000232051 
27 6.27297 0.00385524 48.7974 0.0620647 0.640215 0.000141327 0.421163 0.000189576 
28 6.6673 0.00563316 54.7271 0.100412 0.643203 0.000138927 0.424688 0.000187138 
29 6.93928 0.00442457 58.8449 0.080827 0.643858 0.000142313 0.425141 0.000200299 
30 7.33515 0.00464616 65.3373 0.084468 0.646514 0.000139784 0.428287 0.000193556 
31 7.61106 0.00468928 69.8955 0.0877902 0.647201 0.000134234 0.428848 0.000179834 
32 8.00851 0.00684318 76.9555 0.131695 0.649505 0.000161523 0.431577 0.000226083 
33 8.30293 0.00573485 82.2701 0.121559 0.650307 0.000192413 0.432343 0.000267507 
34 8.69539 0.00693002 89.7617 0.143551 0.652435 0.000136333 0.434893 0.0001914 
35 8.99435 0.00564669 95.5817 0.122004 0.653113 0.000135982 0.43553 0.000192299 
36 9.40004 0.00677539 103.916 0.157275 0.655236 0.000145528 0.438094 0.000199846 
37 9.69624 0.00914502 110.113 0.226994 0.655816 0.000185559 0.438636 0.000253562 
38 10.1097 0.00920262 119.261 0.230582 0.657854 0.000191905 0.441152 0.000275785 
39 10.4005 0.00693896 125.698 0.182831 0.658289 0.00013925 0.441508 0.00018863 
40 10.8113 0.00848051 135.406 0.233742 0.659997 0.000158152 0.443592 0.00022164 
41 11.107 0.00896157 142.321 0.241101 0.660472 0.000189744 0.44402 0.000265326 
42 11.5246 0.00872101 152.806 0.24553 0.662194 0.00015563 0.446172 0.000214325 
43 11.8454 0.0182728 160.927 0.568622 0.662856 0.000312238 0.446903 0.00043966 
44 12.2492 0.00999655 171.556 0.298627 0.6643 0.000180742 0.448665 0.000251816 
45 12.5578 0.00973029 179.721 0.300222 0.664631 0.000163722 0.448932 0.000226525 
46 12.9823 0.0115731 191.645 0.380186 0.666338 0.000191132 0.451107 0.000270351 
47 13.2844 0.00937849 200.071 0.291286 0.666565 0.000169665 0.451253 0.000233224 
48 13.7067 0.0110838 212.469 0.350547 0.668026 0.000171228 0.453075 0.000234718 
49 14.033 0.0110359 222.17 0.366551 0.66843 0.000166435 0.453482 0.000228649 
50 14.4566 0.0118233 235.29 0.405244 0.669825 0.000174251 0.45526 0.000242511 
51 14.7953 0.0156755 245.904 0.560486 0.6703 0.00018927 0.455764 0.00026186 
52 15.2118 0.0142613 259.423 0.50639 0.671502 0.000197665 0.457285 0.000273878 
53 15.5431 0.0149789 270.204 0.543042 0.672 0.0002246 0.457841 0.000313163 
54 15.9869 0.0223853 285.45 0.854131 0.673425 0.000288236 0.459681 0.00040478 
55 16.294 0.0141425 295.755 0.543753 0.673555 0.000204007 0.459732 0.000282318 
56 16.7249 0.0168333 311.165 0.664247 0.674736 0.000200436 0.461244 0.000279232 
57 17.0711 0.02191 323.724 0.920025 0.675144 0.000261261 0.461709 0.000361136 
58 17.4906 0.0190767 339.076 0.752155 0.676186 0.000253599 0.463023 0.000347562 
59 17.8214 0.0181895 351.441 0.76554 0.676512 0.000215041 0.463379 0.000301911 
60 18.249 0.0181878 367.926 0.77585 0.677528 0.000214223 0.464673 0.000291846 
61 18.5898 0.020517 381.222 0.89058 0.677759 0.000228224 0.464893 0.000310603 
62 19.0301 0.0239005 399.03 1.03938 0.678919 0.000232975 0.466399 0.00031648 
63 19.3597 0.0271719 412.403 1.28195 0.679182 0.000271122 0.466678 0.000377129 
64 19.775 0.0222664 429.632 0.991297 0.679932 0.000226297 0.467632 0.000316394 
65 20.1322 0.027008 444.807 1.32496 0.680311 0.000257883 0.468068 0.000359631 
66 20.5444 0.0291048 462.357 1.37885 0.681148 0.000278685 0.469139 0.000383269 
67 20.8927 0.0282447 477.595 1.36581 0.681385 0.000243755 0.469381 0.00034075 
68 21.3276 0.0239214 497.106 1.17599 0.682275 0.000234927 0.470551 0.000331556 
69 21.693 0.0272045 513.734 1.41722 0.682758 0.000248196 0.471147 0.000350203 
70 22.1463 0.045336 535.046 2.52657 0.683632 0.000378287 0.472303 0.000541867 
71 22.5155 0.066246 552.536 3.72016 0.684001 0.000505243 0.472744 0.000724163 
72 22.9874 0.120712 576.178 7.55587 0.684945 0.000735464 0.474 0.00107389 
73 23.2394 0.0260974 586.678 1.44505 0.684617 0.000228162 0.473435 0.000320454 
74 23.6928 0.0290214 609.477 1.57074 0.685513 0.000259609 0.474634 0.000367757 
75 24.0066 0.03048 624.915 1.79892 0.685559 0.00022869 0.47461 0.000327965 
76 24.462 0.0318803 648.032 1.88693 0.686394 0.00023222 0.475708 0.000331377 
77 24.831 0.0283178 667.117 1.60963 0.686602 0.000243677 0.475929 0.000343935 
78 25.2737 0.0322994 690.752 1.91747 0.687451 0.000257871 0.47707 0.000366166 
79 25.6237 0.0332175 709.234 1.91957 0.687659 0.000251139 0.477298 0.000357465 
80 26.0572 0.0281608 732.738 1.69335 0.688411 0.000246477 0.4783 0.000352243 
81 26.4558 0.0349185 754.927 2.12523 0.688868 0.000277158 0.478889 0.000398266 
82 26.8617 0.0431293 777.538 2.65383 0.689252 0.000279396 0.479362 0.000395601 
83 27.2256 0.0370722 798.019 2.36454 0.689541 0.000280297 0.479716 0.000406443 
84 27.6802 0.0395723 824.402 2.68993 0.690239 0.000252822 0.480632 0.00036511 
85 28.0507 0.0425602 845.947 2.86859 0.690435 0.000285229 0.480848 0.000406127 
86 28.4374 0.0308616 868.358 2.0085 0.690858 0.000243658 0.481391 0.000347045 
87 28.8234 0.0379776 891.287 2.59311 0.691182 0.00027769 0.481789 0.000401678 
88 29.2612 0.0463196 917.96 3.17603 0.691817 0.000306148 0.48263 0.000439069 
89 29.6476 0.0476753 942.199 3.3919 0.691906 0.000310499 0.48271 0.000444844 
90 30.0666 0.0393321 967.759 2.85605 0.692481 0.000275802 0.483471 0.000397258 
91 30.4199 0.0364481 989.758 2.4598 0.692566 0.000251534 0.483533 0.000358281 
92 30.895 0.0413195 1020.6 3.11528 0.693259 0.000267455 0.484477 0.00038178 
93 31.2542 0.0437576 1043.38 3.10692 0.693475 0.00033759 0.484731 0.000480322 
94 31.6909 0.0400974 1071.79 3.02583 0.694017 0.000277448 0.485451 0.000395136 
95 32.0697 0.043019 1097.15 3.20965 0.694263 0.000300272 0.48578 0.00043304 
96 32.5073 0.0406713 1126.53 3.01963 0.694783 0.000279252 0.486461 0.00039994 
97 32.8713 0.0436919 1151.31 3.27766 0.694916 0.000267332 0.486606 0.000381745 
98 33.2951 0.0501066 1179.93 3.70492 0.69531 0.000361807 0.487108 0.00051772 
99 33.6407 0.0429439 1204.15 3.30012 0.695364 0.000282367 0.487154 0.000405977 
100 34.1097 0.0687804 1237.3 5.25754 0.695984 0.000375983 0.487991 0.000537751 
101 34.4416 0.0492045 1260.67 3.78347 0.695955 0.000302469 0.487914 0.000440168 
102 34.9374 0.0563837 1296.57 4.27479 0.696721 0.000318146 0.488951 0.000455075 
103 35.3061 0.0481189 1323.6 3.9382 0.696898 0.000278615 0.489175 0.000401032 
104 35.7677 0.0565638 1358.09 4.71378 0.697487 0.000295769 0.489989 0.000432371 
105 36.1366 0.0498863 1384.87 4.18281 0.697651 0.000280379 0.49017 0.000405425 
106 36.6093 0.0509886 1420.92 4.34095 0.698278 0.000305965 0.491033 0.000439567 
107 37.0287 0.0580113 1452.9 5.03347 0.698588 0.000332366 0.49143 0.00048374 
108 37.4611 0.063533 1486.56 5.4973 0.698844 0.000364239 0.491757 0.00052195 
109 37.8569 0.0612387 1517.72 5.41321 0.699191 0.000322604 0.492234 0.000472396 
110 38.2703 0.0498771 1549.83 4.29772 0.699459 0.000302716 0.492562 0.00043707 
111 38.5976 0.0527209 1575.4 4.64191 0.69945 0.000322664 0.492527 0.000468743 
112 39.0656 0.0581031 1613.33 5.31814 0.699841 0.000313966 0.49304 0.000455437 
113 39.4507 0.0591173 1644.51 5.37352 0.700112 0.000338989 0.493406 0.000492576 
114 39.936 0.0542673 1684.44 4.94394 0.700623 0.000313779 0.494084 0.00045287 
115 40.3245 0.0622723 1717.14 5.86736 0.70079 0.00036119 0.494309 0.000524057 
116 40.7874 0.0749888 1756.45 7.58458 0.701082 0.000372196 0.494683 0.000544885 
117 41.1436 0.0793892 1785.61 7.73639 0.70134 0.000455404 0.49503 0.000679374 
118 41.5697 0.0629791 1821.79 5.90625 0.701555 0.000313177 0.495292 0.000454777 
119 41.9882 0.0693106 1857.68 6.68891 0.701892 0.000331922 0.495754 0.000485211 
120 42.4351 0.0765798 1897.35 7.66248 0.702148 0.000377868 0.496103 0.000549577 
121 42.8546 0.0847944 1934.18 8.8084 0.702521 0.000435477 0.496611 0.000644696 
122 43.3389 0.0773578 1977.68 8.40603 0.703088 0.000455451 0.497393 0.000684339 
123 43.7692 0.082966 2016.8 8.2836 0.703447 0.000424298 0.497883 0.000615843 
124 44.3406 0.123028 2070.73 13.2551 0.704148 0.000527692 0.498866 0.00077843 
125 44.5642 0.0822847 2089.88 8.71649 0.703701 0.000406297 0.498207 0.000597453 
126 45.0694 0.0927607 2136.11 9.32952 0.704132 0.000413272 0.498782 0.00060258 
127 45.4129 0.0883754 2168.62 9.29552 0.704183 0.000401381 0.498836 0.000585288 
128 46.2874 0.325663 2257.96 36.2344 0.705958 0.00108176 0.501381 0.0015621 
129 46.2884 0.1016 2252.61 11.5931 0.70469 0.000446635 0.499522 0.000658476 
130 46.7008 0.0876201 2290.78 9.27246 0.704927 0.000438316 0.499829 0.000645876 
131 47.0141 0.0898894 2319.43 9.92381 0.704804 0.00038204 0.499614 0.000567922 
132 47.5774 0.140759 2374.15 14.3462 0.705394 0.000413256 0.500405 0.000585884 
133 47.9005 0.0808976 2405.31 9.21889 0.705382 0.00040854 0.500377 0.000595823 
134 48.3972 0.0892439 2455.13 9.44467 0.705769 0.000371631 0.500899 0.000540093 
135 48.7345 0.0732905 2488.19 7.91795 0.705536 0.000331861 0.500534 0.000482689 
136 49.3099 0.10192 2547.24 10.9598 0.706432 0.000467244 0.5018 0.000677204 
137 49.6334 0.119884 2578.37 12.4494 0.706001 0.000354761 0.501133 0.000515799 
138 50.2221 0.105548 2641.54 11.8538 0.706909 0.000395208 0.502446 0.000573792 
139 50.4904 0.149642 2666.58 16.2486 0.706329 0.000372556 0.501563 0.000527005 
140 50.9981 0.169166 2722.09 19.2975 0.706932 0.000542772 0.502418 0.000787399 
141 51.5162 0.203608 2775.72 22.4672 0.707246 0.000449165 0.502843 0.000644482 
142 51.7599 0.139375 2801.61 16.8566 0.707224 0.000431295 0.502804 0.00062972 
143 52.1611 0.153914 2843.34 17.4139 0.707215 0.000448789 0.502774 0.000647415 
144 52.4746 0.0758105 2875.49 8.83998 0.707484 0.000349243 0.503141 0.000512339 
145 52.9801 0.102141 2931.14 12.2926 0.707708 0.000358672 0.503438 0.000521507 
146 53.4186 0.0784337 2979.61 9.38927 0.708101 0.000360073 0.503991 0.000527406 
147 53.7902 0.119575 3020.32 14.8261 0.708011 0.000496558 0.50384 0.000738066 
148 54.2018 0.117167 3066.17 14.6307 0.708266 0.000498294 0.50419 0.000738984 
149 54.6199 0.0973963 3111.84 12.0007 0.708244 0.000376388 0.504127 0.000550808 
150 55.0595 0.0847508 3160.79 10.2574 0.708592 0.000386415 0.504608 0.000566241 
151 55.4778 0.102059 3208.56 12.3142 0.708602 0.000382005 0.5046 0.000554045 
152 56.0382 0.119803 3273.61 15.2494 0.709273 0.000426666 0.505553 0.000623536 
153 56.3634 0.119563 3310.4 14.971 0.70908 0.000398924 0.505243 0.000575513 
154 56.8573 0.128379 3368.32 16.5018 0.709553 0.000436363 0.505925 0.000641879 
155 57.1701 0.0908388 3404.09 11.4272 0.709446 0.000360374 0.505751 0.000525337 
156 57.74 0.104939 3472.54 13.3126 0.710232 0.000431821 0.506887 0.000630246 
157 58.0935 0.104604 3512.94 13.2847 0.710129 0.000428845 0.506703 0.00062578 
158 58.6175 0.141931 3577.43 18.3789 0.71061 0.00050982 0.507386 0.000744311 
159 58.9106 0.100302 3610.89 12.9246 0.710384 0.00038991 0.507041 0.000567849 
160 59.5025 0.113104 3685.13 15.128 0.711097 0.000424155 0.508062 0.000626405 
161 59.8024 0.106548 3720.56 14.3699 0.710774 0.00041031 0.507567 0.000603483 
162 60.3581 0.145631 3792.19 20.5628 0.711291 0.000547547 0.508319 0.000815704 
163 60.7158 0.124206 3835.52 17.492 0.711241 0.000453449 0.508235 0.000670972 
164 61.1911 0.134513 3895.71 18.9328 0.711455 0.000435091 0.508517 0.000638476 
165 61.5061 0.133909 3932.63 18.3865 0.711314 0.000434547 0.508296 0.000633618 
166 61.9522 0.129478 3988.52 18.1905 0.711444 0.000419949 0.508454 0.000615103 
167 62.2952 0.111222 4030.46 15.2872 0.711406 0.000398434 0.508387 0.000581897 
168 62.8754 0.124151 4106.92 17.5969 0.712072 0.000442161 0.509335 0.000648758 
169 63.1837 0.16343 4145.52 23.6562 0.711836 0.000508217 0.508977 0.000756613 
170 63.6688 0.170099 4207.31 24.1726 0.712212 0.000571266 0.50949 0.000848194 
171 64.1205 0.180071 4269.27 26.0235 0.712469 0.000624695 0.509892 0.00093129 
172 64.6144 0.182859 4332.95 26.3362 0.712795 0.000601095 0.510319 0.000892836 
173 64.8569 0.15928 4365.29 23.6854 0.712407 0.000590093 0.509779 0.000881801 
174 65.4315 0.148881 4440.82 21.151 0.713024 0.000512537 0.51063 0.000743822 
175 65.8217 0.178947 4495.34 27.7918 0.713027 0.000626816 0.510649 0.000944283 
176 66.3777 0.194893 4569.14 27.6263 0.713469 0.000714175 0.511249 0.00104422 
177 66.6121 0.119642 4599.85 18.1268 0.713181 0.00043491 0.510812 0.000637355 
178 67.2117 0.168304 4684.27 25.616 0.713625 0.000579106 0.511442 0.000856455 
179 67.5269 0.126457 4725.77 18.6562 0.713485 0.000435951 0.511226 0.000634756 
180 68.0149 0.157905 4793.19 23.426 0.713614 0.000472605 0.511383 0.000689683 
181 68.5167 0.153505 4864.79 23.2544 0.713983 0.000500588 0.511913 0.000731824 
182 69.0534 0.221685 4941.66 34.5264 0.714241 0.000649523 0.512277 0.00095228 
183 69.7287 0.396168 5045.45 65.1296 0.71508 0.00110359 0.513522 0.00163673 
184 69.9119 0.178027 5062.15 27.6495 0.71442 0.000526193 0.512492 0.000768923 
185 70.2091 0.157611 5103.34 24.0244 0.714513 0.000472808 0.512615 0.000694057 
186 70.6809 0.165178 5169.53 24.877 0.714602 0.000492034 0.512729 0.00071877 
187 71.0273 0.149735 5219.68 22.8176 0.714798 0.000458334 0.512997 0.000667761 
188 71.3676 0.139592 5267.46 21.5615 0.714464 0.000465854 0.512504 0.000678754 
189 71.9436 0.15981 5353.43 24.8697 0.715051 0.000501022 0.513344 0.00072864 
190 72.4007 0.164493 5421.7 25.3936 0.715118 0.000532114 0.513438 0.00077858 
191 72.7694 0.143397 5474.4 22.3533 0.715171 0.000449788 0.513483 0.000652465 
192 73.2449 0.16812 5548.16 26.9059 0.715479 0.00053169 0.513943 0.000776969 
193 73.6009 0.148231 5598.95 23.415 0.715334 0.000476936 0.513701 0.000694493 
194 74.0229 0.159598 5662.27 25.7875 0.715458 0.00049653 0.513867 0.000726132 
195 74.5527 0.19012 5743.8 30.8079 0.715892 0.000529006 0.514485 0.00077613 
196 74.9579 0.187616 5805.28 29.6937 0.715876 0.000522636 0.514452 0.000758768 
197 75.4653 0.284337 5882.45 45.9545 0.716155 0.000648453 0.514831 0.000937711 
198 75.8674 0.257865 5944.16 42.5595 0.716033 0.00063982 0.514645 0.00093058 
199 76.5967 0.339201 6065.27 57.5201 0.716908 0.000705548 0.515927 0.00102425 
200 76.7416 0.263731 6079.83 43.8223 0.716463 0.000752269 0.515253 0.0011025 
201 77.1988 0.278287 6153.39 47.5718 0.716699 0.000726348 0.515596 0.00107275 
202 77.6289 0.243584 6220.96 40.6978 0.716835 0.000733992 0.515789 0.00107771 
203 77.9946 0.241011 6279.81 41.3819 0.716815 0.000558258 0.515736 0.000824876 
204 78.4182 0.214546 6344.4 35.5703 0.716893 0.000581168 0.515833 0.000851092 
205 78.7752 0.252894 6400.13 42.421 0.716953 0.000656672 0.515903 0.000966206 
206 79.4311 0.246694 6509.06 42.2293 0.717537 0.000692668 0.516748 0.00102358 
207 79.5884 0.24046 6531.88 40.9452 0.717015 0.00073174 0.515983 0.00107658 
208 80.1136 0.229378 6617.26 39.2792 0.717394 0.000767277 0.51652 0.00113162 
209 80.425 0.183451 6665.8 31.2423 0.717084 0.000585182 0.516052 0.000857766 
210 81.0651 0.194537 6774.32 33.3975 0.717887 0.000666289 0.517226 0.000982215 
211 81.4048 0.1783 6827.56 30.9167 0.717686 0.000610465 0.516911 0.000899202 
212 81.9808 0.214397 6925.41 37.9982 0.718363 0.000766452 0.517896 0.00113801 
213 82.4245 0.19956 6998.97 34.8145 0.718321 0.000656392 0.517818 0.000965234 
214 83.0299 0.238623 7102.56 42.9441 0.718871 0.000744657 0.518593 0.00109875 
215 83.4436 0.223115 7173.03 40.0724 0.718766 0.000690531 0.518453 0.00102187 
216 83.9914 0.245037 7267.88 44.0322 0.719107 0.000691714 0.518935 0.00101875 
217 84.1496 0.222401 7294.5 40.1485 0.71861 0.000777047 0.518218 0.00115053 
218 84.7268 0.224597 7397.26 41.197 0.719101 0.000763727 0.518937 0.0011361 
219 84.9267 0.236549 7428.47 45.0773 0.718588 0.000753149 0.518178 0.00112656 
220 85.3651 0.208335 7503.74 38.5595 0.718729 0.000593568 0.518366 0.000881241 
221 85.7875 0.231809 7577.52 42.6897 0.718702 0.000639086 0.518315 0.000944831 
222 86.2416 0.218539 7655.74 40.499 0.718935 0.00064123 0.518648 0.000951047 
223 86.5245 0.227621 7705.8 42.7614 0.718607 0.00076158 0.518173 0.00111235 
224 87.0195 0.205165 7792.32 39.0131 0.718877 0.000617083 0.518541 0.000915351 
225 87.3794 0.210038 7855.23 39.6947 0.719008 0.000650184 0.51872 0.000957629 
226 87.8851 0.200502 7945.84 38.5654 0.719225 0.000651543 0.519035 0.000957993 
227 88.3176 0.238477 8024.29 44.5755 0.719404 0.000847182 0.519293 0.00124851 
228 88.9358 0.208958 8135.07 40.0513 0.719818 0.000750741 0.519874 0.00110874 
229 89.2634 0.230693 8195.25 44.9181 0.719674 0.000775784 0.519673 0.00115701 
230 89.7893 0.241518 8288.14 46.2216 0.719884 0.000686967 0.519943 0.00102203 
231 90.2499 0.256717 8375.91 51.0551 0.720101 0.000766576 0.520277 0.00113568 
232 90.7058 0.245438 8457.69 48.2462 0.720498 0.000710502 0.520833 0.00104781 
233 91.3039 0.288372 8574.51 58.5254 0.720908 0.000895493 0.521466 0.00134292 
234 91.6917 0.280735 8641.5 55.7017 0.721066 0.000761179 0.521657 0.00112499 
235 92.2975 0.505961 8765.13 106.659 0.721381 0.00142925 0.522174 0.00215432 
236 92.6275 0.351818 8813.97 68.9554 0.721071 0.0009461 0.521614 0.00139666 
237 93.1793 0.574784 8930.34 121.439 0.721483 0.0015805 0.522284 0.002374 
238 93.6042 0.347774 9005.26 72.9379 0.721569 0.000947067 0.522343 0.00141257 
239 94.5595 0.9485 9209.99 206.23 0.722809 0.00241104 0.524265 0.00363946 
240 94.2005 0.271342 9116.86 56.6821 0.720937 0.000648734 0.521404 0.000954857 
241 95.0648 0.47575 9292.27 103.73 0.721844 0.0010834 0.522753 0.00162488 
242 95.1817 0.330868 9304.96 69.1189 0.721132 0.000662211 0.521659 0.000975413 
243 95.6057 0.313963 9387.92 65.2641 0.721322 0.000753911 0.521949 0.00111817 
244 96.1018 0.277369 9488.65 58.6676 0.721366 0.000629406 0.522004 0.000926726 
245 96.3822 0.277524 9540.43 59.0498 0.72139 0.000720392 0.522045 0.00107193 
246 97.0123 0.428829 9670.16 94.2622 0.72141 0.000721677 0.522042 0.0010638 
247 97.3501 0.289093 9733.49 61.8823 0.721739 0.000777796 0.522554 0.00116246 
248 97.5572 0.248845 9768.35 51.9092 0.721274 0.000650698 0.521844 0.000956833 
249 98.2449 0.294509 9907.05 63.1169 0.721989 0.000772629 0.522882 0.00114767 
250 98.5514 0.267235 9966.26 56.7766 0.721634 0.000742216 0.522347 0.00109872 
251 99.0886 0.362023 10073.5 77.4216 0.722111 0.000972587 0.523044 0.00144445 
252 99.3455 0.260976 10121.8 55.8791 0.721568 0.0007292 0.522223 0.00108038 
253 100.093 0.372379 10275.8 80.9967 0.722332 0.000945072 0.523338 0.00140065 
254 100.372 0.326872 10330.6 68.4696 0.721747 0.000757357 0.522463 0.00110088 
255 100.585 0.271445 10371.8 59.175 0.721693 0.000734667 0.522379 0.00108909 
256 101.224 0.28223 10506.1 61.9018 0.722107 0.00074675 0.522989 0.00110482 
257 101.645 0.27704 10589.1 59.3031 0.72212 0.000706877 0.522979 0.00104705 
258 102.319 0.437415 10740.5 99.0258 0.722793 0.00100899 0.523987 0.00149728 
259 102.431 0.293859 10754 64.5683 0.722296 0.000748901 0.523225 0.00110213 
260 103.149 0.313138 10908.4 70.9326 0.7229 0.00075591 0.524119 0.00112396 
261 103.279 0.274684 10928.8 60.1828 0.722377 0.000672214 0.523329 0.000990003 
262 103.775 0.267665 11032 58.3919 0.7225 0.000643733 0.5235 0.000944707 
263 104.311 0.30432 11145.5 66.7044 0.722749 0.000700338 0.523859 0.00103046 
264 104.798 0.332618 11247.4 72.0148 0.72301 0.000751255 0.524223 0.00110458 
265 105.389 0.487508 11372.9 103.529 0.723339 0.00101372 0.524684 0.00145575 
266 105.594 0.326275 11419.4 72.7053 0.723099 0.000714518 0.524353 0.00104733 
267 105.762 0.321569 11454.6 72.0306 0.722713 0.000793406 0.523792 0.00117174 
268 106.371 0.322688 11584.3 71.4616 0.723136 0.000822862 0.524408 0.00122002 
269 106.776 0.283118 11677.5 65.6469 0.723101 0.00070245 0.524358 0.0010459 
270 107.366 0.30394 11801.1 69.4407 0.723452 0.000762001 0.524852 0.00112961 
271 107.693 0.307933 11871.6 70.2405 0.723287 0.000753885 0.524605 0.00112066 
272 108.112 0.339365 11960.8 78.6057 0.72345 0.00084091 0.524835 0.00125459 
273 108.378 0.289119 12020.2 69.4392 0.72332 0.000722128 0.524647 0.00108773 
274 108.783 0.260883 12109.3 61.5936 0.723286 0.00059417 0.524587 0.00088489 
275 109.246 0.25801 12212.7 61.6881 0.723436 0.000657042 0.524801 0.000981264 
276 109.71 0.261247 12311.7 60.6497 0.723571 0.000587104 0.524969 0.000864259 
277 110.017 0.278112 12383.5 66.2204 0.723255 0.00063781 0.524521 0.000948806 
278 110.67 0.275718 12525.8 64.4988 0.72377 0.000638012 0.525241 0.000938262 
279 110.884 0.274848 12577 66.2071 0.723438 0.000625401 0.524762 0.000929744 
280 111.731 0.292812 12765.5 69.14 0.724256 0.000652641 0.525926 0.000961408 
281 111.81 0.269332 12782.1 63.7032 0.723688 0.000616032 0.5251 0.000915042 
282 112.259 0.270344 12880.9 63.9668 0.723674 0.000628611 0.52506 0.000923867 
283 112.619 0.266383 12965.6 63.7429 0.723804 0.000632342 0.525258 0.000932713 
284 113.434 0.319257 13153.5 76.8541 0.724301 0.000729448 0.525979 0.00107517 
285 113.599 0.278263 13190.2 67.9792 0.724092 0.000676528 0.525671 0.000999616 
286 114.3 0.322278 13350.8 76.9215 0.724557 0.000764202 0.52635 0.00112442 
287 114.508 0.308551 13399.7 75.116 0.724513 0.000731166 0.526276 0.00107948 
288 115.287 0.415187 13581.2 100.198 0.725173 0.00101083 0.527245 0.00150265 
289 115.494 0.302004 13629.3 74.7539 0.724968 0.000730968 0.526935 0.00108039 
290 116.156 0.345287 13788 85.3885 0.725256 0.000810267 0.52735 0.00119886 
291 116.594 0.350043 13895.8 87.4508 0.725368 0.000799921 0.527528 0.00118045 
292 117.018 0.312612 13995 77.3896 0.725394 0.00073727 0.527562 0.00109025 
293 117.299 0.318738 14060.6 78.9025 0.725152 0.000718588 0.527196 0.00105972 
294 117.812 0.324175 14184.5 80.3856 0.725225 0.000737819 0.527303 0.00108816 
295 118.092 0.322409 14251.6 81.2878 0.724846 0.00071904 0.526737 0.00106208 
296 118.726 0.31375 14400.6 78.5034 0.725241 0.000731521 0.527312 0.00107929 
297 118.862 0.326075 14435.6 82.1825 0.724905 0.000752423 0.526821 0.0011129 
298 119.546 0.326722 14601.1 83.2997 0.725304 0.000759815 0.527409 0.0011252 
299 119.814 0.31955 14663 80.6439 0.724912 0.000732974 0.526821 0.0010813 
300 120.466 0.32901 14821.2 84.0706 0.725504 0.000754814 0.527683 0.00112001 
301 120.795 0.314837 14900.5 81.2326 0.725276 0.000746817 0.527349 0.00110388 
302 121.24 0.318282 15011.7 81.2672 0.725308 0.000709579 0.527403 0.0010476 
303 121.749 0.329854 15137.1 85.2109 0.725629 0.000715465 0.52787 0.00106025 
304 122.306 0.357796 15277.6 92.3079 0.725944 0.000790741 0.528333 0.00117155 
305 122.866 0.395693 15417.5 100.546 0.726144 0.000838463 0.52862 0.00123332 
306 123.32 0.386764 15531.2 103.141 0.726017 0.000843819 0.528436 0.0012544 
307 123.739 0.391991 15636.4 104.32 0.726129 0.000875208 0.528597 0.00129975 
308 124.124 0.351481 15731 93.0074 0.725992 0.000758266 0.528379 0.00112123 
309 124.475 0.365403 15821.8 97.5998 0.725827 0.000769707 0.528133 0.0011404 
310 124.864 0.4643 15918.2 123.147 0.725687 0.000912895 0.527927 0.00135279 
311 125.441 0.377462 16060.3 100.2 0.725835 0.000794045 0.528116 0.00118161 
312 125.554 0.320746 16091.1 86.5634 0.725485 0.000693198 0.527622 0.0010344 
313 126.021 0.343502 16200 92.5974 0.725522 0.00070153 0.527646 0.00104407 
314 126.478 0.387249 16320.5 103.117 0.725656 0.000719594 0.527854 0.00106875 
315 126.951 0.353442 16442.6 94.7636 0.725934 0.000722315 0.528255 0.00107588 
316 127.309 0.399898 16535 107.643 0.725657 0.000746668 0.527845 0.0011112 
317 127.867 0.411032 16679 111.169 0.725874 0.000762105 0.52815 0.0011338 
318 128.432 0.445671 16824.1 121.049 0.726089 0.000754821 0.52846 0.00112549 
319 129.171 0.394326 17016.2 106.778 0.726681 0.000694574 0.529297 0.00103014 
320 129.392 0.375631 17078.1 102.754 0.726144 0.000640872 0.528527 0.000948269 
321 129.919 0.398247 17217.1 107.814 0.726227 0.000648024 0.528644 0.000952456 
322 130.372 0.408847 17336.9 112.563 0.726356 0.000639456 0.528819 0.000939466 
323 130.885 0.485052 17469.7 130.558 0.726509 0.000761843 0.529027 0.0011154 
324 131.338 0.451711 17590.2 123.76 0.726565 0.000704449 0.529107 0.00103398 
325 131.785 0.51634 17706.3 136.063 0.726722 0.000730128 0.52933 0.0010637 
326 132.13 0.437025 17806.1 116.458 0.726708 0.000718788 0.529329 0.00106066 
327 132.836 0.664043 17987.8 175.018 0.726999 0.000821751 0.529721 0.00118677 
328 133.195 0.605563 18092 161.154 0.726961 0.000806525 0.529679 0.00117742 
329 134 0.877793 18306.1 235.193 0.727287 0.000952188 0.530126 0.00136535 
330 134.241 0.719698 18374.6 193.442 0.727097 0.000818175 0.529855 0.00119083 
331 135.146 1.03291 18623.5 280.105 0.727847 0.000996473 0.530944 0.00143373 
332 134.743 0.512615 18509.8 142.049 0.726934 0.000759924 0.529634 0.00112007 
333 135.506 0.752472 18723.5 204.958 0.727337 0.000833386 0.530218 0.00122601 
334 135.467 0.493607 18705.5 139.784 0.726829 0.00085316 0.529479 0.00126942 
335 136.165 0.589095 18898.1 167.609 0.727471 0.000844192 0.530408 0.00124192 
336 136.143 0.403368 18893 116.826 0.726968 0.000754709 0.529687 0.00112071 
337 136.875 0.487651 19099.8 138.541 0.727586 0.000777793 0.530595 0.00115066 
338 137.035 0.429633 19137.9 125.447 0.727098 0.000795817 0.529868 0.00118394 
339 137.279 0.448154 19205.8 131.281 0.726994 0.000862196 0.529726 0.00127944 
340 137.87 0.476639 19371.7 141.451 0.727176 0.00100518 0.529987 0.00149597 
341 138.204 0.440745 19464.7 129.108 0.727104 0.000840314 0.529882 0.00125003 
342 138.77 0.448934 19624.9 133.173 0.727093 0.000887658 0.529863 0.00132456 
343 139.21 0.474172 19749.7 140.339 0.727348 0.000826763 0.530232 0.00123165 
344 139.838 0.495701 19927.6 147.39 0.727351 0.00089729 0.530237 0.00133968 
345 139.813 0.448933 19921.1 133.638 0.727234 0.000867506 0.530067 0.00129539 
346 140.5 0.452614 20116.2 135.571 0.727119 0.000855655 0.529891 0.00127755 
347 140.84 0.477506 20219.2 145.125 0.727277 0.000800065 0.530146 0.00119322 
348 141.54 0.540635 20416.2 162.412 0.727304 0.000839605 0.53016 0.00124855 
349 141.531 0.501748 20420 154.287 0.72747 0.00078438 0.530422 0.00116252 
350 141.984 0.497657 20543.1 150.495 0.727515 0.000825036 0.530481 0.00122494 
351 142.629 0.558234 20735.1 173.364 0.727853 0.00088825 0.53098 0.00132572 
352 142.794 0.486357 20779.8 150.807 0.727419 0.000859255 0.530337 0.00128006 
353 143.72 0.663065 21058.5 208.185 0.728356 0.00112623 0.531727 0.00168506 
354 143.742 0.622894 21052 191.687 0.727507 0.000963167 0.530453 0.00143908 
355 144.437 0.628031 21262.4 195.442 0.728097 0.000995816 0.531322 0.00148381 
356 144.838 0.846741 21374.2 263.106 0.728058 0.00141475 0.531253 0.00210929 
357 145.536 0.638168 21589.8 202.319 0.72838 0.000961978 0.53174 0.00143623 
358 145.993 0.759228 21720.8 239.555 0.728215 0.00116826 0.531482 0.00174367 
359 146.592 0.823079 21901.7 262.904 0.72876 0.00129602 0.532291 0.00193363 
360 146.796 0.971392 21962 304.167 0.728357 0.0015331 0.531717 0.00227037 
361 147.756 0.835917 22254.4 270.008 0.729169 0.00126799 0.532932 0.00189411 
362 147.777 1.11987 22251.9 356.714 0.728402 0.00171696 0.531768 0.00255391 
363 148.496 1.29313 22481.1 422.288 0.728788 0.00203429 0.532346 0.0030388 
364 148.765 1.1973 22556.4 386.127 0.728505 0.00192914 0.531937 0.00287451 
365 149.429 1.18206 22758.9 386.022 0.728844 0.00188773 0.532419 0.00282144 
366 150.138 1.26445 22982.6 415.202 0.729138 0.00194009 0.532876 0.00290843 
367 150.459 1.15698 23073 380.564 0.729276 0.00185932 0.533056 0.00278238 
368 151.359 1.21514 23367.5 405.512 0.729961 0.00190586 0.534096 0.00286939 
369 151.087 1.09081 23248.3 359.957 0.728676 0.00163634 0.53213 0.00245109 
370 151.492 1.10854 23375.3 365.322 0.728531 0.0016525 0.531911 0.00246824 
371 152.266 1.06436 23616.7 357.606 0.728881 0.00157078 0.53242 0.00236233 
372 153 1.19383 23852.2 398.03 0.729312 0.00174559 0.533053 0.00260726 
373 153.592 1.14251 24030.9 386.354 0.729352 0.00167214 0.533095 0.00250728 
374 154.58 1.50473 24367.1 508.728 0.730201 0.00195604 0.534368 0.0029185 
375 154.387 1.41148 24277.4 477.573 0.729514 0.00197708 0.533322 0.00296381 
376 154.633 1.55492 24350.7 517.992 0.729339 0.00201337 0.533064 0.00300347 
377 155.279 1.57228 24556.8 531.378 0.729737 0.00219257 0.53365 0.00327702 
378 155.582 1.58051 24656.2 531.071 0.729556 0.00207756 0.533395 0.00309231 
379 156.248 1.53954 24864.8 521.235 0.73012 0.00214799 0.534214 0.00320135 
380 156.649 1.56251 24996.3 532.429 0.729897 0.00216534 0.533899 0.00323358 
381 157.114 1.57961 25134.7 536.023 0.729958 0.00219211 0.533953 0.00326407 
382 157.631 1.59634 25308.2 544.284 0.730086 0.00220069 0.534168 0.00327559 
383 157.932 1.69443 25389.5 576.95 0.72996 0.00237696 0.533934 0.00352586 
384 158.508 1.74085 25589.7 591.491 0.730136 0.00244151 0.534233 0.00362379 
385 159.193 1.62881 25797.5 556.926 0.7302 0.00232237 0.534275 0.00343988 
386 159.308 1.6085 25842.2 553.749 0.729986 0.00219804 0.534002 0.00327035 
387 160.126 1.72099 26113.8 596.776 0.730644 0.002442 0.534964 0.00363475 
388 160.23 1.91576 26143.8 669.509 0.730205 0.0024796 0.534324 0.00370365 
389 160.64 1.94497 26284.6 679.405 0.730334 0.0027454 0.534518 0.00408952 
390 161.058 1.96794 26413.4 684.382 0.730215 0.0027947 0.534328 0.00415455 
391 161.663 1.70856 26610.2 595.622 0.730765 0.00243933 0.535132 0.00362623 
392 161.904 1.86723 26682.9 649.751 0.730528 0.00271113 0.534778 0.00402312 
393 162.754 1.76276 26969.6 621.333 0.731046 0.00247961 0.535544 0.00369676 
394 162.859 1.76328 26990.3 618.057 0.730687 0.00263662 0.534985 0.00391563 
395 163.621 1.85183 27251.2 661.039 0.731425 0.00257786 0.53608 0.00384518 
396 163.528 1.71522 27212.8 608.946 0.730391 0.0024445 0.534563 0.00363565 
397 164.255 1.678 27467.2 602.057 0.730976 0.00224436 0.535431 0.0033517 
398 164.78 1.523 27638.6 547.253 0.730909 0.00208336 0.535334 0.00309756 
399 164.808 1.40428 27646.8 506.852 0.730375 0.00192995 0.534536 0.00287466 
400 165.284 1.53662 27807.9 553.262 0.730383 0.00206283 0.534553 0.00306823 
401 165.943 1.48889 28043.1 541.205 0.730866 0.00188365 0.535281 0.00281681 
402 166.363 1.50482 28183.5 546.387 0.730721 0.00196164 0.535067 0.00292655 
403 167.18 1.54083 28465.4 564.556 0.731149 0.00197174 0.53569 0.00294787 
404 167.185 1.47493 28449.6 539.384 0.730551 0.00191034 0.53479 0.00284875 
405 167.908 1.44469 28706.5 532.757 0.731051 0.00186912 0.535534 0.00279355 
406 168.528 1.5311 28906.2 564.73 0.7309 0.00203108 0.535298 0.00302847 
407 168.569 1.38926 28917.5 514.951 0.730806 0.00180686 0.535166 0.00269726 
408 169.39 1.4064 29209.2 521.916 0.730899 0.00192833 0.535322 0.00288466 
409 169.441 1.38557 29213.5 513.907 0.730704 0.00177792 0.535009 0.00265438 
410 169.617 1.40517 29269.2 521.794 0.730263 0.00187043 0.534363 0.00278772 
411 170.461 1.6678 29567.1 620.814 0.730989 0.00207794 0.535422 0.00309492 
412 170.9 1.38278 29713.4 515.419 0.730972 0.00173667 0.535391 0.00257886 
413 171.612 1.6323 29976.5 608.039 0.73136 0.00195928 0.535975 0.00290969 
414 171.65 1.69013 29985.1 636.519 0.731112 0.00208466 0.535614 0.00310578 
415 172.179 1.68607 30154.2 633.522 0.731308 0.00211417 0.53587 0.00314527 
416 172.523 1.49798 30283.9 563.617 0.731217 0.00200846 0.535746 0.00298372 
417 173.159 1.58483 30492.1 600.612 0.73172 0.00209193 0.536473 0.00310994 
418 173.361 1.48722 30569.5 564.04 0.731201 0.00185806 0.535713 0.00276782 
419 174.129 1.56683 30825.3 593.884 0.731968 0.00202506 0.536835 0.00301652 
420 174.864 1.62106 31101.9 612.965 0.73198 0.00209496 0.536866 0.00311523 
421 175.272 1.66266 31218.8 621.582 0.732752 0.00236202 0.537985 0.00348845 
422 175.422 1.62209 31291.4 615.994 0.731655 0.00198776 0.536382 0.00295234 
423 176.707 1.675 31736.3 621.941 0.733339 0.0025269 0.538859 0.00373268 
424 176.414 1.42699 31645 554.247 0.731575 0.0015867 0.536255 0.00237541 
425 177.669 1.7361 32074 650.648 0.733108 0.00250011 0.538496 0.00369402 
426 177.241 1.59263 31945.4 614.639 0.731288 0.00182994 0.535824 0.00272423 
427 177.885 1.51433 32158.4 581.691 0.731785 0.0018469 0.536536 0.0027405 
428 178.306 1.52565 32323.3 581.939 0.731129 0.00187311 0.535579 0.00278296 
429 178.486 1.46411 32372.9 571.887 0.731077 0.0017896 0.535487 0.00263307 
430 178.841 1.41671 32505.2 553.461 0.730496 0.0018068 0.534654 0.00268938 
431 179.736 1.51775 32826.5 601.896 0.731606 0.00175681 0.536265 0.00264367 
432 179.322 1.31836 32673.6 515.988 0.730355 0.00175658 0.53444 0.00259441 
433 180.175 1.24144 32985.6 491.315 0.731369 0.0015614 0.535924 0.00228976 
434 180.391 1.19116 33059.5 460.399 0.730282 0.00177832 0.534339 0.00259551 
435 180.711 1.20447 33174.6 467.477 0.730618 0.00162169 0.534817 0.00237933 
436 181.35 1.29693 33407.9 502.652 0.730232 0.00173558 0.534265 0.00253779 
437 181.929 1.50534 33624.7 588.455 0.731117 0.00186916 0.535567 0.00276346 
438 182.611 1.81923 33887.6 720.305 0.730986 0.00240559 0.535389 0.00352997 
439 182.555 1.59575 33859.7 630.403 0.731069 0.0021092 0.535503 0.0031157 
440 182.677 1.44847 33919.4 567.705 0.730719 0.00253714 0.535053 0.00368046 
441 183.554 1.56043 34251.3 616.532 0.731181 0.0022804 0.535689 0.00333779 
442 183.33 1.53279 34155.5 599.495 0.730207 0.00300422 0.5343 0.00433854 
443 184.024 1.47692 34418.2 585.094 0.730637 0.00230783 0.534904 0.00335613 
444 184.323 1.57605 34524.9 620.172 0.72995 0.00338089 0.533947 0.00486916 
445 184.823 1.44676 34712.9 575.887 0.73064 0.00241412 0.534911 0.00350516 
446 184.756 1.55418 34682.4 619.743 0.729161 0.00339778 0.532796 0.00488957 
447 185.882 1.45256 35115.3 589.494 0.730864 0.00254668 0.535267 0.00369634 
448 185.643 1.74634 35017.5 700.667 0.728795 0.00408719 0.532283 0.00587916 
449 186.644 1.48084 35397.2 597.024 0.730488 0.00241636 0.534699 0.00353257 
450 186.66 1.64626 35391.9 663.819 0.729156 0.00374402 0.532793 0.00539617 
451 187.808 1.51318 35839.4 613.91 0.730986 0.0024077 0.535418 0.0035269 
452 187.729 1.63406 35795.6 666.256 0.72945 0.00362689 0.533205 0.00523404 
453 188.95 1.66942 36269.6 679.536 0.731071 0.00253918 0.535534 0.00372776 
454 189.12 1.69966 36346.8 699.193 0.730092 0.00323634 0.534152 0.00471415 
455 189.23 1.76307 36388.4 732.692 0.730434 0.00269197 0.534626 0.00397595 
456 190.019 1.89913 36690.6 785.783 0.72998 0.00371902 0.533997 0.00542503 
457 190.291 1.80302 36790.8 755.469 0.730607 0.00267472 0.534862 0.00395764 
458 191.587 1.97045 37303 823.403 0.730782 0.00311429 0.535152 0.00459407 
459 191.676 1.97332 37333.5 824.643 0.730931 0.00293767 0.535362 0.00434564 
460 192.808 2.35325 37797.2 998.772 0.731187 0.00359316 0.535792 0.0053332 
461 192.836 2.47287 37793.2 1042.17 0.731528 0.003574 0.536245 0.00528333 
462 193.637 2.39321 38116.2 1020.27 0.731298 0.00353328 0.535939 0.00522203 
463 194.247 2.45108 38347.7 1044.12 0.732126 0.00328023 0.537125 0.00488164 
464 194.55 2.70824 38448.4 1171.75 0.730778 0.00422601 0.535168 0.00626288 
465 194.877 2.52316 38573.8 1080.43 0.73144 0.00361434 0.536093 0.00537686 
466 195.501 2.83952 38827.6 1226.6 0.730429 0.00428711 0.534652 0.00635032 
467 196.077 2.87093 39075.3 1233.79 0.732069 0.00408187 0.537031 0.00606795 
468 196.984 2.94755 39426.3 1275.86 0.732203 0.00439461 0.537272 0.00653468 
469 197.616 2.97025 39708.5 1288.11 0.73298 0.00429644 0.538381 0.00639003 
470 197.755 3.21127 39753.5 1395.85 0.731913 0.00446839 0.536836 0.00665426 
471 198.69 3.27292 40154.5 1429.99 0.733136 0.00445052 0.538621 0.00664406 
472 198.955 3.25659 40239.5 1427.93 0.732207 0.00443706 0.53727 0.00661605 
473 200.308 3.30035 40817.7 1457.45 0.734031 0.00441199 0.539958 0.00659549 
474 200.228 3.58294 40770.3 1579.47 0.732464 0.00462972 0.537662 0.0069131 
475 200.734 3.74402 40985.6 1656.56 0.73356 0.00469213 0.539246 0.00701414 
476 200.997 3.52342 41089.3 1566 0.732417 0.00455183 0.537571 0.00680571 
477 202.203 4.25693 41601.9 1892.33 0.734231 0.0051153 0.540249 0.00767985 
478 202.209 3.91704 41602.9 1742.07 0.73326 0.00503401 0.538811 0.00752828 
479 202.982 4.33678 41928.5 1932.02 0.734437 0.00507279 0.540551 0.00762589 
480 203.433 4.41494 42106.6 1970.54 0.7334 0.00572725 0.539018 0.0085728 
481 204.498 4.31925 42564 1935.07 0.734746 0.00494379 0.540988 0.00742482 
482 204.46 4.08576 42529.3 1842.3 0.733922 0.00514459 0.539771 0.00771251 
483 204.769 4.32622 42661.9 1934.69 0.734447 0.00504532 0.54053 0.00759243 
484 205.46 3.96813 42934.3 1791.2 0.733812 0.00508839 0.539594 0.00763009 
485 206.517 4.11184 43404.4 1855.72 0.735476 0.00465986 0.542032 0.00701973 
486 206.458 3.95408 43349.9 1789.68 0.734823 0.00469891 0.541052 0.00707776 
487 207.152 4.05573 43651.3 1835.92 0.735569 0.0045779 0.542146 0.00690974 
488 207.478 3.77211 43786.8 1718.5 0.735331 0.00428658 0.541794 0.00646467 
489 208.606 4.25263 44274 1936.42 0.736283 0.00465966 0.54322 0.00703865 
490 208.836 3.69687 44373.1 1688.52 0.73529 0.00423652 0.541764 0.00638919 
491 209.648 3.9532 44717.6 1803.74 0.73611 0.00441176 0.54296 0.0066661 
492 210.197 4.1804 44937.5 1911.14 0.736261 0.00476054 0.543166 0.00718438 
493 211.345 4.38151 45442.7 2002.42 0.73726 0.00481339 0.544637 0.00726124 
494 211.559 4.18685 45547.9 1933.16 0.737136 0.00460868 0.54448 0.00697578 
495 212.726 4.35615 46041.3 2005.18 0.737483 0.00461773 0.544965 0.00696944 
496 212.264 3.84352 45843.6 1776.97 0.737108 0.00411523 0.54442 0.00622459 
497 213.604 4.43615 46435.1 2052.88 0.737899 0.0046753 0.545592 0.00705943 
498 212.563 3.40225 45966.1 1580.44 0.736921 0.00376122 0.544133 0.0056816 
499 213.749 4.76474 46498.5 2200.04 0.737741 0.00508053 0.545365 0.00766992 
500 214.237 4.09885 46719.5 1910.61 0.737806 0.00440439 0.545471 0.00664902 
501 214.776 4.84941 46957.2 2252.57 0.737632 0.00509758 0.545206 0.00769323 
502 214.687 3.65145 46903.9 1718.81 0.737387 0.00393916 0.544814 0.00595642 
503 216.01 4.66359 47495.7 2181.89 0.738092 0.00489668 0.545865 0.00739495 
504 216.672 4.57138 47789.8 2151.04 0.73845 0.00498512 0.546417 0.00753647 
505 216.699 4.74465 47821.6 2245.18 0.737737 0.00489228 0.545354 0.00739541 
506 217.389 4.17103 48094.8 1972.99 0.738393 0.00455967 0.54631 0.00689859 
507 217.691 3.76477 48215.7 1787.47 0.738415 0.00407796 0.54633 0.00618097 
508 218.339 3.86452 48511.2 1846.74 0.738695 0.00403479 0.54675 0.00612988 
509 218.325 3.49497 48491.4 1682.62 0.73826 0.0036565 0.546078 0.00555867 
510 219.523 3.9866 49042.9 1914.21 0.738872 0.00412142 0.547009 0.00625607 
511 219.654 3.8186 49097.9 1848.31 0.738494 0.00393722 0.546425 0.00597884 
512 219.731 3.66639 49128.5 1777.22 0.738245 0.00389363 0.546061 0.00590813 
513 220.782 3.77755 49588.4 1829.53 0.738544 0.00429035 0.546516 0.00650283 
514 220.984 3.70571 49693.9 1806.36 0.738499 0.0038157 0.546429 0.00579967 
515 221.169 3.99502 49750.7 1941.18 0.738417 0.00400147 0.546283 0.00606926 
516 221.389 4.04867 49854.7 1974.9 0.738171 0.00399617 0.545922 0.00606107 
517 221.995 4.26549 50112.9 2053.38 0.738497 0.00418055 0.546386 0.00630663 
518 221.709 4.29574 49975.6 2085.67 0.737766 0.00415788 0.545283 0.00630336 
519 223.353 4.96056 50745.9 2397.08 0.738623 0.00494418 0.546589 0.00746499 
520 222.769 4.77741 50462.1 2309.08 0.73774 0.00469529 0.545255 0.00708407 
521 222.934 4.36466 50505.5 2109.45 0.737552 0.00432096 0.54496 0.00651918 
522 222.764 4.20054 50435.5 2028.22 0.737 0.00419986 0.544146 0.00632977 
523 222.876 4.16011 50464.8 2011.35 0.736752 0.00410247 0.543755 0.00618198 
524 223.269 4.12232 50633 1996.92 0.73675 0.00398339 0.543744 0.00600423 
525 223.796 3.65119 50872.7 1786.12 0.736814 0.00360695 0.543838 0.00544037 
526 224.239 4.01697 51073.3 1946.85 0.736745 0.00393546 0.543742 0.00591946 
527 224.872 3.73995 51370.4 1827.93 0.737064 0.00368568 0.54422 0.00555547 
528 225.042 4.11531 51465.5 2009.77 0.736958 0.00396567 0.544063 0.00597265 
529 225.93 3.76773 51854.2 1838.79 0.737133 0.00373097 0.544308 0.00561361 
530 226.247 3.82372 52013.6 1879.8 0.736994 0.00374835 0.544109 0.00563946 
531 225.92 3.59559 51836.9 1757.82 0.736356 0.00355452 0.54316 0.00533975 
532 226.684 3.86976 52197.3 1890.55 0.736674 0.00384965 0.543642 0.00578165 
533 226.948 3.59578 52312.9 1769.67 0.736502 0.00355521 0.543375 0.00534421 
534 227.867 3.53043 52757.7 1750.14 0.73698 0.00348628 0.544104 0.0052437 
535 228.646 3.63345 53093.8 1794.33 0.737313 0.00360168 0.544571 0.00541611 
536 229.409 3.38493 53467.2 1682.75 0.736972 0.00309176 0.544088 0.004677 
537 229.61 3.42967 53555.5 1711.55 0.737483 0.00340689 0.544834 0.00512691 
538 229.051 3.13855 53296.7 1561.13 0.736426 0.00303926 0.543279 0.00457187 
539 230.535 3.17644 53981 1592.54 0.73745 0.00312731 0.54477 0.00470647 
540 229.679 2.62652 53566.3 1307.55 0.736494 0.00261601 0.543358 0.00392165 
541 230.426 2.79297 53903.2 1400.03 0.736755 0.00268003 0.543729 0.00403177 
542 230.63 2.66845 54009.9 1326.23 0.736364 0.00261158 0.543162 0.00391673 
543 231.762 3.17907 54522.2 1582.9 0.737046 0.00319978 0.544147 0.00480145 
544 231.287 2.57283 54308.1 1283.93 0.736103 0.0025151 0.542776 0.00377224 
545 232.09 2.94756 54696.5 1478.8 0.736501 0.0028005 0.543362 0.0042076 
546 232.035 2.80893 54682.7 1405.52 0.736036 0.00271787 0.542704 0.00407898 
547 232.279 3.13335 54776.7 1561.61 0.736117 0.00298002 0.542793 0.00446409 
548 232.935 3.14744 55102.4 1581.11 0.73611 0.00301418 0.542804 0.00451537 
549 233.771 3.03385 55470.8 1531.17 0.7366 0.00286781 0.543483 0.00430202 
550 233.663 3.29437 55474 1651.46 0.735623 0.00320114 0.542128 0.00477688 
551 235.123 3.23205 56111.9 1634.82 0.736984 0.00301786 0.544058 0.00452507 
552 236.23 4.05383 56669 2045.77 0.737637 0.00384876 0.545047 0.00575971 
553 236.272 3.26155 56663.7 1660.4 0.7374 0.00305385 0.544684 0.00458821 
554 237.22 3.30059 57134.9 1687.86 0.737862 0.0030479 0.545374 0.00458362 
555 237.957 3.36928 57498 1726.96 0.737827 0.0031104 0.545336 0.00468264 
556 239.109 4.13591 58100.7 2123.89 0.738603 0.00382518 0.546509 0.00575662 
557 239.339 3.47227 58154.7 1782.42 0.738448 0.00319224 0.546241 0.00479702 
558 241.685 5.35361 59368.4 2756.82 0.740043 0.00500113 0.54866 0.00751696 
559 241.105 3.57578 59042.6 1850.63 0.739033 0.00327683 0.547129 0.00492607 
560 242.548 4.44512 59812.8 2313.44 0.740144 0.00392544 0.548811 0.00591161 
561 240.518 2.73599 58741.4 1394.17 0.737941 0.00269164 0.5455 0.00403278 
562 240.556 2.79864 58800.2 1419.89 0.737046 0.00276836 0.544229 0.0041251 
563 241.988 2.79848 59482.7 1437.49 0.738365 0.0026525 0.546148 0.00398403 
564 242.241 2.84468 59591.3 1471.24 0.738345 0.00274699 0.546103 0.00412105 
565 242.805 2.97633 59861.8 1562.98 0.738346 0.00263749 0.54609 0.00397982 
566 243.404 2.93224 60169 1526.28 0.738854 0.00272845 0.546852 0.00410781 
567 243.575 3.04594 60234.8 1601.97 0.737906 0.00278424 0.545446 0.00420141 
568 243.638 3.19458 60264.1 1679.86 0.737834 0.00291191 0.545326 0.00437898 
569 244.158 2.76863 60501 1475.56 0.737926 0.00250912 0.545458 0.00380196 
570 244.147 2.91077 60490.3 1538.79 0.737585 0.00252805 0.544942 0.00380345 
571 244.838 2.5571 60850.7 1338.7 0.738041 0.00230348 0.545632 0.00345413 
572 245.144 3.46266 60985.9 1815.28 0.737885 0.00303742 0.545385 0.00456418 
573 245.526 3.47609 61173.3 1843.97 0.737792 0.00296351 0.54525 0.00447604 
574 245.89 3.23211 61335.5 1694.62 0.737948 0.0028886 0.545463 0.00433536 
575 246.644 3.00325 61697.9 1587.16 0.738122 0.00262713 0.545698 0.00394945 
576 246.525 3.26992 61647.5 1733.97 0.737694 0.00287892 0.545079 0.00435097 
577 247.242 3.37619 62002.7 1792.67 0.737992 0.00290951 0.545523 0.00439918 
578 247.736 2.87955 62230.4 1518.9 0.737985 0.00253304 0.545488 0.00381787 
579 248.237 3.17138 62486.8 1671.94 0.738249 0.00285011 0.545894 0.00429267 
580 248.818 3.23278 62791.1 1718.66 0.738083 0.00283308 0.545652 0.00427117 
581 250.409 2.99974 63604.5 1601.57 0.738932 0.00259945 0.546902 0.0039314 
582 251.396 3.35674 64129.1 1788.71 0.739575 0.00290601 0.547864 0.00438032 
583 250.367 3.41545 63560.9 1800.99 0.738275 0.00294712 0.545903 0.00442637 
584 252.723 3.94656 64806.5 2095.67 0.739498 0.00332548 0.547726 0.00498611 
585 250.794 3.20405 63772.3 1702.45 0.737911 0.002851 0.545362 0.00427388 
586 252.032 3.12983 64377.4 1651.26 0.738616 0.00283031 0.546373 0.00423648 
587 251.571 2.53243 64114.5 1335.73 0.737598 0.00238255 0.544844 0.00355723 
588 253.04 2.95357 64910.1 1596.25 0.738686 0.00282373 0.546495 0.00423888 
589 253.05 2.67747 64914.9 1463.67 0.738489 0.00242517 0.54621 0.00365976 
590 253.905 3.08028 65338.4 1662.7 0.738777 0.00286206 0.546623 0.00430616 
591 255.148 3.21848 66004.1 1714.84 0.739294 0.00285355 0.547409 0.00428675 
592 254.237 3.40802 65509.8 1821.02 0.73888 0.00307659 0.546783 0.0046193 
593 255.941 3.32224 66394.3 1778.07 0.739449 0.00266224 0.547621 0.00400684 
594 256.231 3.55037 66530.8 1912.61 0.740339 0.00299302 0.548909 0.00449199 
595 257.922 3.73026 67443.8 1989.62 0.740234 0.00331789 0.548785 0.00495146 
596 256.727 3.72852 66789.3 1985.98 0.739696 0.00319084 0.547978 0.00477638 
597 259.634 3.55366 68354.9 1922.65 0.741166 0.00296562 0.550178 0.00442688 
598 257.08 4.07044 66975.1 2159.9 0.739202 0.00395713 0.547272 0.00589059 
599 260.019 3.68795 68532.6 1986.98 0.74126 0.00304521 0.550283 0.00454276 
600 258.281 4.30842 67590.7 2304.92 0.739469 0.00390568 0.547637 0.0058279 
601 261.665 3.90414 69396.7 2120.11 0.741552 0.0031872 0.550701 0.00475899 
602 259.809 4.45578 68386.3 2390.91 0.739996 0.00392573 0.548392 0.00585723 
603 262.849 3.75318 70050.1 2057.03 0.741923 0.0029615 0.551258 0.0044275 
604 260.932 3.4014 68977.1 1877.66 0.740149 0.00342218 0.548619 0.00512923 
605 261.13 3.67087 69075 2017.64 0.740018 0.00338404 0.548411 0.00507328 
606 262.545 5.51857 69832.1 2970.59 0.741035 0.00511404 0.549939 0.00764114 
607 262.325 4.04478 69714 2232.56 0.740275 0.00386046 0.548794 0.00578103 
608 263.165 4.89704 70170 2634.37 0.740618 0.0046286 0.549332 0.00690382 
609 263.937 4.67912 70595.7 2542.67 0.740759 0.00422273 0.549542 0.00630558 
610 265.843 5.9598 71604.8 3248.86 0.742108 0.00559761 0.551563 0.0083706 
611 266.895 4.28419 72187.3 2371.14 0.742301 0.00371096 0.551826 0.00557168 
612 266.746 6.06977 72095.4 3340.19 0.742263 0.00571515 0.551794 0.00855706 
613 267.464 5.01287 72497.2 2771.5 0.742148 0.00429068 0.551617 0.00642855 
614 267.695 3.82615 72603.1 2149.22 0.741832 0.00384737 0.551138 0.00576246 
615 266.819 3.87567 72122.3 2202.49 0.740821 0.00366991 0.549614 0.00550371 
616 266.91 3.54618 72154.9 1967.55 0.740992 0.0033047 0.549885 0.00494223 
617 268.058 4.10304 72811 2323.42 0.740925 0.00371001 0.549781 0.00556341 
618 266.843 3.58458 72121.8 1986.48 0.74011 0.00319209 0.548571 0.00477189 
619 267.583 3.63537 72544.8 2020.27 0.74017 0.00316869 0.548679 0.00473713 
620 268.072 3.21824 72773.3 1777.62 0.74039 0.0028483 0.548997 0.00425318 
621 268.14 2.96532 72841.6 1659.37 0.74007 0.00268053 0.548522 0.00400013 
622 268.493 2.58477 73001.7 1436.04 0.740806 0.00261202 0.549613 0.00390621 
623 268.445 2.58848 73018.4 1454.19 0.73907 0.00225082 0.547041 0.00336691 
624 268.581 2.86129 73055.9 1572.93 0.73968 0.00256561 0.547953 0.00381755 
625 268.518 2.8289 73017.4 1568.37 0.738444 0.00224708 0.546088 0.00334602 
626 268.591 2.86842 73036.1 1578.24 0.73866 0.00244982 0.546388 0.00363861 
627 269.438 2.95452 73509.5 1627.65 0.738774 0.00263378 0.546567 0.00390509 
628 269.333 2.76631 73448 1552.34 0.738597 0.00228814 0.546301 0.00341604 
629 270.417 2.9731 74055.8 1665.6 0.738884 0.00270189 0.546732 0.00402261 
630 270.589 3.01668 74130.5 1672.47 0.73887 0.00258934 0.546694 0.00385169 
631 271.22 3.06514 74503 1727.62 0.738295 0.00268017 0.545857 0.00399266 
632 271.036 3.59214 74396.6 2003.87 0.738253 0.00276668 0.545807 0.00411771 
633 271.191 3.36831 74465.7 1882.51 0.737933 0.00273598 0.545343 0.00406029 
634 271.79 3.4936 74772.6 1943.22 0.738613 0.00271588 0.54633 0.00403937 
635 272.022 3.17649 74916.3 1786.8 0.737929 0.0027045 0.545334 0.00402091 
636 273.183 2.93767 75513.6 1651.77 0.739776 0.0027606 0.548044 0.00408937 
637 272.976 3.1917 75451.5 1798.68 0.738101 0.0025107 0.545574 0.00374009 
638 273.165 3.40052 75529.4 1899.37 0.738254 0.00274467 0.54578 0.00407478 
639 273.812 3.38448 75890.1 1911.43 0.738022 0.00276409 0.545425 0.00410481 
640 274.032 3.36119 75981.3 1882.76 0.738445 0.00277568 0.546048 0.00411647 
641 274.257 3.31007 76118.7 1857.39 0.738036 0.00273801 0.545443 0.0040577 
642 275.355 3.56101 76694 1999.99 0.738645 0.00294723 0.546315 0.00437198 
643 275.789 3.67298 76936 2074.68 0.738613 0.00321342 0.546281 0.00477085 
644 276.15 3.56369 77108.8 2010.02 0.738822 0.00295041 0.546553 0.00439018 
645 276.706 3.26961 77427 1849.79 0.738487 0.00272467 0.54607 0.00406103 
646 277.628 3.37021 77943.5 1895.29 0.739132 0.00277543 0.547023 0.00412401 
647 278.415 3.43351 78418.4 1979.61 0.738793 0.00285172 0.546532 0.00425919 
648 278.825 3.65264 78630.6 2068.31 0.739165 0.00292421 0.547082 0.00435299 
649 279.581 3.71486 79094.4 2152.2 0.739231 0.00307741 0.547198 0.00459072 
650 279.656 3.56826 79117.5 2035.81 0.739256 0.0029549 0.547248 0.00439836 
651 280.296 3.79514 79471.6 2173.15 0.739339 0.00317932 0.547344 0.00473224 
652 280.73 4.06342 79719.6 2331.97 0.739045 0.00340448 0.546908 0.00506779 
653 281.36 3.96582 80096.9 2288.94 0.739079 0.00338418 0.546968 0.0050376 
654 282.423 4.15835 80713.7 2457.35 0.739433 0.00342365 0.54751 0.00512711 
655 282.498 3.49689 80778.8 2064.61 0.738591 0.00281985 0.546254 0.00424095 
656 283.821 4.11578 81461.1 2446.02 0.73951 0.00347173 0.547586 0.00521438 
657 284.092 3.80004 81645.9 2260.44 0.739513 0.00319168 0.547595 0.00479587 
658 286.229 4.77372 82888.6 2866.15 0.740361 0.00371825 0.548846 0.0056021 
659 285.714 3.75938 82599.9 2292.61 0.740349 0.00309395 0.548839 0.00466703 
660 288.068 5.64487 84018.9 3437.58 0.741219 0.00438808 0.55016 0.00662996 
661 286.905 4.57689 83320 2783.7 0.740597 0.00371796 0.54922 0.00559687 
662 288.937 6.38676 84589.5 3896.47 0.741644 0.00483781 0.550823 0.00729942 
663 287.218 3.07862 83456.4 1932.14 0.739905 0.00281349 0.548161 0.00425489 
664 288.675 4.98112 84379.2 3080.91 0.740357 0.00402315 0.548881 0.00608097 
665 287.606 3.21445 83678 2011.66 0.739829 0.00286501 0.54805 0.00432821 
666 289.086 3.23518 84545.1 2018.46 0.740337 0.0027841 0.548798 0.00423857 
667 288.849 3.33523 84436.6 2135.16 0.740136 0.00298781 0.548522 0.00453008 
668 291.014 5.38604 85749.3 3362.34 0.741407 0.00434593 0.55043 0.00655968 
669 289.32 4.68881 84722.9 2899.69 0.739906 0.00377486 0.548186 0.00568573 
670 293.319 6.96631 87176.6 4335.43 0.742338 0.00520679 0.551842 0.00784449 
671 288.167 3.11152 84012.7 1871.69 0.738397 0.0023203 0.545928 0.00345834 
672 290.61 4.13146 85509 2529.35 0.73942 0.00303861 0.547473 0.00454831 
673 288.739 3.30957 84297.3 2036.46 0.738035 0.00275402 0.545374 0.0041177 
674 290.298 3.43696 85206.5 2147.23 0.739001 0.00266766 0.546782 0.0040191 
675 289.754 3.35702 84863.9 2046.88 0.738733 0.002355 0.546395 0.00354245 
676 290.319 3.29398 85188.3 2008.69 0.738161 0.00246559 0.545525 0.00370393 
677 290.481 3.429 85272.8 2079.5 0.738396 0.00261414 0.545881 0.00391608 
678 291.222 3.5533 85710.1 2163.83 0.738406 0.00270363 0.545887 0.00404612 
679 291.607 3.44944 85926.6 2096.83 0.738386 0.0025318 0.545858 0.00378782 
680 292.151 3.41094 86254.9 2082.11 0.738316 0.00260788 0.545756 0.00389953 
681 292.517 3.3685 86454.4 2041.44 0.738393 0.00271336 0.545862 0.00405123 
682 293.513 3.59542 87068.9 2213.12 0.738329 0.00266407 0.545777 0.00398967 
683 293.234 3.62481 86906.5 2204.63 0.737984 0.00278041 0.545282 0.00415386 
684 293.997 3.65672 87354.8 2247.36 0.738148 0.00283569 0.545514 0.00423957 
685 294.007 3.39422 87336.5 2077.14 0.737859 0.00285465 0.545081 0.00425194 
686 294.954 3.59313 87928.7 2219.5 0.738408 0.00298093 0.545907 0.00444664 
687 294.187 3.14677 87432.4 1920.58 0.737876 0.0027371 0.545104 0.00407015 
688 295.209 2.63212 88042.2 1597.71 0.738657 0.00203237 0.546252 0.00302966 
689 295.49 2.68113 88204.8 1681.37 0.738619 0.0024203 0.546201 0.00361626 
690 295.642 3.31322 88317.9 2056.04 0.738286 0.00269473 0.545715 0.00402606 
691 296.935 2.63722 89107.3 1716.68 0.739172 0.00227272 0.547045 0.00344136 
692 297.378 2.51249 89375.5 1573.58 0.739077 0.00193488 0.546891 0.0029392 
693 296.462 2.556 88798.4 1650.7 0.738324 0.00218626 0.545756 0.00330743 
694 298.33 3.94399 89948.7 2460.99 0.739095 0.00302897 0.546902 0.00455288 
695 298 3.39975 89705 2117.86 0.738454 0.00256251 0.545931 0.00384729 
696 298.928 3.6202 90281.5 2278.39 0.739567 0.00277643 0.547576 0.00417428 
697 299.093 3.47373 90350.5 2180.89 0.739076 0.00278805 0.54685 0.00418234 
698 299.998 3.27776 90920.6 2091.7 0.739668 0.00256521 0.547723 0.00386675 
