1.5 -1.959 108200000000
66.817 11.9116
1 0 0 0 0 0.500055 3.65008e-05 0.500055 3.65008e-05 
2 0 0 0 0 0.500039 3.49684e-05 0.375014 3.22197e-05 
3 0 0 0 0 0.500027 2.99602e-05 0.333348 2.85753e-05 
4 0.208606 3.93396e-05 0.208606 3.93396e-05 0.540513 3.25188e-05 0.358067 3.71763e-05 
5 0.280409 4.95385e-05 0.280409 4.95385e-05 0.543557 2.93232e-05 0.347901 3.21802e-05 
6 0.582969 9.06554e-05 0.849125 0.000170855 0.571004 3.40676e-05 0.371183 3.9546e-05 
7 0.69142 0.000128909 1.04291 0.000248425 0.571663 3.06766e-05 0.365014 3.53918e-05 
8 1.08244 0.000182629 2.19166 0.000553449 0.593565 3.58635e-05 0.386482 4.29049e-05 
9 1.23591 0.000211183 2.66933 0.000731895 0.595146 3.59204e-05 0.384537 4.26557e-05 
10 1.64152 0.000340726 4.30903 0.00142486 0.610117 3.80638e-05 0.399731 4.79029e-05 
11 1.86368 0.000376133 5.33793 0.00217983 0.613539 4.36142e-05 0.401561 5.9909e-05 
12 2.27536 0.000449497 7.52665 0.00288219 0.624669 4.12855e-05 0.413372 5.32703e-05 
13 2.53154 0.000518922 9.05449 0.00354239 0.627626 4.29707e-05 0.415303 5.55313e-05 
14 2.97509 0.000607208 12.0649 0.00462931 0.637405 4.75811e-05 0.426301 6.28163e-05 
15 3.2464 0.00070834 14.0632 0.00588148 0.639629 4.8033e-05 0.427811 6.33502e-05 
16 3.71459 0.000900376 17.938 0.00847058 0.648046 5.12228e-05 0.437565 6.94985e-05 
17 4.00695 0.00118176 20.5466 0.0120722 0.650119 5.3946e-05 0.439243 7.32417e-05 
18 4.49247 0.0012773 25.3267 0.0143619 0.657446 6.27232e-05 0.447962 8.6587e-05 
19 4.80499 0.00146114 28.6161 0.0181684 0.659341 5.55914e-05 0.449647 7.60986e-05 
20 5.30543 0.00187562 34.3612 0.0237623 0.665753 6.40634e-05 0.457437 8.88168e-05 
21 5.62925 0.00197987 38.2962 0.0284075 0.667289 7.40575e-05 0.458799 9.92612e-05 
22 6.14899 0.00195856 45.1469 0.0289237 0.673264 7.15131e-05 0.466245 0.00010114 
23 6.48114 0.00217387 49.7424 0.034377 0.674589 7.45242e-05 0.467474 0.000105466 
24 7.01457 0.00279479 57.7093 0.0481487 0.679968 8.62407e-05 0.474271 0.000124322 
25 7.35929 0.00290833 63.0745 0.0514857 0.681133 8.40206e-05 0.475372 0.000118505 
26 7.90788 0.0038856 72.2502 0.0759292 0.686101 0.000121584 0.481744 0.000177811 
27 8.26912 0.00388903 78.5338 0.0774123 0.687283 0.000113362 0.482955 0.000166443 
28 8.82396 0.00375743 88.8151 0.0775615 0.691713 0.000105204 0.488694 0.000152653 
29 9.20264 0.0068031 96.1526 0.154078 0.692973 0.000167086 0.490104 0.000251255 
30 9.76386 0.00495236 107.594 0.115207 0.69695 0.000114698 0.495316 0.000166733 
31 10.1328 0.00507904 115.371 0.121764 0.697771 0.000124745 0.496148 0.00018378 
32 10.708 0.00581927 128.194 0.145627 0.701409 0.000141101 0.500934 0.000208444 
33 11.0952 0.0100796 137.142 0.276214 0.702472 0.000257282 0.502191 0.000398083 
34 11.6729 0.00706521 151.122 0.19129 0.705873 0.00014105 0.506709 0.000206272 
35 12.0618 0.00744012 160.842 0.206819 0.706712 0.000157595 0.507646 0.000234645 
36 12.6621 0.00858993 176.577 0.252299 0.71014 0.000186176 0.51229 0.000281644 
37 13.0541 0.0134516 187.156 0.416564 0.710724 0.000184375 0.512882 0.000277111 
38 13.675 0.0196829 204.742 0.645653 0.714149 0.000384196 0.517587 0.000585017 
39 14.0451 0.0105241 215.287 0.328381 0.714388 0.000209422 0.517677 0.000316004 
40 14.678 0.0155882 234.584 0.53443 0.717796 0.000250069 0.522427 0.000378289 
41 15.0938 0.0144416 247.461 0.501173 0.718338 0.000183336 0.522984 0.000269798 
42 15.6944 0.0136321 266.716 0.470124 0.721015 0.000210429 0.526681 0.00031063 
43 16.1148 0.0136042 280.655 0.497282 0.72153 0.000213692 0.527252 0.000327015 
44 16.7254 0.0172401 301.613 0.662974 0.724308 0.000250774 0.531152 0.000379016 
45 17.1474 0.0170179 316.349 0.667299 0.72468 0.000254186 0.531483 0.000382669 
46 17.7976 0.0280002 340.073 1.10007 0.727548 0.000363401 0.535535 0.000542576 
47 18.1981 0.0208593 354.944 0.838891 0.727727 0.000325445 0.535656 0.000484946 
48 18.8279 0.02446 379.089 1.05336 0.730065 0.00038097 0.538929 0.000589721 
49 19.2756 0.0295365 396.845 1.25782 0.730824 0.000436357 0.53993 0.000662972 
50 19.9202 0.0278514 422.982 1.22947 0.732985 0.000309088 0.542954 0.000465043 
51 20.4039 0.0461895 443.339 2.15069 0.734025 0.000553016 0.544405 0.000846462 
52 21.0145 0.0282224 469.383 1.3243 0.735757 0.000326727 0.546793 0.0004923 
53 21.3912 0.0356092 485.691 1.81336 0.735542 0.000417872 0.546356 0.000636138 
54 22.1847 0.0785625 522.044 4.01334 0.738956 0.000771599 0.551311 0.00118493 
55 22.5235 0.045326 536.969 2.28251 0.738296 0.000419626 0.550193 0.000621398 
56 23.1591 0.0379184 567.002 1.94603 0.740268 0.000404659 0.553071 0.000614654 
57 23.5797 0.0431939 587.106 2.24437 0.740215 0.000461531 0.552854 0.00070287 
58 24.2697 0.0658121 621.402 3.72437 0.74246 0.000621847 0.556116 0.000955943 
59 24.7324 0.0568754 644.083 2.94727 0.742558 0.000311992 0.556101 0.00047013 
60 25.348 0.0497605 675.995 2.768 0.74416 0.000396116 0.558425 0.000588887 
61 25.7564 0.0355747 697.295 1.96341 0.744362 0.000332202 0.558708 0.000507275 
62 26.4387 0.0413222 733.855 2.38759 0.746621 0.000359181 0.561977 0.000548112 
63 26.9001 0.0418749 758.749 2.44476 0.746808 0.000427984 0.562167 0.000651759 
64 27.6581 0.0804542 801.246 4.43999 0.749249 0.00045717 0.565743 0.000691655 
65 28.1251 0.0747439 828.636 4.6578 0.749599 0.000720085 0.566244 0.00111609 
66 28.8212 0.108002 868.842 6.21408 0.751167 0.000730275 0.568498 0.00115635 
67 29.1199 0.0458667 886.231 2.84877 0.750125 0.000409689 0.566826 0.000627085 
68 29.8937 0.0818195 933.239 5.06361 0.752435 0.000656332 0.570273 0.00102539 
69 30.3018 0.0853688 958.15 5.44933 0.752393 0.00082054 0.570152 0.00125674 
70 30.9566 0.0620364 999.25 4.32472 0.753689 0.000657803 0.572034 0.00103149 
71 31.3623 0.0452146 1024.69 3.06465 0.753504 0.000366346 0.571674 0.000562014 
72 32.3617 0.12057 1091.16 8.75439 0.756711 0.00105616 0.576515 0.00164283 
73 32.5736 0.0815976 1104.02 5.83087 0.755784 0.000662036 0.575028 0.00103212 
74 33.2859 0.0808357 1151.48 6.04583 0.757583 0.000627858 0.577658 0.000973232 
75 34.1641 0.31464 1214.91 24.4791 0.759752 0.00199178 0.580986 0.00309908 
76 34.5741 0.1213 1241.73 9.42718 0.759477 0.000696687 0.580439 0.00107865 
77 34.8287 0.0600696 1258.6 4.39642 0.758155 0.000419686 0.57835 0.000642986 
78 35.7305 0.230954 1324.01 17.1595 0.760849 0.00183989 0.582417 0.00282197 
79 35.97 0.0583569 1340.42 4.29263 0.759686 0.000444904 0.580599 0.000681794 
80 36.6173 0.0674026 1388.63 5.04741 0.761233 0.000555875 0.582912 0.00086199 
81 37.2172 0.112711 1434.22 8.43978 0.761695 0.000711519 0.583578 0.00107685 
82 37.8366 0.0943014 1481.26 7.37471 0.762502 0.000670422 0.584763 0.0010328 
83 38.4242 0.144018 1527.03 11.5247 0.763033 0.000907992 0.585513 0.00138844 
84 39.0688 0.114679 1577.57 9.22686 0.763715 0.000614844 0.586488 0.000947734 
85 39.6004 0.162376 1620.84 13.9503 0.764239 0.000836228 0.587275 0.00128756 
86 40.1034 0.103293 1660.13 8.69644 0.764862 0.000551669 0.588158 0.000845413 
87 40.6815 0.102372 1708.18 8.8868 0.76528 0.00066331 0.588746 0.00103176 
88 41.4087 0.110901 1768.37 9.63857 0.766456 0.000672108 0.590529 0.00103052 
89 41.9029 0.159943 1811.6 14.3072 0.766781 0.000856318 0.590973 0.00133161 
90 42.4258 0.110031 1854.68 9.90253 0.76776 0.000696522 0.592465 0.00106617 
91 42.943 0.112529 1899.98 10.524 0.767505 0.000661182 0.592023 0.00104005 
92 43.5576 0.097362 1952.86 9.38804 0.768445 0.000923439 0.593475 0.00144549 
93 44.1293 0.121265 2004.21 10.7617 0.768716 0.000611603 0.593794 0.000954786 
94 44.704 0.089466 2054.85 8.17999 0.769542 0.000633281 0.595079 0.000997554 
95 45.3167 0.0904152 2111.23 8.50164 0.770177 0.000683451 0.596035 0.00108282 
96 46.3413 0.251815 2208.32 24.3425 0.77358 0.00190193 0.601363 0.00300272 
97 46.5243 0.140496 2224 14.0725 0.772008 0.000953532 0.598842 0.00151587 
98 47.4016 0.143441 2308.34 14.0155 0.773504 0.000799186 0.601111 0.00124646 
99 47.9477 0.159221 2361.7 16.3826 0.773731 0.000976622 0.601459 0.00155774 
100 49.1596 0.45428 2487.3 48.4313 0.776695 0.00192255 0.606061 0.0030464 
101 49.2043 0.194294 2486.06 20.5232 0.775259 0.00111557 0.603735 0.00176209 
102 49.8766 0.184664 2552.67 19.8846 0.7761 0.00112075 0.60501 0.00178331 
103 50.015 0.126508 2564.19 13.0767 0.773884 0.000816321 0.601489 0.00129494 
104 50.8568 0.139397 2650.53 15.0593 0.775098 0.00102032 0.603374 0.00162287 
105 51.2267 0.12204 2688.27 12.9432 0.775213 0.00087766 0.603524 0.00137644 
106 51.9791 0.15985 2766.75 16.8437 0.775726 0.000692762 0.604227 0.00109893 
107 52.4386 0.13102 2815.03 14.373 0.776685 0.000956594 0.605782 0.00152076 
108 53.1745 0.123774 2893.87 13.6214 0.776839 0.000799232 0.60597 0.0012593 
109 53.7418 0.19712 2953.45 20.7331 0.776679 0.00113445 0.605651 0.00174141 
110 54.4136 0.15474 3027.45 17.1438 0.778381 0.00112333 0.608273 0.00176188 
111 55.1358 0.237787 3108.1 27.4183 0.779104 0.00148514 0.609402 0.00234847 
112 56.1452 0.471341 3221.76 53.7229 0.7823 0.00280738 0.614381 0.00442193 
113 56.2968 0.252956 3238.6 28.6447 0.779177 0.00165528 0.60947 0.00260093 
114 57.7565 0.878002 3411.27 104.01 0.78397 0.00490021 0.616996 0.00774328 
115 57.3307 0.23742 3357.09 28.2916 0.779339 0.000985831 0.609606 0.00156244 
116 57.6976 0.134585 3400.16 16.285 0.778907 0.000852615 0.608955 0.00135215 
117 58.3027 0.151335 3471.43 18.2588 0.779774 0.000934779 0.610356 0.00146767 
118 59.1341 0.152374 3568.44 18.7523 0.780506 0.000902465 0.611369 0.00140492 
119 59.636 0.147946 3631.53 17.9217 0.781365 0.000822633 0.612771 0.00129463 
120 60.439 0.164791 3727.59 20.2384 0.782393 0.000756531 0.614315 0.00119217 
121 60.8353 0.235592 3777.59 28.1828 0.782407 0.00105241 0.614379 0.00167282 
122 61.9061 0.300381 3909.35 37.4919 0.78384 0.00139901 0.616578 0.0021997 
123 62.5585 0.292728 3991.35 36.3237 0.785928 0.0015701 0.619893 0.00250227 
124 64.0699 0.874656 4181 109.701 0.787391 0.00296927 0.621957 0.00451036 
125 63.7469 0.27987 4141.71 34.794 0.786172 0.00146653 0.620155 0.00230407 
126 64.643 0.495358 4258.24 65.7298 0.78632 0.00145675 0.620296 0.00227388 
127 65.2165 0.535194 4335.35 69.8585 0.787105 0.00250232 0.621637 0.00393212 
128 65.5394 0.283799 4376.41 38.6571 0.785407 0.00115177 0.618926 0.00183254 
129 66.1571 0.300759 4457.78 41.6237 0.785653 0.00139011 0.619239 0.00221968 
130 67.0397 0.293671 4579.16 40.6322 0.78764 0.00135433 0.622438 0.00215786 
131 67.8563 0.499302 4690.51 68.8492 0.787367 0.00199199 0.621945 0.00315747 
132 68.2667 0.393854 4748.14 58.2884 0.78785 0.00105676 0.622654 0.00167064 
133 68.8642 0.357951 4830.11 53.125 0.788533 0.00116476 0.62372 0.00184951 
134 69.4966 0.362168 4921.59 55.2561 0.788296 0.00121127 0.623383 0.00192409 
135 69.8371 0.360614 4961.57 50.0441 0.788133 0.00181296 0.623036 0.00283994 
136 70.3926 0.24759 5041.54 37.5105 0.788153 0.00140021 0.623086 0.00223873 
137 70.9039 0.283286 5114.85 40.8505 0.787953 0.0012897 0.622799 0.00203278 
138 71.2883 0.273536 5167 38.6847 0.787612 0.00151416 0.622199 0.00234808 
139 72.3138 0.452642 5315.16 65.2978 0.788625 0.00267173 0.623858 0.00414889 
140 72.7143 0.378798 5372.48 55.3299 0.786904 0.00315385 0.621158 0.0048239 
141 74.2989 0.881594 5606.34 135.149 0.7879 0.00589265 0.622744 0.0090855 
142 74.2998 0.500212 5599.61 75.1419 0.786676 0.00336735 0.620587 0.00519706 
143 75.0814 0.634837 5726.28 96.4414 0.791697 0.00230235 0.628472 0.00363765 
144 75.4393 0.368716 5776.11 55.0774 0.790226 0.00155516 0.626082 0.00244755 
145 75.8288 0.287328 5836.85 42.6087 0.791663 0.0012404 0.628406 0.00194371 
146 76.4787 0.349894 5939.8 51.6597 0.791092 0.00176214 0.627534 0.00276703 
147 76.8577 0.405604 5998.06 59.9275 0.790345 0.00137131 0.626309 0.00214879 
148 77.7066 0.476509 6129.84 71.2446 0.791175 0.00176415 0.627621 0.00277517 
149 78.4542 0.583677 6248.93 88.3902 0.79133 0.00205245 0.627859 0.00321721 
150 78.6967 0.527347 6287.22 80.0208 0.790557 0.00221472 0.62664 0.00346396 
151 79.9732 0.658003 6494.28 105.716 0.793539 0.00234879 0.631402 0.00375591 
152 80.0255 0.537658 6494.55 82.7368 0.791443 0.00181658 0.627944 0.00283366 
153 80.9827 0.495534 6653.35 79.2621 0.79274 0.00125609 0.630058 0.0019855 
154 81.6368 0.545699 6758.25 87.2504 0.793375 0.0014094 0.631038 0.00215704 
155 82.5281 0.628384 6907.07 101.853 0.795511 0.00207494 0.634545 0.00334443 
156 83.1074 0.446628 7002.2 73.7175 0.795126 0.00147724 0.633742 0.00235146 
157 84.0689 0.653419 7165.93 107.303 0.797217 0.00302524 0.637226 0.00492377 
158 84.2053 0.563103 7186.99 93.0943 0.794912 0.00215985 0.633393 0.00343766 
159 84.6059 0.546346 7256.42 90.3397 0.793362 0.00199893 0.630895 0.00318165 
160 85.9602 0.555574 7480.52 90.4642 0.794883 0.00160947 0.63317 0.00260353 
161 86.1751 0.615054 7526.97 104.442 0.795192 0.00178833 0.633771 0.00284922 
162 86.6917 0.51986 7614.12 86.3958 0.794858 0.00144866 0.633222 0.00230707 
163 87.2763 0.504769 7700.04 89.4483 0.792349 0.00240282 0.628974 0.00404002 
164 87.6701 0.560081 7790.72 96.2917 0.794429 0.00153822 0.632612 0.0024354 
165 88.3655 0.693197 7915.22 119.129 0.794526 0.0016333 0.632746 0.00258967 
166 88.9896 0.552414 8025.09 93.7953 0.795511 0.00158553 0.63436 0.0025427 
167 89.4572 0.709853 8108.52 123.779 0.794301 0.00197269 0.632366 0.00308058 
168 90.0352 0.687979 8212.94 121.061 0.794454 0.00163657 0.632632 0.00255284 
169 90.4052 0.739844 8278 131.69 0.794549 0.00175666 0.632774 0.00275101 
170 90.925 0.616713 8375.64 109.324 0.792723 0.00223166 0.62997 0.00346758 
171 91.874 0.634677 8546.85 112.829 0.794919 0.00151068 0.633307 0.00237673 
172 92.8738 0.673966 8734.15 121.243 0.797013 0.00167306 0.636627 0.00266527 
173 93.2018 0.514858 8794.21 96.9822 0.797806 0.00171158 0.63787 0.00270026 
174 94.1645 0.533316 8970.5 98.5459 0.799984 0.00203617 0.641345 0.00323448 
175 95.0497 0.501805 9134.39 90.2878 0.801995 0.00286271 0.644522 0.00458604 
176 95.9625 0.624705 9321.4 116.656 0.799883 0.00209147 0.641188 0.00329774 
177 96.6037 0.844556 9451.76 171.054 0.799934 0.0023101 0.641242 0.00377126 
178 97.3057 0.50757 9580.41 98.0415 0.800504 0.001362 0.642096 0.00219432 
179 97.5709 0.59418 9635.28 115.17 0.79904 0.00151271 0.639767 0.00244892 
180 98.2928 0.514296 9774.82 100.068 0.800579 0.0016526 0.642223 0.00270817 
181 98.6011 0.660284 9835.55 128.811 0.798761 0.00145074 0.639278 0.00233291 
182 99.5274 0.659438 10017.1 129.849 0.8007 0.00198758 0.642392 0.00322315 
183 100.339 0.747494 10183.9 152.239 0.800134 0.00176097 0.641427 0.0028362 
184 100.84 0.501915 10282.8 101.082 0.801794 0.00144009 0.644166 0.00236223 
185 101.229 0.686496 10359 135.826 0.800404 0.00116931 0.641791 0.00188155 
186 101.722 0.558823 10460.7 112.791 0.800527 0.00168698 0.642077 0.00272531 
187 101.808 0.678095 10476.9 140.521 0.799573 0.00169963 0.640482 0.00275145 
188 103.458 0.604726 10821.9 123.784 0.801982 0.00170273 0.64442 0.00275364 
189 103.41 0.627523 10800 136.646 0.798167 0.00270019 0.638162 0.00444955 
190 105.418 0.990231 11238.4 214.342 0.804588 0.00311536 0.648676 0.00508496 
191 104.464 0.592815 11024 127.421 0.79824 0.00230078 0.63834 0.00377863 
192 105.879 0.583132 11329.2 124.655 0.80269 0.00138728 0.645496 0.00227118 
193 106.355 0.490687 11434.6 102.528 0.802309 0.00136823 0.644883 0.00228317 
194 107.631 0.889812 11691.4 179.587 0.806354 0.00347399 0.651265 0.00553391 
195 107.251 0.684316 11620.3 145.259 0.801337 0.00160096 0.643245 0.00257641 
196 109.18 0.741258 12032.7 159.656 0.806549 0.00253269 0.65158 0.00410216 
197 108.508 0.609917 11889.7 133.093 0.802338 0.00167263 0.644801 0.00271136 
198 110.236 0.893415 12282.1 199.649 0.805721 0.00255014 0.650384 0.0041524 
199 109.774 0.641096 12172.9 138.802 0.80238 0.00190168 0.644944 0.00306401 
200 110.76 0.827728 12386.7 183.967 0.803643 0.00235152 0.646918 0.0037713 
201 111.185 0.903303 12486.9 200.873 0.803499 0.00345802 0.646848 0.0056012 
202 111.805 0.723644 12614.2 162.402 0.803179 0.00292303 0.646169 0.0046797 
203 112.016 0.926908 12671.6 209.681 0.800267 0.00307401 0.641555 0.0049984 
204 113.482 0.676347 13006.5 152.877 0.803363 0.00211416 0.646544 0.00340113 
205 113.248 1.15595 12957.6 263.335 0.799642 0.00360452 0.640591 0.00574698 
206 114.86 0.851428 13328.9 196.556 0.805241 0.0023855 0.64959 0.00390552 
207 115.234 0.907359 13416.2 205.931 0.804545 0.00206994 0.648398 0.00338485 
208 116.667 1.00605 13748.1 238.155 0.807304 0.00319424 0.652947 0.0052358 
209 117.176 1.16321 13871.3 271.937 0.805276 0.00215529 0.649531 0.00348057 
210 117.699 1.04038 13997.9 249.062 0.805288 0.00250153 0.649619 0.00406272 
211 118.547 1.29589 14215.6 316.831 0.804389 0.00274506 0.64815 0.00443311 
212 118.512 0.741633 14184.3 177.374 0.80493 0.00181552 0.64906 0.00291996 
213 118.855 0.781693 14264.4 188.945 0.804369 0.00170933 0.648048 0.00277709 
214 119.902 0.811701 14515.6 193.842 0.806228 0.00241265 0.651156 0.00391964 
215 120.146 0.737321 14573 174.83 0.804885 0.00205367 0.648937 0.00330502 
216 121.194 0.772262 14824.9 189.143 0.806199 0.00184666 0.651015 0.00299322 
217 122.652 0.912808 15160.9 219.413 0.809246 0.00260853 0.655797 0.00420007 
218 122.802 1.12654 15217.8 279.15 0.807051 0.00268027 0.652407 0.00433224 
219 123.184 0.864629 15311.6 215.035 0.805447 0.00189553 0.649748 0.0030878 
220 122.881 0.894762 15233 226.154 0.803892 0.00192597 0.647212 0.00318531 
221 124.591 1.27421 15635.5 318.497 0.804895 0.00169297 0.648643 0.00277497 
222 124.175 0.846478 15564.9 210.885 0.804794 0.00172145 0.648732 0.00279685 
223 125.91 0.924847 16012.3 234.1 0.806265 0.00193819 0.651116 0.00312974 
224 125.737 0.811035 15961.8 210.199 0.805517 0.00192023 0.649916 0.00310731 
225 125.55 1.19025 15921.9 279.712 0.802321 0.00258154 0.64484 0.00405188 
226 124.991 1.48351 15801.6 336.735 0.79999 0.00372065 0.641229 0.00573503 
227 125.307 1.61009 15863.3 383.475 0.797063 0.00436316 0.636513 0.00678735 
228 128.224 0.958406 16599.1 236.775 0.805109 0.00184859 0.649245 0.00294092 
229 129.003 1.09134 16799 272.682 0.804564 0.00206563 0.648385 0.00329462 
230 130.026 1.04601 17061.9 265.419 0.805493 0.00198649 0.649808 0.0031552 
231 130.858 0.885291 17264.2 229.755 0.806064 0.00166545 0.650622 0.00271602 
232 131.006 1.23699 17311.8 333.736 0.807566 0.00258849 0.653064 0.00420366 
233 131.412 0.894829 17401.2 232.447 0.805601 0.00171638 0.649854 0.00279379 
234 131.156 0.774046 17335.8 205.672 0.805266 0.00179793 0.649338 0.00296012 
235 132.846 0.876383 17774.1 230.481 0.80546 0.00200479 0.649599 0.00326503 
236 133.121 0.767973 17857.2 201.74 0.806953 0.00157562 0.652025 0.00255461 
237 134.772 0.803267 18284.9 212.525 0.807766 0.0018152 0.653258 0.00295579 
238 134.858 0.890805 18324.1 235.562 0.807852 0.00193592 0.653446 0.00315532 
239 136.172 0.996044 18672.1 264.383 0.808825 0.00150527 0.654972 0.00239118 
240 136.264 0.814209 18710.4 222.187 0.80896 0.0016238 0.655247 0.00262248 
241 137.535 0.76823 19055.2 210.977 0.80918 0.00173929 0.655594 0.00282427 
242 137.328 0.916752 19005.3 251.254 0.808936 0.0019874 0.655209 0.00320648 
243 138.558 0.866162 19342.8 236.307 0.809713 0.00190903 0.656513 0.00311518 
244 138.103 0.848875 19214.7 233.515 0.807828 0.00191104 0.653443 0.00311159 
245 139.353 0.808021 19567.5 226.082 0.809484 0.00205327 0.656194 0.00338589 
246 139.385 0.761832 19572 212.01 0.808219 0.0018302 0.65414 0.00294623 
247 141.099 1.10506 20057.7 315.662 0.810922 0.00250806 0.65853 0.00410509 
248 140.881 0.852216 19986.5 245.897 0.808316 0.00254932 0.654243 0.00415694 
249 143.288 1.0667 20687 311.524 0.813088 0.00276054 0.662018 0.00452463 
250 142.455 0.777282 20445.4 218.15 0.808742 0.00253136 0.654923 0.00413144 
251 144.098 0.979191 20907.7 281.963 0.811036 0.00251404 0.658584 0.00410291 
252 144.031 0.970125 20900.7 279.04 0.81026 0.00238982 0.657397 0.00389255 
253 144.938 1.01513 21151.2 297.812 0.81041 0.00249626 0.657552 0.00407829 
254 147.104 1.52061 21807.7 461.582 0.813955 0.00385623 0.663411 0.00631268 
255 146.536 0.897191 21617.2 266.906 0.811427 0.00266388 0.65917 0.00434955 
256 146.087 0.916056 21486.1 270.538 0.808913 0.00171036 0.655129 0.00276143 
257 147.676 0.988216 21955.2 293.399 0.811267 0.00255075 0.658958 0.00410511 
258 146.831 0.906067 21716.1 265.249 0.809099 0.00200847 0.655476 0.00328055 
259 147.873 0.929567 22016.8 278.617 0.809774 0.00192202 0.656529 0.00312966 
260 148.54 0.747601 22222.9 224.745 0.811077 0.00208437 0.658744 0.00344665 
261 149.495 1.05763 22506.1 324.243 0.81191 0.00236868 0.660018 0.00385936 
262 149.648 1.22583 22554.1 369.299 0.810624 0.0022296 0.657926 0.00361893 
263 150.606 0.901671 22840.6 275.908 0.812738 0.00216497 0.661375 0.00355017 
264 151.361 1.06167 23061.7 323.945 0.812226 0.00284617 0.660512 0.00469731 
265 152.131 1.32378 23309.7 406.373 0.813849 0.00396433 0.663338 0.00657808 
266 152.078 0.918363 23275 281.463 0.811375 0.00240891 0.659131 0.00396123 
267 152.683 0.925355 23467.8 285.335 0.811789 0.00278077 0.659831 0.00459961 
268 154.518 1.25234 24032.6 392.458 0.815157 0.00378747 0.665406 0.00627387 
269 154.283 1.20712 23956.8 376.139 0.814424 0.00368745 0.664188 0.00613968 
270 155.842 1.28991 24442.3 403.716 0.816903 0.00434299 0.668286 0.00721582 
271 154.348 1.26236 23973.5 393.607 0.812647 0.00286115 0.66113 0.00474725 
272 155.966 1.02731 24479.4 324.287 0.813511 0.0031014 0.66261 0.00513349 
273 157.892 1.22391 25095.8 391.834 0.815332 0.00319015 0.665598 0.00527701 
274 157.715 1.07834 25030.9 343.068 0.814413 0.0030209 0.664062 0.00499451 
275 160.488 1.49193 25933.3 482.06 0.817268 0.00355175 0.668822 0.00588693 
276 159.207 1.20643 25512.7 386.779 0.813073 0.00322574 0.661882 0.00532908 
277 161.93 1.45982 26391.7 474.737 0.820143 0.00460703 0.67359 0.00765809 
278 161.613 1.27272 26289.8 415.538 0.816864 0.00380951 0.668162 0.00631677 
279 165.676 1.79545 27619.4 577.469 0.823911 0.00420593 0.679665 0.00684353 
280 164.421 1.81104 27216.7 595.189 0.820393 0.005112 0.673997 0.00849452 
281 168.061 2.32374 28457.5 789.285 0.824156 0.00391279 0.680076 0.00642197 
282 165.471 1.78357 27569.3 596.597 0.819889 0.00445634 0.673145 0.00740424 
283 176.66 4.62547 31494.8 1618.01 0.833168 0.00610696 0.695007 0.010045 
284 165.709 1.5509 27633.6 513.724 0.817489 0.00406114 0.669183 0.00674056 
285 166.974 1.94979 28066.5 653.293 0.820865 0.00559642 0.674828 0.00932135 
286 168.295 1.96885 28507 656.976 0.819863 0.0050338 0.673095 0.00835736 
287 168.68 1.87603 28636.6 632.138 0.822533 0.00533798 0.677552 0.00887729 
288 168.657 1.94215 28634.8 657.05 0.820265 0.00584602 0.67392 0.00976771 
289 169.931 1.82273 29069.4 620.093 0.821939 0.00522785 0.676586 0.00871131 
290 169.869 1.96744 29047.2 671.245 0.820586 0.00539236 0.674465 0.00893163 
291 171.933 2.32466 29760.9 807.936 0.824124 0.00734122 0.680278 0.0122985 
292 171.91 1.72694 29750 594.003 0.821958 0.0045182 0.67666 0.00748139 
293 174.705 3.6568 30749.9 1291.22 0.827403 0.0101345 0.685811 0.0169806 
294 173.255 1.71657 30214.9 599.386 0.822429 0.00432876 0.677427 0.00717952 
295 174.181 2.36115 30535.6 824.719 0.822604 0.00692455 0.677752 0.0115137 
296 174.452 2.08096 30633.8 729.559 0.822803 0.00577852 0.678038 0.00961796 
297 176.339 2.16047 31302.6 762.808 0.825448 0.00502869 0.682386 0.00835157 
298 175.958 2.25895 31152.6 795.458 0.823972 0.00587135 0.679917 0.00976297 
299 176.962 2.39041 31528.4 848.458 0.824983 0.00633829 0.681659 0.0105985 
300 177.39 2.03846 31664.9 728.48 0.824954 0.00561 0.681541 0.00935577 
301 178.785 2.75563 32186 995.384 0.827105 0.00683335 0.685192 0.0114528 
302 177.378 1.91253 31668.1 685.187 0.822417 0.00470645 0.677315 0.00779936 
303 179.345 2.36447 32376.9 850.519 0.82522 0.00572063 0.681941 0.00953461 
304 179.046 2.41091 32265 868.657 0.822886 0.00647899 0.678129 0.0107542 
305 180.977 2.36753 32956.6 863.498 0.824981 0.00550427 0.681463 0.00916881 
306 180.369 2.53973 32733.6 922.755 0.823407 0.00635185 0.678946 0.0105268 
307 181.434 2.47026 33124.8 901.397 0.824825 0.00586143 0.681265 0.00977365 
308 181.932 1.71142 33288.7 626.337 0.823398 0.00440256 0.678899 0.00727809 
309 182.788 2.37816 33631.9 865.994 0.824228 0.00566547 0.680368 0.00936411 
310 184.39 1.9432 34184.7 722.302 0.826122 0.00530603 0.68339 0.00884677 
311 185.031 1.67386 34420.9 618.681 0.825869 0.00374811 0.682905 0.00625417 
312 184.822 2.08573 34348.1 779.465 0.825476 0.0051963 0.682261 0.00866266 
313 185.763 1.89037 34693.2 709.903 0.826294 0.00487773 0.683601 0.00814474 
314 186.887 2.07731 35110.7 782.573 0.827661 0.00510447 0.685866 0.00850328 
315 188.242 2.59265 35625.8 979.454 0.828096 0.00619351 0.686544 0.0102953 
316 188.89 2.41272 35875 923.095 0.827299 0.0055531 0.685212 0.00922456 
317 189.235 1.92854 35994.2 730.032 0.828353 0.00411468 0.686979 0.00684512 
318 189.155 1.76228 35958.4 669.137 0.826321 0.00393367 0.683577 0.0065368 
319 189.827 1.77755 36202.3 678.483 0.825817 0.00386743 0.682682 0.00642673 
320 190.543 2.47037 36471.4 960.704 0.826656 0.00638209 0.684108 0.0106631 
321 193.14 2.27948 37472.3 883.329 0.829668 0.00510219 0.689072 0.00850717 
322 191.312 2.0804 36757.3 810.441 0.825904 0.00559647 0.682815 0.00930274 
323 194.746 2.37364 38088.2 918.322 0.830904 0.00522006 0.691057 0.0086607 
324 193.588 1.9283 37631.5 758.429 0.828011 0.00474091 0.686294 0.00793417 
325 196.176 1.97505 38637 774.15 0.831701 0.00482709 0.69239 0.00805916 
326 195.518 1.94143 38378.7 761.881 0.829128 0.00473651 0.688111 0.00790214 
327 197.935 2.52163 39342.8 986.774 0.832689 0.00415918 0.693984 0.00682206 
328 197.143 2.01641 39037.7 792.753 0.832063 0.0041747 0.692986 0.00695751 
329 199.813 2.19427 40090.3 867.399 0.835309 0.00428452 0.698366 0.00716341 
330 198.962 2.32089 39749.2 911.076 0.832689 0.00412561 0.693974 0.00683763 
331 201.487 2.56885 40754.3 1015.09 0.835494 0.00413377 0.698612 0.00679524 
332 203.047 2.26581 41384.6 901.915 0.83727 0.00420691 0.701589 0.00697726 
333 204.051 2.86552 41807.7 1148.85 0.837037 0.00426708 0.701207 0.00702053 
334 202.599 2.10255 41247.2 864.378 0.834601 0.00418859 0.697247 0.00700815 
335 203.891 2.33578 41740.3 949.263 0.836208 0.00399883 0.699849 0.00669875 
336 203.433 1.81242 41561.8 736.328 0.834776 0.00397049 0.697475 0.00661353 
337 205.97 1.5769 42558.6 636.99 0.838983 0.00363731 0.704453 0.00604493 
338 204.262 1.68004 41876.3 680.381 0.833863 0.00353721 0.695873 0.00588457 
339 206.676 1.74398 42858.4 709.992 0.836133 0.00343771 0.699617 0.00572551 
340 206.636 1.84029 42844 740.903 0.835806 0.0032168 0.699092 0.00533566 
341 209.356 1.8507 43976.1 768.204 0.838882 0.00332946 0.704225 0.00555752 
342 208.358 1.63901 43560.3 676.716 0.837042 0.00287837 0.701119 0.00476578 
343 212.537 2.69191 45330.3 1132.13 0.840779 0.00352027 0.707314 0.00585006 
344 209.322 1.43617 43950.8 592.219 0.837093 0.00296795 0.701194 0.00492255 
345 210.65 1.78546 44503.2 747.662 0.836258 0.00298059 0.699764 0.00493241 
346 214.128 2.20884 45977.6 928.835 0.84146 0.00306567 0.70843 0.00507806 
347 211.588 1.44073 44889.6 600.322 0.837524 0.00294346 0.701854 0.00487622 
348 211.691 1.412 44936.3 590.367 0.836833 0.0031485 0.700717 0.00518349 
349 213.367 1.67062 45627.1 700.789 0.836634 0.00344345 0.700321 0.00567889 
350 214.461 1.59021 46121.4 675.761 0.83903 0.00284466 0.704362 0.00470498 
351 216.358 1.43388 46926 602.239 0.840213 0.00267075 0.706276 0.00439854 
352 215.694 1.9871 46663.9 845.238 0.838167 0.00341139 0.702943 0.00562289 
353 217.039 1.80602 47234.9 769.858 0.840442 0.00325796 0.706728 0.00540039 
354 215.387 1.41493 46517.8 610.35 0.836624 0.00286563 0.700369 0.00476904 
355 218.175 1.96079 47729.5 847.724 0.841097 0.00336892 0.707848 0.0055932 
356 217.537 1.08713 47424.5 464.729 0.837897 0.00331194 0.702447 0.00552001 
357 221.086 1.33993 48961.6 572.545 0.845348 0.00375812 0.714905 0.00627541 
358 218.539 1.35428 47881.9 590.884 0.835093 0.00337384 0.697775 0.00561648 
359 219.191 1.3555 48182 583.472 0.83662 0.00228276 0.700316 0.00378468 
360 219.049 1.58436 48121 695.787 0.836839 0.00325327 0.70073 0.00539844 
361 220.717 1.54355 48857.1 671.419 0.837451 0.00307262 0.70177 0.00511076 
362 220.735 1.68972 48860.3 750.634 0.836935 0.00363603 0.700898 0.00607482 
363 221.949 1.45711 49408.5 638.482 0.837938 0.00261765 0.702572 0.0043629 
364 222.62 1.50564 49701.2 669.951 0.837793 0.00266125 0.702333 0.00440411 
365 224.208 1.69961 50431.2 745.232 0.839533 0.00298903 0.705289 0.00497811 
366 226.207 2.51613 51301 1139.25 0.842017 0.00456061 0.70939 0.00768403 
367 226.977 1.86217 51655.7 838.807 0.841259 0.00282818 0.708087 0.00474183 
368 226.428 1.72991 51402.5 777.926 0.839401 0.00275025 0.704993 0.00454945 
369 229.088 1.63054 52629.6 735.882 0.841406 0.00261702 0.708328 0.00435351 
370 227.78 1.59829 52014.3 724.584 0.83889 0.00260309 0.704087 0.00432398 
371 232.208 2.60689 54064.8 1192 0.843191 0.00290742 0.711301 0.00485804 
372 229.617 2.04619 52865 941.488 0.839543 0.00308676 0.705183 0.0051536 
373 229.212 1.63689 52689.8 750.35 0.83795 0.00235054 0.702555 0.00392021 
374 228.228 1.33803 52223.5 605.57 0.837106 0.00265132 0.701142 0.00443312 
375 229.09 1.61153 52623.4 737.156 0.834983 0.00284265 0.697575 0.00473337 
376 230.038 1.7773 53048.7 818.69 0.836431 0.00337818 0.699992 0.00565294 
377 230.944 1.57748 53475.3 726.952 0.835738 0.00266027 0.69881 0.0044436 
378 231.108 1.31878 53536 607.938 0.83615 0.00204602 0.699474 0.00339929 
379 231.381 1.50269 53672 692.547 0.834265 0.00229876 0.696343 0.00380913 
380 233.163 1.39774 54491.3 653.109 0.83674 0.00219606 0.700451 0.00364438 
381 233.736 1.38009 54768.6 639.739 0.837048 0.00233508 0.701005 0.00389193 
382 233.574 1.10324 54673.6 512.64 0.836258 0.00186581 0.699633 0.0030856 
383 234.967 1.50792 55349 706.442 0.836206 0.00206332 0.699573 0.00343242 
384 236.374 1.3994 55991.1 662.614 0.838197 0.00257007 0.702883 0.00427273 
385 237.293 1.86816 56453.5 880.051 0.83759 0.00271159 0.701882 0.00450166 
386 240.751 2.36191 58077.3 1122.77 0.842557 0.00346345 0.710179 0.00577718 
387 239.224 2.76407 57441.4 1340.98 0.838997 0.00465319 0.7044 0.0077807 
388 238.197 1.33274 56852.8 639.973 0.836156 0.00295226 0.69948 0.00492714 
389 238.062 1.54137 56820.1 735.536 0.836172 0.00310708 0.699613 0.00513142 
390 243.12 2.67311 59230.9 1291.76 0.843343 0.00367722 0.711503 0.00614052 
391 240.115 2.05406 57809.6 1000.83 0.839347 0.00310714 0.70488 0.00521625 
392 246.547 3.14803 60934.6 1530.89 0.845641 0.00361937 0.715389 0.00603667 
393 240.477 1.67056 57992 812.775 0.838772 0.00273583 0.703928 0.00457719 
394 240.727 1.7447 58093.4 844.049 0.837913 0.00280107 0.702443 0.00465084 
395 242.047 1.91946 58742.3 938.831 0.839267 0.00304554 0.704759 0.00507214 
396 242.891 1.45003 59130.4 712.364 0.839262 0.00234577 0.704675 0.00393292 
397 243.467 1.76632 59434.7 864.345 0.840441 0.00352953 0.706774 0.00592944 
398 243.517 1.3258 59431.6 647.907 0.83884 0.00214385 0.703957 0.00358174 
399 243.582 1.84683 59494.9 907.193 0.837521 0.003086 0.701827 0.00514051 
400 244.808 1.56873 60067.4 774.193 0.838041 0.00243173 0.702631 0.00406823 
401 245.525 1.44539 60442.2 712.226 0.838153 0.00236796 0.702882 0.00393589 
402 246.782 2.00593 61050.3 998.036 0.838765 0.00305862 0.703873 0.00512319 
403 246.529 2.32681 60939.3 1152.56 0.838447 0.00342245 0.703372 0.00571986 
404 247.389 1.21641 61340.8 595.631 0.838477 0.00226763 0.703367 0.00375658 
405 247.843 2.12954 61581.2 1057.16 0.838479 0.00309959 0.703404 0.00516767 
406 249.256 1.6826 62259.8 832.688 0.839361 0.00272855 0.704834 0.00454004 
407 249.916 1.59939 62611.2 803.07 0.839138 0.00267395 0.704487 0.00445421 
408 250.737 1.8074 63006.7 899.881 0.83974 0.00292744 0.705467 0.00487558 
409 250.805 2.21796 63057.3 1115.84 0.838843 0.0033236 0.703993 0.00556128 
410 251.411 2.36744 63363.5 1195.18 0.838281 0.00323353 0.703037 0.00540512 
411 251.786 2.78875 63565 1408.8 0.838174 0.00399242 0.702891 0.00667733 
412 253.076 2.77067 64225 1399.89 0.83892 0.00370655 0.704145 0.00618905 
413 254.212 2.45738 64796.7 1262.1 0.839547 0.00336707 0.705189 0.00564396 
414 252.942 1.99474 64142.5 1012.12 0.837069 0.00290983 0.701011 0.00484925 
415 255.272 1.93252 65328.5 982.466 0.839429 0.00255302 0.704986 0.00426377 
416 256.408 2.27777 65896.4 1175.54 0.839619 0.00297612 0.705253 0.0049925 
417 258.693 2.40604 67098.6 1249.77 0.841456 0.00304764 0.708379 0.0051178 
418 258.181 2.13692 66824 1116.61 0.840055 0.00309592 0.706022 0.00521004 
419 258.823 2.13133 67171.3 1102.98 0.840489 0.00297566 0.706768 0.00497273 
420 259.277 2.44909 67387 1272.04 0.83987 0.00305405 0.705669 0.00511242 
421 260.14 2.46033 67852.2 1289.82 0.841157 0.00360808 0.707901 0.00605507 
422 259.984 2.18663 67753.3 1144.47 0.83982 0.00291592 0.705591 0.00487148 
423 261.593 2.71297 68628.9 1429.71 0.841125 0.00349124 0.707851 0.00584855 
424 261.117 2.03859 68339.1 1074.65 0.839988 0.00264669 0.705873 0.00441933 
425 261.194 2.20778 68410.8 1170.77 0.838887 0.00244507 0.704064 0.0040753 
426 261.431 1.74415 68478.3 920.858 0.838967 0.00259746 0.704119 0.00433651 
427 261.468 1.98136 68541.2 1049.91 0.836928 0.00278219 0.700763 0.00464711 
428 261.785 1.45909 68676.9 778.892 0.836673 0.0022633 0.70027 0.0037669 
429 262.329 1.69435 68979 905.992 0.836647 0.00253483 0.700262 0.0042322 
430 263.189 1.70819 69423.5 914.31 0.837227 0.00213248 0.701213 0.00354788 
431 264.141 2.55798 69967.3 1367.84 0.837614 0.00305322 0.701933 0.00510174 
432 264.297 3.17125 70048.4 1702.86 0.838775 0.00348796 0.703852 0.00584343 
433 267.703 3.60472 71900.1 1953.95 0.839535 0.00371261 0.705181 0.00622922 
434 264.762 2.4882 70308.1 1342.44 0.837336 0.00279224 0.701434 0.00466986 
435 266.423 2.0154 71162 1088.28 0.83763 0.00237516 0.701968 0.00396196 
436 266.12 2.61986 70982.4 1420.32 0.838814 0.00321978 0.703896 0.00537245 
437 267.872 2.85896 71942.4 1563.7 0.837243 0.00331257 0.701331 0.00553428 
438 268.059 1.98818 72016.3 1086.67 0.839131 0.00241789 0.704424 0.00403677 
439 269.583 2.71416 72849.7 1485.06 0.837967 0.00294621 0.702498 0.0049143 
440 270.949 2.43112 73574.2 1340.37 0.84096 0.00258072 0.707468 0.00431322 
441 271.732 2.37536 74020.4 1312.51 0.838576 0.00281464 0.703512 0.00469689 
442 272.876 2.4776 74635.9 1373.69 0.839589 0.00332025 0.705209 0.0055793 
443 272.759 2.16399 74575.8 1203.33 0.838412 0.00235431 0.703243 0.00392448 
444 273.765 2.02017 75122.6 1125.85 0.838401 0.00241448 0.703218 0.00404296 
445 274.35 1.87976 75436.8 1050.08 0.83876 0.0025194 0.703821 0.00422778 
446 276.766 2.80119 76782.8 1567.17 0.839939 0.00308617 0.70578 0.00516591 
447 274.997 1.6093 75795.2 892.744 0.837303 0.00206303 0.701372 0.00343836 
448 276.809 2.50674 76794 1400.44 0.838125 0.00295133 0.702731 0.00494124 
449 277.015 2.80906 76925.3 1574.28 0.83755 0.00278399 0.701793 0.00465856 
450 278.061 2.87911 77506.1 1621.3 0.837981 0.00322181 0.702511 0.00540109 
451 278.548 2.90187 77787.8 1642.66 0.837554 0.00296622 0.701807 0.00497506 
452 279.722 2.73776 78434.4 1554.29 0.838205 0.00301968 0.702885 0.00506725 
453 282.349 3.42328 79929.5 1939.42 0.84083 0.00424783 0.707324 0.00714439 
454 280.159 2.71199 78672.3 1555.33 0.836958 0.00316812 0.700794 0.0053222 
455 280.742 2.54722 79000.8 1462.69 0.837735 0.00278936 0.702088 0.0046943 
456 284.301 4.91932 81130.9 2920.22 0.840592 0.0055867 0.707032 0.00953539 
457 281.459 1.74864 79401.5 1001.82 0.836472 0.0018906 0.699965 0.0031657 
458 281.467 1.56691 79376.7 899.192 0.83574 0.00201014 0.698699 0.00337891 
459 283.001 1.88754 80278.1 1090.45 0.836872 0.00194398 0.700634 0.00326168 
460 282.861 1.84518 80166.9 1066.84 0.835863 0.00223317 0.698906 0.00375211 
461 283.278 2.04765 80417.5 1176.82 0.835841 0.00254572 0.698901 0.00425838 
462 281.179 1.6889 79176.5 975.054 0.831359 0.00246494 0.691352 0.00412673 
463 284.24 2.19036 80957.4 1259.26 0.83507 0.00292006 0.697612 0.00485206 
464 286.241 2.18453 82085.5 1273.02 0.83643 0.00264417 0.699841 0.00443856 
465 286.074 1.63884 82007.1 958.142 0.836101 0.00187422 0.699313 0.00313439 
466 287.674 2.01721 82908 1181.73 0.836279 0.002575 0.699587 0.00432328 
467 287.738 1.69862 82965.3 993.819 0.836364 0.00197953 0.69976 0.00330037 
468 289.476 2.01957 83955.8 1191.49 0.83713 0.00228339 0.701012 0.00382817 
469 288.639 1.5983 83477 934.563 0.83593 0.00182053 0.699024 0.00304541 
470 289.021 1.41258 83671.7 830.495 0.83542 0.00177247 0.69814 0.00296775 
471 290.767 1.81206 84714.5 1075.46 0.836961 0.00210756 0.700744 0.00354204 
472 291.823 2.28558 85333.9 1371.23 0.836841 0.00286228 0.700558 0.00482061 
473 292.866 2.0376 85934.2 1222.37 0.837559 0.00234177 0.70173 0.00395626 
474 292.989 1.59173 85978.7 948.37 0.836813 0.00184901 0.700446 0.00311739 
475 294.531 2.35972 86911.6 1407.45 0.838054 0.00229118 0.702545 0.0038422 
476 294.444 1.82446 86851 1103.12 0.836943 0.00198852 0.700671 0.00334555 
477 295.023 2.00084 87207.6 1205.98 0.837315 0.00162032 0.701309 0.00272285 
478 295.086 1.4715 87220.1 888.087 0.836662 0.00174113 0.700206 0.00294447 
479 295.922 1.67137 87713.9 1011.27 0.837042 0.00134067 0.700828 0.00226136 
480 297.03 1.68188 88381 1015.53 0.837021 0.00165294 0.700788 0.00279756 
481 298.211 1.95356 89069.1 1181.73 0.838171 0.00242221 0.702733 0.00407732 
482 298.594 1.95428 89310.1 1197.33 0.837198 0.00219736 0.701089 0.00369535 
483 299.137 2.21123 89661.8 1331.91 0.836711 0.00198231 0.70031 0.00330375 
484 299.68 1.55567 89954.4 946.551 0.836602 0.00176986 0.70009 0.00297694 
485 299.92 1.62161 90111.3 978.207 0.835954 0.00156986 0.699026 0.00262579 
486 301.816 1.59621 91247.8 981.11 0.837694 0.00194847 0.701934 0.00328466 
487 301.687 1.34955 91177.3 830.433 0.83651 0.00126898 0.699952 0.00213262 
488 303.28 1.5864 92138.7 975.351 0.837522 0.00156294 0.701652 0.0026295 
489 303.025 1.44217 92001.2 883.353 0.836685 0.00138792 0.700263 0.00232019 
490 304.389 1.26196 92810.6 771.915 0.83752 0.00148117 0.701664 0.0024885 
491 304.362 1.91436 92809.1 1174.12 0.836477 0.00198499 0.699913 0.00332327 
492 306.252 1.49633 93948.1 916.073 0.837477 0.00172344 0.70158 0.00287349 
493 305.305 1.88466 93388.6 1164.93 0.834994 0.00297503 0.697483 0.00494028 
494 307.789 1.70724 94901.8 1054.92 0.837907 0.00195934 0.702299 0.00328825 
495 308.415 2.57423 95325.7 1565.17 0.837344 0.00289834 0.701427 0.0047993 
496 309.477 1.60291 95930.9 993.169 0.837947 0.00166254 0.702347 0.00277838 
497 310.952 1.64816 96862.5 1023.8 0.838865 0.00155615 0.703902 0.00260646 
498 311.095 1.61883 96930.8 1013.54 0.838411 0.00218037 0.703117 0.00365277 
499 312.59 1.83695 97900.1 1153.82 0.839112 0.00188199 0.704331 0.00315857 
500 312.688 1.68762 97918.3 1058.59 0.838404 0.00170264 0.70309 0.00284899 
501 313.403 2.39631 98401.5 1500.52 0.838914 0.00221801 0.703984 0.00370998 
502 313.753 1.85157 98600.4 1167.29 0.838292 0.00224097 0.702916 0.0037577 
503 314.672 1.82108 99197.7 1150.81 0.838725 0.00170014 0.703672 0.00283849 
504 315.336 1.48437 99585.6 936.761 0.83766 0.00202495 0.701856 0.00338173 
505 315.292 2.24057 99587.7 1417.22 0.838429 0.00208195 0.703169 0.00348528 
506 317.208 1.80846 100774 1147.2 0.838126 0.00182847 0.70263 0.00305858 
507 316.065 1.94739 100073 1237.81 0.838103 0.00183713 0.702615 0.00307463 
508 317.678 1.67192 101082 1049.01 0.83839 0.00152751 0.703076 0.00253963 
509 316.163 1.83029 100140 1163.77 0.836609 0.00153832 0.700119 0.00257653 
510 318.211 1.75461 101424 1120.04 0.837672 0.00159466 0.701889 0.00267385 
511 317.45 1.86208 100944 1189.62 0.836711 0.00150073 0.700277 0.00251198 
512 319.316 2.04783 102129 1312.86 0.836937 0.00178979 0.700638 0.00299233 
513 318.615 1.9466 101703 1254.79 0.835938 0.00209798 0.699014 0.00349807 
514 320.883 1.97509 103136 1258.82 0.836302 0.00185825 0.699601 0.00310196 
515 319.796 2.67201 102460 1707.35 0.836501 0.00204525 0.699945 0.00341284 
516 322.307 1.97311 104047 1269.52 0.837309 0.00224463 0.701292 0.00375763 
517 321.039 2.59476 103257 1643 0.837173 0.00305743 0.7011 0.00508408 
518 322.979 1.75338 104489 1134.77 0.836345 0.00178982 0.699667 0.00299262 
519 322.495 2.31704 104176 1494.62 0.836996 0.00182234 0.700756 0.00300955 
520 323.331 1.87345 104718 1218.03 0.83645 0.00187764 0.699846 0.00312811 
521 324.069 2.11498 105206 1364.16 0.837138 0.00195349 0.701018 0.00323978 
522 325.293 2.21011 105993 1442.61 0.837671 0.00205877 0.701897 0.00344105 
523 326.853 2.42201 107025 1579.99 0.838863 0.00244316 0.703906 0.00408045 
524 326.466 1.61708 106738 1058.07 0.837682 0.00162041 0.701887 0.00269291 
525 328.484 2.75902 108091 1818.75 0.840148 0.0028171 0.706064 0.00471927 
526 328.297 1.7826 107957 1164 0.838598 0.00214001 0.703451 0.00356303 
527 328.906 1.94064 108342 1264.39 0.839414 0.00237609 0.704828 0.00396248 
528 328.821 1.3505 108257 893.605 0.837969 0.00136824 0.702353 0.00227642 
529 331.17 2.01889 109841 1319.52 0.840705 0.00249308 0.706991 0.004158 
530 331.466 1.81605 110065 1192.64 0.839591 0.00249474 0.705151 0.00417021 
531 335.038 2.31527 112410 1514.2 0.843649 0.00327776 0.71196 0.00548893 
532 332.443 1.86254 110708 1228.75 0.838239 0.00238872 0.702871 0.00397699 
533 333.644 2.02286 111524 1340.21 0.838495 0.00236883 0.703316 0.00395332 
534 333.793 1.79465 111611 1185.76 0.839051 0.00225189 0.704244 0.00376202 
535 335.059 1.86365 112475 1240.3 0.839526 0.00208394 0.705045 0.0034794 
536 334.827 1.70628 112301 1128.93 0.838245 0.00220558 0.702904 0.00366976 
537 334.435 1.88309 112038 1258.74 0.837742 0.00201937 0.702038 0.00337154 
538 335.964 2.12392 113044 1424.45 0.835971 0.00372374 0.699116 0.00620295 
539 336.238 1.72695 113252 1157.84 0.837599 0.00225528 0.701817 0.00375611 
540 336.955 1.87008 113706 1252.72 0.834905 0.00312478 0.697317 0.00520813 
541 336.712 2.11811 113555 1434.93 0.838773 0.00224995 0.703755 0.00376628 
542 337.101 1.78783 113806 1210.29 0.837478 0.00208507 0.701572 0.0034839 
543 336.822 2.01618 113602 1382.29 0.83805 0.00160659 0.702496 0.00269533 
544 337.581 1.92972 114090 1326.44 0.837487 0.00204463 0.701536 0.00343191 
545 337.018 1.71197 113672 1197.74 0.838249 0.00110742 0.702753 0.00186221 
546 338.137 1.31056 114418 911.441 0.837754 0.00103531 0.701922 0.00174026 
547 338.557 0.981219 114670 697.78 0.838274 0.000660772 0.702757 0.00111245 
548 341.015 0.969729 116336 675.059 0.838715 0.000925889 0.703495 0.00154667 
549 341.334 1.0859 116577 770.539 0.838265 0.000862175 0.702767 0.00144182 
550 344.134 0.58474 118471 415.699 0.838277 0.00107188 0.702768 0.0017819 
551 344.822 2.27058 119098 1562.53 0.837339 0.00220125 0.701354 0.0036825 
552 347.592 2.30094 121004 1592.74 0.836551 0.00259754 0.700032 0.00434871 
553 346.517 2.29417 120265 1584.7 0.836743 0.00227934 0.700354 0.00381569 
554 351.425 3.08105 123684 2159.13 0.838493 0.00238003 0.703268 0.00398109 
555 348.404 2.22171 121581 1543.81 0.837015 0.00198448 0.700795 0.00332876 
556 348.333 2.33204 121529 1616.87 0.837088 0.00232057 0.700933 0.00388279 
557 349.17 2.6948 122093 1860.59 0.8361 0.0026793 0.699247 0.0044879 
558 349.47 2.85233 122348 1981.25 0.837128 0.00241289 0.701001 0.0040438 
559 350.638 2.64291 123155 1832.95 0.837709 0.00296914 0.701982 0.00496836 
560 352.018 2.59194 124115 1800.35 0.836622 0.00229484 0.700145 0.0038378 
561 351.242 2.47693 123599 1727.3 0.836865 0.00238086 0.700582 0.00397859 
562 352.206 3.33059 124289 2327.15 0.837146 0.00327761 0.701084 0.00548147 
563 352.102 2.58117 124197 1800.2 0.836488 0.002592 0.699951 0.0043267 
564 352.06 2.82279 124179 1979.47 0.835097 0.00313535 0.697642 0.00523101 
565 351.93 3.67616 124075 2575.5 0.833683 0.00374865 0.695277 0.00624333 
566 352.447 4.01251 124456 2823.59 0.833783 0.00435179 0.695467 0.00725362 
567 352.441 3.05632 124440 2165.51 0.832797 0.00354436 0.693816 0.0059127 
568 351.246 3.31211 123590 2341.25 0.830178 0.00357318 0.689442 0.00595266 
569 354.203 3.62259 125674 2570.2 0.832347 0.00404049 0.693051 0.00673505 
570 351.245 3.06814 123540 2191.13 0.828542 0.00355052 0.686683 0.00592106 
571 355.825 3.5606 126797 2550.29 0.833055 0.00383231 0.694202 0.00639585 
572 355.316 2.52818 126406 1821.5 0.831084 0.00317915 0.690909 0.00530615 
573 357.892 2.21248 128239 1589.91 0.832855 0.00339003 0.693847 0.00566857 
574 359.604 2.36936 129467 1719.29 0.835144 0.00385024 0.697648 0.00642804 
575 361.648 2.18755 130941 1571.59 0.833704 0.00381967 0.695272 0.00640086 
576 361.613 2.46087 130945 1775.49 0.835153 0.00284623 0.697688 0.00477423 
577 361.963 2.20736 131168 1592.36 0.833641 0.00308095 0.695157 0.00512917 
578 363.45 1.95574 132233 1411.65 0.832572 0.00299261 0.693371 0.00497728 
579 365.071 2.12168 133407 1538.35 0.834687 0.00196877 0.696848 0.00330724 
580 367.48 1.4217 135150 1027.52 0.833109 0.00186873 0.694205 0.00312557 
581 368.379 1.87751 135844 1363.23 0.835883 0.00219493 0.698857 0.00368865 
582 369.811 1.77432 136894 1292.05 0.835135 0.00178442 0.697578 0.00299875 
583 371.088 2.28335 137840 1652.63 0.834848 0.00178991 0.697119 0.00301173 
584 372.786 1.74701 139086 1269.96 0.834331 0.00150747 0.696213 0.00253807 
585 372.52 2.38235 138910 1723.76 0.834381 0.00162766 0.696313 0.00274812 
586 375.165 1.77997 140882 1304 0.835061 0.00144869 0.697438 0.0024369 
587 375.603 2.11544 141217 1546.32 0.834875 0.00217 0.697134 0.00364813 
588 378.806 2.46465 143628 1827.98 0.836216 0.00180627 0.699364 0.00302713 
589 378.166 2.35949 143174 1741.43 0.835265 0.00188437 0.697783 0.00316664 
590 382.677 3.01564 146603 2251.06 0.836306 0.00166018 0.699503 0.00278043 
591 375.763 3.67745 141458 2713.85 0.837645 0.00265626 0.701847 0.00445413 
592 374.635 3.59527 140641 2658.03 0.838956 0.00345869 0.704092 0.00578573 
593 374.434 3.0386 140462 2245.92 0.837583 0.00320062 0.701759 0.00535531 
594 374.978 3.11188 140861 2326.58 0.837914 0.00314877 0.702333 0.0052794 
595 374.359 3.26079 140415 2407.02 0.837799 0.00312708 0.702135 0.00522423 
596 375.383 2.27323 141143 1698.67 0.837924 0.00250086 0.702319 0.00418279 
597 375.62 3.46286 141370 2583.5 0.838295 0.00307814 0.702972 0.00515077 
598 376.291 2.82208 141860 2105.3 0.837736 0.00310977 0.702021 0.00519894 
599 370.557 4.6689 137618 3457.48 0.83486 0.00294404 0.697185 0.00492852 
600 379.136 2.73427 143984 2061.56 0.838405 0.00346667 0.703144 0.00578788 
601 376.829 3.47403 142255 2609.4 0.835895 0.00407981 0.698974 0.00679921 
602 377.47 2.22276 142705 1666.92 0.835194 0.00372829 0.697788 0.00619886 
603 375.918 3.30477 141538 2494.25 0.835647 0.00369838 0.698516 0.00617287 
604 375.959 2.66598 141546 2004.72 0.83461 0.00332979 0.696774 0.00553568 
605 375.585 3.10483 141264 2350.26 0.836809 0.00251937 0.700403 0.0042042 
606 379.871 2.73998 144532 2102.19 0.83692 0.00314224 0.70064 0.00525201 
607 375.376 2.66925 141017 2029.86 0.835576 0.00243496 0.698287 0.00405434 
608 379.491 2.97912 144200 2269.43 0.835667 0.00314653 0.698512 0.00525253 
609 378.936 3.44232 143745 2621.31 0.836993 0.00314642 0.700682 0.00524987 
610 381.084 3.07211 145405 2337.07 0.835287 0.00237055 0.697855 0.00395821 
611 381.075 3.04793 145422 2338.45 0.837846 0.00239684 0.702135 0.00400387 
612 379.663 3.02423 144351 2319.64 0.835858 0.00208208 0.698819 0.00346467 
613 380.71 3.11113 145155 2398.32 0.837052 0.00196457 0.700803 0.0032848 
614 381.299 2.69964 145589 2086.47 0.836227 0.00246181 0.699431 0.00410077 
615 382.414 3.09925 146449 2393.79 0.835859 0.00263958 0.698807 0.00439861 
616 381.476 2.6698 145708 2057.38 0.834215 0.00264318 0.696071 0.00439212 
617 383.688 2.92058 147433 2262.56 0.836627 0.00251519 0.700106 0.00419573 
618 383.775 2.39131 147484 1855.53 0.835114 0.002068 0.697583 0.00344874 
619 385.628 2.67566 148880 2068.18 0.836455 0.00171713 0.699788 0.00286552 
620 385.326 2.31218 148657 1780.98 0.835675 0.00187208 0.698491 0.0031104 
621 384.788 3.51441 148308 2737.95 0.836182 0.00238281 0.69937 0.00396059 
622 386.774 3.26947 149850 2541.21 0.835953 0.00234465 0.699018 0.00388321 
623 385.667 3.67777 148952 2877.72 0.836563 0.00278488 0.699986 0.00463772 
624 386.871 3.79137 149916 2961.28 0.83541 0.00283851 0.698081 0.00471688 
625 385.567 3.82057 148881 2989.49 0.835692 0.00284539 0.698521 0.00474326 
626 388.89 4.09956 151468 3217.97 0.836671 0.00313826 0.700169 0.00522782 
627 390.147 3.80889 152444 2990.09 0.837677 0.00294376 0.701856 0.00490896 
628 390.49 4.10228 152711 3233.75 0.83712 0.00304696 0.700919 0.00508785 
629 393.178 3.76167 154822 2963.29 0.838972 0.0028109 0.704031 0.00469264 
630 393.397 3.85784 155017 3048.44 0.838103 0.00278508 0.702586 0.00466214 
631 395.803 3.89879 156889 3078.03 0.840005 0.00274213 0.705753 0.00458678 
632 395.72 3.78989 156829 2998.7 0.838665 0.00261204 0.703517 0.00436918 
633 401.613 3.72185 161516 2952.47 0.843021 0.00250303 0.71082 0.00419656 
634 402.118 4.53369 161970 3614.07 0.84242 0.0031548 0.709845 0.00528837 
635 411.887 3.30634 169859 2648.09 0.84849 0.00226186 0.720052 0.00379524 
636 396.147 3.98615 157236 3166.83 0.837591 0.00199803 0.701746 0.00334214 
637 394.305 3.63382 155748 2892.72 0.835356 0.00263362 0.698007 0.0043966 
638 396.148 4.38238 157244 3497.18 0.836691 0.00273342 0.700248 0.00458055 
639 396.067 3.91708 157162 3117.26 0.836066 0.00235155 0.699205 0.00392826 
640 398.313 4.80459 159010 3832.04 0.838028 0.00328878 0.702513 0.00551492 
641 396.259 4.64033 157383 3707.09 0.835774 0.00256754 0.69872 0.00430371 
642 396.214 6.25513 157373 4972.7 0.836726 0.00331566 0.700327 0.00558522 
643 396.162 4.78121 157281 3801.71 0.835662 0.00280242 0.698537 0.00468934 
644 396.14 5.96005 157263 4762.52 0.834807 0.00324846 0.697082 0.00544718 
645 398.169 4.86275 158870 3902.5 0.835468 0.00344449 0.698223 0.00576221 
646 400.916 5.15923 161091 4145.09 0.837561 0.00390712 0.701744 0.00653681 
647 401.202 5.15508 161294 4153.27 0.836974 0.00373724 0.700734 0.00625916 
648 403.718 4.97854 163327 4017.65 0.838859 0.00357372 0.703927 0.00597537 
649 403.314 4.72034 163003 3832.95 0.838321 0.00321301 0.702993 0.00538667 
650 405.236 4.72456 164579 3834.07 0.838003 0.0031531 0.702488 0.00526797 
651 404.852 5.05616 164258 4125.85 0.838027 0.00346565 0.702511 0.00581023 
652 406.533 5.31119 165653 4302.68 0.838301 0.0039891 0.702995 0.00667532 
653 406.82 5.45345 165889 4440.17 0.838276 0.00357322 0.702957 0.00599607 
654 408.292 5.7794 167141 4719.86 0.838902 0.00402195 0.704025 0.0067373 
655 412.393 5.09413 170470 4179.37 0.842216 0.00392556 0.709607 0.00659619 
656 410.082 5.56447 168563 4560.93 0.839138 0.00388224 0.704398 0.00650778 
657 413.299 6.06314 171267 5020.19 0.841618 0.00473135 0.708618 0.00796869 
658 412.783 5.30775 170843 4345.1 0.839999 0.00367829 0.705874 0.00615655 
659 415.677 6.60534 173301 5442.4 0.842211 0.00439085 0.709624 0.00740099 
660 411.831 6.41959 170080 5266.05 0.837822 0.00371552 0.702224 0.0062461 
661 413.4 6.48057 171459 5337.53 0.839277 0.00377346 0.704678 0.00634264 
662 409.254 5.6496 167931 4615.9 0.835514 0.00327969 0.698299 0.00549743 
663 409.64 6.88384 168361 5609.76 0.836546 0.00334742 0.700059 0.00561976 
664 407.311 6.25178 166354 5105.32 0.834301 0.00318627 0.696266 0.00535159 
665 407.253 6.25132 166350 5095 0.834358 0.00265382 0.696363 0.0044512 
666 411.692 6.05539 169963 4959.7 0.836104 0.00271332 0.699283 0.00455036 
667 410.531 6.91784 169021 5688.92 0.835082 0.00326756 0.697556 0.00548987 
668 409.368 5.66441 167996 4643.92 0.834234 0.0028634 0.696126 0.00480083 
669 410.554 5.74979 169002 4726.42 0.83418 0.00239536 0.696048 0.00402029 
670 411.489 5.31579 169750 4378.02 0.834559 0.00256311 0.696674 0.00430239 
671 413.205 6.1365 171200 5075.98 0.834495 0.00259038 0.696578 0.00434486 
672 413.59 5.76326 171512 4797.74 0.833851 0.00284454 0.69554 0.00474998 
673 416.543 6.54214 174012 5478.97 0.835778 0.00311158 0.698721 0.00521649 
674 417.964 6.92571 175201 5818.58 0.835842 0.00356912 0.698829 0.00599446 
675 417.126 5.82297 174412 4863.46 0.834841 0.00279651 0.697122 0.00469752 
676 418.414 6.03276 175502 5051.93 0.835951 0.00275121 0.698987 0.00462373 
677 422.758 6.75528 179171 5681.9 0.837392 0.00305116 0.701386 0.00511212 
678 422.291 6.13433 178770 5177.64 0.836851 0.0027032 0.700496 0.00453434 
679 426.512 6.49461 182375 5561.23 0.838797 0.0026786 0.703751 0.00450298 
680 430.402 7.36208 185827 6366.98 0.839592 0.0032335 0.70511 0.00543964 
681 425.469 5.72027 181394 4799.47 0.836731 0.00286293 0.700299 0.00480334 
682 427.248 5.7997 182903 4872.04 0.838951 0.00379486 0.704022 0.00638673 
683 427.214 6.09482 182896 5128.49 0.837747 0.0027984 0.701978 0.00468768 
684 428.899 6.14703 184326 5187.48 0.838682 0.00366149 0.70356 0.00616074 
685 428.823 5.65459 184239 4777.86 0.837228 0.00214912 0.701102 0.00361177 
686 431.419 5.2296 186532 4453.34 0.838606 0.00302051 0.703452 0.00506926 
687 431.972 4.54994 186940 3859.45 0.838317 0.00263366 0.702932 0.00442564 
688 432.562 4.79698 187479 4072.57 0.838617 0.00308056 0.703476 0.00517081 
689 434.489 4.71349 189122 4017.21 0.83923 0.00287932 0.704479 0.00484563 
690 434.32 4.83894 189009 4126.55 0.838869 0.00361175 0.703923 0.00606829 
691 437.644 6.53948 191890 5591.55 0.840846 0.00441053 0.707205 0.00744026 
692 437.268 5.51491 191574 4740.35 0.841659 0.00460485 0.708622 0.00778687 
693 439.453 4.99113 193451 4290.25 0.841174 0.0035777 0.707762 0.00604036 
694 441.299 5.6981 195104 4907.03 0.844404 0.00530316 0.713311 0.00893417 
695 443.267 4.98427 196789 4298.47 0.843348 0.00388331 0.711441 0.00656257 
696 446.669 5.07909 199841 4420.6 0.847376 0.00501536 0.718331 0.00845543 
697 446.137 4.93587 199354 4292.07 0.845221 0.00447385 0.714626 0.00757294 
698 451.257 4.65362 203911 4076.08 0.851769 0.00448204 0.725743 0.00759555 
