1.3 -1.8465 74600000000
181.131 4.976
1 0 0 0 0 0.499983 0.000112991 0.499983 0.000112991 
2 0 0 0 0 0.500068 0.000116225 0.375018 0.000132123 
3 0 0 0 0 0.500047 9.25644e-05 0.333339 9.42835e-05 
4 0.177448 0.000142714 0.177448 0.000142714 0.532333 0.000108022 0.348851 0.000119767 
5 0.242015 0.000130485 0.242015 0.000130485 0.535219 9.74084e-05 0.338706 0.000105249 
6 0.487653 0.000232973 0.686542 0.000431159 0.55613 9.15948e-05 0.354142 0.000107193 
7 0.583743 0.000303573 0.851367 0.000522133 0.557175 0.00011344 0.348615 0.000129312 
8 0.890438 0.000439684 1.69571 0.00124313 0.573443 0.000106025 0.363027 0.000124992 
9 1.01954 0.000543514 2.05693 0.00159794 0.574854 0.000104883 0.360847 0.000125838 
10 1.33529 0.000724165 3.22564 0.00283811 0.586037 9.72471e-05 0.371137 0.000117202 
11 1.5103 0.00114121 3.93772 0.00477494 0.58844 0.0001012 0.371577 0.000119261 
12 1.82774 0.000945983 5.44571 0.00458137 0.596594 0.000110341 0.379386 0.000134566 
13 2.02695 0.00111958 6.47238 0.00640723 0.598726 0.00010364 0.380209 0.000125939 
14 2.36043 0.00130818 8.45234 0.00819556 0.605606 0.000112132 0.387173 0.000139244 
15 2.57183 0.00178762 9.77348 0.0127994 0.607373 0.000121589 0.387999 0.000152804 
16 2.91971 0.00164212 12.2592 0.0124612 0.613241 0.000123262 0.394148 0.000155786 
17 3.14654 0.00189431 13.9545 0.0153611 0.614863 0.00013176 0.395134 0.000166894 
18 3.50051 0.00244841 16.9135 0.0218113 0.6198 0.00013479 0.400429 0.000169457 
19 3.73919 0.00192777 18.9883 0.01853 0.621161 0.000115498 0.401297 0.000145434 
20 4.1026 0.00282003 22.4931 0.0309872 0.625461 0.000179881 0.406006 0.000223957 
21 4.35098 0.00240574 24.9614 0.026709 0.626737 0.000149406 0.406943 0.000188742 
22 4.72048 0.0029822 29.0018 0.0359051 0.630576 0.000144216 0.411233 0.000181946 
23 4.97515 0.00283868 31.8549 0.0348777 0.631598 0.000112158 0.411947 0.000146921 
24 5.35297 0.00450619 36.4927 0.0672165 0.635058 0.000127601 0.415882 0.000163596 
25 5.61199 0.00341043 39.7192 0.0486347 0.635876 0.000134762 0.416425 0.000175804 
26 6.00391 0.00374481 45.0901 0.0604882 0.639255 0.000132377 0.420372 0.000176102 
27 6.26603 0.00408029 48.6877 0.0647527 0.640039 0.000127888 0.420942 0.000168604 
28 6.65552 0.00482751 54.5226 0.0831725 0.642833 0.000124275 0.424189 0.000160357 
29 6.92951 0.00426471 58.6994 0.0725169 0.643644 0.000134935 0.424874 0.000177301 
30 7.32797 0.00506522 65.2263 0.0937752 0.646352 0.00014141 0.428079 0.000183197 
31 7.60437 0.00497495 69.7847 0.0942927 0.646956 0.000146067 0.428535 0.000193088 
32 7.99739 0.00522789 76.7708 0.109919 0.649291 0.000129342 0.431322 0.00017436 
33 8.2837 0.00619352 81.8853 0.127595 0.649977 0.000151369 0.431931 0.000199885 
34 8.693 0.00711231 89.7539 0.143836 0.652375 0.000182201 0.434839 0.000241542 
35 8.97889 0.00640461 95.2553 0.137529 0.652863 0.000151934 0.435209 0.000203743 
36 9.38667 0.00718407 103.692 0.165032 0.65491 0.000158117 0.437682 0.000209154 
37 9.68622 0.00695431 109.922 0.164334 0.655574 0.000158029 0.438335 0.000216511 
38 10.0935 0.00796024 118.949 0.190487 0.657488 0.000165012 0.440662 0.000223577 
39 10.395 0.010248 125.645 0.276294 0.657961 0.000204762 0.441096 0.000283529 
40 10.8059 0.00824358 135.345 0.218287 0.65986 0.000181144 0.443434 0.000246841 
41 11.1116 0.0110202 142.551 0.323556 0.660274 0.000192868 0.443781 0.000279269 
42 11.5157 0.00919078 152.623 0.258824 0.661888 0.000164136 0.445749 0.000230017 
43 11.8255 0.00893094 160.387 0.246893 0.66239 0.000155282 0.44626 0.000211424 
44 12.2483 0.00975159 171.616 0.29128 0.664097 0.000167737 0.448398 0.000232977 
45 12.5499 0.0100403 179.551 0.297036 0.664375 0.000186611 0.448601 0.000262527 
46 12.9787 0.0107453 191.602 0.333462 0.665987 0.000167325 0.45063 0.000232294 
47 13.2698 0.00946913 199.596 0.293034 0.666189 0.000160528 0.450733 0.000221723 
48 13.7099 0.0110222 212.64 0.355995 0.667843 0.000175182 0.45284 0.000244219 
49 14.0353 0.0165805 222.268 0.576555 0.668267 0.000225391 0.453278 0.00031979 
50 14.4534 0.0126683 235.217 0.410824 0.669535 0.000170359 0.454857 0.000232086 
51 14.7727 0.0165469 245.128 0.549223 0.669957 0.000185684 0.455305 0.000246942 
52 15.2055 0.0168454 259.328 0.578344 0.671404 0.000185549 0.457179 0.000261524 
53 15.5355 0.0126491 270.003 0.450031 0.671707 0.000179186 0.457438 0.000245349 
54 15.9361 0.0128403 283.514 0.479107 0.672642 0.000170748 0.458597 0.000237415 
55 16.2741 0.0130624 295.152 0.496237 0.673077 0.000180386 0.459084 0.000252431 
56 16.7158 0.0200496 310.955 0.832567 0.674423 0.000222139 0.460827 0.000314206 
57 17.0385 0.0135271 322.341 0.531326 0.674646 0.000179096 0.461017 0.000248709 
58 17.4731 0.0169637 338.534 0.71611 0.675779 0.00020328 0.462475 0.000285502 
59 17.8034 0.0152117 350.826 0.665077 0.676162 0.000180117 0.462899 0.000252023 
60 18.2334 0.0168748 367.381 0.724186 0.677192 0.00019749 0.464213 0.00027719 
61 18.5703 0.0163991 380.351 0.702861 0.67747 0.000195524 0.46449 0.000271544 
62 19.0459 0.0230557 399.774 1.05833 0.678771 0.000220245 0.466195 0.000309091 
63 19.3312 0.0175482 410.935 0.786704 0.678625 0.000193186 0.4659 0.000270683 
64 19.7741 0.0188926 429.47 0.864859 0.679718 0.000204172 0.467326 0.000287285 
65 20.1417 0.0252634 445.155 1.22203 0.680181 0.000262731 0.467897 0.000374017 
66 20.5671 0.029929 463.632 1.54407 0.680936 0.000268798 0.468862 0.000382591 
67 20.8738 0.0202579 476.634 0.999617 0.681009 0.000232642 0.468875 0.000329651 
68 21.3233 0.0232164 496.68 1.14168 0.681906 0.000276535 0.470014 0.000387031 
69 21.6467 0.0239645 511.234 1.24615 0.682091 0.000278594 0.470207 0.000397878 
70 22.0908 0.0244351 531.938 1.28252 0.682996 0.000290321 0.471387 0.000412965 
71 22.4687 0.0479635 549.908 2.77334 0.683621 0.000498764 0.472233 0.000747524 
72 22.8593 0.0287914 568.252 1.63574 0.684034 0.000260224 0.472686 0.000379053 
73 23.2261 0.0277875 586.012 1.53161 0.684417 0.00026577 0.473161 0.000389401 
74 23.6581 0.0247598 607.273 1.37293 0.685121 0.000251922 0.474066 0.000366129 
75 24.0441 0.0324658 627.027 1.99262 0.685611 0.000298815 0.474711 0.000440858 
76 24.4596 0.0298911 647.938 1.77412 0.686129 0.000261297 0.475352 0.0003795 
77 24.8271 0.0350837 667.318 2.19058 0.686495 0.00030221 0.475807 0.00044433 
78 25.2323 0.025242 688.276 1.47332 0.687003 0.000219206 0.476436 0.00031169 
79 25.6024 0.0336284 707.758 1.87375 0.687448 0.000273719 0.476995 0.000382632 
80 26.0256 0.0304378 731.017 1.82996 0.687922 0.000251078 0.477618 0.000355227 
81 26.3998 0.0416484 751.761 2.77562 0.688215 0.000288607 0.477976 0.000415756 
82 26.8269 0.0315393 775.242 1.99138 0.68875 0.000249736 0.478655 0.000358056 
83 27.1901 0.0382406 795.7 2.55149 0.68897 0.000304101 0.478906 0.000439048 
84 27.6216 0.0388779 820.53 2.64454 0.689587 0.00030891 0.479726 0.000453193 
85 27.9863 0.037659 841.527 2.62616 0.689774 0.000290883 0.479919 0.000430216 
86 28.4013 0.0374854 865.947 2.59382 0.690293 0.00030205 0.480593 0.00044079 
87 28.8142 0.0512376 890.881 3.66554 0.690768 0.000394594 0.481231 0.000580468 
88 29.2131 0.03421 914.711 2.3637 0.691174 0.000261865 0.481731 0.000379528 
89 29.5552 0.0364496 935.455 2.57174 0.691293 0.000271481 0.481864 0.00039362 
90 30.0117 0.0365498 963.982 2.55544 0.692137 0.000344936 0.483001 0.000507869 
91 30.3814 0.0391071 987.436 2.84337 0.692108 0.00027921 0.482912 0.000404439 
92 30.8236 0.042186 1015.38 3.1971 0.692661 0.000279893 0.483646 0.000415701 
93 31.1967 0.0441717 1039.72 3.33709 0.692829 0.000298385 0.48383 0.000433356 
94 31.6363 0.0487043 1068.36 3.82061 0.693457 0.000336676 0.484671 0.000484558 
95 32.0188 0.0647239 1093.93 5.13111 0.693658 0.000337944 0.484913 0.000489901 
96 32.4818 0.0513189 1124.92 3.83902 0.694405 0.000357654 0.485936 0.000514496 
97 32.8563 0.0518356 1150.43 4.07071 0.694509 0.000339767 0.486044 0.000493319 
98 33.3095 0.0606331 1182.08 4.79635 0.695141 0.000366732 0.486912 0.000532778 
99 33.8238 0.196893 1220.48 17.2476 0.696126 0.00115041 0.488335 0.00171135 
100 34.1475 0.0656411 1240.72 5.39746 0.695875 0.00038355 0.48786 0.000562975 
101 34.4822 0.0684485 1264.05 5.51769 0.695898 0.000433909 0.487856 0.000628162 
102 34.9287 0.0665564 1296.14 5.47585 0.696417 0.000396583 0.488543 0.000574105 
103 35.2984 0.0653514 1323.14 5.40031 0.696652 0.000363285 0.488851 0.000528747 
104 35.8117 0.0784539 1362.09 6.4209 0.697404 0.00039506 0.489899 0.000571388 
105 36.1579 0.0721467 1387.56 6.22082 0.697387 0.000434515 0.48983 0.000636581 
106 36.6516 0.0669971 1425.26 6.04957 0.698172 0.000398211 0.490914 0.000591305 
107 36.9777 0.0690197 1449.38 6.01015 0.698058 0.000387406 0.490712 0.000571541 
108 37.4305 0.0690351 1484.56 6.32967 0.698458 0.00044312 0.49124 0.000653383 
109 37.7967 0.0661762 1512.39 5.91047 0.698502 0.000341557 0.491259 0.000497191 
110 38.2562 0.0704848 1548.92 6.3704 0.699164 0.000411378 0.492179 0.000609069 
111 38.6608 0.0646468 1580.94 5.88209 0.699413 0.000375673 0.492498 0.000550376 
112 39.1886 0.0923036 1624.33 8.89968 0.700177 0.000557826 0.493555 0.000825961 
113 39.4655 0.0722982 1645.25 6.62617 0.699934 0.000369995 0.493154 0.000540769 
114 39.9339 0.0753974 1684.48 7.08988 0.700323 0.000423715 0.493687 0.000616848 
115 40.3327 0.0753089 1717.58 7.08734 0.700588 0.000390544 0.494038 0.000571036 
116 40.7706 0.0910706 1754.81 8.95555 0.701087 0.000433685 0.494732 0.000635694 
117 41.1067 0.0763402 1782.37 7.32815 0.70096 0.000378605 0.494514 0.000552074 
118 41.6267 0.0895493 1827.59 8.87039 0.701769 0.000405487 0.495638 0.000592478 
119 41.9679 0.0870725 1856.3 8.83171 0.701785 0.000416813 0.49565 0.000609034 
120 42.4647 0.0971201 1900.79 9.97975 0.702333 0.000467764 0.496394 0.000683873 
121 42.8021 0.102523 1929.32 10.6822 0.70227 0.000431996 0.49627 0.000649468 
122 43.2656 0.0822404 1970.58 8.2725 0.702783 0.000408126 0.496968 0.000596128 
123 43.7529 0.118791 2016.16 12.5667 0.703302 0.00045458 0.497711 0.000665376 
124 44.2281 0.111768 2059.97 11.5166 0.703635 0.00053502 0.498164 0.000783913 
125 44.4788 0.103942 2081.25 11.479 0.703163 0.000453216 0.497445 0.000667193 
126 45.0401 0.105662 2133.61 11.6647 0.703966 0.000473927 0.498559 0.000695922 
127 45.3052 0.0904335 2157.08 9.58693 0.703601 0.00044195 0.498008 0.000650108 
128 45.7731 0.0920273 2200.95 9.73865 0.704168 0.000447608 0.498801 0.000654778 
129 46.0884 0.0935288 2230.33 10.0514 0.703982 0.000436271 0.498491 0.000637497 
130 46.5485 0.0986753 2273.62 11.3228 0.704353 0.000458015 0.498991 0.0006708 
131 46.9447 0.0863128 2311.91 10.2372 0.704484 0.000383445 0.499159 0.000563833 
132 47.4484 0.0892269 2361.7 9.8885 0.705116 0.000421725 0.500062 0.000622494 
133 47.8162 0.0937753 2398.45 10.9134 0.705088 0.000401258 0.500011 0.000588653 
134 48.2937 0.104434 2445.92 11.9747 0.705576 0.000453415 0.500683 0.000659296 
135 48.7022 0.112549 2486.55 12.4807 0.705627 0.000482894 0.500726 0.000702874 
136 49.1319 0.117143 2529.28 13.5563 0.705943 0.000477126 0.501148 0.000695726 
137 49.4897 0.099453 2565.75 11.3613 0.705858 0.000417945 0.501001 0.000611654 
138 49.9951 0.129195 2617.54 15.1694 0.706455 0.00054798 0.501839 0.000810079 
139 50.3406 0.123119 2652.33 14.7017 0.706268 0.000494227 0.50153 0.000736743 
140 50.9269 0.151959 2715.32 18.1174 0.707168 0.000653969 0.50283 0.000973239 
141 51.2036 0.14691 2742.61 17.6697 0.70663 0.000550495 0.502013 0.000814591 
142 51.6319 0.135777 2788.11 16.5109 0.706971 0.000480577 0.502484 0.00070938 
143 52.0784 0.180617 2836.45 22.6284 0.707233 0.000640044 0.502856 0.000960451 
144 52.5344 0.126716 2885.1 16.0236 0.707531 0.000457304 0.50325 0.000681524 
145 52.9308 0.180395 2929.37 23.6133 0.707611 0.000675074 0.503371 0.00102077 
146 53.3493 0.158688 2974.58 20.5554 0.707786 0.000623769 0.503594 0.00093149 
147 53.7048 0.119939 3012.25 15.6333 0.707761 0.000523158 0.503524 0.000790263 
148 54.2373 0.165695 3072.4 21.6205 0.708366 0.000650906 0.504385 0.000965908 
149 54.6496 0.126855 3117.48 16.8383 0.708476 0.000538983 0.504507 0.000805984 
150 55.092 0.161057 3167.71 20.5755 0.708762 0.000609398 0.504905 0.00090055 
151 55.4838 0.175461 3211.81 22.2115 0.708859 0.000692089 0.505034 0.00101915 
152 55.9821 0.162033 3269.64 21.348 0.709299 0.000606278 0.505639 0.000902061 
153 56.4485 0.176439 3323.4 23.6063 0.709405 0.000612424 0.505778 0.000912586 
154 56.9081 0.189203 3376.38 24.9133 0.709711 0.000657394 0.506179 0.000970295 
155 57.2954 0.158376 3421.33 21.02 0.70989 0.00058682 0.506429 0.000866963 
156 57.6862 0.160151 3468.45 22.1798 0.709806 0.00055751 0.506304 0.000834376 
157 58.0983 0.134366 3516.34 17.7344 0.709934 0.000507246 0.506461 0.000745579 
158 58.5394 0.137041 3569.66 18.2147 0.71025 0.000522194 0.506904 0.000767368 
159 58.9622 0.135145 3619.1 17.7957 0.710449 0.000488109 0.507157 0.000711503 
160 59.4146 0.143541 3674.86 19.0764 0.710654 0.000523497 0.507431 0.000766625 
161 59.8737 0.135184 3730.81 18.4683 0.710907 0.000506625 0.507787 0.000744555 
162 60.2934 0.14718 3782.53 19.9597 0.710974 0.000522288 0.507862 0.000767886 
163 60.6794 0.143849 3830.43 19.7233 0.710917 0.000516479 0.507766 0.000758313 
164 61.2128 0.168553 3898.23 23.0622 0.711302 0.000546028 0.50831 0.000797685 
165 61.5661 0.165724 3942.81 23.5107 0.711311 0.000564396 0.508299 0.000832269 
166 62.0623 0.199109 4005.57 27.5057 0.711614 0.000597829 0.508728 0.000880377 
167 62.4461 0.185872 4054.78 26.469 0.711781 0.000623863 0.508961 0.000916694 
168 62.9069 0.243452 4114.02 34.1526 0.711879 0.000701684 0.509072 0.00102521 
169 63.2507 0.171853 4156.79 24.3954 0.71207 0.000544179 0.509329 0.000802128 
170 63.8202 0.2887 4231.03 40.6681 0.71238 0.000765565 0.509735 0.00110951 
171 64.2448 0.196268 4287.53 28.3104 0.712708 0.00058092 0.510219 0.000853772 
172 64.7782 0.282752 4358.99 40.889 0.712927 0.000761758 0.510511 0.0011084 
173 65.123 0.181314 4403.55 26.3145 0.712877 0.000527555 0.510419 0.000769773 
174 65.6224 0.30026 4470.85 44.1678 0.713004 0.000797343 0.510586 0.00115423 
175 65.857 0.184508 4501.74 27.5582 0.713079 0.000595351 0.510703 0.000874288 
176 66.5606 0.298047 4598.12 44.4693 0.713813 0.000740259 0.511717 0.00108186 
177 66.8171 0.221087 4632.51 33.4837 0.713502 0.000662718 0.511266 0.000972816 
178 67.3418 0.317035 4705.02 47.9203 0.713828 0.000717361 0.511711 0.00104192 
179 67.7242 0.313707 4758.86 47.463 0.714009 0.000871549 0.511977 0.00127531 
180 68.3425 0.48233 4845.84 73.5925 0.714369 0.00097812 0.512458 0.00141353 
181 68.6377 0.320429 4887.11 49.0728 0.714325 0.00081636 0.512417 0.00119374 
182 69.3633 0.572929 4994.06 90.0757 0.714939 0.00122925 0.513275 0.00178332 
183 69.4388 0.287244 4999.79 45.2173 0.714422 0.000735541 0.512523 0.00107387 
184 70.3461 0.666319 5140.12 108.991 0.715373 0.00135971 0.513886 0.00198182 
185 70.0965 0.139935 5089.7 21.6636 0.714373 0.000441701 0.512425 0.000646943 
186 70.4759 0.157696 5142.25 24.6777 0.714216 0.000493621 0.512175 0.000724967 
187 70.9423 0.155503 5208.84 24.5452 0.714629 0.000480824 0.512752 0.000702946 
188 71.4338 0.168646 5281.66 26.5329 0.714775 0.000506652 0.51295 0.000740547 
189 72.0162 0.218855 5361.65 31.3926 0.71561 0.000906617 0.51409 0.00126327 
190 72.3821 0.192988 5422.69 30.9306 0.715157 0.000556705 0.513487 0.000819483 
191 72.8129 0.233897 5486.12 37.0497 0.715163 0.000561648 0.513483 0.000815286 
192 73.0929 0.186401 5525.98 29.9984 0.71506 0.000507169 0.513311 0.000739979 
193 73.7945 0.313053 5636.55 53.3579 0.715577 0.000680588 0.514063 0.000997567 
194 74.0411 0.19609 5669.88 31.9969 0.715486 0.000518533 0.513913 0.000761923 
195 74.5715 0.220231 5750.76 36.3909 0.715714 0.000560483 0.514242 0.000820481 
196 75.0179 0.178378 5816.28 28.9728 0.715997 0.000490221 0.514614 0.000715316 
197 75.4253 0.215979 5882.2 35.6937 0.715994 0.000558288 0.514631 0.000813559 
198 75.822 0.197428 5941.13 32.2647 0.716056 0.000503809 0.51468 0.000736571 
199 76.1544 0.196982 5992.79 32.6017 0.716093 0.000479616 0.514742 0.000700579 
200 76.7439 0.220679 6084.7 36.687 0.716531 0.000527479 0.515352 0.00077214 
201 77.1264 0.227091 6145.4 38.9284 0.716482 0.000558872 0.515283 0.000818253 
202 77.5728 0.193711 6214.61 33.0408 0.716713 0.000492294 0.515593 0.00072121 
203 78.1527 0.266775 6311.39 46.3189 0.717192 0.000629805 0.516298 0.000917942 
204 78.4085 0.230317 6349.32 37.7241 0.716835 0.00054486 0.515761 0.000796324 
205 79.1597 0.326514 6473.51 55.659 0.71775 0.000683541 0.517079 0.000992706 
206 79.477 0.248378 6523.28 43.6921 0.717557 0.00058497 0.516784 0.000855939 
207 80.6671 0.836402 6734.42 152.985 0.719061 0.00146003 0.518975 0.0021166 
208 80.2865 0.215756 6654.1 38.1899 0.717693 0.000508256 0.516969 0.000743806 
209 80.4851 0.230642 6684.04 42.0612 0.717398 0.000534256 0.516536 0.000788349 
210 81.0743 0.240185 6781.89 42.7566 0.717894 0.000554537 0.51724 0.000811114 
211 81.3706 0.252296 6828.73 45.1039 0.717639 0.000603541 0.516857 0.000887089 
212 81.8573 0.249812 6908.7 43.5003 0.717808 0.000572584 0.517072 0.000837917 
213 82.3289 0.28911 6989.45 52.5492 0.717994 0.000689979 0.517356 0.00101274 
214 82.7795 0.249442 7063.59 45.6048 0.718031 0.000564932 0.517391 0.000834945 
215 83.4462 0.350382 7182.46 65.5081 0.718699 0.000847912 0.518377 0.00125334 
216 83.97 0.3055 7270.76 56.2178 0.71885 0.000680886 0.518573 0.00100688 
217 84.6651 0.399594 7401.8 76.2938 0.719452 0.000933838 0.519476 0.00138538 
218 84.999 0.334121 7451.99 63.9477 0.719481 0.000836506 0.519502 0.00125295 
219 85.8463 0.591685 7619.11 118.266 0.720353 0.00128112 0.520804 0.00191308 
220 85.5894 0.235952 7548.15 44.2111 0.719126 0.000605127 0.518939 0.000890725 
221 86.2134 0.454308 7663.3 85.6306 0.719867 0.00121211 0.520045 0.0017904 
222 86.6961 0.380924 7749.15 72.8617 0.719945 0.000937696 0.520147 0.00138482 
223 87.7796 0.897328 7954.57 174.426 0.721938 0.00212942 0.523101 0.00315377 
224 87.8493 0.451135 7955.46 88.3697 0.720903 0.00107256 0.521525 0.00158283 
225 88.6415 0.866847 8109.75 173.16 0.721685 0.0019113 0.522689 0.00283089 
226 88.3482 0.365077 8040.56 71.1839 0.720199 0.000836228 0.520463 0.00122845 
227 88.696 0.377974 8100.29 72.9431 0.720148 0.000823066 0.520376 0.00121121 
228 89.2447 0.369596 8202.24 72.4317 0.720234 0.000915385 0.520496 0.00135006 
229 89.6919 0.369447 8285.03 73.6883 0.720667 0.000873648 0.521144 0.00129486 
230 90.2354 0.385345 8387.93 76.9021 0.720903 0.000877641 0.521473 0.00130121 
231 90.6682 0.414833 8468.71 82.9561 0.72117 0.000974221 0.521885 0.00144274 
232 90.998 0.333827 8526.16 65.934 0.720968 0.000767765 0.521556 0.00113288 
233 91.515 0.393221 8625.11 80.6665 0.721285 0.00098169 0.522037 0.00146564 
234 91.967 0.447843 8706.19 91.0262 0.721207 0.00101977 0.521876 0.00151571 
235 93.2567 1.0475 8977.88 224.468 0.723291 0.00229176 0.525032 0.00344224 
236 92.8621 0.500452 8875.38 102.912 0.721361 0.00100333 0.522079 0.00148366 
237 93.6833 1.01894 9047.92 220.591 0.722677 0.00225377 0.524093 0.00339547 
238 93.6147 0.415658 9012.92 83.261 0.721351 0.000943044 0.522065 0.00138547 
239 94.2585 0.652318 9145.5 140.219 0.722114 0.00151151 0.523229 0.00227616 
240 94.7744 0.541476 9239.88 112.562 0.722345 0.00118599 0.523511 0.00176544 
241 95.801 1.05605 9456.55 232.262 0.72378 0.00242098 0.525679 0.00365456 
242 96.3936 0.942341 9570.3 202.585 0.724111 0.00192403 0.526126 0.00287661 
243 98.7181 1.83804 10091.5 417.231 0.72841 0.00400516 0.532666 0.00606949 
244 97.1631 1.15268 9709.12 237.565 0.723447 0.00196546 0.525037 0.00285107 
245 97.0528 0.589787 9677.6 121.329 0.722984 0.00124345 0.524382 0.00182106 
246 98.3732 1.28295 9947.67 267.209 0.724651 0.00256769 0.526785 0.00374646 
247 98.1634 0.533216 9904.59 111.321 0.723638 0.00116765 0.525351 0.00172445 
248 99.0448 0.819008 10081.4 170.312 0.724248 0.00164014 0.526191 0.00239445 
249 99.4504 0.780569 10171.5 167.879 0.724593 0.00164122 0.526753 0.00242691 
250 100.703 1.0846 10427.9 233.266 0.725796 0.00202905 0.528445 0.0029787 
251 101.706 1.83838 10659.2 411.821 0.727495 0.00391041 0.531061 0.00584333 
252 100.981 0.902852 10474.3 188.963 0.725059 0.00175855 0.527336 0.00255706 
253 100.42 0.386865 10358.7 82.9837 0.723227 0.000786555 0.524699 0.0011514 
254 101.572 0.803075 10596.4 172.377 0.724571 0.0015218 0.526626 0.00221882 
255 101.228 0.563991 10520.4 121.527 0.723184 0.00110777 0.524601 0.00163017 
256 102.736 1.04955 10845.7 229.366 0.725136 0.00184914 0.527441 0.00269651 
257 102.11 0.635774 10704.6 139.427 0.723394 0.00129655 0.524903 0.00191081 
258 103.44 1.10735 10990.8 246.001 0.724923 0.00202547 0.527123 0.00296962 
259 102.965 0.597648 10879 131.158 0.723426 0.0012236 0.52491 0.00179856 
260 104.661 1.31566 11257.4 296.772 0.72552 0.00228181 0.527979 0.00334454 
261 103.802 0.61661 11055.6 136.517 0.72338 0.00133597 0.524837 0.00196806 
262 104.975 0.961233 11314.1 214.98 0.724742 0.00176917 0.526825 0.0025902 
263 104.791 0.640796 11264.3 143.558 0.723651 0.00129565 0.525209 0.00190795 
264 106.165 1.0932 11576.4 249.262 0.725265 0.00198995 0.527584 0.00292068 
265 105.85 0.723387 11492.9 162.415 0.724044 0.00136879 0.525766 0.00200938 
266 107.649 1.59142 11908 374.197 0.7262 0.00244712 0.528914 0.00359334 
267 107.161 0.821382 11785.6 190.002 0.724686 0.00157585 0.526712 0.00232474 
268 108.8 2.10166 12166.6 500.738 0.726476 0.00316157 0.529308 0.00464206 
269 107.618 0.697754 11874.2 160.782 0.724151 0.00138626 0.525896 0.00204516 
270 109.27 1.61416 12264.6 386.216 0.725967 0.00286675 0.528578 0.00423266 
271 108.54 0.754949 12080 174.161 0.724423 0.00142755 0.526288 0.00209728 
272 109.95 1.59993 12411.2 383.595 0.725988 0.00267535 0.528576 0.00393866 
273 109.896 0.822168 12383.5 195.077 0.725284 0.00153815 0.527533 0.00227158 
274 111.666 2.16912 12823.7 537.782 0.727405 0.00350161 0.530687 0.0051962 
275 110.348 0.706397 12484.4 165.593 0.724811 0.00123021 0.526846 0.001808 
276 111.664 1.44203 12800.2 352.025 0.726071 0.00236694 0.528683 0.00349281 
277 111.406 0.74817 12726 180.834 0.725404 0.00130716 0.527699 0.00193155 
278 113.032 1.75421 13128.9 443.186 0.726652 0.00289017 0.529524 0.00428259 
279 112.125 0.657317 12888.6 156.803 0.725311 0.00121164 0.527553 0.00179175 
280 112.932 1.02653 13084.3 254.777 0.725921 0.00189629 0.528463 0.00281257 
281 112.742 0.639773 13024.5 154.07 0.725057 0.00130316 0.527175 0.0019333 
282 113.303 0.715803 13154.9 176.471 0.725094 0.00136153 0.527213 0.00201648 
283 113.413 0.545019 13177.8 132.787 0.724942 0.000948393 0.527002 0.00139925 
284 114.077 0.562547 13331.2 137.947 0.725461 0.00102711 0.527744 0.00151854 
285 114.316 0.497864 13391.7 123.447 0.72505 0.00086904 0.527166 0.00128123 
286 115.138 0.61902 13587.4 155.36 0.725944 0.0010738 0.528466 0.00158851 
287 115.367 0.56812 13637.7 142.05 0.72575 0.0009531 0.528175 0.00141499 
288 115.718 0.509066 13711.2 126.305 0.725633 0.000887752 0.527976 0.00131057 
289 116.116 0.511423 13808.1 127.373 0.725669 0.000845095 0.528028 0.00124542 
290 116.655 0.49909 13929.3 123.561 0.725822 0.000829093 0.528217 0.00121777 
291 116.906 0.512316 13996.6 127.405 0.7257 0.000880837 0.528066 0.001295 
292 117.401 0.479174 14109.1 119.608 0.725706 0.000833415 0.528069 0.00122147 
293 117.89 0.450493 14229.3 112.689 0.725932 0.000772277 0.528407 0.00114388 
294 118.542 0.475819 14385.4 121.943 0.726205 0.000851402 0.528792 0.00125407 
295 118.883 0.471242 14466.4 119.707 0.726126 0.000880882 0.528666 0.00130114 
296 119.595 0.561594 14641.2 143.215 0.726634 0.000967828 0.529399 0.00143162 
297 119.78 0.480863 14683.6 121.703 0.726208 0.000858665 0.528783 0.00126532 
298 120.65 0.614069 14899.7 157.039 0.727046 0.00108348 0.529998 0.00159212 
299 120.899 0.500443 14961.4 129.63 0.726761 0.000884209 0.529583 0.00130653 
300 121.627 0.74122 15145.4 195.276 0.727206 0.00110329 0.530222 0.0016246 
301 121.985 0.585796 15229.9 152.452 0.727163 0.00105446 0.53016 0.00155571 
302 123.638 1.6272 15666.9 438.519 0.728396 0.00188169 0.531947 0.00274235 
303 123.026 0.695324 15490.1 182.765 0.727535 0.00105017 0.530701 0.00154869 
304 125.062 1.99263 16033.2 542.718 0.729284 0.00221531 0.533236 0.00323333 
305 123.963 0.654526 15721.1 173.414 0.727698 0.00105016 0.530906 0.00154829 
306 125.99 2.09601 16272.1 578.138 0.728874 0.00195608 0.532586 0.00284065 
307 125.381 1.0633 16092 291.11 0.728115 0.00114691 0.531494 0.00168634 
308 130.465 4.95839 17523 1403.31 0.731788 0.00388491 0.536827 0.00562108 
309 125.395 0.62582 16075.6 166.274 0.72728 0.00100012 0.530277 0.00146914 
310 126.812 1.31597 16467.4 368.033 0.728305 0.0014688 0.531786 0.00215163 
311 126.478 0.693159 16354.6 187.634 0.727556 0.00110159 0.530671 0.00162457 
312 128.469 2.06183 16914.2 584.83 0.728827 0.00191627 0.53251 0.00278938 
313 127.716 0.893568 16678.9 247.588 0.727741 0.00123572 0.530914 0.00181472 
314 131.091 2.83847 17656.2 823.095 0.73044 0.00231358 0.534851 0.00336805 
315 128.341 0.772376 16837.1 213.722 0.727828 0.000959404 0.531037 0.00141441 
316 130.629 2.65866 17502 776.292 0.728908 0.00209192 0.532586 0.00304205 
317 128.57 0.584026 16881.8 157.87 0.727111 0.000852824 0.52998 0.00126914 
318 128.898 0.550698 16964.8 149.835 0.727109 0.00085803 0.529963 0.00126908 
319 129.525 0.544736 17129.7 149.622 0.727124 0.000837199 0.529971 0.00124344 
320 130.069 0.616282 17276.7 171.51 0.727466 0.000986947 0.530483 0.00146057 
321 130.46 0.540969 17386.1 152.059 0.727182 0.000849138 0.530085 0.00126698 
322 130.606 0.520677 17419.3 145.829 0.727154 0.000852465 0.530036 0.00126219 
323 130.888 0.554992 17485.1 157.996 0.726868 0.000851439 0.529583 0.00125859 
324 131.221 0.5099 17569.7 143.633 0.726856 0.000766 0.529561 0.0011341 
325 131.751 0.513004 17713.1 146.108 0.726996 0.000831845 0.529763 0.00123842 
326 132.07 0.487549 17797 137.92 0.727059 0.000850661 0.529856 0.00126206 
327 132.585 0.479204 17933.9 135.951 0.727078 0.000748442 0.529869 0.00110714 
328 133.092 0.442312 18077.3 125.26 0.727315 0.00073375 0.530244 0.00108271 
329 133.68 0.469465 18232.2 135.177 0.727579 0.000740007 0.530613 0.00109687 
330 134.28 0.540557 18402.9 154.998 0.727925 0.000883571 0.531139 0.00130993 
331 134.75 0.491478 18524.3 142.8 0.727956 0.000775652 0.531153 0.00114715 
332 135.24 0.490908 18657.7 142.037 0.727793 0.000798928 0.530918 0.0011843 
333 135.923 0.521538 18846.9 153.239 0.728187 0.000791938 0.531483 0.001175 
334 136.123 0.544444 18904.3 159.131 0.727833 0.000909176 0.530961 0.00134413 
335 136.937 0.606823 19131.9 188.668 0.728653 0.000901223 0.532145 0.00133128 
336 137.271 0.479819 19217.4 141.075 0.728591 0.000810831 0.532066 0.00119784 
337 138.171 0.652787 19478 197.765 0.729225 0.00108567 0.533 0.0016212 
338 137.916 0.536937 19387.1 158.207 0.728173 0.000912209 0.531421 0.00135629 
339 138.452 0.504598 19536.7 146.571 0.728519 0.000846604 0.531918 0.00125207 
340 138.992 0.560336 19695.2 165.797 0.728619 0.00100816 0.532085 0.00150219 
341 139.647 0.532152 19876 156.551 0.728915 0.000876512 0.532488 0.0013 
342 140.211 0.634141 20044.4 190.779 0.729285 0.00106142 0.533059 0.00158439 
343 140.495 0.571478 20119.4 170.072 0.728737 0.000971307 0.532246 0.00144554 
344 141.205 0.654952 20328.2 199.871 0.729411 0.00110378 0.533239 0.00164518 
345 141.473 0.651156 20403.9 194.035 0.728913 0.000977388 0.532498 0.00145041 
346 141.912 0.570956 20535.5 171.809 0.729191 0.0010051 0.532928 0.00149794 
347 142.43 0.564013 20678.7 168.981 0.729219 0.000916475 0.532938 0.0013686 
348 142.648 0.65377 20743.2 197.09 0.72888 0.00104558 0.532457 0.00154812 
349 143.458 0.625213 20980.7 190.132 0.729193 0.000916841 0.532895 0.00135901 
350 143.256 0.583301 20910.6 176.054 0.728134 0.00099982 0.531331 0.00147965 
351 143.787 0.592294 21061 178.395 0.728449 0.000923813 0.531779 0.00136753 
352 144.325 0.58196 21222.6 171.555 0.728151 0.00108225 0.531355 0.00160603 
353 144.807 0.594825 21364.2 179.459 0.728803 0.000984021 0.532301 0.00146008 
354 145.192 0.615245 21476.8 183.004 0.728266 0.00127368 0.53153 0.00189076 
355 145.894 0.673873 21697.9 211.98 0.729275 0.00117414 0.533029 0.00175916 
356 145.886 0.671959 21681 202.418 0.728248 0.00119032 0.531491 0.00175959 
357 146.091 0.784287 21743.6 238.003 0.728501 0.00111965 0.531853 0.00165832 
358 146.486 0.802869 21860.1 245.714 0.728667 0.00110444 0.532102 0.00163131 
359 147.072 0.784951 22038 245.148 0.728813 0.00116058 0.532311 0.00172705 
360 147.299 0.713957 22101.2 222.715 0.728807 0.000980828 0.532308 0.00145959 
361 147.742 0.594098 22237.7 184.804 0.728547 0.000914347 0.531917 0.00134996 
362 148.043 0.607116 22325.7 190.393 0.728599 0.00092092 0.531996 0.00136196 
363 148.82 0.684148 22560.3 219.436 0.728805 0.0010589 0.532284 0.00156624 
364 149.277 0.579693 22701.5 183.512 0.729251 0.000948808 0.532949 0.00141116 
365 149.965 0.678516 22920.9 222.99 0.729405 0.00112327 0.533178 0.00167179 
366 150.174 0.639281 22976.2 202.765 0.729389 0.000984927 0.533153 0.00146056 
367 150.809 0.630576 23182.1 203.613 0.72951 0.00101057 0.533355 0.00150171 
368 150.637 0.685303 23107.9 218.026 0.728679 0.0010504 0.532099 0.00154614 
369 151.269 0.841276 23307.6 274.882 0.728962 0.0012624 0.532532 0.00187564 
370 151.784 0.715103 23466.6 232.623 0.729225 0.00112274 0.532903 0.00165666 
371 152.411 1.07134 23671.7 359.238 0.729535 0.00155305 0.533375 0.00232391 
372 152.768 0.617325 23767.1 204.83 0.729598 0.000893961 0.533441 0.00133035 
373 153.587 1.24316 24043.7 424.804 0.730143 0.00180849 0.534269 0.00270637 
374 154.085 0.650912 24188.2 213.795 0.730189 0.0010012 0.534319 0.00147981 
375 154.337 0.908352 24259.7 300.453 0.729992 0.00131867 0.53401 0.00195062 
376 154.967 0.632331 24458.5 213.601 0.730212 0.000946579 0.53434 0.00140324 
377 155.836 0.824363 24753.5 283.371 0.730753 0.00108691 0.535148 0.00163582 
378 156.476 0.865973 24959.2 301.084 0.731349 0.00126372 0.536059 0.00190011 
379 156.04 0.85752 24803 303.046 0.730001 0.00126303 0.53402 0.00188687 
380 156.46 0.641844 24922.4 214.608 0.729946 0.00107932 0.533915 0.00159923 
381 156.709 0.718022 25004.8 247.883 0.729947 0.00121464 0.533923 0.00180337 
382 157.45 0.638859 25243.4 214.309 0.730304 0.00108171 0.534442 0.00160095 
383 158.025 0.982337 25430.7 342.747 0.730464 0.00149273 0.534678 0.00221552 
384 158.155 0.657058 25464.7 219.917 0.730284 0.000969067 0.534416 0.00143659 
385 158.867 0.666797 25692.9 228.738 0.730585 0.00128212 0.534862 0.00188693 
386 158.883 0.636259 25691.5 213.068 0.730201 0.000918505 0.534281 0.00136113 
387 159.616 0.64 25936 219.513 0.73049 0.00100099 0.534725 0.00148925 
388 159.957 0.656349 26050.6 222.749 0.730633 0.000950109 0.534933 0.00141028 
389 160.413 0.66555 26191.6 226.192 0.730579 0.000986119 0.534852 0.00146328 
390 160.746 0.641416 26306.9 214.828 0.730419 0.000958269 0.534613 0.00142297 
391 161.339 0.602733 26487.6 203.976 0.730519 0.00111637 0.534744 0.00163895 
392 161.8 0.690601 26637.4 234.763 0.730752 0.00112119 0.535084 0.00165388 
393 162.035 0.635116 26710.8 219.406 0.730529 0.00110196 0.534746 0.00163817 
394 162.573 0.679478 26881.3 235.671 0.73084 0.00113958 0.535193 0.00169271 
395 162.878 0.648966 26984.3 222.408 0.730661 0.00113368 0.534931 0.00166695 
396 163.691 0.601907 27258.1 207.305 0.731344 0.00107136 0.53594 0.00157481 
397 164.281 0.62175 27458.8 217.346 0.731443 0.00106063 0.536082 0.00156781 
398 164.845 0.749987 27663.7 271.914 0.731738 0.00121149 0.53655 0.00179947 
399 164.767 0.71891 27605 249.184 0.731207 0.00107701 0.535716 0.00158712 
400 165.588 0.81267 27883.5 283.674 0.731703 0.00116037 0.536451 0.0017102 
401 166.087 0.776347 28055.5 274.506 0.731926 0.00106616 0.536781 0.00157446 
402 166.578 0.739446 28211.7 257.006 0.732072 0.00120046 0.536994 0.00176614 
403 167.196 0.726711 28426.9 258.178 0.732422 0.0011265 0.537506 0.00167491 
404 167.693 0.77724 28598.1 279.68 0.732635 0.00115495 0.537813 0.00170981 
405 168.157 0.863354 28766.4 321.798 0.732854 0.0012302 0.538154 0.00183591 
406 168.959 1.13717 29039.6 414.452 0.733274 0.00128113 0.538761 0.00189689 
407 169.004 0.784774 29052.3 295.631 0.732919 0.00128466 0.538247 0.00190603 
408 169.307 0.747544 29135.7 262.323 0.732821 0.00137244 0.538069 0.00203182 
409 169.74 0.787603 29273.5 274.125 0.732693 0.00153914 0.53787 0.00227746 
410 170.324 0.810163 29473.5 281.53 0.732961 0.00155428 0.53825 0.00229523 
411 171.339 0.765528 29827.3 270.842 0.733557 0.00151182 0.53914 0.00222511 
412 171.465 0.683662 29862.4 242.781 0.733264 0.00126681 0.538671 0.00185331 
413 172.225 0.800757 30135.8 282.911 0.734046 0.00146868 0.539867 0.00217724 
414 172.486 0.676148 30216.5 241.3 0.733518 0.00130884 0.539051 0.00193098 
415 173.018 0.744194 30404.6 263.208 0.733675 0.00154364 0.539298 0.00227561 
416 173.587 0.890717 30607.5 317.964 0.733805 0.00163816 0.539487 0.00242432 
417 174.426 0.824723 30907.8 292.568 0.734623 0.00172537 0.540708 0.00254774 
418 175.229 0.993808 31208.6 361.366 0.734797 0.00181115 0.540961 0.00268052 
419 175.67 0.855378 31347.9 305.243 0.735074 0.0018147 0.54136 0.00268605 
420 177.081 1.3591 31903.3 533.818 0.73584 0.00221897 0.542526 0.00329901 
421 176.456 0.909006 31617.7 321.808 0.734928 0.00216184 0.541132 0.00320688 
422 176.794 1.08599 31736 386.729 0.734826 0.0022571 0.540972 0.00334856 
423 177.77 1.1065 32089.6 395.408 0.735763 0.00260664 0.542397 0.00388654 
424 177.845 0.942677 32114.7 339.151 0.734852 0.00204451 0.541014 0.00302772 
425 178.087 0.844085 32201.5 305.374 0.734875 0.00209473 0.541056 0.00311873 
426 178.868 0.905473 32488.2 330.109 0.735159 0.0021723 0.541468 0.00322958 
427 179.377 0.891341 32669.6 324.605 0.735178 0.00216927 0.541495 0.0032285 
428 179.673 0.946376 32776.3 345.974 0.734961 0.00214705 0.541168 0.0031943 
429 180.204 0.896884 32979.9 328.93 0.735111 0.00209122 0.541412 0.00311189 
430 180.808 0.863466 33189.3 316.643 0.735337 0.00216212 0.541721 0.0032242 
431 181.135 0.969771 33308.7 356.733 0.7353 0.00226872 0.54167 0.00337364 
432 181.849 0.945123 33564.8 349.94 0.735533 0.00214794 0.541992 0.00320553 
433 182.791 1.08197 33926.8 402.217 0.736064 0.00233956 0.542807 0.00348643 
434 182.894 1.04273 33954.3 385.421 0.735811 0.00241333 0.542408 0.00359976 
435 183.856 1.18769 34316.8 438.963 0.736708 0.00276055 0.543757 0.00412296 
436 184.335 1.10624 34496.4 415.457 0.736535 0.00259582 0.543489 0.00387777 
437 184.942 1.44436 34718.8 536.566 0.73715 0.00310689 0.544426 0.00464314 
438 185.198 1.24858 34816.8 468.25 0.736313 0.00256162 0.543163 0.00381741 
439 185.658 1.2223 34992 457.814 0.73625 0.00264487 0.543077 0.00395317 
440 185.604 1.46188 34956.6 551.289 0.735765 0.00296495 0.542339 0.00443032 
441 186.39 1.44995 35260.9 550.832 0.736104 0.0029147 0.542861 0.00435675 
442 186.812 1.48666 35412.4 561.583 0.736154 0.00291589 0.54293 0.00435839 
443 187.594 1.31358 35734.2 497.949 0.736697 0.00251679 0.543764 0.0037575 
444 188.498 1.97452 36061.1 758.457 0.736625 0.00323579 0.54362 0.00483717 
445 189.008 1.36002 36270.1 526.471 0.737373 0.00250632 0.544764 0.00375182 
446 188.93 1.26904 36229.9 490.447 0.736703 0.00213442 0.54375 0.00319643 
447 189.465 1.247 36434.2 482.397 0.73703 0.00211955 0.544218 0.00317514 
448 189.422 1.12016 36407.9 432.971 0.735889 0.00188178 0.542501 0.00281361 
449 189.807 1.30183 36568.1 506.018 0.736388 0.00240304 0.543247 0.00357848 
450 190.263 1.59477 36742 625.26 0.736396 0.00287828 0.543256 0.00429462 
451 190.298 0.98282 36750.5 383.537 0.735844 0.00180598 0.542425 0.00268223 
452 190.582 0.959238 36856.9 374.447 0.735587 0.00165268 0.542036 0.00244801 
453 191.327 0.960637 37144.9 377.293 0.736011 0.00173451 0.542668 0.00256858 
454 191.414 0.955692 37189.8 377.598 0.735631 0.00147863 0.542123 0.00220178 
455 192.442 1.10698 37590.2 436.803 0.736506 0.00164381 0.543418 0.00245049 
456 192.661 0.902625 37682.8 359.655 0.736105 0.00134047 0.542827 0.00199897 
457 193.258 0.925935 37912.6 363.875 0.736478 0.00140798 0.543389 0.00209845 
458 193.035 0.785073 37810.6 312.398 0.735332 0.00108367 0.541652 0.00161127 
459 193.605 0.998986 38031.7 392.564 0.735777 0.00149511 0.542329 0.00222866 
460 193.874 0.792775 38135.6 316.967 0.735069 0.00117011 0.541261 0.00174015 
461 194.184 0.930956 38264.3 373.78 0.735356 0.00129502 0.541704 0.00192975 
462 194.703 0.926312 38462.9 371.981 0.735409 0.00125233 0.541762 0.00186339 
463 195.479 0.990624 38764.7 398.308 0.73585 0.00141073 0.542405 0.00210015 
464 195.588 0.783255 38806.2 311.94 0.735484 0.00121765 0.541865 0.00179771 
465 196.23 0.814865 39066.6 331.3 0.735699 0.00107342 0.542181 0.00159185 
466 196.344 0.765559 39098 310.525 0.735138 0.00105053 0.541337 0.00155393 
467 196.689 0.793082 39244.1 319.15 0.735196 0.00108702 0.541424 0.00161141 
468 197.007 0.902351 39370 368.144 0.734854 0.001162 0.540912 0.00172572 
469 197.285 0.81933 39472 333.306 0.734729 0.00101081 0.540719 0.0014976 
470 197.68 0.827011 39620.7 340.601 0.734478 0.00117901 0.540339 0.00174066 
471 198.295 0.842499 39873.7 345.41 0.734913 0.00116315 0.540984 0.0017249 
472 198.622 0.770849 40003 315.641 0.734907 0.00109732 0.54097 0.00163299 
473 199.371 0.919047 40302.3 383.073 0.735261 0.00136552 0.541494 0.00203469 
474 199.757 0.864215 40455.5 361.548 0.735038 0.00126848 0.541158 0.00188903 
475 200.519 0.848608 40765.4 352.869 0.735275 0.00127036 0.541505 0.00189185 
476 200.917 0.877953 40934.2 372.21 0.735055 0.00110772 0.541186 0.00165807 
477 201.337 0.809743 41110.5 335.86 0.73522 0.00106774 0.541444 0.00159691 
478 201.227 0.860417 41051.6 356.01 0.734753 0.00110636 0.540739 0.00163998 
479 201.953 0.827866 41339.4 345.614 0.734956 0.0011578 0.541023 0.00172899 
480 202.134 0.868656 41424.5 361.985 0.734686 0.00116391 0.540636 0.00172949 
481 202.649 0.861634 41629.7 365.997 0.734883 0.00121395 0.540919 0.00181091 
482 202.808 0.835342 41697.9 347.279 0.734414 0.00113814 0.540233 0.00168393 
483 203.417 0.818847 41943.2 344.165 0.734527 0.00115244 0.54038 0.0017026 
484 204.051 0.91876 42209.7 386.35 0.734821 0.0013814 0.540829 0.00203476 
485 204.484 0.909617 42382.5 388.639 0.734778 0.00113955 0.540746 0.00168378 
486 205.024 0.915805 42601.3 388.101 0.734792 0.00151338 0.540772 0.00223529 
487 205.501 0.917196 42795 390.251 0.73477 0.00152152 0.540735 0.00225452 
488 205.974 1.00899 43003.6 423.086 0.735191 0.0011891 0.54134 0.00175573 
489 206.288 0.907402 43131.4 382.236 0.734927 0.00116164 0.540955 0.00170184 
490 207.346 0.980207 43570.7 417.304 0.735554 0.00113867 0.541868 0.00168972 
491 208.021 0.978356 43859.6 422.623 0.735779 0.00111899 0.542203 0.00166383 
492 208.298 1.04249 43976.4 447.298 0.735504 0.00112315 0.541799 0.0016685 
493 208.98 0.977249 44255.1 421.371 0.735583 0.00121164 0.541893 0.00179396 
494 209.533 1.10958 44493.7 478.996 0.735871 0.00111575 0.542335 0.00165531 
495 209.998 0.896864 44687.5 383.989 0.73596 0.00112984 0.542457 0.00168102 
496 210.622 1.08533 44951.1 467.7 0.73627 0.00107548 0.542909 0.00159378 
497 211.257 0.994836 45234.8 431.301 0.736535 0.00130349 0.54332 0.00192688 
498 211.646 1.07799 45404.4 468.427 0.736517 0.00127111 0.5433 0.00188353 
499 212.087 1.08875 45589.3 473.622 0.736547 0.00152042 0.543339 0.00225072 
500 212.893 1.1824 45942 517.99 0.7369 0.00120169 0.543866 0.00178447 
501 212.717 1.23445 45868.5 540.516 0.736113 0.00168467 0.542716 0.0024877 
502 213.908 1.22322 46374.4 533.405 0.736881 0.0012711 0.543819 0.00187545 
503 213.63 1.40822 46261.6 620.619 0.736465 0.00143429 0.543214 0.00212521 
504 214.369 1.35353 46580.9 595.835 0.736735 0.00134594 0.543616 0.00199043 
505 214.629 1.50928 46684.7 666.802 0.736653 0.00151712 0.543484 0.00224148 
506 215.448 1.30229 47049.1 578.578 0.736807 0.00134435 0.54373 0.00199074 
507 215.681 1.47339 47130.6 655.138 0.736602 0.00152864 0.543391 0.00226064 
508 216.275 1.3808 47391.5 615.173 0.736788 0.00141877 0.543672 0.0021023 
509 217.241 1.5883 47812.8 708.092 0.737113 0.00153489 0.544137 0.00226511 
510 217.331 1.50002 47842.2 671.111 0.736709 0.00149865 0.543544 0.00221328 
511 218.362 1.52853 48290.3 680.297 0.737073 0.00157827 0.544063 0.00232062 
512 218.403 1.78995 48319.9 806.362 0.737043 0.00165813 0.544026 0.00244459 
513 219.241 1.60006 48691.3 721.633 0.737019 0.00157547 0.54399 0.00232117 
514 219.671 1.92024 48873.2 865.152 0.737409 0.00181135 0.54456 0.00266189 
515 219.907 1.76312 48994.3 800.369 0.736736 0.0015622 0.543583 0.0023004 
516 220.793 1.81235 49398.5 831.764 0.737417 0.00157608 0.544596 0.00232818 
517 221.138 1.79006 49543.3 816.997 0.736842 0.00165644 0.543738 0.00244604 
518 221.871 1.871 49899.6 860.674 0.73763 0.00157019 0.544926 0.00231968 
519 222.105 2.03032 49983.5 952.365 0.737037 0.00160008 0.544024 0.00237688 
520 222.852 2.13448 50330.1 990.056 0.737654 0.00184676 0.544938 0.00273218 
521 223.84 2.23223 50783.6 1034.33 0.737893 0.00178702 0.545283 0.00264098 
522 224.119 2.06774 50904.3 959.412 0.737818 0.00176847 0.545174 0.00261616 
523 224.692 2.08365 51157.9 969.879 0.737908 0.00177452 0.545312 0.00262486 
524 224.589 2.03319 51115.9 947.028 0.737676 0.0017148 0.544962 0.00253343 
525 225.798 2.03559 51661.6 948.509 0.738439 0.00169242 0.546079 0.00249756 
526 225.854 2.10315 51689.4 1001.17 0.738255 0.00178728 0.54581 0.00264497 
527 226.929 2.2551 52179 1073.19 0.738743 0.00169422 0.546533 0.00250364 
528 227.255 1.98973 52307.1 935.432 0.738817 0.00168759 0.546623 0.00249249 
529 228.235 2.09644 52765.2 982.004 0.73967 0.0018582 0.5479 0.00274972 
530 229.093 1.88285 53161.1 886.434 0.740033 0.00179276 0.548426 0.0026514 
531 229.383 2.11253 53262.6 1000.79 0.740468 0.00203706 0.549037 0.00300682 
532 230.63 2.47128 53819.5 1182.81 0.741518 0.0021357 0.550594 0.00315691 
533 230.789 3.2824 53935.2 1562.12 0.74027 0.00274412 0.548755 0.0040474 
534 231.375 3.26525 54242.1 1571.35 0.739885 0.00272255 0.548213 0.00402873 
535 231.321 3.61617 54218.9 1726.53 0.739209 0.00285547 0.547199 0.00422376 
536 232.614 3.58531 54835.2 1739.24 0.740165 0.00278443 0.548628 0.00412256 
537 232.01 3.22079 54543.2 1541.71 0.739051 0.00239876 0.546981 0.00355427 
538 233.107 3.01875 55073.9 1469.5 0.739993 0.00248117 0.548386 0.00366993 
539 233.122 3.36697 55080.6 1625.78 0.739837 0.00281672 0.548136 0.00417021 
540 234.269 3.05002 55641.9 1495.04 0.740264 0.00258056 0.548801 0.00381702 
541 233.508 3.48171 55251.7 1697.71 0.739235 0.00277932 0.547244 0.00411903 
542 234.403 3.1726 55709.5 1570.36 0.739831 0.00242167 0.548165 0.00360516 
543 233.812 2.72944 55387.3 1348.16 0.738735 0.00209595 0.546509 0.00311682 
544 234.928 2.88495 55957.3 1424.51 0.739377 0.00251171 0.547498 0.00373914 
545 235.176 2.66219 56052.1 1333.06 0.73902 0.00206409 0.546935 0.00306999 
546 235.85 2.9807 56379.8 1485.84 0.739486 0.00243291 0.547639 0.00361983 
547 236.726 2.87191 56789.5 1448.1 0.739459 0.00211094 0.547577 0.00314244 
548 237.018 2.73842 56942.3 1372.99 0.739766 0.0024191 0.548052 0.00359918 
549 237.754 3.03872 57316.6 1539.69 0.739665 0.00239637 0.547912 0.00356797 
550 237.739 2.79804 57299.1 1404.13 0.739473 0.00223601 0.547609 0.00332451 
551 237.966 2.98017 57408.2 1500.7 0.739011 0.00234594 0.546942 0.00348032 
552 239.004 2.87565 57904.2 1443.85 0.739839 0.00233493 0.54817 0.00347075 
553 239.2 3.05746 58011.8 1550.12 0.739511 0.00232832 0.547686 0.00345366 
554 239.562 2.84308 58178.7 1429.57 0.739661 0.00226867 0.547919 0.00336754 
555 239.88 2.61461 58330.1 1327.2 0.739523 0.0020797 0.547695 0.00308504 
556 239.853 2.03211 58305.3 1021.51 0.739357 0.0018207 0.54747 0.0027038 
557 240.835 2.10132 58803.4 1053.72 0.739922 0.00183606 0.54831 0.0027276 
558 240.525 2.00783 58626.3 997.683 0.739158 0.00184927 0.547143 0.00273877 
559 241.524 2.29199 59127.6 1154.15 0.739898 0.00194897 0.548248 0.00289022 
560 241.609 2.21132 59172.7 1114.91 0.739379 0.00190707 0.547467 0.00283069 
561 242.869 2.35066 59816.9 1198.98 0.740299 0.0019439 0.548855 0.00289157 
562 242.808 2.25632 59771 1142.25 0.739619 0.00183131 0.547835 0.00272212 
563 242.656 2.05324 59675 1031.26 0.739443 0.00181054 0.547584 0.0026906 
564 242.458 2.05318 59563.3 1035.43 0.738839 0.00176016 0.546664 0.0026171 
565 242.909 2.08743 59778.7 1036.47 0.738725 0.00187301 0.546496 0.00277935 
566 243.461 2.31477 60072.3 1165.72 0.73909 0.00187566 0.547048 0.00278458 
567 243.369 2.36958 59993 1185.53 0.738633 0.00207774 0.546358 0.00308452 
568 243.664 2.47766 60134.4 1242.79 0.738647 0.00215092 0.546369 0.00319434 
569 243.934 2.27941 60258 1134.97 0.738613 0.0020781 0.546315 0.00308484 
570 244.926 2.57818 60752.3 1282.3 0.739382 0.00237507 0.547443 0.00352524 
571 244.781 2.37753 60675.5 1176.09 0.7389 0.00201937 0.546726 0.0029975 
572 244.925 2.19171 60744 1087.33 0.738952 0.00194909 0.546801 0.00290244 
573 245.711 2.40821 61144.3 1185.13 0.739253 0.00206937 0.547253 0.00307357 
574 245.546 2.35224 61079.6 1169.94 0.738672 0.00200181 0.546393 0.00297547 
575 246.588 2.42062 61591.1 1202.7 0.739364 0.00192626 0.54741 0.00286128 
576 246.572 1.98513 61581.6 993.804 0.739031 0.00198411 0.546928 0.00296051 
577 247.657 2.31229 62092.6 1173.84 0.739803 0.0023721 0.548034 0.00355768 
578 247.908 1.88567 62203.1 953.744 0.739162 0.00206006 0.547102 0.00307407 
579 249.383 2.125 62951.7 1089.89 0.74025 0.00239656 0.548711 0.00358583 
580 249.602 1.96063 63065.3 998.516 0.740044 0.00212687 0.548414 0.00317844 
581 250.142 2.33199 63383.4 1181.56 0.740023 0.00228434 0.548384 0.00341428 
582 250.382 2.19991 63467.4 1123.9 0.739885 0.00251873 0.548164 0.00375778 
583 250.297 2.00346 63398.2 1010.16 0.739341 0.00196977 0.547338 0.00293912 
584 251.445 2.26835 63983.2 1156.64 0.740254 0.0026014 0.548696 0.00388323 
585 251.391 2.15766 63960.5 1085.62 0.739692 0.00228258 0.547838 0.00340531 
586 252.864 2.16076 64706.6 1115 0.740611 0.00238328 0.549222 0.00355556 
587 252.152 2.2805 64327.4 1162.6 0.739643 0.00226062 0.547769 0.00337904 
588 253.67 2.84905 65103.7 1475.5 0.740798 0.0029881 0.549493 0.00447074 
589 253.274 2.46471 64888.3 1262.13 0.740018 0.00230541 0.548329 0.00344367 
590 254.552 2.22159 65582.1 1138.23 0.740957 0.00236881 0.549736 0.00353673 
591 254.533 2.797 65527.8 1429.45 0.74068 0.00267944 0.549289 0.00399911 
592 254.631 3.02022 65607 1563.4 0.740298 0.00259665 0.548731 0.00389562 
593 254.986 2.27393 65758.7 1158.39 0.739759 0.00187361 0.547908 0.00277852 
594 255.621 2.34537 66120.7 1199.77 0.740068 0.00173681 0.548389 0.00258379 
595 255.757 2.13641 66134.6 1087.72 0.739757 0.00168885 0.547895 0.00251204 
596 255.961 2.1468 66232.2 1087.6 0.739931 0.00150244 0.548139 0.00223838 
597 256.412 2.0443 66488.6 1057.61 0.739721 0.00199511 0.547877 0.00297331 
598 256.891 2.05341 66726.4 1064.53 0.739755 0.00172785 0.547918 0.00256452 
599 257.891 1.89235 67262.9 983.462 0.740388 0.00200286 0.548884 0.00299229 
600 257.659 2.03546 67106.7 1054.18 0.739841 0.00182898 0.548032 0.00272306 
601 258.628 2.03191 67624.5 1064.96 0.740162 0.00200558 0.54854 0.00298964 
602 259.293 1.92166 67972.9 1012.19 0.740462 0.00198209 0.548984 0.00295906 
603 259.893 1.74972 68271.6 921.691 0.740284 0.001748 0.548698 0.00261422 
604 260.415 2.14381 68582.6 1132.16 0.740728 0.00214166 0.549389 0.00319393 
605 261.502 2.46522 69123.8 1300.9 0.740657 0.00217148 0.549245 0.00322185 
606 261.024 1.716 68881.8 905.999 0.74018 0.0016571 0.548548 0.00246164 
607 260.82 1.90625 68741.1 999.181 0.739264 0.00185287 0.547161 0.00275669 
608 261.587 1.86958 69151.5 987.793 0.739725 0.00178926 0.547852 0.00266344 
609 261.955 1.85617 69346.3 983.922 0.739483 0.00177556 0.547487 0.00262503 
610 262.926 1.97113 69863.5 1062.52 0.740062 0.00181154 0.548344 0.00270053 
611 263.504 1.74305 70150.3 928.193 0.739976 0.0017622 0.548214 0.00261422 
612 264.487 1.65106 70697.4 888.06 0.740214 0.00169881 0.54858 0.00251356 
613 264.285 1.73696 70550 918.151 0.739869 0.00177621 0.548057 0.00262007 
614 265.004 1.67384 70950.1 887.758 0.740283 0.00179869 0.548683 0.00266216 
615 265.199 1.44473 71050.6 773.112 0.739442 0.00146823 0.547431 0.00216889 
616 265.844 1.43892 71375.8 772.227 0.739831 0.00147301 0.54799 0.00217733 
617 265.876 1.60887 71407.3 862.943 0.739321 0.00156903 0.54724 0.00232052 
618 266.91 1.65599 71980.2 886.731 0.739798 0.00173833 0.547945 0.00256548 
619 266.909 1.6439 71971.5 882.37 0.739543 0.00173165 0.547571 0.00255875 
620 268.183 1.53577 72674.1 832.281 0.740569 0.00160032 0.549114 0.00237277 
621 268.219 1.53261 72669.5 826.022 0.740301 0.00169275 0.548699 0.00251088 
622 269.106 1.60005 73139.6 863.064 0.740392 0.00182203 0.548821 0.00270818 
623 269.295 1.6392 73246.4 889.561 0.740145 0.00192905 0.54847 0.00286254 
624 269.728 1.86369 73458.7 1009.02 0.740313 0.00199277 0.5487 0.00295531 
625 270.217 1.68614 73727.4 908.399 0.740183 0.00215644 0.548507 0.00320306 
626 272.195 2.07261 74797.5 1130.59 0.741532 0.0025615 0.550513 0.00380838 
627 272.697 2.19875 75060.5 1203.2 0.741673 0.00259104 0.550709 0.00385628 
628 274.374 2.76869 76000 1519.37 0.743103 0.00307135 0.552857 0.00458119 
629 272.892 1.81187 75185.2 995.155 0.74052 0.00200533 0.548987 0.00297574 
630 273.354 1.81464 75467.1 989.034 0.740737 0.00177739 0.549332 0.00262738 
631 274.196 1.94461 75931.7 1067.65 0.741059 0.00181487 0.549798 0.00268685 
632 275.325 2.15093 76549.4 1181.45 0.741448 0.0019796 0.550369 0.00292588 
633 275.228 1.78661 76472.9 983.905 0.741214 0.00183073 0.550026 0.00270684 
634 275.497 2.3741 76653.2 1305.02 0.740877 0.00210374 0.54954 0.00310545 
635 275.134 1.8798 76425.2 1032.86 0.74038 0.00192616 0.548799 0.00284816 
636 275.482 1.9875 76630.9 1098.34 0.740042 0.00191355 0.548291 0.00283257 
637 275.563 1.71462 76670.4 950.092 0.739935 0.00195958 0.548133 0.0028988 
638 275.981 1.9747 76926.1 1086.3 0.73986 0.00204065 0.548033 0.00302664 
639 277.108 1.92367 77522.9 1063.07 0.740425 0.00183208 0.548854 0.00271319 
640 277.585 1.84004 77828.6 1032.68 0.740315 0.00183499 0.548721 0.00272518 
641 277.262 2.12613 77644.3 1174.84 0.739896 0.00206901 0.54809 0.00306664 
642 277.726 1.89898 77895.7 1068.71 0.739749 0.00190816 0.547863 0.00283231 
643 279.249 1.97742 78731.1 1114.62 0.740566 0.00191119 0.549064 0.00284081 
644 279.414 1.80335 78815.6 1023.67 0.740158 0.0016805 0.548458 0.00249577 
645 281.012 2.12551 79782.1 1210.7 0.741488 0.00177603 0.550447 0.00264356 
646 281.226 1.8995 79848.8 1082.14 0.740915 0.00165972 0.549573 0.00246438 
647 283.797 2.99502 81382.6 1813.23 0.742878 0.00205045 0.55251 0.00306071 
648 282.021 2.2002 80323.7 1264.87 0.740918 0.00219491 0.549575 0.0032778 
649 285.664 3.39672 82469.9 2056.7 0.743459 0.00228949 0.553387 0.00343205 
650 284.495 2.57536 81781.2 1505.69 0.742578 0.0023456 0.552067 0.0034914 
651 287.096 4.24407 83350.7 2565.78 0.744261 0.00273481 0.554594 0.0040891 
652 285.064 3.14078 82107.5 1839.96 0.742339 0.00313409 0.551725 0.0046779 
653 286.448 3.72816 82994.1 2233.54 0.742895 0.00277812 0.552571 0.00414092 
654 286.273 3.64495 82817.6 2126.16 0.743023 0.00386137 0.552765 0.00577602 
655 287.306 2.82042 83471.6 1702.03 0.742976 0.00250569 0.552693 0.00374414 
656 285.469 2.73771 82324.9 1597.59 0.741243 0.00267394 0.550091 0.0039973 
657 283.901 2.02657 81403 1155.48 0.739615 0.00172431 0.547641 0.00255409 
658 284.157 1.93757 81568.5 1117.55 0.73923 0.00171165 0.547073 0.00253849 
659 285.42 2.01652 82266.6 1154.55 0.740033 0.00185848 0.548257 0.00275044 
660 285.63 1.86584 82399.8 1074.85 0.739821 0.00166695 0.547948 0.00246957 
661 286.495 2.0373 82902.4 1183.38 0.740218 0.00175767 0.548541 0.00260326 
662 286.927 1.90267 83143 1112.47 0.740218 0.00174225 0.548539 0.00258483 
663 287.956 2.05599 83735.5 1201.04 0.740969 0.00179871 0.549646 0.00266785 
664 288.366 2.06529 83957.2 1218.78 0.74063 0.0018587 0.549144 0.00276295 
665 289.424 2.14227 84605.3 1281.5 0.741548 0.00192459 0.550517 0.00286621 
666 290.071 1.98581 84978.8 1181.97 0.741176 0.001794 0.549967 0.00266402 
667 290.785 2.54981 85435.3 1550.05 0.741541 0.00211641 0.550518 0.00315597 
668 290.426 2.27412 85189.3 1346.58 0.740929 0.00195564 0.549604 0.00290143 
669 292.423 2.15244 86375.1 1306.05 0.742058 0.0017598 0.55127 0.00261872 
670 292.048 2.35965 86157.8 1412.36 0.741455 0.00208208 0.550394 0.00310193 
671 293.258 2.92748 86900.5 1796.4 0.741541 0.00227285 0.550515 0.00339532 
672 292.379 2.1634 86350.5 1299.57 0.741105 0.00185545 0.549861 0.00275865 
673 293.434 2.35208 87002.2 1449.94 0.741499 0.0019455 0.550463 0.00290896 
674 292.896 2.11638 86635.3 1257.64 0.741097 0.00185043 0.549856 0.00274895 
675 292.821 1.85384 86575.6 1096.77 0.74041 0.00174648 0.548838 0.00257694 
676 293.85 2.37586 87174.9 1401.38 0.741223 0.00205306 0.550026 0.00303433 
677 294.393 2.15076 87500.6 1277.92 0.740944 0.00181153 0.549621 0.00267074 
678 294.91 2.22197 87802.4 1323.56 0.741243 0.00188127 0.55004 0.00279058 
679 295.595 1.8916 88240.3 1140.4 0.741272 0.00170047 0.550106 0.00253244 
680 295.568 2.10657 88180.6 1256.66 0.740953 0.0017972 0.549602 0.00265297 
681 296.583 2.60937 88828.5 1585.66 0.741525 0.00217037 0.550484 0.00322977 
682 297.48 2.12969 89329.7 1289.8 0.741586 0.00192732 0.550553 0.00287066 
683 298.434 2.75552 89941.5 1699.18 0.741922 0.00232527 0.551074 0.00347712 
684 297.861 2.10344 89511 1270.93 0.740856 0.00187127 0.549436 0.00278677 
685 301.536 3.95035 91943.2 2511.79 0.743955 0.0035035 0.55422 0.00529561 
686 299.42 2.21177 90527.4 1337.38 0.741665 0.00200026 0.550696 0.00296685 
687 299.874 2.48081 90787.4 1541.91 0.741649 0.00215833 0.550655 0.00323744 
688 298.356 2.09883 89855.2 1257.05 0.740069 0.00180418 0.548306 0.00266583 
689 299.622 1.98248 90623.8 1197.76 0.740883 0.00172398 0.549503 0.002567 
690 298.754 2.39119 90114.1 1450.29 0.739981 0.00202444 0.548178 0.00301153 
691 300.54 2.0087 91201.9 1221.86 0.740794 0.00172453 0.54939 0.0025632 
692 300.658 2.44482 91269.8 1482.27 0.740876 0.00206568 0.549516 0.00307095 
693 301.261 2.02466 91659.9 1231.99 0.740846 0.00174034 0.54948 0.0025823 
694 301.409 2.21616 91740.5 1354.75 0.740667 0.00188158 0.549213 0.00278977 
695 302.566 2.32782 92470.8 1428.07 0.741011 0.00204613 0.549741 0.00303691 
696 303.519 2.70736 93068.3 1640.88 0.741473 0.00227151 0.550449 0.00336362 
697 304.03 2.47583 93363.5 1535.95 0.74131 0.00202099 0.550182 0.00300959 
698 304.47 2.55354 93655.7 1561.69 0.741319 0.00206434 0.550206 0.00306337 
