1.3 -1.8465 61000000000
179.002 5.22307
1 0 0 0 0 0.500127 0.000120662 0.500127 0.000120662 
2 0 0 0 0 0.500118 9.93843e-05 0.375147 0.000103866 
3 0 0 0 0 0.500099 9.88418e-05 0.333376 0.000106291 
4 0.177589 0.000155026 0.177589 0.000155026 0.532399 9.7112e-05 0.348888 0.000107941 
5 0.241846 0.000134169 0.241846 0.000134169 0.535216 9.45718e-05 0.338702 0.000104667 
6 0.487007 0.000258634 0.685508 0.000497524 0.556095 0.000106398 0.354129 0.000109962 
7 0.583552 0.000293451 0.850832 0.00055193 0.557221 9.85189e-05 0.348694 0.000108496 
8 0.889406 0.000465458 1.69259 0.00127293 0.573486 0.000102122 0.363094 0.00011234 
9 1.01908 0.000556647 2.0555 0.00175769 0.57497 0.000106752 0.360995 0.000127463 
10 1.33452 0.000691314 3.22257 0.0025893 0.586118 0.000100821 0.371252 0.000119369 
11 1.51091 0.000967822 3.93958 0.00404631 0.588603 0.000128591 0.371784 0.000159321 
12 1.82762 0.000965938 5.44469 0.0047662 0.59673 0.000106525 0.379546 0.000130667 
13 2.02886 0.00126587 6.48268 0.00665692 0.598995 0.0001168 0.380508 0.000143642 
14 2.36335 0.0016163 8.46995 0.0103931 0.605916 0.000167424 0.387532 0.000205529 
15 2.57482 0.0017544 9.79429 0.0107909 0.607619 0.000132961 0.388283 0.000159449 
16 2.9226 0.00169021 12.2771 0.0124442 0.613432 0.000148233 0.394365 0.000182539 
17 3.1482 0.002253 13.9637 0.0182384 0.614944 0.000140239 0.395213 0.000173743 
18 3.50383 0.0021765 16.941 0.0183395 0.619921 0.000124777 0.400541 0.000156763 
19 3.74063 0.00296485 19.0007 0.0245995 0.621189 0.000139869 0.401289 0.000174424 
20 4.1046 0.00345719 22.5041 0.0321842 0.625633 0.000131797 0.406196 0.000165135 
21 4.35148 0.0035317 24.9648 0.0327911 0.626781 0.000132475 0.406967 0.00016794 
22 4.72165 0.00294432 29.0237 0.0344565 0.630588 0.000127613 0.411222 0.000166546 
23 4.97621 0.00373898 31.864 0.0443227 0.631571 0.000139992 0.411884 0.000181154 
24 5.35495 0.00390236 36.5235 0.0488086 0.635038 0.000144002 0.415833 0.000189627 
25 5.6141 0.00432327 39.7469 0.0610913 0.635975 0.000166234 0.416533 0.000221175 
26 6.00232 0.0051667 45.0308 0.0705308 0.639289 0.000163374 0.420388 0.000213169 
27 6.27278 0.00422351 48.7748 0.0652635 0.640103 0.000145469 0.421007 0.000197081 
28 6.66099 0.00451207 54.5868 0.0724408 0.642953 0.000136708 0.42434 0.000179434 
29 6.93503 0.00638505 58.7378 0.108106 0.643666 0.0001617 0.42487 0.000214824 
30 7.32779 0.00479316 65.1647 0.0846548 0.646376 0.000140662 0.428111 0.000189442 
31 7.60884 0.00585206 69.8254 0.109004 0.647105 0.000150458 0.428723 0.000201108 
32 8.00992 0.00712762 76.9848 0.132706 0.649546 0.000179624 0.431631 0.000240943 
33 8.28793 0.006317 81.921 0.125486 0.650132 0.000159683 0.432115 0.000212844 
34 8.6971 0.00825981 89.7784 0.156636 0.652414 0.000177412 0.434839 0.00023428 
35 8.99019 0.00758203 95.4618 0.146554 0.653069 0.000168233 0.435456 0.000223427 
36 9.38807 0.00819026 103.623 0.180827 0.655045 0.000173742 0.437823 0.000232106 
37 9.69101 0.00808858 109.955 0.195672 0.655657 0.00017679 0.43841 0.000236893 
38 10.1066 0.0109607 119.186 0.272257 0.657905 0.000220426 0.441224 0.000298496 
39 10.3997 0.00840422 125.638 0.21052 0.658129 0.000177324 0.441278 0.000242146 
40 10.8096 0.00983909 135.257 0.254427 0.660014 0.000189112 0.443609 0.000257579 
41 11.1193 0.0105336 142.621 0.284369 0.660593 0.000230863 0.444188 0.000318117 
42 11.529 0.0133262 152.858 0.367774 0.662243 0.000257646 0.446215 0.00035606 
43 11.8296 0.010282 160.401 0.30551 0.662617 0.000189931 0.446547 0.000265089 
44 12.2562 0.0130715 171.705 0.378762 0.664327 0.000253603 0.448685 0.000352128 
45 12.5717 0.0106549 180.08 0.319811 0.664803 0.00019171 0.449156 0.000263953 
46 12.9874 0.0163575 191.769 0.499576 0.666212 0.000250352 0.450928 0.000341801 
47 13.3027 0.0163843 200.568 0.494268 0.666597 0.000256091 0.451276 0.000351252 
48 13.7161 0.0173449 212.756 0.560242 0.667991 0.000253679 0.453033 0.000351966 
49 14.0358 0.0130507 222.155 0.417574 0.668418 0.000182286 0.453456 0.000257427 
50 14.4697 0.0123971 235.722 0.425908 0.669823 0.000181433 0.455256 0.000251674 
51 14.7935 0.0221046 245.858 0.931088 0.670259 0.000245434 0.455715 0.000352509 
52 15.2207 0.0147395 259.68 0.550839 0.671579 0.000217353 0.457385 0.000304059 
53 15.5291 0.0128464 269.625 0.479455 0.671885 0.000221713 0.457686 0.000319679 
54 15.9607 0.0148293 284.321 0.556414 0.673106 0.000216014 0.459225 0.000302276 
55 16.2845 0.0140107 295.353 0.540542 0.673363 0.000255837 0.459477 0.000365736 
56 16.7238 0.016507 311.028 0.660993 0.6747 0.000206711 0.461197 0.000288933 
57 17.0439 0.0154963 322.392 0.637938 0.674881 0.000272536 0.461341 0.000388842 
58 17.4718 0.0174427 338.151 0.704587 0.676086 0.000219201 0.46287 0.000307321 
59 17.819 0.0178743 351.279 0.744698 0.676408 0.000225425 0.463231 0.000313262 
60 18.2436 0.018598 367.607 0.843658 0.677374 0.000241344 0.464459 0.000338453 
61 18.5722 0.0209835 380.215 0.98703 0.677669 0.000272209 0.464755 0.000378207 
62 19.0357 0.0201993 399.091 0.927506 0.679016 0.000236385 0.466536 0.000335324 
63 19.3706 0.0218645 412.415 0.968317 0.679268 0.000282283 0.466782 0.000395358 
64 19.7878 0.0191372 429.821 0.874744 0.680065 0.000227461 0.467794 0.000319187 
65 20.141 0.0209199 444.696 0.996403 0.680422 0.000256015 0.468201 0.000357278 
66 20.5756 0.0227267 463.507 1.10607 0.681298 0.00029183 0.469331 0.000407154 
67 20.9307 0.026082 479.091 1.30123 0.681709 0.00034647 0.469829 0.000482745 
68 21.3451 0.0236185 497.594 1.16284 0.682291 0.000305919 0.470527 0.000422174 
69 21.6862 0.0350188 512.929 1.73189 0.682546 0.000368475 0.470826 0.000519513 
70 22.146 0.0282845 534.527 1.37145 0.683555 0.000299992 0.472141 0.00041588 
71 22.4623 0.031079 549.111 1.61173 0.683587 0.00032125 0.472115 0.000444939 
72 22.8909 0.0306292 569.546 1.5499 0.684331 0.000336827 0.473073 0.000462069 
73 23.2582 0.0347048 587.41 1.89546 0.684698 0.000347488 0.473524 0.000484263 
74 23.6806 0.0327628 608.317 1.82582 0.685458 0.000307859 0.474517 0.000435177 
75 24.0452 0.0300847 626.319 1.67868 0.685688 0.000265126 0.474748 0.000370562 
76 24.4845 0.0283813 649.049 1.66029 0.68643 0.000266778 0.475736 0.000383612 
77 24.824 0.0260377 666.137 1.48178 0.686618 0.000248945 0.475942 0.000354363 
78 25.2744 0.0301881 690.026 1.72773 0.687415 0.000250967 0.47699 0.000356173 
79 25.6239 0.0277196 708.457 1.6507 0.687636 0.000265951 0.477246 0.000381574 
80 26.0788 0.0306413 733.282 1.84321 0.688298 0.000262301 0.478112 0.000370663 
81 26.4848 0.0323932 755.817 2.00374 0.689028 0.000368436 0.479087 0.000532045 
82 26.9322 0.0449491 781.228 2.87727 0.689627 0.000389542 0.479877 0.000562856 
83 27.295 0.0416117 801.568 2.83402 0.689847 0.000385961 0.480119 0.000568969 
84 27.7205 0.0371895 826.141 2.37718 0.690283 0.000354816 0.480679 0.000516546 
85 28.0437 0.0347957 844.591 2.24138 0.690264 0.000284891 0.480588 0.000411279 
86 28.525 0.0398718 873.809 2.66454 0.691212 0.000305072 0.481916 0.000440772 
87 28.8434 0.0384648 892.567 2.60916 0.69113 0.000357489 0.481746 0.000513412 
88 29.303 0.0409285 920.526 2.76696 0.69181 0.000302703 0.482654 0.000436025 
89 29.6129 0.0392454 939.128 2.67306 0.691822 0.000314054 0.482619 0.000452428 
90 30.0976 0.0427703 969.492 2.96473 0.692651 0.000351997 0.483751 0.00051376 
91 30.4329 0.0384003 990.035 2.66805 0.692482 0.000344899 0.483435 0.000494721 
92 30.939 0.054982 1023.5 4.21571 0.693521 0.000482128 0.484892 0.000704389 
93 31.2783 0.0460787 1044.82 3.47984 0.693362 0.000417906 0.484594 0.000595085 
94 31.7037 0.0450121 1072.36 3.18494 0.693849 0.000347144 0.485221 0.000490662 
95 32.0845 0.0410561 1097.68 2.95631 0.694125 0.000310844 0.48558 0.000445077 
96 32.5168 0.0410327 1126.66 3.0212 0.694708 0.000296655 0.486363 0.000424017 
97 32.9006 0.0436859 1153.13 3.29818 0.69504 0.000290606 0.486802 0.000418616 
98 33.3786 0.0492706 1186.14 3.81054 0.695706 0.000332198 0.487695 0.000480201 
99 33.718 0.0451507 1209.43 3.43079 0.695807 0.00031503 0.487797 0.000454733 
100 34.2006 0.0512399 1243.62 3.96793 0.696406 0.000343527 0.488594 0.000488086 
101 34.6001 0.0538711 1272.12 4.11427 0.696627 0.000457735 0.488875 0.000653367 
102 35.0346 0.0589754 1302.87 4.24938 0.69699 0.000304873 0.489333 0.000433924 
103 35.4009 0.0538932 1330.39 4.24245 0.69717 0.000460828 0.489579 0.000667033 
104 35.8747 0.0647382 1365.67 5.2665 0.697709 0.00035288 0.490307 0.000520128 
105 36.2533 0.0722703 1393.99 5.96721 0.698105 0.00052279 0.490837 0.000753312 
106 36.7708 0.10203 1434.38 9.09493 0.698712 0.000542619 0.491672 0.00078619 
107 37.0367 0.0523953 1453.59 4.44102 0.698442 0.000328686 0.491239 0.000472079 
108 37.5417 0.115185 1493.55 10.6299 0.69896 0.000532339 0.491949 0.000774111 
109 37.8088 0.0538994 1512.58 4.47541 0.698833 0.000351752 0.491725 0.000506012 
110 38.2769 0.0657476 1549.5 5.67263 0.699241 0.000371944 0.492258 0.000533988 
111 38.6815 0.0723526 1581.81 6.39445 0.699473 0.000375247 0.492559 0.000540438 
112 39.2226 0.134938 1626.83 12.7654 0.700185 0.000702582 0.493537 0.0010357 
113 39.535 0.0756945 1651.98 7.02725 0.700149 0.00048918 0.493481 0.000718878 
114 40.0589 0.353707 1696.4 36.0864 0.700973 0.0016538 0.494653 0.00246766 
115 40.3139 0.0640221 1715.23 5.77835 0.700501 0.000367959 0.493902 0.000531982 
116 40.8474 0.0897113 1761.06 8.55723 0.701405 0.000456539 0.495181 0.000663596 
117 41.1566 0.0639217 1786.39 5.90672 0.701065 0.000356133 0.494656 0.000513547 
118 41.6495 0.0823901 1828.29 7.47442 0.701793 0.000480047 0.495652 0.000702475 
119 41.9927 0.0654256 1857.77 6.17648 0.701744 0.000385109 0.495552 0.000556144 
120 42.6292 0.199526 1915.4 20.2008 0.702788 0.000856408 0.497021 0.00124973 
121 42.892 0.0801132 1936.81 7.84634 0.702613 0.000387353 0.496734 0.000562065 
122 43.5499 0.291571 1999.53 30.629 0.703659 0.00118471 0.498229 0.00172229 
123 43.7202 0.0849316 2010.88 8.30536 0.703159 0.000436012 0.497471 0.000630679 
124 44.4511 0.345234 2083.35 37.6576 0.704304 0.00112666 0.499113 0.00163555 
125 44.5836 0.085084 2089.18 8.42404 0.703659 0.000412568 0.498119 0.000596998 
126 44.9537 0.0749997 2123.89 7.28927 0.703755 0.000428344 0.498268 0.000622478 
127 45.4421 0.112097 2169.61 11.5954 0.704286 0.000506075 0.498985 0.000737658 
128 45.7961 0.0857288 2202.13 8.64294 0.704289 0.000402267 0.498968 0.000584636 
129 46.2456 0.0970068 2244.31 9.86568 0.704605 0.00041511 0.499383 0.000599834 
130 46.5778 0.0979816 2275.96 10.2591 0.704377 0.000352972 0.499037 0.000510158 
131 47.0641 0.0814056 2323.41 8.61007 0.704956 0.00041648 0.499854 0.000605679 
132 47.4228 0.084751 2357.73 8.9409 0.704884 0.000357034 0.499721 0.000516443 
133 47.8485 0.0737536 2399.25 7.68077 0.705077 0.000375549 0.499966 0.000544646 
134 48.3308 0.120305 2447.9 13.1834 0.705411 0.000403426 0.500416 0.000582279 
135 48.7375 0.0758944 2488.27 8.01475 0.705858 0.000395183 0.501054 0.000574662 
136 49.2307 0.0899139 2538.25 9.53493 0.706442 0.00045497 0.501868 0.000659262 
137 49.5985 0.083839 2575.13 9.11997 0.706289 0.000411718 0.501614 0.000602662 
138 50.0111 0.110781 2617.22 12.2861 0.706422 0.000490657 0.501785 0.000717634 
139 50.4279 0.0912398 2659.74 10.1776 0.706652 0.000462391 0.502082 0.0006766 
140 50.7952 0.0883222 2697.45 9.92645 0.706662 0.000386082 0.502078 0.000561249 
141 51.27 0.0900652 2747.82 9.98245 0.707119 0.000399219 0.50271 0.000583965 
142 51.6667 0.0821853 2788.93 9.35813 0.707191 0.000389872 0.502787 0.00056842 
143 52.1714 0.0958876 2843.15 10.7695 0.707544 0.000455074 0.503261 0.000666282 
144 52.6338 0.099607 2893.71 11.5998 0.707817 0.000435289 0.503648 0.000636323 
145 53.0566 0.0972895 2938.9 11.2009 0.707899 0.000433385 0.503715 0.000634083 
146 53.5277 0.104401 2990.76 11.9339 0.708169 0.000434765 0.504079 0.000631226 
147 53.9403 0.120298 3036.41 14.1631 0.708458 0.000424665 0.504471 0.000614133 
148 54.5092 0.23128 3102.41 29.0849 0.708805 0.00054089 0.504954 0.000778383 
149 54.75 0.113063 3126.25 13.48 0.708626 0.000474175 0.504689 0.000695905 
150 55.18 0.110289 3175.94 13.4592 0.70892 0.000441147 0.505106 0.000641897 
151 55.5181 0.105723 3212.57 12.7852 0.708931 0.000486482 0.505104 0.000712005 
152 55.9681 0.103418 3264.12 12.5196 0.709183 0.000484476 0.505454 0.0007127 
153 56.4043 0.104766 3314.76 13.0528 0.709504 0.000478219 0.505896 0.00070027 
154 56.7529 0.106513 3355.27 13.1924 0.709407 0.000478761 0.50574 0.00070341 
155 57.2324 0.132451 3412.5 16.9446 0.709799 0.000518476 0.506289 0.000762271 
156 57.6724 0.114853 3463.01 14.4845 0.709899 0.000559959 0.506408 0.000843817 
157 58.0084 0.120226 3502.67 15.7244 0.709993 0.000536574 0.506522 0.000798626 
158 58.5008 0.121095 3562 15.4358 0.710104 0.00055361 0.506667 0.000832739 
159 58.8521 0.124965 3603.87 16.6295 0.710171 0.000510193 0.506748 0.000760124 
160 59.2413 0.110491 3651.63 14.2056 0.710084 0.000430307 0.506612 0.000643093 
161 59.65 0.120283 3701.02 15.4687 0.710437 0.000495886 0.507107 0.000740732 
162 60.146 0.125409 3761.24 16.5037 0.710574 0.000573854 0.507268 0.00085621 
163 60.5518 0.165712 3812.27 22.5994 0.710836 0.00060739 0.507646 0.000905115 
164 61.1441 0.17407 3888.25 25.1698 0.711331 0.000701919 0.508346 0.00105829 
165 61.538 0.208749 3937.42 30.5746 0.711755 0.000710799 0.50896 0.00106992 
166 61.9238 0.123021 3983.32 16.8494 0.711546 0.000476602 0.508607 0.000696593 
167 62.3709 0.135432 4041.06 19.1798 0.711809 0.000492245 0.508984 0.000725289 
168 62.7831 0.151937 4093.05 21.0768 0.711994 0.000652164 0.509235 0.000978884 
169 63.2289 0.132828 4150.77 18.408 0.712186 0.000492791 0.509495 0.000748739 
170 63.6571 0.140045 4206.84 19.3245 0.712498 0.000561489 0.509937 0.000845378 
171 64.1103 0.135336 4265.91 18.9674 0.712626 0.000505668 0.510098 0.000744156 
172 64.5117 0.132196 4318.17 18.4383 0.712835 0.000530769 0.510395 0.000780566 
173 64.8963 0.13063 4368.35 18.2161 0.71284 0.000538427 0.510387 0.000793521 
174 65.3384 0.134214 4427.84 18.8023 0.713055 0.000533995 0.510686 0.000785376 
175 65.8014 0.159008 4490.22 22.7999 0.713106 0.000662591 0.510734 0.00098748 
176 66.2004 0.155928 4542.84 22.2501 0.71312 0.000641521 0.510733 0.000949158 
177 66.7173 0.182631 4616.53 26.7628 0.713555 0.000712251 0.511366 0.00105922 
178 67.0756 0.212559 4662.9 31.3127 0.713428 0.000886899 0.511154 0.00132696 
179 67.5848 0.214707 4735.31 32.1394 0.713842 0.000838628 0.51175 0.00125118 
180 68.0193 0.29882 4793.18 45.465 0.713818 0.00119403 0.511693 0.00179473 
181 68.6184 0.352524 4880.95 53.6346 0.714776 0.00134452 0.513125 0.00201959 
182 69.1436 0.389944 4956.22 60.5058 0.715191 0.00149897 0.513734 0.00225536 
183 69.5441 0.37589 5014.43 59.8879 0.715094 0.00136417 0.513567 0.00205294 
184 69.9224 0.277414 5065.84 43.4497 0.715208 0.000981547 0.513712 0.00147022 
185 70.323 0.199024 5122.19 31.1575 0.714968 0.000647663 0.51332 0.00095894 
186 70.7838 0.270633 5188.22 43.0138 0.715269 0.000951974 0.513745 0.00142855 
187 71.1859 0.221896 5246.67 35.196 0.715309 0.000722189 0.51378 0.00108295 
188 71.7897 0.284179 5339.22 46.5121 0.715826 0.00090873 0.514535 0.00136281 
189 72.2006 0.297858 5398.76 49.293 0.715666 0.000824491 0.514269 0.00122767 
190 72.6967 0.381738 5471.31 65.0146 0.715726 0.00106916 0.514308 0.00161123 
191 73.0633 0.288236 5526.59 47.9105 0.715777 0.000745818 0.514388 0.00109707 
192 73.5209 0.4136 5594.91 71.9564 0.71578 0.00104753 0.514367 0.00157546 
193 73.983 0.425382 5664.97 73.7943 0.716199 0.000825831 0.514974 0.00120838 
194 74.4579 0.409036 5739.43 72.9488 0.716368 0.000983179 0.51521 0.00147345 
195 74.7548 0.340395 5782.25 59.9878 0.716415 0.000695642 0.515281 0.00101928 
196 75.1096 0.244095 5832.08 42.5164 0.716388 0.000576464 0.515207 0.000849246 
197 75.3468 0.187962 5865.93 30.5654 0.716319 0.000615159 0.515123 0.000915979 
198 75.7141 0.176306 5921.3 28.6502 0.716176 0.000604391 0.514894 0.000895251 
199 76.2542 0.191871 6004.81 31.5619 0.716708 0.000630389 0.515645 0.000927278 
200 76.5667 0.189282 6051.91 30.6621 0.716136 0.000668353 0.514795 0.000978412 
201 77.1589 0.254547 6146.76 43.0788 0.716759 0.000707535 0.51568 0.00105074 
202 77.4864 0.216728 6197.54 35.2488 0.716663 0.000757673 0.515536 0.00111106 
203 78.0942 0.285832 6295.67 48.9472 0.717074 0.000861613 0.516124 0.00127287 
204 78.4922 0.246091 6357.63 41.1113 0.717051 0.000791993 0.516069 0.00116486 
205 79.0515 0.272576 6450.47 46.2924 0.717476 0.000704215 0.516679 0.00103764 
206 79.5149 0.22882 6524.08 39.0384 0.717607 0.000662194 0.516844 0.000979161 
207 80.0469 0.357969 6612.42 61.0608 0.718101 0.000816791 0.517567 0.00120151 
208 80.3375 0.240756 6658.5 42.3127 0.717877 0.000610348 0.517233 0.000903938 
209 80.6464 0.369101 6708.73 64.7462 0.71768 0.000900466 0.516941 0.00132446 
210 80.8937 0.179166 6746.2 31.233 0.717476 0.000488241 0.516629 0.000723286 
211 81.5825 0.516643 6870.75 97.5661 0.718034 0.00113798 0.517474 0.00170567 
212 81.699 0.21842 6878.51 36.6268 0.717382 0.000508558 0.516457 0.00074136 
213 82.2127 0.257784 6963.57 43.9934 0.717894 0.000791756 0.517193 0.00115906 
214 82.6354 0.273064 7036.24 46.7012 0.71775 0.000693228 0.516976 0.0010108 
215 83.2586 0.3369 7142.35 60.1655 0.718251 0.000721992 0.517697 0.00106436 
216 83.4779 0.24658 7178.16 43.543 0.71808 0.000655069 0.517441 0.000955513 
217 83.8247 0.264002 7236.53 46.9343 0.717807 0.000670515 0.517036 0.000988036 
218 84.3566 0.190613 7327.13 34.6391 0.718143 0.000528082 0.517503 0.000782561 
219 84.8773 0.203439 7413.62 35.216 0.718222 0.000611122 0.517588 0.000924546 
220 85.2341 0.269343 7478.67 49.3882 0.718465 0.000651813 0.517972 0.000961275 
221 85.6902 0.300073 7560.29 55.8246 0.71876 0.000709322 0.518395 0.0010462 
222 86.1545 0.198271 7641.17 36.1369 0.718823 0.000514076 0.518472 0.000750991 
223 86.7817 0.329583 7756.17 60.8594 0.719359 0.000737893 0.519262 0.00108084 
224 86.9293 0.259764 7780.28 47.1224 0.718931 0.000611122 0.518636 0.000884589 
225 87.2931 0.267795 7843.02 49.0259 0.718857 0.000655251 0.518516 0.000961564 
226 87.866 0.297171 7945.46 55.075 0.719305 0.000725595 0.519153 0.00106102 
227 88.2384 0.269268 8010.82 49.4556 0.719031 0.000637592 0.518735 0.000934972 
228 88.9108 0.261025 8137.73 49.4542 0.719737 0.000675129 0.519774 0.000989733 
229 89.1723 0.228394 8181.56 42.7309 0.719255 0.000658239 0.519057 0.000967488 
230 90.0588 0.476348 8350.32 94.154 0.720075 0.000832941 0.520234 0.00121744 
231 90.012 0.269553 8333.98 51.6473 0.719444 0.000685955 0.519326 0.00102202 
232 90.5851 0.31097 8439.15 60.9189 0.719817 0.000738752 0.519848 0.0011015 
233 90.9413 0.285235 8505.13 56.6662 0.719814 0.000802037 0.519849 0.00118918 
234 91.4761 0.331126 8605.82 63.6056 0.720202 0.000972473 0.520416 0.00144174 
235 91.8921 0.31897 8681.74 62.5708 0.720082 0.000844098 0.520232 0.00125964 
236 92.4004 0.269257 8776.79 53.379 0.720335 0.000712802 0.520588 0.00106454 
237 92.832 0.326387 8857.07 64.512 0.72052 0.000903628 0.520853 0.00134596 
238 93.3819 0.280194 8961.46 54.1797 0.720942 0.000766159 0.521448 0.00113696 
239 93.8962 0.289456 9060.74 57.9809 0.721087 0.000803019 0.521664 0.00120126 
240 94.3365 0.279348 9147.04 57.1478 0.721449 0.000877808 0.522197 0.00130843 
241 94.7894 0.299373 9232.06 59.7639 0.721179 0.000928875 0.521809 0.00135578 
242 95.518 0.314701 9381.09 63.5915 0.722297 0.00095066 0.52343 0.00140522 
243 95.8465 0.397447 9441.06 81.1241 0.722168 0.0012061 0.52323 0.00179963 
244 96.2775 0.472605 9526.99 98.2589 0.722253 0.00131313 0.523349 0.00195552 
245 96.8062 0.451903 9630.63 95.7178 0.722447 0.00130887 0.523627 0.00196282 
246 97.4888 0.503699 9769.04 107.625 0.722961 0.0013349 0.524363 0.00199568 
247 97.6682 0.409381 9802.48 87.093 0.722494 0.00106791 0.523681 0.0015983 
248 98.0225 0.308051 9874.81 66.5784 0.722579 0.000783368 0.523809 0.00117392 
249 98.5604 0.316853 9979 67.3732 0.722955 0.0010585 0.524347 0.00157686 
250 98.6875 0.332517 10002.8 71.5039 0.722469 0.000856971 0.523625 0.0012655 
251 99.1931 0.377749 10099.8 78.8873 0.722607 0.000915595 0.523805 0.00134848 
252 99.7279 0.369747 10211.9 77.926 0.722919 0.000937778 0.524272 0.00138661 
253 100.373 0.397807 10346.1 83.1005 0.723584 0.000969309 0.525248 0.00143155 
254 100.694 0.36028 10410.9 75.0017 0.723177 0.000965903 0.52464 0.00141794 
255 101.165 0.342418 10508.1 71.8721 0.723361 0.000941742 0.524916 0.00138381 
256 101.652 0.366212 10607.6 76.6868 0.723506 0.00101897 0.52511 0.00149558 
257 102.242 0.461156 10731.1 97.6449 0.723932 0.00107676 0.525724 0.00157879 
258 102.673 0.393407 10824.8 85.6988 0.723871 0.000995133 0.525641 0.00146622 
259 103.392 0.427738 10978 94.314 0.724687 0.00110841 0.526843 0.00162807 
260 103.595 0.416771 11017.7 93.2833 0.72403 0.000956466 0.525851 0.00140865 
261 104.225 0.476087 11153.6 106.957 0.724519 0.00109263 0.526564 0.00160381 
262 104.603 0.482971 11232.7 110.133 0.724337 0.00103418 0.526288 0.00152127 
263 105.163 0.49271 11350.7 112.327 0.724937 0.00119044 0.527158 0.00174253 
264 105.483 0.479019 11420 112.876 0.724513 0.00103911 0.526535 0.00154187 
265 105.92 0.469696 11512.1 110.312 0.724718 0.00105319 0.526828 0.00154818 
266 106.334 0.416628 11597 95.1819 0.724361 0.000923232 0.526277 0.00136989 
267 106.523 0.420271 11635.6 96.6502 0.724218 0.00108897 0.52608 0.00160573 
268 107.002 0.406883 11737.8 92.7544 0.724312 0.000980728 0.526173 0.0014367 
269 107.515 0.420267 11849.3 96.7105 0.724624 0.000850107 0.52662 0.0012434 
270 108.091 0.40701 11970.9 91.1626 0.725103 0.00103974 0.527306 0.00151792 
271 108.248 0.382979 12006.9 89.5023 0.724598 0.000882557 0.526579 0.00130128 
272 108.824 0.472262 12131.2 106.023 0.725386 0.00130263 0.527713 0.00190076 
273 109.324 0.483642 12244.2 111.545 0.725441 0.00110827 0.527796 0.001635 
274 109.95 0.501095 12383.3 110.03 0.726048 0.00148901 0.528688 0.0021713 
275 110.206 0.507548 12441.5 112.232 0.725535 0.00114539 0.527932 0.00167461 
276 110.952 0.609528 12608 135.132 0.726575 0.00173572 0.529457 0.0025373 
277 111.148 0.499281 12660.6 113.49 0.725566 0.00117917 0.528009 0.00174433 
278 111.883 0.713876 12820 157.914 0.726581 0.00196743 0.529454 0.00288268 
279 111.855 0.445199 12816.3 102.089 0.725093 0.000988299 0.527279 0.00145739 
280 112.396 0.599149 12939.3 138.211 0.725532 0.00150358 0.527919 0.00221966 
281 112.585 0.488198 12985.4 119.078 0.725031 0.00105523 0.527176 0.00156783 
282 112.915 0.455552 13057.8 111.651 0.724891 0.00100073 0.526962 0.00148734 
283 113.431 0.41882 13177.3 101.09 0.725027 0.000963801 0.527163 0.00142719 
284 114.136 0.537149 13345 131.213 0.725509 0.00110704 0.527859 0.00164545 
285 114.442 0.422398 13411 103.593 0.725224 0.000961376 0.527414 0.00141189 
286 114.795 0.445174 13493.9 110.549 0.725335 0.000963056 0.527594 0.00141405 
287 115.549 0.541591 13676.1 136.596 0.725724 0.00112849 0.528155 0.00165394 
288 115.754 0.518218 13713.6 130.773 0.725713 0.000981134 0.528126 0.00144935 
289 116.138 0.404062 13804.3 100.911 0.725344 0.000885109 0.527572 0.00129829 
290 116.836 0.503288 13974.1 127.989 0.726093 0.000930629 0.528681 0.0013763 
291 116.965 0.466377 14000.4 119.889 0.725342 0.000861309 0.527588 0.00128557 
292 117.539 0.571498 14135.9 147.383 0.725942 0.00101957 0.528443 0.0015121 
293 117.986 0.502731 14240.6 124.606 0.726115 0.00108491 0.528682 0.00160534 
294 118.596 0.497103 14388.9 128.273 0.726395 0.000961335 0.529077 0.00142124 
295 118.799 0.501052 14434 127.404 0.726123 0.00107741 0.528684 0.00158723 
296 119.609 0.597609 14635.3 156.786 0.726879 0.00105904 0.52978 0.00156885 
297 120.056 0.552858 14741.7 139.18 0.726983 0.00124681 0.529926 0.00184266 
298 120.616 0.624975 14872.4 162.854 0.727124 0.0011839 0.530098 0.00172154 
299 121.009 0.515923 14970.2 134.501 0.72707 0.00102134 0.530027 0.00150561 
300 121.791 0.665466 15164.3 173.616 0.727633 0.00125791 0.530841 0.00183461 
301 122.115 0.611781 15246.1 160.912 0.727578 0.00129547 0.530772 0.00191204 
302 122.794 0.700583 15420.7 185.408 0.728259 0.00133879 0.531782 0.0019751 
303 122.999 0.662866 15465.7 168.329 0.727961 0.00151055 0.531334 0.00222644 
304 123.518 0.636264 15606.1 171.562 0.727965 0.00127797 0.531361 0.0018951 
305 124.258 0.792787 15787.3 201.335 0.728679 0.00184617 0.532393 0.00271093 
306 125.413 1.15807 16109.6 324.685 0.729607 0.00213002 0.533803 0.00318432 
307 125.047 1.04675 15971.2 260.493 0.72883 0.00255101 0.532579 0.00373359 
308 125.055 0.838101 15975.9 211.521 0.728018 0.00199326 0.531397 0.00292265 
309 126.256 1.19709 16281.5 301.993 0.729842 0.00282363 0.534081 0.00414491 
310 126.154 0.967483 16255.5 244.782 0.728613 0.00226529 0.532256 0.0033233 
311 127.344 1.31652 16559.3 333.191 0.730344 0.00298711 0.534787 0.00438378 
312 127.309 1.11566 16552 286.645 0.729087 0.00241779 0.532929 0.00354927 
313 128.43 1.40225 16844.7 361.097 0.730792 0.00290625 0.535431 0.00426513 
314 127.828 0.763392 16692.5 201.233 0.728354 0.00156059 0.531863 0.00230157 
315 128.665 1.13803 16910.9 298.812 0.729511 0.00233767 0.533555 0.0034439 
316 128.233 0.718548 16796.8 192.597 0.727564 0.00124329 0.530688 0.00183341 
317 128.578 0.716312 16884.6 191.87 0.727595 0.00128427 0.530726 0.00188522 
318 129.259 0.750137 17067.5 202.118 0.727771 0.00124821 0.530987 0.00184329 
319 129.638 0.743644 17163.5 199.417 0.727967 0.00131059 0.531276 0.00192401 
320 130.447 0.818061 17381.5 221.424 0.728247 0.00138819 0.531669 0.0020445 
321 130.464 0.581469 17382.4 155.596 0.727903 0.000979745 0.531163 0.00143498 
322 130.948 0.697607 17509.7 190.94 0.728078 0.00122243 0.531419 0.00180167 
323 131.359 0.522927 17620.7 141.227 0.727934 0.000901874 0.531212 0.00134089 
324 131.844 0.624369 17750 166.48 0.728174 0.00118924 0.531563 0.00174415 
325 132.152 0.474987 17822.7 125.612 0.72786 0.000882035 0.531078 0.00129894 
326 132.456 0.550922 17899.9 148.86 0.727702 0.00111072 0.530836 0.0016324 
327 133.115 0.579064 18080.5 159.689 0.728316 0.00108473 0.531741 0.00160359 
328 133.453 0.46696 18159.5 127.283 0.7279 0.000896751 0.531089 0.00132457 
329 134.142 0.539978 18350.1 149.641 0.72851 0.00101812 0.531993 0.00150813 
330 134.7 0.519252 18494.7 139.628 0.728451 0.000924114 0.531874 0.00136293 
331 134.766 0.526303 18519.4 144.722 0.727977 0.000991719 0.531194 0.00146749 
332 135.415 0.474471 18693.8 133.935 0.728513 0.000922908 0.531961 0.00136371 
333 136.015 0.525132 18868.1 143.49 0.728673 0.00100989 0.532225 0.00147561 
334 136.85 0.659878 19100 181.831 0.729579 0.00121899 0.533547 0.00178382 
335 137.022 0.59668 19147.3 162.173 0.729207 0.000960066 0.533001 0.00139966 
336 137.843 0.603259 19380.2 168.998 0.729939 0.00113267 0.534093 0.00167622 
337 138.257 0.700247 19494.4 197.324 0.729858 0.00121693 0.533966 0.00179581 
338 138.901 0.552335 19682.2 159.067 0.730329 0.00105204 0.534671 0.00156106 
339 139.338 0.765958 19809 217.531 0.730274 0.00127207 0.534595 0.0018778 
340 139.613 0.621283 19888.5 177.974 0.730257 0.00108724 0.534575 0.00161862 
341 139.803 0.709876 19939.4 204.288 0.729733 0.00129793 0.533797 0.00192769 
342 140.37 0.661486 20100.7 189.738 0.73008 0.00115963 0.534299 0.001722 
343 140.885 0.776813 20249.8 228.677 0.730127 0.00132878 0.534374 0.00197019 
344 141.307 0.672514 20370.4 193.507 0.730188 0.00116439 0.534449 0.0017126 
345 141.662 0.748738 20464.5 221.929 0.729916 0.00124171 0.53402 0.00184603 
346 142.33 0.616615 20663.2 184.142 0.730292 0.00108794 0.53458 0.00161248 
347 143.147 1.08831 20907 332.985 0.730662 0.00150274 0.535122 0.00222201 
348 142.851 0.770199 20803.4 230.616 0.730049 0.00120639 0.53422 0.00178714 
349 143.235 0.747098 20910 222.598 0.729777 0.00119737 0.533812 0.00177809 
350 143.618 0.724106 21023.4 217.369 0.729708 0.00124484 0.533709 0.00184452 
351 144.124 0.681279 21165.4 205.182 0.729788 0.00111516 0.533816 0.0016525 
352 144.249 0.680599 21204.9 208.102 0.729388 0.00110554 0.533218 0.00164185 
353 145.088 0.685978 21451.2 211.864 0.729889 0.00113083 0.533944 0.00169146 
354 145.756 0.614777 21643.2 188.851 0.730114 0.00104441 0.534271 0.00155964 
355 147.136 0.906123 22069.9 278.509 0.73122 0.00123381 0.535892 0.00182928 
356 146.676 0.745545 21918.5 231.219 0.730537 0.00122304 0.534886 0.00182097 
357 147.056 0.739231 22026.2 227.866 0.730582 0.00128261 0.53496 0.00190984 
358 147.624 0.671983 22201.7 215.306 0.730343 0.00125438 0.534598 0.00188161 
359 147.822 0.6628 22257.2 204.209 0.730232 0.00110704 0.534435 0.00164867 
360 148.308 0.609844 22401.2 193.747 0.730136 0.00117974 0.534281 0.00176631 
361 148.877 0.640167 22571.4 199.019 0.73076 0.00128251 0.53519 0.00191033 
362 149.473 0.754312 22763.6 237.899 0.730921 0.00134301 0.535437 0.00200167 
363 150.081 0.673757 22945 204.765 0.731285 0.00117209 0.535964 0.00172371 
364 150.347 0.609761 23022.4 185.884 0.731066 0.00103965 0.535631 0.00152996 
365 151.125 0.695836 23262.4 212.2 0.731733 0.00125587 0.536619 0.00184733 
366 151.211 0.768145 23290.3 236.895 0.731147 0.00124539 0.53576 0.00184012 
367 151.683 0.716971 23432.6 220.395 0.731201 0.00120738 0.535835 0.00177776 
368 152.12 0.71831 23565.6 222.601 0.731106 0.00120909 0.535693 0.001786 
369 152.449 0.674395 23670.9 210.778 0.731055 0.00106959 0.535618 0.00158238 
370 153.289 0.815833 23928.4 254.055 0.731502 0.00129427 0.536266 0.00190661 
371 153.583 0.800372 24013.6 251.444 0.731307 0.00121868 0.535964 0.00179276 
372 154.427 0.95785 24277.6 300.17 0.731884 0.00137922 0.536803 0.00202206 
373 154.803 0.974822 24389 308.302 0.73171 0.00134217 0.536536 0.00197675 
374 155.814 0.935568 24716.3 301.903 0.732167 0.00120486 0.53721 0.00177681 
375 156.216 1.31504 24840 421.091 0.732501 0.00159833 0.537687 0.00234395 
376 156.817 1.39896 25037.7 450.102 0.732436 0.00162899 0.537592 0.00238806 
377 157.397 1.53526 25220.2 503.382 0.732885 0.00158402 0.538239 0.00233177 
378 158.252 1.7443 25498.7 573.92 0.733163 0.00163286 0.538638 0.0023882 
379 159.194 1.94772 25812 643.542 0.733654 0.00188163 0.539368 0.00274838 
380 159.571 1.96758 25934.7 652.765 0.733711 0.00193411 0.539459 0.00283295 
381 160.295 2.11717 26176.5 708.62 0.734035 0.00195595 0.539939 0.00286519 
382 161.019 2.10255 26426.5 710.125 0.734574 0.00207426 0.540747 0.0030636 
383 161.031 1.98575 26433.2 679.162 0.734104 0.00185397 0.540069 0.00274544 
384 161.057 1.61323 26434.5 554.02 0.733687 0.00166672 0.539448 0.00247998 
385 160.996 1.2051 26401.7 413.841 0.733114 0.00109533 0.538574 0.00160977 
386 160.813 0.85603 26329.1 290.497 0.732844 0.00120122 0.538187 0.00178278 
387 161.283 0.802619 26486.3 274.492 0.73273 0.00104043 0.538016 0.0015459 
388 161.318 0.714022 26488.1 240.652 0.732399 0.00108628 0.537531 0.00160746 
389 161.484 0.678466 26532.1 227.737 0.732098 0.000990969 0.537065 0.00146953 
390 161.938 0.698235 26682.2 233.704 0.732227 0.00110945 0.537266 0.00164224 
391 162.628 0.685734 26904 226.741 0.732314 0.000980032 0.53737 0.00144905 
392 162.955 0.706883 27010.3 225.801 0.732537 0.00104112 0.537715 0.00154815 
393 163.209 0.718151 27094.1 232.221 0.732326 0.00118418 0.537404 0.00173615 
394 163.601 0.750041 27222.2 242.186 0.732079 0.00117344 0.53702 0.00171341 
395 163.886 0.690737 27309.7 227.722 0.731838 0.00107042 0.536661 0.00157087 
396 164.295 0.677137 27446.8 230.831 0.731989 0.00104046 0.536886 0.00153793 
397 164.786 0.677363 27614 230.736 0.731815 0.00102492 0.536627 0.00150627 
398 164.958 0.661503 27660.4 223.346 0.73155 0.000986758 0.536218 0.00145599 
399 164.995 0.69804 27670.8 237.924 0.731049 0.00114135 0.535491 0.00168614 
400 165.612 0.667991 27880.8 230.284 0.731426 0.00104937 0.536045 0.00155475 
401 166.227 0.712937 28082.6 242.397 0.731427 0.00116131 0.536043 0.00171439 
402 166.713 0.841795 28246.4 284.778 0.731699 0.00124702 0.536442 0.00183769 
403 167.386 0.787937 28477.2 272.133 0.731935 0.0012637 0.536797 0.00187536 
404 167.851 0.740839 28632.7 251.024 0.732214 0.0011258 0.537192 0.00166833 
405 167.971 0.673908 28662.3 232.421 0.731366 0.00108665 0.535942 0.00160227 
406 169.073 0.837572 29049.8 290.922 0.732411 0.00124675 0.537473 0.00184607 
407 169.248 0.635097 29094.9 221.117 0.731653 0.00108352 0.536327 0.0016031 
408 170.502 0.995278 29539.9 348.315 0.732476 0.00125204 0.537537 0.00186266 
409 170.1 0.710326 29383.8 241.041 0.731761 0.000998831 0.536487 0.00147979 
410 170.872 0.733325 29653 255.993 0.732139 0.000992044 0.537026 0.00146967 
411 170.717 0.705079 29615.2 251.335 0.73198 0.00110978 0.536852 0.00165419 
412 171.432 0.694383 29868.6 248.072 0.73199 0.00102064 0.536841 0.00150857 
413 171.1 0.668583 29743.4 239.809 0.731473 0.00103172 0.536102 0.00152954 
414 171.926 0.672985 30033.7 244.946 0.731951 0.00103138 0.5368 0.00152516 
415 172.419 0.682321 30199.3 244.544 0.732142 0.0010555 0.537072 0.00155414 
416 172.823 0.689573 30345.3 249.183 0.732052 0.00116041 0.536938 0.00170977 
417 173.168 0.737241 30464.3 264.478 0.731792 0.00101834 0.536546 0.00150467 
418 174.242 0.736587 30847.3 271.272 0.732786 0.00119356 0.538007 0.00176996 
419 174.417 0.682619 30907.6 250.731 0.732423 0.00105014 0.537486 0.00156032 
420 175.968 1.1728 31504.3 463.244 0.73362 0.00187491 0.539287 0.00280308 
421 175.604 0.727597 31322.4 267.846 0.732983 0.00108128 0.538313 0.00160821 
422 176.05 0.808217 31499.9 301.792 0.732483 0.00111181 0.537578 0.00164307 
423 175.476 0.662858 31275.7 241.704 0.731695 0.00103246 0.536407 0.00152104 
424 176.623 0.728503 31706 272.146 0.732595 0.00115224 0.537729 0.00170059 
425 176.614 0.736013 31690.6 271.376 0.732252 0.00106153 0.53722 0.00156782 
426 177.369 0.835649 31966.9 310.33 0.732384 0.00128847 0.537406 0.00190158 
427 177.334 0.722541 31953.9 269.224 0.732296 0.00103457 0.537287 0.00153374 
428 178.365 0.852007 32334.9 322.077 0.732789 0.00156819 0.538031 0.00232097 
429 178.408 0.819992 32350.3 308.956 0.732375 0.00119805 0.537415 0.00178288 
430 179.348 1.1623 32711.8 445.71 0.732452 0.00121179 0.537513 0.00178547 
431 179.151 0.884438 32611.5 340.754 0.73265 0.00127273 0.537815 0.00190745 
432 178.916 0.813897 32523.6 297.034 0.731972 0.00111875 0.536805 0.00165027 
433 179.79 0.817112 32830.9 310.673 0.732478 0.00124322 0.537547 0.00184641 
434 180.38 0.795853 33050.7 299.733 0.7327 0.00121503 0.537862 0.00180375 
435 180.882 0.710249 33222.8 268.915 0.732703 0.00101385 0.537862 0.00150545 
436 181.22 0.800774 33353.5 306.646 0.732613 0.00119855 0.537732 0.00178538 
437 181.855 0.719899 33581 273.892 0.732893 0.00104324 0.538132 0.00154987 
438 182.985 0.810143 34004.8 313.203 0.733893 0.0013769 0.539618 0.0020504 
439 182.806 0.722982 33927.3 274.514 0.733238 0.00105085 0.538638 0.00156345 
440 184.684 1.41914 34647.4 554.543 0.735534 0.00238351 0.542044 0.00356941 
441 184.153 1.09588 34433.3 422.875 0.734098 0.00139203 0.539904 0.00206955 
442 186.429 2.28609 35343.6 942.996 0.737236 0.00310191 0.544599 0.00465956 
443 185.129 1.09717 34782.9 424.878 0.73429 0.00137578 0.54018 0.00204528 
444 186.586 1.50425 35328.1 580.904 0.736788 0.00252399 0.543874 0.00374424 
445 186.093 1.18866 35152.1 467.384 0.734404 0.00169872 0.540362 0.00254634 
446 186.106 1.3406 35160.2 527.624 0.734054 0.00195565 0.539844 0.00292757 
447 187.386 1.5101 35655.4 604.352 0.735197 0.00217561 0.541556 0.0032752 
448 187.483 1.58087 35682.1 629.884 0.734523 0.0022551 0.540549 0.00338417 
449 189.356 2.75518 36424.2 1094.96 0.73682 0.00378327 0.543991 0.00567879 
450 189.032 1.94128 36298.8 775.737 0.735536 0.0028145 0.54207 0.00422904 
451 190.806 3.21808 36997.6 1293.8 0.737392 0.0042873 0.544848 0.00643765 
452 189.685 2.00492 36555 810.885 0.735565 0.00288279 0.542122 0.0043386 
453 192.06 3.16747 37498 1294.17 0.738055 0.0043198 0.545854 0.00652289 
454 190.908 2.33591 37021.9 952.142 0.736494 0.00339436 0.543511 0.00512527 
455 193.047 3.82691 37905.2 1571.99 0.738706 0.00532879 0.546878 0.00806656 
456 191.982 2.65982 37444.8 1093.03 0.736557 0.00370938 0.543609 0.0056036 
457 193.704 3.76902 38151.4 1564.43 0.73833 0.00506355 0.546305 0.00766635 
458 194.582 3.83433 38500.6 1603.76 0.73869 0.00523088 0.546861 0.00793173 
459 196.742 5.60008 39383.2 2352.79 0.741046 0.00759515 0.550388 0.0115259 
460 195.754 3.83306 38968.3 1611.27 0.739004 0.00506459 0.547305 0.00767555 
461 200.262 5.27511 40868.4 2212.22 0.744291 0.00664648 0.555284 0.0100538 
462 196.705 3.88135 39345.1 1657.72 0.739075 0.00499599 0.547402 0.00758742 
463 199.488 5.88009 40537.8 2511.7 0.74196 0.00748005 0.551779 0.0113528 
464 197.273 3.20378 39562.6 1375.97 0.738263 0.00392962 0.546161 0.00596466 
465 199.253 4.89985 40392.7 2115.19 0.740136 0.0061911 0.548998 0.00939906 
466 197.889 2.63357 39785.5 1135.55 0.737656 0.00312126 0.54521 0.00472224 
467 198.541 3.16085 40066.9 1358.02 0.738257 0.00384537 0.546126 0.00582396 
468 197.486 1.91397 39585.6 812.972 0.736248 0.00232634 0.543058 0.00349115 
469 197.708 1.68151 39658.1 711.716 0.735992 0.00205896 0.542649 0.00309227 
470 197.611 1.66943 39629.5 704.512 0.73547 0.00198983 0.541886 0.00299549 
471 197.096 1.19401 39388.7 488.601 0.734682 0.00153831 0.540689 0.00230772 
472 197.88 1.15093 39707.1 481.446 0.734946 0.00161274 0.541085 0.00240615 
473 198.192 1.13554 39827.1 467.169 0.734938 0.00169148 0.54109 0.00252794 
474 199.017 1.28826 40148.4 526.62 0.734985 0.00170585 0.541136 0.00255627 
475 199.929 1.48076 40516.6 607.382 0.735865 0.0022556 0.542475 0.00339087 
476 200.854 1.67533 40911.9 689.512 0.736323 0.00228666 0.543138 0.00342696 
477 201.399 2.02811 41128.5 835.782 0.736773 0.00308715 0.543838 0.00463492 
478 201.925 1.60809 41344.3 668.846 0.736754 0.00249301 0.543781 0.0037577 
479 203.481 1.97019 41982.1 829.489 0.738377 0.00318529 0.546208 0.00482837 
480 202.326 1.48382 41499 624.465 0.736142 0.00210198 0.542846 0.00317526 
481 204.147 1.8489 42258.6 772.545 0.737622 0.00293582 0.545091 0.00442409 
482 203.587 1.43193 42025.5 611.616 0.736349 0.00199914 0.543159 0.00302375 
483 204.771 2.03781 42519.8 868.954 0.737268 0.00309196 0.544565 0.00466839 
484 204.91 1.45842 42571.9 622.105 0.736788 0.00186848 0.543821 0.00280906 
485 205.666 2.27904 42888.4 972.815 0.736558 0.00302544 0.543467 0.00453687 
486 204.554 1.52028 42392.3 654.937 0.73476 0.00164335 0.540742 0.00244064 
487 205.964 2.12497 42998.3 904.395 0.735492 0.00180986 0.541831 0.00267182 
488 205.22 1.15597 42692.2 490.733 0.734802 0.00134136 0.540827 0.00198973 
489 207.034 2.08453 43454.8 903.343 0.735969 0.0016312 0.542527 0.00242318 
490 206.231 1.47003 43127.7 633.09 0.734767 0.00155281 0.540789 0.002311 
491 208.004 2.00007 43877.5 874.711 0.735862 0.00153011 0.542373 0.00226173 
492 207.014 1.20536 43446.3 529.143 0.734756 0.00147671 0.540771 0.00221536 
493 208.589 1.54725 44115.4 674.246 0.735456 0.00161225 0.541775 0.00240376 
494 208.259 1.23981 43975.8 559.46 0.735025 0.00143642 0.541164 0.00217421 
495 209.101 1.60632 44324.3 717.93 0.73519 0.00175337 0.541378 0.00262451 
496 208.932 1.40738 44258.4 625.84 0.7352 0.00180184 0.541436 0.0027061 
497 209.459 1.48161 44471.3 662.874 0.734983 0.00145022 0.541093 0.00217252 
498 210.066 1.30852 44750 598.889 0.735938 0.00169061 0.542554 0.00254221 
499 210.568 1.48714 44953.3 673.247 0.735878 0.00149658 0.542437 0.00226554 
500 211.669 1.4798 45443.9 681.822 0.736514 0.00201856 0.543433 0.00303993 
501 211.57 1.50339 45394.2 690.282 0.735885 0.00177852 0.542471 0.00268941 
502 212.886 1.84389 45976.3 850.935 0.737112 0.00237294 0.544334 0.00360869 
503 212.889 1.61749 45959.6 747.995 0.736849 0.00198253 0.543915 0.00301604 
504 215.775 2.19832 47278.3 1014.05 0.739583 0.00272455 0.548033 0.00412089 
505 214.008 1.76487 46434.7 823.109 0.7385 0.00242149 0.546389 0.00362545 
506 215.226 1.80527 46985.6 848.996 0.738538 0.00236425 0.546432 0.0035766 
507 214.906 1.35226 46780.5 615.359 0.738788 0.00252073 0.546713 0.00374234 
508 215.572 1.72664 47146.3 821.231 0.737264 0.00216728 0.544514 0.00330529 
509 214.275 1.37817 46529.8 635.213 0.73593 0.00148179 0.542459 0.00223431 
510 216.431 1.81703 47521.3 869.325 0.737109 0.00224378 0.544288 0.00342361 
511 215.843 1.79173 47229.1 844.865 0.735884 0.00211403 0.542412 0.00320684 
512 216.64 1.83297 47603.3 875.703 0.736183 0.0020903 0.542882 0.0031666 
513 216.478 1.57675 47509.4 751.813 0.735587 0.00208388 0.541968 0.00315181 
514 216.704 1.13026 47580.6 522.961 0.735263 0.00134906 0.541458 0.00201874 
515 217.428 1.52332 47910.1 712.687 0.73543 0.00165223 0.541712 0.00249487 
516 217.523 1.2626 47930.3 586.221 0.734977 0.00149619 0.541023 0.00224125 
517 218.199 1.273 48224 592.303 0.735263 0.00147242 0.541446 0.00220621 
518 218.629 1.12147 48400.9 520.344 0.735188 0.00135778 0.541326 0.00202847 
519 219.409 1.34092 48759.9 623.628 0.735502 0.00147177 0.541801 0.00220031 
520 219.624 1.16156 48850.8 542.304 0.734944 0.0013887 0.540975 0.00207703 
521 220.07 1.08942 49034.2 513.727 0.735043 0.00136376 0.541095 0.00204706 
522 220.815 1.10915 49371.1 512.509 0.734979 0.00128529 0.541006 0.00191279 
523 221.278 1.26235 49582.1 595.287 0.735076 0.00141175 0.541148 0.00210814 
524 222.011 1.36487 49914.1 645.588 0.735 0.00159345 0.541047 0.00238766 
525 222.233 1.49532 50009.2 716.423 0.734793 0.00168505 0.540736 0.00252686 
526 222.178 1.18744 49966.4 552.845 0.734604 0.00136743 0.540432 0.00203317 
527 222.503 1.58946 50121.2 754.073 0.734873 0.00166046 0.540847 0.00249414 
528 222.418 1.09729 50069.7 505.577 0.734334 0.0012373 0.540041 0.00183391 
529 222.676 1.21397 50187.6 574.953 0.734294 0.00142957 0.539987 0.00213245 
530 223.12 1.09481 50377.3 507.531 0.734147 0.00136813 0.539753 0.00203104 
531 223.729 1.2479 50665.1 587.299 0.734214 0.00143375 0.53986 0.00213512 
532 223.885 1.02613 50710.6 481.106 0.734087 0.00117898 0.539645 0.00174864 
533 225.237 1.30362 51343.7 624.059 0.734788 0.00155435 0.540699 0.00232509 
534 225.107 1.21957 51289 573.175 0.734524 0.00139578 0.540312 0.00207964 
535 225.771 1.37818 51599.1 653.138 0.734747 0.00149028 0.540645 0.00223209 
536 226.147 1.20172 51761.6 575.259 0.734997 0.00144398 0.540997 0.00214022 
537 227.115 1.48666 52230.7 711.492 0.734981 0.00162084 0.541011 0.00242685 
538 227.715 1.59274 52510.7 763.052 0.73511 0.00180921 0.541195 0.00270047 
539 227.534 1.35927 52411.5 659.664 0.734483 0.00153782 0.540262 0.0023004 
540 228.629 1.33783 52906.7 630.063 0.73521 0.00154297 0.541301 0.00228701 
541 228.763 1.46985 52982.5 703.837 0.735122 0.00153178 0.541198 0.00227868 
542 230.014 1.6628 53565.2 785.948 0.735589 0.00174909 0.541885 0.00259755 
543 229.717 1.41008 53418.2 665.906 0.735078 0.00160333 0.541121 0.00238212 
544 230.607 1.60542 53844.1 756.354 0.73541 0.00165329 0.541619 0.00245099 
545 230.092 1.47984 53582.7 727.927 0.734593 0.00164393 0.540394 0.00246014 
546 231.195 1.38423 54093.3 672.179 0.735278 0.00150262 0.541406 0.00223681 
547 231.335 1.27795 54145.4 629.4 0.734967 0.00150983 0.540927 0.00225035 
548 232.361 1.52251 54627.9 723.337 0.735661 0.00157807 0.541962 0.00233021 
549 232.795 1.43426 54829.6 709.637 0.735486 0.00159923 0.541698 0.002385 
550 233.627 1.47515 55218.7 715.365 0.73619 0.00167213 0.542737 0.00249445 
551 234.039 1.52869 55441.8 761.316 0.735681 0.00170906 0.542011 0.00255983 
552 234.482 1.55226 55655.5 773.918 0.735973 0.00167774 0.542442 0.00249803 
553 234.854 1.70993 55814.5 858.822 0.735662 0.00210948 0.54197 0.00316643 
554 234.845 1.41961 55792.3 708.117 0.735425 0.00150552 0.541615 0.0022412 
555 235.899 1.62667 56302.3 801.841 0.736 0.00187523 0.542465 0.00279247 
556 236.519 1.70981 56608 853.868 0.736254 0.00171645 0.542852 0.00256609 
557 237.242 1.78021 56938.8 880.27 0.736663 0.00200416 0.543451 0.0029922 
558 236.953 1.8232 56788.9 907.22 0.736153 0.00210578 0.542684 0.0031424 
559 237.615 1.97793 57127.5 996.05 0.736485 0.00213318 0.543204 0.00318646 
560 237.974 1.9186 57284.9 961.102 0.736707 0.0023387 0.543535 0.00350001 
561 238.295 1.70716 57412.7 855.463 0.736349 0.00197568 0.542966 0.00294496 
562 238.632 1.7107 57588.6 857.001 0.73684 0.00233448 0.543737 0.0035052 
563 239.29 1.73942 57904.8 879.272 0.736934 0.00252289 0.543879 0.00379406 
564 240.421 1.95725 58450 983.152 0.738056 0.00286099 0.545565 0.0042965 
565 240.878 1.91005 58678.6 977.13 0.737765 0.00261024 0.545122 0.00392204 
566 241.986 1.80135 59232.1 931.893 0.738582 0.00241866 0.546331 0.00364252 
567 242.116 1.7483 59289.4 903.149 0.738162 0.00238405 0.545707 0.00358736 
568 242.173 1.88016 59307 956.098 0.737924 0.00293737 0.54535 0.00442646 
569 242.849 1.70737 59629.1 883.395 0.737648 0.0023541 0.544905 0.00354131 
570 243.32 1.91874 59867.7 969.697 0.738649 0.00292993 0.546422 0.00440422 
571 243.122 1.63826 59764.7 847.062 0.737508 0.00238862 0.544693 0.00360031 
572 243.544 1.62239 59980.2 829.546 0.737708 0.00259239 0.545004 0.00389885 
573 244.054 1.53433 60222.4 796.325 0.737574 0.00232724 0.544788 0.00351284 
574 245.447 1.89556 60911.5 974.871 0.738849 0.00280044 0.546682 0.00421869 
575 245.362 1.74258 60872 905.017 0.737981 0.00255379 0.545397 0.00385345 
576 246.004 2.25892 61172.4 1142.12 0.738609 0.00325828 0.54632 0.00488617 
577 245.948 1.29619 61148.2 672.907 0.737729 0.00228844 0.54501 0.00344936 
578 246.535 2.34155 61442.4 1194.14 0.73814 0.00366104 0.545627 0.00549451 
579 246.519 1.74479 61427.4 880.249 0.737674 0.00276621 0.544921 0.00414639 
580 247.029 1.92112 61683.4 973.64 0.737884 0.00313 0.545239 0.00470811 
581 247.975 1.70938 62145.2 864.407 0.738453 0.00277456 0.546059 0.00417577 
582 249.163 1.96764 62746 997.471 0.739324 0.00330935 0.547355 0.0049749 
583 249.122 2.11678 62711 1064.13 0.73862 0.00282613 0.546308 0.00423894 
584 249.702 2.2911 63021.5 1170.65 0.739181 0.00363912 0.547157 0.00546151 
585 250.22 2.16886 63265 1107.38 0.739129 0.0031446 0.54706 0.00472248 
586 251.503 2.53664 63907.2 1298.86 0.740392 0.00373834 0.548937 0.00561788 
587 250.957 2.35684 63624.1 1212.76 0.739826 0.0033608 0.548099 0.00504966 
588 252.488 2.51268 64408.9 1297.11 0.740976 0.00383263 0.549835 0.00577228 
589 252.077 2.03607 64180.5 1053.06 0.741241 0.00357317 0.550234 0.00538557 
590 252.824 2.09424 64571.1 1052.45 0.740938 0.00369333 0.54979 0.00555341 
591 252.791 1.98982 64532.8 1005.62 0.741225 0.00349958 0.550217 0.0052591 
592 253.65 2.77635 65000.4 1396.93 0.740945 0.00453495 0.549822 0.00680265 
593 253.389 2.03941 64852.7 1022.4 0.740384 0.00362903 0.548976 0.00545422 
594 255.378 3.28207 65878.1 1676.19 0.742056 0.00516142 0.551469 0.00776288 
595 254.429 2.20781 65389.5 1115.85 0.740182 0.00373435 0.548657 0.00561073 
596 256.6 3.51896 66527.8 1817.27 0.742471 0.00545755 0.552116 0.00822333 
597 254.964 2.28562 65677 1180.24 0.739933 0.00369928 0.548302 0.00555082 
598 257.184 3.44826 66836.1 1777.07 0.742097 0.0052321 0.551556 0.00785722 
599 255.896 2.45302 66143.8 1253.34 0.739857 0.00396975 0.548181 0.00595238 
600 258.83 3.65906 67689.9 1901.63 0.742795 0.00541985 0.552588 0.00814912 
601 257.259 2.40599 66841 1258.8 0.740561 0.0036547 0.549213 0.0054935 
602 260.343 3.90586 68497.9 2041.47 0.743614 0.00584995 0.553838 0.00880538 
603 258.987 2.26405 67732 1174.07 0.742302 0.00389043 0.551789 0.00585363 
604 262.233 3.72672 69485 1961.65 0.744365 0.00561399 0.554929 0.00846532 
605 260.018 2.33469 68285.6 1221.19 0.741267 0.00347484 0.55027 0.00521108 
606 262.55 3.53829 69634.9 1863.45 0.743906 0.00526109 0.554229 0.00791217 
607 260.864 2.31821 68730 1213.22 0.741229 0.00356982 0.550208 0.00534898 
608 263.417 3.18657 70086.2 1695.52 0.743394 0.00485178 0.553449 0.00730374 
609 262.401 2.17073 69532.2 1142.76 0.741678 0.00339875 0.550854 0.00509476 
610 264.315 3.45405 70587.8 1856.78 0.743399 0.00445564 0.553481 0.00669851 
611 262.689 2.46899 69695.2 1329.99 0.741176 0.00345447 0.550122 0.00519898 
612 264.964 3.1391 70898.7 1686.52 0.743475 0.00432194 0.553558 0.00650838 
613 263.412 2.76403 70077.9 1486.54 0.741154 0.00368769 0.550086 0.00554174 
614 265.589 3.46636 71231.3 1862.23 0.74315 0.00455995 0.553085 0.006858 
615 264.381 2.89485 70596.7 1556.21 0.741347 0.00368239 0.550369 0.00552383 
616 266.266 3.25701 71611.1 1753.5 0.742694 0.00429594 0.5524 0.00645677 
617 265.713 2.47918 71306 1342.05 0.741281 0.00338155 0.550274 0.00508001 
618 267.633 3.40027 72344.4 1841.06 0.743247 0.00419672 0.55324 0.00631127 
619 267.146 3.06223 72068.7 1670.56 0.74183 0.00377508 0.551107 0.00566908 
620 268.47 3.12047 72783.8 1700.69 0.743508 0.00415292 0.553604 0.0062456 
621 269.295 2.99642 73234.1 1634.38 0.743879 0.00410272 0.554172 0.00618432 
622 270.383 3.75479 73844.9 2052.7 0.744859 0.00468677 0.555643 0.00705408 
623 269.175 3.91797 73172.7 2158.33 0.742434 0.00516496 0.552001 0.00778278 
624 271.554 3.71268 74487.7 2056.37 0.74482 0.00482117 0.555586 0.00726619 
625 270.992 2.68806 74151.1 1502.27 0.742702 0.00365146 0.552374 0.00551583 
626 273.195 4.00812 75403.3 2229.51 0.745377 0.0051451 0.556432 0.00775582 
627 271.733 3.61754 74575.2 1998.08 0.743338 0.00470512 0.553343 0.00708418 
628 272.732 4.14051 75125.1 2315.44 0.743677 0.00522472 0.553867 0.00788287 
629 272.635 3.0827 75053.2 1705.9 0.74293 0.00403129 0.552714 0.00606223 
630 273.496 3.54576 75551.2 1954.73 0.744084 0.00477633 0.55447 0.00716754 
631 274.078 3.7942 75883.5 2103.27 0.743865 0.00495285 0.554149 0.00744882 
632 275.649 4.88447 76743.3 2742.68 0.744899 0.00576439 0.555697 0.00869774 
633 274.841 3.41404 76291.7 1898.45 0.74344 0.00443839 0.553495 0.00665009 
634 276.043 3.82853 76964.9 2129.99 0.744864 0.00493832 0.55562 0.00741152 
635 275.917 3.36809 76917.8 1897.31 0.74417 0.0043194 0.554599 0.00648222 
636 277.207 3.7525 77617.5 2104.16 0.74516 0.00466618 0.556068 0.00701641 
637 277.655 3.45563 77880.5 1973.25 0.745121 0.00418501 0.556002 0.00629865 
638 278.479 4.0768 78342 2301.43 0.745591 0.00494437 0.556714 0.00743001 
639 278.362 3.53927 78280.9 2031.53 0.744801 0.00421508 0.55553 0.00634456 
640 278.719 3.97831 78454.6 2249 0.745243 0.0047824 0.556193 0.00718466 
641 279.416 3.95245 78873.9 2262.89 0.744821 0.00463738 0.555564 0.00697543 
642 280.811 3.90727 79659.3 2221.96 0.746797 0.00485791 0.558541 0.00730419 
643 280.972 3.87278 79763.4 2212.98 0.745397 0.00459115 0.556432 0.00690453 
644 280.584 3.9609 79525.2 2258.67 0.744937 0.00500953 0.555749 0.00751916 
645 282.558 3.53929 80716.5 2032.88 0.746313 0.00413447 0.557831 0.00621734 
646 281.847 3.47112 80283 1991.13 0.745436 0.00448187 0.556523 0.00672961 
647 282.098 3.75574 80414.2 2165.89 0.745172 0.00455596 0.556107 0.00684848 
648 282.291 3.35459 80488.7 1923.4 0.74473 0.00428012 0.555429 0.00643106 
649 282.624 3.16513 80692.9 1825.66 0.744955 0.00390047 0.555767 0.00586133 
650 282.492 3.32203 80574.5 1897.98 0.744263 0.00430389 0.554725 0.00645997 
651 283.065 3.22115 80940.7 1857.33 0.744725 0.0040769 0.55543 0.00612027 
652 283.433 3.80957 81109.7 2172.35 0.745002 0.00486816 0.555834 0.00731683 
653 283.791 2.9987 81325.9 1722.17 0.745292 0.00407772 0.556274 0.00613107 
654 284.536 3.47959 81703.8 2002.38 0.745682 0.00466605 0.556841 0.00702715 
655 284.87 2.70673 81866.2 1549.42 0.745476 0.00365851 0.5565 0.00550414 
656 285.262 3.7704 82132.9 2178.12 0.745691 0.00495052 0.556877 0.00746017 
657 284.925 3.17289 81923 1829.07 0.744983 0.00466046 0.555815 0.00702137 
658 285.977 3.01055 82532.1 1737.62 0.745658 0.00446735 0.556825 0.00672525 
659 286.355 3.118 82728.1 1809.88 0.74569 0.00465912 0.556859 0.00702504 
660 289.17 3.06636 84373 1781.6 0.748439 0.0045895 0.560991 0.00691205 
661 287.165 2.92047 83181.3 1699.48 0.746868 0.00530635 0.558654 0.00802253 
662 288.677 2.77901 84040 1598.78 0.748667 0.00572224 0.561372 0.00865632 
663 289.452 2.47275 84474.2 1420.76 0.748916 0.00544467 0.561744 0.00824259 
664 290.037 3.15502 84804.9 1812.48 0.748542 0.00599308 0.561188 0.00906055 
665 290.675 2.75336 85166.4 1571.45 0.748297 0.00573707 0.560816 0.0086961 
666 291.909 3.29406 85917.2 1895.05 0.750969 0.00619287 0.564864 0.00937402 
667 292.489 3.54808 86265.1 2044.26 0.750514 0.00659449 0.564181 0.00998387 
668 296.126 4.54089 88347.8 2614.16 0.757004 0.00905664 0.574048 0.0137515 
669 292.602 3.09572 86354.6 1814.66 0.747615 0.00507135 0.55977 0.00766908 
670 291.862 2.4628 85945.6 1452.15 0.744675 0.00323467 0.55527 0.00487835 
671 292.733 2.92134 86459.8 1713.16 0.744977 0.00365782 0.55572 0.00549796 
672 291.616 2.97285 85781 1746.77 0.743717 0.00367494 0.553849 0.00552462 
673 292.545 3.45995 86339.9 2052.01 0.744073 0.00437602 0.55438 0.00657424 
674 293.795 3.70624 87087.4 2198.85 0.744163 0.00450486 0.554539 0.00677133 
675 293.104 3.43896 86652.7 2038.23 0.74359 0.00431559 0.553668 0.00649036 
676 294.418 3.69839 87435 2200.84 0.744409 0.00455457 0.554894 0.00685348 
677 294.715 3.57034 87626.5 2122.54 0.744125 0.00453178 0.554498 0.00681087 
678 296.155 4.28252 88514.3 2557.08 0.745284 0.00529378 0.556254 0.00798405 
679 296.673 4.19273 88822.8 2508.79 0.745097 0.00502465 0.555978 0.00757149 
680 297.363 4.95678 89329.4 2956.41 0.745641 0.00586027 0.556865 0.00883656 
681 296.914 3.85294 88996.9 2335.83 0.744845 0.0047549 0.555632 0.00719574 
682 304.076 6.72412 93437.9 4148.35 0.752828 0.00787762 0.56779 0.0120016 
683 296.544 3.98717 88747.9 2392.25 0.744527 0.00462647 0.555086 0.00696 
684 299.503 4.13587 90519.9 2503.25 0.746267 0.00505058 0.557703 0.00760309 
685 299.294 3.77193 90354.3 2271.38 0.74516 0.00471235 0.556018 0.00709561 
686 299.115 4.45847 90311.9 2673.89 0.745387 0.00541451 0.55642 0.00813667 
687 299.349 4.35467 90454.3 2637.47 0.744754 0.00522318 0.555457 0.00785291 
688 298.428 4.68352 89928.6 2818.92 0.743649 0.005598 0.553818 0.0084063 
689 300.147 3.81099 90919.5 2318.6 0.74442 0.00478478 0.554917 0.00720346 
690 299.524 4.35542 90558.4 2636.71 0.743668 0.00521021 0.553814 0.0078332 
691 300.356 3.78747 91017.5 2299.04 0.743965 0.0048006 0.55423 0.00721804 
692 300.99 3.76751 91423.6 2273.48 0.744087 0.00487144 0.554418 0.00731757 
693 301.568 3.73332 91767.1 2283.67 0.743715 0.00488482 0.553857 0.00734665 
694 301.597 3.76282 91795.3 2302.45 0.743239 0.00494343 0.553155 0.00742917 
695 302.663 3.49085 92389.1 2127.66 0.744018 0.00501521 0.554293 0.00754305 
696 302.538 3.53379 92337 2153.07 0.742868 0.00469184 0.552553 0.00704541 
697 303.086 3.44644 92663.8 2091.14 0.742778 0.00441853 0.552414 0.00662752 
698 303.513 3.20802 92930.5 1957.12 0.742761 0.00442321 0.552384 0.00664663 
