1.5 -1.959 114200000000
90.228 19.643
1 0 0 0 0 0.500016 3.21991e-05 0.500016 3.21991e-05 
2 0 0 0 0 0.500004 3.4041e-05 0.375015 3.32918e-05 
3 0 0 0 0 0.500022 2.71267e-05 0.333356 2.81958e-05 
4 0.208662 3.974e-05 0.208662 3.974e-05 0.540531 2.87719e-05 0.358093 3.10081e-05 
5 0.280429 4.97224e-05 0.280429 4.97224e-05 0.543571 2.96029e-05 0.347928 3.12403e-05 
6 0.583011 0.00011407 0.849213 0.000239349 0.571029 3.14732e-05 0.371215 3.71936e-05 
7 0.691586 0.000100321 1.04315 0.000196041 0.571729 3.20663e-05 0.365092 3.74902e-05 
8 1.08293 0.000203718 2.19322 0.000674922 0.593641 3.65153e-05 0.386574 4.47443e-05 
9 1.23613 0.000208081 2.67011 0.000717396 0.595226 3.44892e-05 0.384646 4.28248e-05 
10 1.64187 0.000277194 4.31021 0.00118056 0.610151 3.88722e-05 0.39977 5.07971e-05 
11 1.8642 0.000422482 5.34081 0.0021685 0.613585 4.61123e-05 0.401621 5.99212e-05 
12 2.27564 0.000453553 7.5272 0.00254467 0.624627 4.61602e-05 0.413305 5.8883e-05 
13 2.53117 0.000521578 9.05168 0.00345935 0.627591 4.16483e-05 0.415266 5.36415e-05 
14 2.97521 0.00074802 12.065 0.00562387 0.637375 5.3242e-05 0.426264 6.72305e-05 
15 3.24608 0.000798516 14.0594 0.0061607 0.639645 5.00914e-05 0.42784 6.52217e-05 
16 3.71509 0.00103448 17.9439 0.00927029 0.648054 6.71145e-05 0.437578 8.94308e-05 
17 4.00984 0.00100261 20.5791 0.0100116 0.650259 5.51653e-05 0.439435 7.46818e-05 
18 4.49272 0.00133357 25.3263 0.0154049 0.65742 5.99e-05 0.447917 8.20735e-05 
19 4.80624 0.0012838 28.6317 0.0149591 0.659385 6.42099e-05 0.449697 8.91256e-05 
20 5.30709 0.00174235 34.3863 0.0243513 0.665811 7.59968e-05 0.457516 0.000109491 
21 5.62796 0.0020554 38.2806 0.0269968 0.667374 7.01728e-05 0.458919 9.33886e-05 
22 6.14985 0.0023676 45.1646 0.0346991 0.673298 7.52148e-05 0.466286 0.000105432 
23 6.48216 0.00216771 49.7601 0.0336563 0.674678 8.02736e-05 0.467599 0.000116637 
24 7.0179 0.00248639 57.7628 0.0417316 0.67998 8.19433e-05 0.474274 0.000116525 
25 7.35609 0.00295944 63.0181 0.0512505 0.681085 8.07195e-05 0.475303 0.000114633 
26 7.90492 0.00316834 72.1789 0.0597708 0.686011 8.86717e-05 0.48161 0.000126559 
27 8.26305 0.00340336 78.42 0.0662781 0.687218 0.000105084 0.482862 0.000148532 
28 8.82138 0.00467096 88.7641 0.095258 0.691689 0.000112537 0.488663 0.000160493 
29 9.18185 0.00490633 95.7038 0.111083 0.692592 0.000107921 0.48956 0.00015751 
30 9.75477 0.00526425 107.374 0.122257 0.696745 0.00012481 0.495 0.000182503 
31 10.1273 0.00473799 115.23 0.111143 0.697725 0.000109595 0.496058 0.000159044 
32 10.7132 0.0119665 128.329 0.295819 0.701629 0.000241705 0.501246 0.000351363 
33 11.0938 0.00890703 137.094 0.222713 0.702591 0.000202495 0.502353 0.000301634 
34 11.6794 0.00969268 151.285 0.280373 0.706072 0.000215107 0.506986 0.00033134 
35 12.0703 0.0076461 161.066 0.214176 0.706952 0.000160569 0.508004 0.000238602 
36 12.6608 0.00889985 176.526 0.259526 0.709981 0.000171265 0.512032 0.000258618 
37 13.0647 0.00904754 187.434 0.269806 0.710841 0.000181767 0.51304 0.00027088 
38 13.6511 0.00929768 203.958 0.289568 0.713922 0.000176424 0.517245 0.000263238 
39 14.0621 0.0106669 215.863 0.347734 0.714661 0.000169953 0.51809 0.000252123 
40 14.6724 0.0118987 234.308 0.398135 0.717607 0.000217696 0.522146 0.00033215 
41 15.0776 0.012923 246.782 0.419211 0.718246 0.000254496 0.522885 0.000392518 
42 15.7426 0.0318321 268.481 1.18804 0.721722 0.000656368 0.527779 0.00105581 
43 16.1021 0.0143779 280.188 0.508961 0.721547 0.000225084 0.527301 0.000333687 
44 16.7264 0.0146271 301.639 0.552981 0.724252 0.000238019 0.531068 0.000364712 
45 17.1315 0.0151608 315.793 0.589462 0.724415 0.000204147 0.531117 0.000307827 
46 17.8022 0.0314348 340.437 1.35846 0.727362 0.000401043 0.535279 0.000623829 
47 18.2068 0.0195027 355.293 0.792182 0.727699 0.000350174 0.535633 0.000534093 
48 18.8155 0.0209877 378.615 0.882578 0.729774 0.000263252 0.538481 0.000397849 
49 19.2568 0.0219675 396.055 0.960844 0.730222 0.000245562 0.539028 0.000373117 
50 19.8507 0.0241711 419.963 1.05467 0.732436 0.000312326 0.542148 0.000472884 
51 20.2725 0.0177762 437.303 0.794872 0.732632 0.000231691 0.542307 0.0003525 
52 20.9659 0.0432496 467.157 2.15401 0.735459 0.00046612 0.54636 0.00071213 
53 21.4025 0.0289587 485.98 1.48099 0.735766 0.000273194 0.54668 0.00041018 
54 22.0706 0.0241104 516.05 1.16585 0.738222 0.000313414 0.550235 0.000486746 
55 22.5093 0.0268462 536.124 1.30849 0.738252 0.000331845 0.550152 0.000511111 
56 23.1647 0.0466691 567.215 2.47176 0.740504 0.000511231 0.553428 0.000785419 
57 23.5669 0.027238 586.168 1.39583 0.740487 0.000372036 0.553304 0.000569254 
58 24.2573 0.0391919 620.61 2.10662 0.74238 0.000418374 0.556015 0.000632972 
59 24.7415 0.0501654 644.968 2.70322 0.743624 0.0008339 0.557926 0.0013257 
60 25.4454 0.101844 681.909 6.21783 0.745832 0.00124761 0.56114 0.00200891 
61 25.8421 0.0554596 702.11 3.24927 0.745035 0.000459865 0.559725 0.00070084 
62 26.4653 0.0514086 734.984 2.75993 0.746787 0.000593379 0.562222 0.000890629 
63 26.8991 0.0391968 758.91 2.29803 0.746615 0.000421353 0.561897 0.000635271 
64 27.5774 0.0413739 796.861 2.47274 0.748684 0.0005685 0.564971 0.00086639 
65 28.0751 0.0630547 825.157 3.54245 0.749176 0.000933878 0.56561 0.00142199 
66 28.6604 0.0491992 859.06 3.04271 0.749718 0.00034434 0.566295 0.000525268 
67 29.1478 0.0437817 887.89 2.80203 0.750139 0.00042463 0.566913 0.000651353 
68 29.8746 0.0527763 931.736 3.29541 0.752238 0.000494131 0.569972 0.000755106 
69 30.4462 0.0735681 967.196 4.83401 0.753457 0.000676814 0.57177 0.00104513 
70 31.0929 0.106984 1007.55 6.95566 0.754382 0.000894189 0.573044 0.00135367 
71 31.8574 0.219287 1058.29 14.7203 0.756822 0.00161874 0.576753 0.00245196 
72 32.0753 0.0546808 1070.82 3.73738 0.755131 0.000471213 0.574102 0.000726297 
73 32.7167 0.0981785 1113.94 6.89744 0.756418 0.000676426 0.575993 0.00104829 
74 33.2676 0.075076 1150.18 5.05475 0.756955 0.00058489 0.576696 0.000889604 
75 33.801 0.0725856 1186.52 5.14295 0.757677 0.000731536 0.577748 0.00113549 
76 34.5791 0.167074 1240.92 11.656 0.759155 0.000936638 0.579887 0.00139532 
77 34.963 0.0736572 1268.36 5.43191 0.759071 0.000549695 0.57977 0.000846955 
78 35.8568 0.237616 1333.65 18.1897 0.761187 0.00145477 0.582915 0.00223331 
79 36.2424 0.187767 1361.63 14.7963 0.761442 0.00128325 0.58326 0.00197846 
80 36.7042 0.0793117 1394.87 6.11336 0.761217 0.000552467 0.582834 0.000843762 
81 37.2386 0.11275 1435.22 8.38758 0.761617 0.000495079 0.583436 0.000728863 
82 37.9424 0.114422 1489.59 8.79568 0.763217 0.000759061 0.585837 0.00114714 
83 38.4892 0.0943702 1531.4 7.26446 0.763634 0.000666478 0.586428 0.00102651 
84 39.0303 0.0954856 1573.93 7.62546 0.763962 0.00063325 0.586886 0.000972504 
85 39.791 0.235283 1635.41 19.8421 0.765352 0.00108424 0.588951 0.00164906 
86 40.262 0.0994504 1672.85 8.24599 0.76563 0.000614738 0.589353 0.000950979 
87 41.0114 0.164144 1736.88 14.6603 0.76709 0.00116697 0.591674 0.00183313 
88 41.6734 0.178882 1792.76 16.4152 0.768146 0.00103305 0.593177 0.00162052 
89 42.0001 0.121323 1818.73 10.479 0.76778 0.000736959 0.59257 0.00116134 
90 42.7432 0.183031 1883.07 16.2476 0.768348 0.00104819 0.593317 0.00161033 
91 43.1765 0.113694 1919.53 10.1769 0.768579 0.000643974 0.593648 0.00100669 
92 43.9262 0.162576 1986.66 15.4739 0.769962 0.000921604 0.595787 0.00145726 
93 44.3095 0.173807 2021.57 15.9486 0.769388 0.000928139 0.594826 0.00143764 
94 44.9992 0.135071 2083.54 13.0078 0.771076 0.000779465 0.597456 0.00122615 
95 45.6283 0.146726 2141.59 14.2487 0.771289 0.000654283 0.597678 0.00101632 
96 46.1268 0.135259 2187.9 13.352 0.771425 0.000664635 0.59788 0.00102655 
97 46.8701 0.203272 2258.06 20.5137 0.772803 0.000803841 0.599982 0.00124524 
98 47.5166 0.198289 2320.24 20.1394 0.773535 0.0008193 0.601095 0.00127866 
99 48.3915 0.395534 2406.58 42.2882 0.774573 0.00173996 0.60264 0.00275277 
100 48.8065 0.183421 2444.92 19.6128 0.773876 0.00134668 0.601551 0.002089 
101 49.5411 0.228066 2517.09 23.4442 0.775153 0.000939245 0.603395 0.00147798 
102 50.5834 0.4327 2629.74 46.3889 0.778327 0.00202859 0.608472 0.00318469 
103 50.4707 0.235922 2613.58 24.4312 0.776091 0.000926111 0.604939 0.00144786 
104 51.1179 0.370952 2681.94 39.6014 0.77627 0.00183121 0.605173 0.00283316 
105 51.6245 0.273975 2732.95 29.6957 0.776327 0.000977981 0.605237 0.00151307 
106 52.4472 0.305598 2822.78 34.7329 0.777569 0.00112184 0.607141 0.00177527 
107 52.8667 0.308538 2864.56 34.7981 0.777832 0.00113721 0.607523 0.001776 
108 53.4891 0.269551 2932.66 30.483 0.777538 0.000910019 0.606968 0.0014122 
109 53.9692 0.391747 2983.21 44.872 0.777936 0.001145 0.607589 0.0017619 
110 54.4458 0.324809 3033.99 37.5314 0.777623 0.000927518 0.607024 0.00143279 
111 55.4018 0.388973 3138.28 43.2813 0.778881 0.00102074 0.608895 0.00158425 
112 56.0176 0.362136 3209.83 43.1367 0.780862 0.00145927 0.612024 0.00227383 
113 56.6531 0.315102 3283.29 37.9156 0.78045 0.00133865 0.611416 0.00214943 
114 57.4658 0.532851 3380.96 64.8933 0.781963 0.00212226 0.613767 0.00335365 
115 57.7264 0.330495 3406.12 40.0565 0.781145 0.00139328 0.612472 0.00220192 
116 58.2139 0.40968 3464.23 50.2556 0.780978 0.00126814 0.612154 0.00196694 
117 58.8136 0.369769 3535.67 45.5262 0.781565 0.0012768 0.613084 0.00201884 
118 59.5811 0.407868 3625.48 51.2141 0.783484 0.00135912 0.616053 0.00213366 
119 60.1734 0.406755 3699.39 51.7569 0.783105 0.00162538 0.615497 0.00259691 
120 60.8296 0.388109 3778 49.2837 0.784186 0.0014708 0.617184 0.00235072 
121 61.5177 0.67244 3863.28 85.3729 0.784036 0.0021869 0.616966 0.00341939 
122 61.9249 0.424266 3909.03 52.7905 0.78449 0.00299046 0.617583 0.00479051 
123 62.1747 0.403331 3943.05 52.3035 0.781506 0.00149718 0.612862 0.00233927 
124 63.2588 0.381239 4076.79 49.2781 0.783737 0.00105273 0.616179 0.0016432 
125 64.1369 0.538589 4187.3 67.9016 0.784417 0.001436 0.617197 0.00224723 
126 65.192 0.833681 4328.8 112.704 0.786409 0.00157156 0.620281 0.00245647 
127 65.073 0.41146 4317.2 55.05 0.786373 0.00178487 0.620503 0.00290864 
128 66.3082 0.453767 4471.64 59.7803 0.791482 0.00291126 0.628361 0.00461037 
129 67.0869 0.713006 4585.31 99.8061 0.789816 0.00234828 0.625699 0.00365861 
130 67.7577 0.612603 4668.72 81.5312 0.789353 0.0027368 0.624838 0.00429325 
131 68.5269 0.783625 4777.7 107.188 0.791793 0.00319389 0.628765 0.00500833 
132 68.2456 0.470403 4741.47 66.6792 0.787613 0.00145335 0.622222 0.00230792 
133 69.2612 0.545974 4883.18 77.936 0.790228 0.00193697 0.626372 0.00305854 
134 69.4917 0.434424 4913.59 62.4847 0.788075 0.00156152 0.622927 0.00247408 
135 70.0373 0.432033 4991.18 61.5828 0.789245 0.00139873 0.624793 0.00219016 
136 70.6131 0.507591 5075.9 73.6649 0.788432 0.00182751 0.623501 0.00288349 
137 71.5787 0.606747 5213.23 89.4341 0.790693 0.00185106 0.62706 0.00292978 
138 72.0839 0.573383 5289.01 85.6985 0.789877 0.00179701 0.625744 0.00285208 
139 73.048 0.663925 5429.33 101.688 0.792207 0.00214817 0.629501 0.00343908 
140 73.4664 0.418929 5482.54 64.0569 0.790236 0.00147902 0.626165 0.00236694 
141 74.8954 0.7941 5703.12 124.511 0.794288 0.00268291 0.632733 0.00431088 
142 74.801 0.398004 5679.22 59.1688 0.789963 0.00129849 0.625717 0.00207404 
143 75.2524 0.590603 5752.4 90.0043 0.791874 0.00316405 0.629013 0.00519161 
144 76.2031 0.525221 5889.79 75.8272 0.789639 0.00116802 0.625088 0.00189161 
145 77.809 0.981066 6146.18 152.938 0.794233 0.00245137 0.632444 0.00393129 
146 78.616 1.04591 6259.87 156.056 0.790824 0.00106007 0.626696 0.00173271 
147 79.1374 0.972811 6353.71 149.245 0.791668 0.00129014 0.628166 0.00207979 
148 81.919 1.58533 6796.47 249.979 0.790908 0.0013764 0.626628 0.00221028 
149 78.5898 0.416934 6272.46 66.0759 0.791123 0.00154917 0.627621 0.00248127 
150 79.9181 0.477494 6481.89 76.311 0.793044 0.00138902 0.630534 0.0022009 
151 80.1839 0.390278 6527.44 63.0406 0.792601 0.00160834 0.629894 0.00261998 
152 81.3034 0.638373 6713.32 105.744 0.793752 0.00167575 0.631665 0.00268617 
153 81.054 0.407355 6668.62 66.1567 0.793313 0.00140962 0.630961 0.00227375 
154 81.8098 0.613084 6792.87 100.326 0.793441 0.00172032 0.631135 0.00276768 
155 82.4316 0.714342 6900.59 118.558 0.794821 0.00243527 0.633354 0.00392915 
156 83.3464 0.871644 7044.86 143.046 0.795664 0.00223882 0.634558 0.00355137 
157 82.9781 1.17933 6983.89 201.984 0.794769 0.00233225 0.633083 0.00380369 
158 84.3606 0.8125 7213.15 139.983 0.794395 0.00178983 0.632442 0.00286514 
159 85.1177 0.748717 7352.19 129.914 0.794707 0.00198323 0.633154 0.00321636 
160 85.8516 0.847959 7473.24 147.579 0.795052 0.00166502 0.633584 0.00265448 
161 86.3695 0.788729 7569.94 138.856 0.794197 0.00235068 0.632377 0.0037853 
162 87.8506 1.19042 7829.7 212.796 0.794234 0.0024603 0.632277 0.00389524 
163 87.54 0.69311 7772.2 122.934 0.795284 0.00159435 0.634023 0.00256412 
164 88.3698 0.87799 7919.99 158.115 0.795411 0.00137617 0.63414 0.00221954 
165 88.6547 0.617319 7967.83 111.901 0.795454 0.00164651 0.634252 0.00265402 
166 89.266 0.576829 8073.44 104.67 0.796667 0.00184567 0.636137 0.00297952 
167 89.9554 0.592942 8203.18 107.708 0.795441 0.00151485 0.634201 0.00241511 
168 90.915 0.609128 8377.12 112.072 0.796941 0.00149288 0.636556 0.00238788 
169 91.0149 0.582992 8393.91 106.096 0.795559 0.00144286 0.634344 0.00231277 
170 91.956 0.605675 8568.26 113.096 0.79757 0.00142005 0.637547 0.00228821 
171 92.142 0.613353 8600.79 111.733 0.795919 0.00158295 0.63486 0.00254098 
172 93.3363 0.841564 8829.49 160.715 0.797684 0.00244794 0.637724 0.00398821 
173 93.7587 0.756982 8903.78 140.752 0.797335 0.00147082 0.637086 0.00238972 
174 94.472 0.659708 9037.71 124.544 0.79868 0.00156876 0.639294 0.00250433 
175 95.2986 0.687385 9196.23 131.84 0.800624 0.0028088 0.642548 0.00461965 
176 95.584 0.947842 9260.56 188.381 0.797695 0.00141295 0.6377 0.00225793 
177 95.6487 0.620766 9265.22 118.695 0.796659 0.00164556 0.636032 0.00263482 
178 96.8562 0.690494 9508.11 138.552 0.79899 0.00181667 0.639809 0.00292409 
179 96.65 0.648251 9459.33 125.165 0.796638 0.00138503 0.635967 0.00221915 
180 97.8623 0.636764 9693.01 125.416 0.799056 0.00150484 0.639777 0.00240567 
181 98.4923 0.641275 9817.23 125.137 0.799228 0.00143302 0.640048 0.0022605 
182 99.5076 0.978766 10019 194.017 0.799539 0.00147586 0.640488 0.00231678 
183 99.2844 0.704995 9979.64 143.283 0.798501 0.00139768 0.63894 0.00223997 
184 100.266 0.684023 10168.3 138.047 0.800626 0.00145728 0.642285 0.00231962 
185 100.448 0.657281 10208.7 132.255 0.798541 0.00143688 0.638994 0.00228567 
186 101.421 0.664744 10394.9 130.908 0.800446 0.00174677 0.641923 0.00274599 
187 101.509 0.757289 10419 153.009 0.798945 0.0016196 0.639578 0.00258459 
188 103.294 0.672838 10782 134.078 0.801641 0.00160758 0.643834 0.00250853 
189 103.552 0.511895 10845.9 105.984 0.800277 0.0013726 0.641755 0.00218766 
190 104.669 0.785064 11082.6 163.285 0.802431 0.00160653 0.64523 0.00261036 
191 105.083 0.688308 11166.8 143.94 0.801921 0.00159637 0.644359 0.00260291 
192 105.895 0.905789 11340.6 193.566 0.802519 0.00202794 0.645334 0.00329979 
193 106.295 0.881695 11426.4 187.895 0.803162 0.00244341 0.646382 0.00399973 
194 106.815 0.663049 11534.9 141.361 0.801999 0.00130784 0.644429 0.00209885 
195 107.381 0.791579 11662.4 170.796 0.802162 0.00138953 0.644718 0.00223538 
196 108.551 1.16766 11917.8 254.969 0.804521 0.00307073 0.648608 0.00500306 
197 108.929 1.01802 11996.7 223.248 0.804587 0.0031514 0.648696 0.0051391 
198 110.871 1.50608 12435.8 343.944 0.80765 0.0041068 0.653656 0.00674059 
199 109.614 0.640461 12147.9 139.538 0.802355 0.00175897 0.64506 0.00282265 
200 110.819 0.673198 12411.4 147.269 0.804121 0.00202535 0.647819 0.00325406 
201 110.537 0.515327 12348.9 112.635 0.802462 0.00150733 0.645183 0.00241881 
202 112.467 0.825727 12778 183.92 0.806145 0.0020805 0.651102 0.00339967 
203 112.896 0.943772 12887 220.849 0.806109 0.00237979 0.651117 0.00387267 
204 113.297 0.902545 12971.3 203.487 0.804643 0.00185693 0.648633 0.00296211 
205 112.883 0.888247 12872.3 196.853 0.804368 0.00405057 0.64841 0.00658131 
206 114.465 0.527663 13232.6 119.052 0.80439 0.00142599 0.648164 0.00230422 
207 114.886 0.690164 13332.7 156.648 0.804686 0.00203202 0.648707 0.0033004 
208 115.799 0.567526 13542 130.647 0.803817 0.00157657 0.647237 0.00254291 
209 116.564 0.76876 13730.3 180.787 0.805823 0.00226495 0.650496 0.00365746 
210 117.665 0.611067 13977.5 141.002 0.805883 0.00200856 0.65051 0.00324168 
211 117.486 0.667473 13938.6 153.295 0.805866 0.00197789 0.650495 0.00319043 
212 118.995 0.960766 14313 235.928 0.8061 0.00223962 0.650913 0.00360722 
213 119.289 0.724717 14374.5 169.57 0.806632 0.00239365 0.651805 0.00389027 
214 120.077 0.64763 14561 155.369 0.806005 0.00172448 0.650729 0.00277027 
215 120.049 0.867042 14555.4 206.064 0.804631 0.00207289 0.648572 0.0033129 
216 121.158 0.692943 14819 165.62 0.805783 0.00169412 0.650303 0.00273337 
217 121.201 0.735815 14838.9 173.78 0.805574 0.00196934 0.650089 0.00315894 
218 122.019 0.716778 15035.2 171.921 0.805178 0.00174879 0.649368 0.00279523 
219 121.869 0.812351 14998.7 193.078 0.804396 0.00193493 0.648134 0.00308766 
220 123.592 0.884371 15420.4 221.675 0.806627 0.00225266 0.651702 0.00364441 
221 123.812 0.762466 15483.9 188.419 0.806114 0.0020982 0.650959 0.0033769 
222 124.431 0.626317 15627 154.136 0.806704 0.00187566 0.65183 0.0030345 
223 126.202 1.27889 16089.4 336.076 0.809692 0.00347846 0.656773 0.005657 
224 126.475 0.821334 16143.1 208.456 0.809575 0.00246176 0.656512 0.00400947 
225 129.814 2.19495 17011.1 562.967 0.81761 0.00651486 0.669661 0.0106383 
226 130.636 2.39179 17214 621.014 0.818096 0.00657435 0.670361 0.010751 
227 138.616 3.17582 19349.8 837.236 0.835582 0.00818398 0.699092 0.0133945 
228 128.915 0.89534 16778.9 230.479 0.808654 0.00271604 0.655014 0.00440454 
229 129.415 1.30478 16899.7 331.896 0.808927 0.00420945 0.655381 0.00682731 
230 129.034 0.684292 16805.3 174.962 0.806006 0.00155565 0.650634 0.00249393 
231 129.92 0.74642 17032.7 190.592 0.806593 0.00168971 0.651558 0.00268914 
232 130.006 0.866571 17056.5 222.191 0.806127 0.00186824 0.650785 0.00299625 
233 131.236 0.889162 17389.7 231.788 0.806521 0.00201203 0.651485 0.00322098 
234 131.794 1.31253 17537.4 342.543 0.807424 0.00302477 0.652954 0.00485862 
235 131.445 1.16775 17448.3 300.664 0.805146 0.00255938 0.649255 0.00408824 
236 132.629 1.07763 17752.2 282.626 0.806954 0.0023664 0.652103 0.0037797 
237 131.752 1.87615 17553.9 473.338 0.801993 0.00409431 0.644271 0.00646327 
238 135.631 1.03682 18548.7 270.611 0.808952 0.00187207 0.65523 0.0029995 
239 135.823 1.60513 18610.4 409.551 0.807642 0.00254017 0.653073 0.00398275 
240 136.993 0.881425 18930.9 241.724 0.809499 0.00171314 0.65612 0.00280406 
241 136.274 1.09277 18740.2 303.173 0.809196 0.00204695 0.655702 0.00332198 
242 137.868 1.107 19172.6 313.297 0.810009 0.00162173 0.656918 0.00264764 
243 137.429 1.24656 19067.9 352.116 0.810024 0.00196041 0.657069 0.00318137 
244 138.556 1.04521 19373.3 297.339 0.810084 0.00170827 0.6571 0.00278374 
245 138.021 1.1943 19230.1 337.635 0.80964 0.00151824 0.656377 0.00250789 
246 139.199 1.34107 19552.4 380.59 0.810601 0.00179354 0.65789 0.00292242 
247 138.358 1.65326 19314.2 444.278 0.81064 0.00185121 0.657887 0.00300965 
248 139.736 1.7916 19700.8 499.829 0.812878 0.00214971 0.661465 0.00342787 
249 136.555 2.0925 18783.2 590.18 0.811469 0.00121551 0.658985 0.00197243 
250 137.921 2.53456 19188.6 713.044 0.812391 0.00179395 0.660586 0.0028978 
251 137.053 2.28351 18928 643.852 0.813037 0.0018339 0.661529 0.00294079 
252 139.158 2.7516 19515.4 790.066 0.815774 0.00156518 0.66599 0.0025316 
253 139.119 2.68861 19491.3 776.66 0.817831 0.00180473 0.66929 0.002923 
254 142.21 1.81757 20346.4 534.436 0.817503 0.00204938 0.668805 0.00328714 
255 146.949 1.29046 21761.8 378.195 0.81341 0.00321932 0.662506 0.00530021 
256 150.453 1.95828 22796.3 572.888 0.822289 0.00493161 0.677002 0.00803837 
257 150.086 1.5085 22697.7 449.96 0.820141 0.00459499 0.673611 0.0075602 
258 155.488 2.35806 24323.2 702.708 0.830325 0.00543307 0.690186 0.00888041 
259 151.073 1.73972 23004.8 518.688 0.817064 0.0044811 0.668452 0.00732401 
260 156.975 2.83578 24798.5 859.005 0.828854 0.00627107 0.687706 0.0102534 
261 153.09 1.67872 23612.8 509.534 0.816071 0.00455003 0.666786 0.0074867 
262 160.553 2.77631 25948.1 849.408 0.832872 0.00529943 0.694354 0.00866242 
263 150.646 1.3424 22890.7 409.423 0.813812 0.00247576 0.663172 0.00402881 
264 151.387 1.59128 23128.5 464.295 0.814736 0.00276483 0.66466 0.00446017 
265 151.982 1.25146 23298.2 378.652 0.814789 0.00243776 0.664713 0.00396355 
266 152.771 1.49519 23557.6 425.94 0.814604 0.00289528 0.664458 0.00468517 
267 153.28 1.85578 23717 552.846 0.81533 0.00389007 0.665677 0.00634619 
268 153.502 1.85908 23803.1 523.328 0.814494 0.00381504 0.664357 0.0061781 
269 155.36 1.59491 24341 471.848 0.815502 0.00317142 0.665893 0.00511633 
270 157.276 2.31628 24994.7 755.36 0.818955 0.00482293 0.67172 0.00807169 
271 156.903 1.31044 24827.9 393.142 0.814114 0.00205706 0.66353 0.00336949 
272 156.794 1.608 24819.1 496.908 0.815523 0.00257643 0.665957 0.00418351 
273 156.285 2.53592 24668.7 769.59 0.814286 0.00381718 0.663943 0.00616855 
274 156.74 2.13576 24812.6 615.318 0.814274 0.00348853 0.663913 0.00560436 
275 155.331 1.66082 24333 505.347 0.811393 0.00286909 0.659032 0.00461119 
276 157.827 2.61278 25155.7 754.458 0.814247 0.00425959 0.663804 0.00678196 
277 157.127 2.01043 24946.6 586.243 0.811214 0.00303472 0.658929 0.00484671 
278 158.072 2.66689 25244.2 767.015 0.812716 0.00381835 0.661359 0.00604314 
279 154.02 4.41623 24088.1 1279.74 0.805304 0.0063857 0.649612 0.0101693 
280 156.852 4.71147 24937.5 1378.86 0.809454 0.00682164 0.656258 0.0108767 
281 153.439 6.44519 23949.2 1882.01 0.803857 0.0104762 0.647429 0.016635 
282 157.943 5.73635 25399.7 1767.01 0.811048 0.00986725 0.659281 0.016092 
283 159.229 4.08264 25709.2 1234.28 0.809504 0.00658347 0.656418 0.0105865 
284 160.038 3.47991 25926 1046.46 0.810508 0.00563029 0.657899 0.0090083 
285 163.929 1.39209 27073 450.148 0.81547 0.00347591 0.665752 0.0056363 
286 164.476 1.68578 27266.1 528.533 0.816119 0.00332231 0.666864 0.00538913 
287 165.549 1.27665 27589.9 415.337 0.815316 0.00347168 0.66548 0.00566637 
288 165.703 1.66197 27666.8 531.134 0.81491 0.00311831 0.664803 0.00504241 
289 167.11 1.49061 28119.5 500.609 0.816565 0.00420845 0.667577 0.00689373 
290 166.817 1.36813 28010.2 443.042 0.817224 0.00326056 0.668573 0.00530906 
291 168.386 1.33343 28523.1 438.276 0.816334 0.00415007 0.667171 0.00673312 
292 170.032 1.37142 29068.2 456.186 0.819646 0.00412959 0.672505 0.00673732 
293 169.701 1.2406 28955.7 412.144 0.818031 0.00413557 0.669857 0.00675563 
294 170.597 1.35301 29260.7 463.532 0.817809 0.00322994 0.669455 0.00525359 
295 171.573 1.34007 29610.6 463.194 0.81787 0.00336804 0.669591 0.00548043 
296 171.918 1.75437 29717.8 615.005 0.818209 0.00340095 0.670101 0.00557176 
297 172.364 1.56718 29888 558.658 0.817672 0.00343476 0.669255 0.00570188 
298 173.369 1.70592 30215.9 597.851 0.818097 0.00353716 0.669889 0.00577017 
299 172.753 1.17041 30007.5 409.83 0.814333 0.00293769 0.663828 0.00476891 
300 176.108 1.53371 31178.4 539.743 0.820115 0.00322488 0.673198 0.00526061 
301 174.507 0.932177 30606.5 338.936 0.814846 0.00281525 0.664594 0.0045616 
302 176.299 0.941236 31233.9 343.713 0.818584 0.00221804 0.670622 0.00361733 
303 176.936 1.20623 31467.1 420.481 0.817796 0.00284585 0.669365 0.00460389 
304 177.958 0.945967 31812.6 337.2 0.819675 0.00187849 0.672362 0.0030355 
305 178.614 1.45811 32058.6 515.563 0.818998 0.00308561 0.671305 0.00500897 
306 180.039 1.61367 32556.4 584.314 0.820261 0.00288512 0.673303 0.00470603 
307 179.913 1.1626 32513.1 402.86 0.818385 0.00236593 0.670255 0.00382089 
308 180.607 1.02669 32747.5 365.54 0.819295 0.00184667 0.671673 0.00298945 
309 181.25 1.2281 32994.1 443.101 0.818761 0.00220743 0.670865 0.00359273 
310 182.282 1.27672 33357.6 457.788 0.819752 0.0022517 0.672418 0.00364864 
311 182.569 1.29072 33463.2 463.046 0.818968 0.00252391 0.671159 0.00410727 
312 183.313 1.07545 33724 372.177 0.819549 0.00240477 0.672068 0.00390384 
313 184.679 0.998441 34228.1 363.783 0.820476 0.00189922 0.673585 0.00304695 
314 186.089 1.38343 34751.5 497.101 0.822438 0.00255503 0.676808 0.00417026 
315 189.638 2.37019 36070.3 863.141 0.825502 0.0037729 0.681778 0.00613045 
316 187.144 1.26324 35138.4 453.412 0.821456 0.00235918 0.675161 0.00383442 
317 188.169 1.30365 35523.7 475.78 0.821397 0.00210404 0.67507 0.00343529 
318 188.674 1.39567 35718.5 507.311 0.82175 0.0025657 0.675659 0.00416457 
319 188.756 1.21709 35747.9 441.774 0.821836 0.00259042 0.675813 0.00422747 
320 191.454 1.60448 36776.4 605.371 0.823956 0.00246187 0.679271 0.00400457 
321 190.551 1.32087 36418.6 484.693 0.822659 0.00301751 0.67714 0.00491654 
322 193.532 1.46798 37550.3 540.287 0.826481 0.00297289 0.683376 0.00485299 
323 192.801 1.27298 37268.6 464.157 0.82396 0.00333719 0.679251 0.00545931 
324 194.83 1.38752 38048.9 514.795 0.82501 0.00253308 0.680925 0.00412214 
325 194.317 1.09268 37857 387.243 0.824139 0.0023259 0.679515 0.00380699 
326 196.614 1.11255 38735.6 411.25 0.825622 0.00221495 0.681904 0.00361099 
327 198.945 1.43023 39646.7 537.14 0.828894 0.00349852 0.687309 0.00576169 
328 199.796 1.56154 39981 599.861 0.828371 0.00242761 0.686397 0.00396965 
329 199.8 1.26264 39972.1 475.573 0.828094 0.0019912 0.685897 0.00321699 
330 201.582 1.40375 40692.8 535.844 0.828783 0.00212694 0.687037 0.00344211 
331 199.9 1.10179 40028.3 416.738 0.828501 0.00272913 0.686662 0.0044431 
332 201.367 1.0977 40617 421.4 0.828766 0.00227818 0.687057 0.00372201 
333 198.646 1.22593 39545 473.619 0.824142 0.00272555 0.679476 0.00444765 
334 201.256 1.38495 40581.2 535.013 0.826698 0.00309715 0.683679 0.0050883 
335 201.46 1.39499 40680.4 547.325 0.826108 0.00375304 0.682767 0.00614372 
336 203.778 1.77657 41618.9 706.455 0.829214 0.00346975 0.687888 0.0057149 
337 202.378 1.11456 41046.3 433.865 0.825009 0.00228349 0.6809 0.00371154 
338 204.615 1.31336 41944.5 523.621 0.827697 0.00228065 0.685319 0.00373556 
339 205.7 1.30697 42391.5 527.938 0.828885 0.00251389 0.687292 0.00413474 
340 207.348 1.40617 43063.7 556.162 0.82926 0.00308177 0.687874 0.00505515 
341 206.445 1.04165 42671.6 401.716 0.824883 0.00190491 0.680597 0.00307595 
342 208.046 1.32842 43334.2 528.723 0.825198 0.00197809 0.681081 0.00321728 
343 205.62 1.1714 42360.5 450.248 0.822765 0.00185336 0.677174 0.00297994 
344 207.695 1.33376 43211 527.1 0.823818 0.00167706 0.67887 0.00270357 
345 208.483 2.40262 43575.3 971.907 0.822408 0.00258376 0.676617 0.0041602 
346 210.078 2.19481 44230.4 909.579 0.822758 0.00264547 0.677157 0.00429365 
347 209.396 1.53243 43928.6 622.988 0.82201 0.00172978 0.675898 0.00278901 
348 211.378 0.968253 44741.4 392.054 0.824235 0.00142576 0.679515 0.00232034 
349 211.225 1.28392 44682.5 530.182 0.82628 0.00213854 0.682932 0.00350138 
350 213.984 1.72069 45846.5 724.916 0.827344 0.00225342 0.684637 0.00370476 
351 213.845 2.23825 45789.7 943.345 0.827147 0.00312983 0.684319 0.0051403 
352 216.48 1.94968 46926.1 830.813 0.827712 0.00268801 0.685252 0.00442399 
353 213.669 1.20215 45745.8 484.973 0.825286 0.00191637 0.681326 0.00309904 
354 215.165 1.75827 46382.3 723.43 0.826111 0.00187719 0.682674 0.00300383 
355 213.005 1.08035 45461.7 438.319 0.822914 0.0018147 0.677449 0.00294274 
356 215.438 1.5368 46489.3 627.095 0.826483 0.00229533 0.683297 0.00370318 
357 216.547 1.99935 46975.5 827.902 0.827786 0.00310046 0.685465 0.00501649 
358 219.308 1.21857 48157.2 509.299 0.829643 0.0021535 0.688478 0.00351504 
359 222.228 1.44353 49438.3 611.551 0.831299 0.00190769 0.691182 0.00311988 
360 224.67 1.6422 50532.5 706.56 0.832576 0.00186567 0.693298 0.00305197 
361 223.397 1.89241 49990.6 811.984 0.832769 0.00264425 0.693688 0.00433785 
362 225.088 2.13317 50761.3 934.046 0.832968 0.00247436 0.694013 0.00406885 
363 217.006 2.11368 47258.5 906.211 0.821775 0.00236151 0.675684 0.00386074 
364 217.373 1.60369 47415.1 680.462 0.822296 0.00197241 0.67653 0.00322504 
365 217.255 1.88583 47368.4 808.121 0.820689 0.00189212 0.673894 0.00309097 
366 219.252 1.98833 48251 854.083 0.822158 0.0023511 0.676308 0.00383944 
367 220.194 2.43534 48673.9 1074.35 0.82267 0.00238447 0.677139 0.00392038 
368 220.341 2.38287 48734.3 1026.73 0.822309 0.00233914 0.676541 0.00381316 
369 220.23 2.03904 48668.9 905.692 0.82149 0.00215217 0.675164 0.00354519 
370 221.599 2.0731 49247.4 912.877 0.821279 0.00212848 0.67478 0.00350203 
371 222.065 1.38343 49429.1 601.514 0.821102 0.00112784 0.674426 0.00184488 
372 224.398 1.6945 50471.7 735.404 0.821952 0.00125565 0.675813 0.00205821 
373 221.426 2.12746 49191.2 946.356 0.819106 0.00268274 0.671274 0.00441488 
374 222.975 2.44043 49863.1 1093.54 0.819166 0.00356805 0.671361 0.00587194 
375 223.109 1.77308 49887.4 793.346 0.815689 0.00325657 0.66561 0.00535465 
376 223.95 1.95009 50264.7 884.282 0.8149 0.00388264 0.664362 0.0063786 
377 223.902 1.34338 50230.1 610.669 0.812423 0.00418715 0.660298 0.00687279 
378 225.42 1.33325 50909.4 602.975 0.813112 0.00336121 0.661419 0.00551568 
379 225.729 2.40512 51139.4 1077.71 0.824652 0.00166394 0.68032 0.00271498 
380 227.635 2.74821 51991.8 1232.75 0.824703 0.00193776 0.680406 0.00316759 
381 227.342 2.66085 51840.1 1193.43 0.825174 0.00121543 0.681125 0.00195937 
382 231.988 2.42769 53957.6 1089.83 0.826185 0.00151339 0.682772 0.00246468 
383 226.341 3.84705 51447.1 1744.71 0.825609 0.00177937 0.68192 0.00291432 
384 230.62 3.33054 53390.6 1511.62 0.825694 0.00241738 0.682071 0.00396177 
385 228.403 2.90007 52359.6 1304.67 0.824523 0.00160996 0.680074 0.00261206 
386 230.792 3.05567 53462.5 1387.87 0.824969 0.00193895 0.680858 0.00318151 
387 227.071 4.47313 51775.4 2055.24 0.82616 0.00178461 0.682819 0.00292742 
388 230.418 3.21514 53321.3 1484.54 0.824338 0.00258027 0.679876 0.00421946 
389 228.318 3.8268 52338.8 1775.96 0.828229 0.00219166 0.686244 0.00357439 
390 231.016 3.33945 53590 1552.06 0.824727 0.00297424 0.680548 0.00484914 
391 228.862 3.97369 52575 1851.29 0.829613 0.00189748 0.688516 0.00310486 
392 234.688 3.16893 55274.6 1475.87 0.828736 0.00251884 0.687112 0.0041045 
393 233.637 3.61941 54772.6 1682.93 0.832518 0.00203549 0.693321 0.00331845 
394 239.21 3.47856 57398.4 1616.27 0.833015 0.00197716 0.69416 0.00324889 
395 230.533 3.22685 53334 1539.06 0.830303 0.00253915 0.689647 0.00414875 
396 235.598 3.48469 55742.3 1643.3 0.826885 0.00185929 0.68405 0.00306222 
397 231.624 3.35828 53845.3 1592.79 0.830035 0.00193233 0.689184 0.00316288 
398 237.851 4.23152 56798.1 2003.3 0.829092 0.0021999 0.687684 0.00360804 
399 236.562 3.43634 56149.2 1631.99 0.832314 0.00166616 0.692939 0.00272787 
400 241.961 3.67981 58746.2 1740.9 0.832327 0.00189411 0.692999 0.0031045 
401 235.021 4.28289 55454.7 2073.56 0.830639 0.00199747 0.690201 0.0032774 
402 239.287 3.32379 57502.8 1607.56 0.826308 0.00211386 0.683094 0.00346511 
403 236.44 3.56316 56112 1744.07 0.829599 0.00238027 0.688487 0.00387124 
404 240.974 3.33084 58329.8 1613.36 0.826569 0.00185618 0.683526 0.00304799 
405 238.774 4.73217 57258 2299.52 0.828989 0.0019045 0.687508 0.00312687 
406 243.929 3.5548 59737.8 1727.08 0.828742 0.00196232 0.687106 0.00324216 
407 241.614 4.10075 58620 2007.17 0.832273 0.00231169 0.692947 0.0038011 
408 247.166 4.68985 61342.6 2289.8 0.832226 0.0030282 0.692892 0.00500109 
409 239.381 3.69801 57499.9 1815.37 0.829842 0.00288825 0.688909 0.00470589 
410 244.56 3.95881 60064.9 1965.62 0.827437 0.00238916 0.684964 0.00393988 
411 242.608 3.52606 59085.7 1764.19 0.830535 0.00243942 0.690033 0.00400263 
412 246.343 3.84466 60942.9 1913.16 0.827899 0.00188759 0.685711 0.00311046 
413 243.023 3.68234 59273.4 1849.99 0.830034 0.00192806 0.689175 0.00316157 
414 246.947 3.53559 61241.6 1776.27 0.827422 0.00189997 0.684915 0.00313358 
415 243.456 3.8719 59471.3 1949.86 0.828922 0.0028655 0.687368 0.0046686 
416 249.799 4.13344 62699 2092.03 0.829054 0.0020369 0.687647 0.00337077 
417 246.569 3.29411 61022.7 1667.33 0.829498 0.0020601 0.688318 0.00338772 
418 249.997 3.60271 62749.8 1835.5 0.828056 0.00219269 0.685992 0.00362535 
419 248.191 3.10682 61803 1588.02 0.830183 0.00195212 0.689467 0.00322399 
420 252.182 3.40899 63835 1753.39 0.828603 0.00303747 0.686919 0.00504454 
421 251.907 3.21203 63674.8 1660.31 0.831684 0.00229694 0.692004 0.00380038 
422 255.034 3.32577 65294.4 1718.37 0.82938 0.00285369 0.688221 0.00475465 
423 254.845 3.27049 65201.7 1703.42 0.830976 0.00229612 0.690818 0.00379561 
424 257.413 3.58561 66505.5 1862.6 0.832065 0.00324221 0.69271 0.00539996 
425 255.175 2.98841 65311.6 1569.94 0.832573 0.00216141 0.693451 0.00356954 
426 258.049 3.93454 66818 2070.07 0.829844 0.00249562 0.688959 0.00414808 
427 260.591 4.595 68143.8 2464.98 0.836013 0.00321648 0.699193 0.00533088 
428 259.612 3.46232 67628.3 1839.39 0.830467 0.00286577 0.689998 0.00473829 
429 259.481 1.50063 67455.3 806.843 0.8368 0.00219651 0.700459 0.00363137 
430 260.619 3.03437 68231.6 1579.84 0.826289 0.00249313 0.683159 0.00412577 
431 262.797 3.2842 69374.2 1720.7 0.828196 0.00248755 0.686312 0.00411849 
432 262.217 3.60107 69064.3 1879.04 0.826517 0.00296747 0.683533 0.00491288 
433 264.108 3.96791 70068.3 2083.48 0.827602 0.00370572 0.685331 0.0061558 
434 266.563 3.8535 71432.6 2031.88 0.830032 0.00358131 0.689432 0.00591425 
435 264.488 3.41119 70282.5 1796.45 0.826818 0.00290997 0.684052 0.00481513 
436 264.335 3.50149 70217 1844.21 0.825769 0.00307109 0.682328 0.00506903 
437 269.383 4.38475 72927.5 2368.79 0.83036 0.00351487 0.689933 0.00584616 
438 267.591 4.0401 72001.7 2186.12 0.827123 0.0034934 0.684593 0.00580595 
439 267.79 3.43089 72043.3 1838.32 0.826832 0.00254468 0.684057 0.00419181 
440 266.247 3.36939 71230.3 1788.5 0.82432 0.00266458 0.679918 0.00437245 
441 266.088 3.75892 71161.5 1981.25 0.823895 0.0028697 0.67923 0.00468472 
442 266.454 4.01207 71379.4 2136.89 0.822847 0.00302856 0.677528 0.00496931 
443 269.373 2.93717 72836 1576.25 0.824761 0.0022266 0.680602 0.00366365 
444 269.807 3.41206 73048.9 1814.04 0.821662 0.00313183 0.675541 0.00508793 
445 270.927 4.03477 73659.5 2169.28 0.824387 0.00272162 0.679934 0.00444817 
446 275.084 3.44843 75879.6 1852.95 0.827116 0.00185784 0.684343 0.00303857 
447 272.908 2.9121 74738.5 1581.24 0.82777 0.00228308 0.685529 0.00378343 
448 273.198 2.77335 74934.8 1506.83 0.827445 0.00186278 0.685015 0.0030686 
449 274.818 3.01186 75789.3 1638.74 0.827343 0.00271335 0.684817 0.004488 
450 274.024 3.09295 75360.2 1680.86 0.826709 0.00253764 0.683785 0.00418656 
451 274.251 3.41087 75496.8 1883.19 0.825933 0.00330635 0.682515 0.00546773 
452 275.062 3.92585 75947 2185.92 0.826309 0.00384559 0.683129 0.0063564 
453 274.108 3.49321 75364.4 1952.11 0.823171 0.00409975 0.677918 0.00677948 
454 278.734 2.40556 77908.8 1309.51 0.831041 0.00328134 0.690923 0.00544344 
455 282.891 2.02831 80201 1107.84 0.836746 0.00347455 0.7004 0.00576715 
456 277.841 3.88082 77526.8 2150.25 0.826898 0.00274427 0.684148 0.00450172 
457 278.836 3.81265 78075 2102.07 0.826479 0.0023422 0.683426 0.00382392 
458 276.293 4.47762 76744.3 2422.09 0.825077 0.00318798 0.68113 0.00519998 
459 279.215 3.45597 78250.3 1924.32 0.826833 0.00196432 0.683935 0.00322303 
460 278.048 3.88705 77691 2110 0.825718 0.00294807 0.68217 0.00481598 
461 282.654 4.25209 80151.7 2385.13 0.828387 0.00311431 0.686472 0.00514825 
462 282.258 3.66743 79966.4 2072.84 0.827172 0.00229148 0.684501 0.00375537 
463 283.26 3.32651 80440.7 1901.55 0.827236 0.00241675 0.684541 0.00403464 
464 281.511 3.95472 79530.5 2204.88 0.825508 0.00277826 0.681754 0.00454475 
465 283.02 2.95269 80275.2 1649.46 0.824171 0.0017934 0.679434 0.002941 
466 282.35 2.52935 79924.9 1434.98 0.827536 0.00182804 0.685043 0.00299414 
467 285.852 2.71428 81907 1542.7 0.825544 0.00141531 0.681728 0.00233802 
468 284.416 4.06834 81190.9 2310.55 0.826424 0.0020979 0.683294 0.00343515 
469 286.602 4.40244 82474.7 2534.12 0.825957 0.00216444 0.682539 0.0035325 
470 285.643 3.69047 81899.1 2095.78 0.825323 0.00224345 0.681507 0.00368245 
471 287.04 4.15753 82696.1 2393.92 0.825539 0.00202043 0.681829 0.00329527 
472 286.403 4.22502 82328.6 2406.7 0.824506 0.00285847 0.680121 0.00467795 
473 288.281 3.5915 83385 2066.34 0.825934 0.00208131 0.682462 0.00339873 
474 287.338 3.73168 82846.4 2144.94 0.825435 0.00265592 0.681645 0.00434335 
475 290.192 3.73855 84486.2 2173.85 0.825875 0.00217714 0.682356 0.00356026 
476 288.445 2.50192 83426.5 1452.35 0.826292 0.00310546 0.683033 0.0050853 
477 291.639 3.34977 85341.3 1964.2 0.82545 0.00271571 0.681637 0.00446324 
478 292.044 3.57452 85569.2 2065.93 0.823883 0.00207908 0.679018 0.00342158 
479 292.617 5.32806 85955.4 3113.63 0.826215 0.00322388 0.682944 0.00526771 
480 292.051 3.96471 85610.5 2336.13 0.825269 0.00262165 0.681386 0.00429871 
481 294.55 4.33173 87084.2 2586.93 0.82604 0.00256202 0.682628 0.00420765 
482 292.565 3.45535 85882.7 2042.92 0.825441 0.00241815 0.681664 0.00397141 
483 294.426 4.21815 86993.4 2495.97 0.825139 0.00328677 0.68117 0.00539876 
484 293.638 3.33092 86509.5 1982.73 0.825305 0.0027541 0.681423 0.00452559 
485 294.473 3.66354 86994.7 2179.83 0.824679 0.00272486 0.680379 0.00446755 
486 292.804 4.65316 86099 2713.04 0.825557 0.00257897 0.681848 0.00421093 
487 296.313 5.31491 88157.5 3145.48 0.826182 0.0036442 0.682938 0.00591618 
488 295.278 3.64278 87504.3 2151.7 0.826674 0.00323018 0.683773 0.00524895 
489 298.636 5.99589 89596 3563.19 0.827921 0.0046069 0.685878 0.00747074 
490 297.063 3.20787 88506.7 1947.27 0.832281 0.00237211 0.692971 0.00386227 
491 298.276 4.03365 89292.6 2433.74 0.83169 0.00349712 0.69207 0.00566878 
492 297.536 1.80562 88618.7 1129.86 0.838184 0.00174004 0.702648 0.002872 
493 299.918 3.12624 90181.8 1920.82 0.832576 0.00207965 0.693393 0.00340531 
494 298.613 0.966666 89234.5 595.598 0.837265 0.00132289 0.70109 0.00217738 
495 304.058 4.98188 92743.4 3040.94 0.830984 0.00282452 0.690835 0.00466009 
496 301.992 3.70722 91421.9 2285.65 0.830826 0.00219091 0.690477 0.00359926 
497 304.485 4.48742 93093.6 2751.45 0.827196 0.00300372 0.684589 0.0049701 
498 304.955 3.39826 93319.7 2086.76 0.827578 0.00219855 0.685183 0.00363981 
499 306.815 4.35893 94505.3 2672.19 0.828859 0.00237201 0.687316 0.0039034 
500 306.788 4.72262 94493.7 2907.71 0.829207 0.00299878 0.687888 0.0049563 
501 309.353 4.62391 96075.4 2850.66 0.829867 0.00297884 0.688993 0.00491249 
502 307.871 4.02488 95133.8 2471.25 0.829358 0.00293817 0.688146 0.00484547 
503 307.778 6.64975 95115.6 4096.86 0.826871 0.00515979 0.684046 0.00852271 
504 311.62 4.41678 97499.9 2724.91 0.831542 0.00322009 0.69181 0.00531088 
505 317.739 6.10925 101389 3806.06 0.835109 0.00499513 0.697783 0.00827972 
506 313.179 6.07573 98447.6 3771.29 0.832059 0.00444486 0.692646 0.00734317 
507 317.212 5.12142 101018 3206.84 0.834853 0.00462039 0.697337 0.00768769 
508 314.312 5.50819 99169.7 3466.9 0.833329 0.00446737 0.694736 0.00745856 
509 328.893 5.54156 108460 3510.07 0.845707 0.00485858 0.715473 0.0081322 
510 314.453 7.94751 99251.2 5055.13 0.833026 0.00596293 0.694186 0.00998217 
511 335.781 4.20433 112962 2707.78 0.849627 0.00409251 0.722035 0.0068758 
512 310.852 4.2761 96854.3 2743.33 0.829384 0.00242431 0.688005 0.00406471 
513 328.008 5.60312 107967 3577.38 0.8379 0.00402589 0.702336 0.00668843 
514 325.293 6.95477 106257 4422.92 0.8366 0.00506743 0.700231 0.00840641 
515 325.759 5.91194 106496 3815.35 0.837285 0.0045393 0.701324 0.00758275 
516 328.869 6.56623 108529 4226.2 0.839382 0.005298 0.704876 0.00881987 
517 337.277 4.65896 114094 3063.83 0.845197 0.00412264 0.714629 0.00692055 
518 326.525 5.19283 107032 3347.77 0.834936 0.00349938 0.697413 0.00580731 
519 330.992 6.17285 109952 4012.84 0.837356 0.00439555 0.701441 0.00731131 
520 327.481 5.06304 107651 3266.79 0.834578 0.00324368 0.696809 0.00536806 
521 329.067 4.63137 108664 3006.61 0.834518 0.0029327 0.696689 0.00485484 
522 328.894 5.00017 108566 3241.4 0.83441 0.0033324 0.696533 0.00551159 
523 329.333 5.05492 108830 3267.1 0.833382 0.00307969 0.694774 0.00508896 
524 330.347 5.27428 109554 3449.89 0.834564 0.00321765 0.696782 0.00533083 
525 330.428 5.07063 109563 3297.86 0.833735 0.00314788 0.695375 0.00520232 
526 329.541 5.7174 109015 3711.12 0.833385 0.00348923 0.694802 0.00577584 
527 334.604 5.06317 112275 3341.19 0.835668 0.00294995 0.698541 0.00489115 
528 335.871 5.0858 113207 3352.06 0.836489 0.00329082 0.69997 0.00545154 
529 337.292 6.33269 114165 4177.94 0.836499 0.00362362 0.699968 0.00600411 
530 338.717 6.28996 115143 4165.02 0.837473 0.00336108 0.701603 0.00556997 
531 338.031 3.84309 114509 2542.27 0.835213 0.00218791 0.697724 0.00362753 
532 341.077 5.65981 116700 3752.4 0.838818 0.00308402 0.703835 0.00510608 
533 343.776 5.86539 118581 3889.62 0.838652 0.00299663 0.703533 0.00495877 
534 342.625 5.43184 117800 3621.94 0.838758 0.0029025 0.703735 0.00481269 
535 344.306 6.47135 119063 4252.11 0.839074 0.00366306 0.704266 0.00607873 
536 345.163 6.4756 119596 4310.78 0.839314 0.00361655 0.704675 0.00599689 
537 350.871 4.63504 123406 3131.22 0.84217 0.00273579 0.709416 0.00454413 
538 350.248 4.70036 123003 3182.6 0.841294 0.00301026 0.707971 0.0049975 
539 355.902 3.63689 126862 2468.02 0.843942 0.00216715 0.712339 0.00360116 
540 356.08 3.55237 127027 2418.73 0.843487 0.00212289 0.711596 0.00352315 
541 359.045 2.61853 129098 1782.55 0.844644 0.00153826 0.713516 0.00255306 
542 358.624 3.18309 128820 2194.09 0.844344 0.00185458 0.713026 0.0030828 
543 365.654 1.857 133809 1276.28 0.846904 0.0010929 0.717297 0.00181574 
544 362.437 2.36171 131487 1633.37 0.845574 0.00146594 0.715065 0.00244239 
545 368.266 2.18055 135744 1542.48 0.847348 0.00113659 0.718059 0.00190114 
546 362.013 3.48035 131279 2418.04 0.845506 0.00214386 0.71502 0.00356617 
547 369.689 2.80479 136820 1994.67 0.849442 0.00170296 0.721633 0.00285084 
548 365.864 3.25603 134071 2290.05 0.847491 0.00201957 0.718365 0.00336446 
549 370.432 3.15014 137392 2241.35 0.849207 0.00206065 0.721254 0.00344681 
550 369.535 3.64761 136749 2572.39 0.848151 0.00221038 0.719468 0.00368496 
551 375.353 3.50643 141079 2513 0.851096 0.00252869 0.724469 0.00423699 
552 367.376 3.94615 135226 2798.64 0.845612 0.00236914 0.715197 0.00394512 
553 367.124 3.37461 134999 2370.45 0.845088 0.00242059 0.714301 0.004027 
554 369.905 3.15212 137032 2247.95 0.84693 0.00175157 0.717396 0.00291678 
555 372.295 2.33229 138725 1651.51 0.847753 0.00196985 0.718761 0.00329261 
556 371.306 3.57746 138106 2538.46 0.845628 0.00228126 0.715211 0.00379374 
557 373.416 2.99985 139592 2129.94 0.846312 0.00220265 0.716336 0.00366471 
558 376.227 2.11911 141672 1510.58 0.847447 0.00146059 0.718235 0.0024318 
559 379.611 1.43899 144169 1044.63 0.84927 0.00111742 0.721298 0.00187074 
560 380.783 1.6603 145081 1205.23 0.849531 0.00110174 0.721747 0.00184435 
561 386.345 0.783738 149287 588.884 0.851624 0.000551472 0.725277 0.000931455 
562 380.581 2.65634 144976 1925.43 0.848188 0.00168997 0.719495 0.00281893 
563 378.73 4.10503 143661 2960.51 0.845766 0.00291802 0.715448 0.00485415 
564 384.168 2.84706 147719 2094.72 0.849021 0.00174556 0.720907 0.00291767 
565 378.181 3.69233 143243 2670.36 0.845036 0.00247959 0.714204 0.00412407 
566 375.925 5.14355 141650 3711.89 0.843553 0.00332552 0.711755 0.00552849 
567 379.372 3.73059 144177 2696.63 0.844606 0.00250704 0.713493 0.00416447 
568 378.539 4.76143 143564 3448.29 0.844781 0.00306885 0.713802 0.00510654 
569 380.144 5.01925 144816 3602.59 0.844248 0.00304943 0.712895 0.00505631 
570 376.751 5.25913 142318 3810.48 0.842434 0.00336977 0.709885 0.00559604 
571 381.254 4.7745 145667 3447.47 0.843818 0.00279781 0.712171 0.00464013 
572 379.463 5.17655 144284 3761.34 0.842774 0.00355633 0.710434 0.00590112 
573 382.312 4.36748 146395 3208.73 0.842663 0.00374797 0.710231 0.00623402 
574 378.705 5.00899 143770 3643.17 0.841676 0.0035167 0.70861 0.005834 
575 383.038 4.34496 146984 3179.26 0.84327 0.00292591 0.711265 0.0048487 
576 379.939 5.56167 144699 4049.31 0.841961 0.00386986 0.709093 0.00641323 
577 383.772 4.01844 147570 2957.95 0.843685 0.00252492 0.711967 0.00419358 
578 382.679 5.03966 146783 3688.73 0.843301 0.00372418 0.71136 0.00617481 
579 386.233 3.60002 149423 2666.66 0.844826 0.00261 0.713888 0.00435614 
580 382.782 4.93404 146854 3634.67 0.842129 0.00344632 0.70936 0.00571456 
581 385.61 4.12299 148968 3098.72 0.842523 0.00250309 0.709995 0.00415466 
582 384.257 5.21721 147988 3859.19 0.84188 0.00336667 0.708954 0.00557556 
583 386.742 4.4812 149921 3332.5 0.84216 0.00292861 0.709415 0.00485121 
584 384.721 4.34411 148335 3221.67 0.841961 0.00308071 0.709085 0.00510573 
585 388.653 4.35193 151348 3250.02 0.842355 0.00269903 0.709733 0.00447067 
586 387.894 4.9818 150772 3717.98 0.842299 0.00327393 0.70966 0.00542219 
587 390.922 4.09879 153065 3070.98 0.842815 0.00265796 0.710487 0.00440079 
588 389.076 5.42779 151716 4058.55 0.841425 0.00359431 0.708189 0.005951 
589 392.348 4.58772 154212 3449.53 0.842671 0.00306614 0.710257 0.00508026 
590 390.181 4.94114 152602 3711.09 0.841695 0.00339847 0.708642 0.00563222 
591 392.66 4.94129 154506 3718.69 0.842038 0.00353657 0.709215 0.00585966 
592 391.21 4.8307 153384 3639.75 0.84158 0.00295467 0.708441 0.00488945 
593 397.015 3.90329 157857 2956.08 0.843903 0.00261991 0.712309 0.00435172 
594 395.182 4.04137 156447 3060.87 0.842514 0.0026783 0.709981 0.00443996 
595 398.76 3.65111 159260 2797.28 0.843778 0.00236454 0.712102 0.00392853 
596 396.734 4.18156 157646 3191.62 0.842127 0.0026977 0.709318 0.00447624 
597 400.261 3.67143 160473 2831.82 0.843651 0.00224013 0.711884 0.00372527 
598 395.673 4.34799 156855 3333.42 0.841467 0.00227641 0.708221 0.00376958 
599 399.187 3.35378 159650 2559.73 0.842235 0.00198852 0.709505 0.00329501 
600 390.884 6.22117 153496 4621.79 0.836716 0.00399835 0.700431 0.00658144 
601 398.932 3.34274 159441 2557.99 0.842322 0.00205876 0.709655 0.00341374 
602 392.387 5.52094 154553 4200.64 0.837749 0.0031451 0.702109 0.00519902 
603 401.404 3.69942 161397 2859.83 0.842674 0.00183241 0.710238 0.00303514 
604 398.118 5.15078 158831 3965.9 0.841116 0.00315646 0.707645 0.00523154 
605 402.906 4.09421 162628 3183.49 0.842998 0.0019455 0.710778 0.00323064 
606 396.867 5.68573 157912 4397.14 0.840012 0.0028766 0.705801 0.00478372 
607 403.511 5.29136 163183 4123.19 0.842444 0.00244414 0.709847 0.00406328 
608 393.506 6.97903 155369 5390.46 0.839399 0.00249425 0.704749 0.00416948 
609 404.561 4.21959 163966 3310.5 0.842982 0.00197359 0.710765 0.00327379 
610 403.005 4.82909 162725 3759.83 0.841474 0.00304899 0.70824 0.00506653 
611 404.243 4.12457 163717 3230.6 0.842795 0.00231897 0.710449 0.00384684 
612 404.593 4.13315 164024 3257.47 0.843578 0.0019065 0.71177 0.00316947 
613 407.19 3.67799 166064 2897.97 0.842277 0.00191325 0.709562 0.00317391 
614 404.26 4.17786 163721 3289.13 0.842053 0.0020624 0.709193 0.00342398 
615 406.831 3.88569 165776 3083.01 0.842447 0.00212819 0.70984 0.00353737 
616 407.559 3.80854 166352 3016.07 0.841997 0.00166164 0.709076 0.00276089 
617 408.508 3.46556 167135 2761.89 0.842712 0.00171679 0.710279 0.00285742 
618 408.674 4.47274 167326 3563.23 0.843141 0.00206478 0.71103 0.00343881 
619 411.765 3.34205 169835 2676.12 0.843974 0.00164964 0.712418 0.00275322 
620 410.49 4.0887 168828 3270.13 0.844261 0.00193121 0.712921 0.00321912 
621 410.132 4.30894 168530 3441.46 0.842491 0.00193555 0.709935 0.0032135 
622 411.458 3.75418 169608 3001.02 0.842672 0.00191757 0.710235 0.00318995 
623 413.502 3.45867 171277 2764.36 0.842471 0.0015731 0.709891 0.00261429 
624 413.616 3.68303 171363 2955.74 0.842053 0.00154048 0.709176 0.00256516 
625 413.469 4.30753 171279 3481.8 0.843192 0.00165263 0.711102 0.00275583 
626 416.849 3.95237 174040 3180.99 0.841866 0.00137461 0.708848 0.0022858 
627 414.53 4.99417 172193 4017.9 0.843004 0.00163348 0.710798 0.00270901 
628 415.474 4.99132 172981 4025.34 0.843841 0.00190004 0.712221 0.00315166 
629 415.439 4.58385 172949 3721.81 0.843249 0.00174193 0.71121 0.00290138 
630 413.071 5.40833 171018 4361.71 0.843671 0.00221158 0.711952 0.00367333 
631 416.714 4.9911 174032 4029.14 0.843635 0.00180021 0.711867 0.00299429 
632 413.367 5.52378 171300 4494.53 0.843885 0.00215745 0.71231 0.00358423 
633 416.202 5.57275 173685 4537.75 0.843511 0.00181534 0.711676 0.0030203 
634 414.723 5.78077 172443 4715.35 0.84318 0.00195481 0.711121 0.00324757 
635 416.726 5.76686 174128 4676.81 0.842351 0.00240174 0.709728 0.00398914 
636 417.113 6.23759 174454 5053.69 0.841869 0.00200201 0.708927 0.00332106 
637 415.958 6.45978 173518 5240.85 0.841719 0.00227269 0.708686 0.00377242 
638 415.59 5.62131 173161 4604.33 0.842633 0.00202093 0.710213 0.00335841 
639 417.515 6.20638 174804 5053.16 0.841638 0.00234125 0.708552 0.00388692 
640 419.681 4.80227 176469 3991.65 0.843849 0.00189398 0.71222 0.00316117 
641 422.157 4.48022 178504 3733.72 0.843964 0.00178107 0.712391 0.00298055 
642 421.419 4.63981 177918 3869.86 0.843406 0.00204654 0.711463 0.0034221 
643 424.963 3.96858 180882 3305.94 0.843406 0.00136921 0.711443 0.0022917 
644 424.161 4.35223 180214 3626.26 0.843093 0.00170076 0.710927 0.00283584 
645 429.55 4.5576 184762 3834.59 0.843888 0.0014165 0.712234 0.00237156 
646 426.057 4.00187 181820 3352.87 0.843561 0.00156611 0.711699 0.00262084 
647 431.298 3.47822 186226 2920.79 0.842169 0.00105604 0.709322 0.0017771 
648 430.993 4.27423 186014 3599.51 0.842719 0.00126036 0.710259 0.00210301 
649 438.139 2.35908 192086 2009.43 0.842902 0.000574751 0.710519 0.000968336 
650 425.818 4.33226 181618 3670.85 0.846445 0.00202777 0.716594 0.00341357 
651 435.322 3.02239 189717 2550.71 0.84416 0.00113447 0.712677 0.00189761 
652 428.544 5.14058 184021 4344.19 0.844442 0.00161794 0.713206 0.00270377 
653 432.05 4.66912 187015 3975.7 0.844354 0.00124345 0.713027 0.00207291 
654 425.846 4.79318 181689 4063.07 0.844164 0.00173016 0.712736 0.00288551 
655 427.636 4.76423 183215 4035.39 0.843659 0.00176591 0.711888 0.00293784 
656 428.403 4.7758 183884 4032.65 0.843561 0.00196972 0.711741 0.00327565 
657 430.52 4.52193 185688 3846.06 0.844362 0.00171321 0.713076 0.00285339 
658 429.374 4.9242 184732 4162.11 0.84349 0.0021666 0.711632 0.00360362 
659 432.716 4.73429 187584 4063.87 0.844747 0.00138732 0.713718 0.00231328 
660 431.553 4.92763 186624 4214.87 0.843925 0.00189135 0.712362 0.00315134 
661 434.304 5.43239 188998 4674.26 0.844304 0.00169879 0.712975 0.00283513 
662 431.131 5.03726 186257 4315.71 0.84433 0.00202735 0.71304 0.00337753 
663 434.207 5.25762 188951 4552.82 0.845135 0.00171208 0.714371 0.00285564 
664 429.888 4.93065 185175 4256.45 0.844123 0.00214781 0.712693 0.00358436 
665 431.318 4.89992 186370 4246.68 0.845092 0.0016437 0.714303 0.0027469 
666 432.109 4.92328 187065 4262.54 0.845239 0.00191783 0.714569 0.00320497 
667 433.992 4.55123 188668 3959.83 0.845588 0.00157112 0.715138 0.00263398 
668 435.226 4.85095 189774 4237 0.845952 0.00232652 0.715772 0.0039087 
669 435.593 4.8249 190099 4227.14 0.84601 0.00173488 0.715854 0.00290929 
670 436.206 6.13256 190735 5336.42 0.845165 0.00286898 0.714456 0.00479584 
671 434.978 5.2922 189590 4640.69 0.845528 0.00144555 0.71502 0.00242169 
672 441.567 5.95023 195425 5229.79 0.84637 0.00236448 0.716478 0.0039632 
673 443.343 5.46649 196968 4843.5 0.847491 0.00166791 0.718345 0.00280399 
674 440.066 6.26765 194154 5487.45 0.844879 0.0030556 0.713996 0.00509428 
675 443.856 5.61251 197443 4989.71 0.847215 0.00179102 0.717884 0.00300713 
676 438.469 5.92261 192715 5228.85 0.844663 0.00311442 0.713627 0.00520797 
677 440.665 4.76822 194555 4235.36 0.844722 0.00222419 0.713698 0.00373209 
678 440.984 6.30013 194924 5576.68 0.844763 0.00329345 0.713798 0.0055179 
679 441.236 5.68106 195099 5065.35 0.845575 0.00245734 0.715141 0.00413354 
680 443.575 6.40838 197200 5713.52 0.845467 0.0028303 0.714973 0.00475732 
681 444.791 5.93405 198257 5305.03 0.845933 0.00239637 0.71574 0.00403386 
682 445.69 5.3827 199041 4808.07 0.845865 0.00222017 0.715639 0.00372406 
683 447.615 5.49423 200728 4910.57 0.844415 0.00265599 0.713184 0.00447619 
684 445.637 5.57757 199008 5001.54 0.844276 0.00276733 0.712975 0.00463602 
685 446.806 5.37553 200009 4821.4 0.84459 0.0023044 0.713481 0.00387801 
686 446.074 5.90183 199408 5301.55 0.844857 0.00286985 0.713947 0.00480881 
687 449.125 5.96448 202109 5376.17 0.845415 0.00230306 0.71486 0.00388272 
688 453.331 6.53041 205983 5921.11 0.846358 0.00252463 0.716463 0.00424844 
689 449.838 5.19915 202720 4701.25 0.846271 0.00229374 0.716308 0.00386379 
690 451.168 5.42934 203966 4925.41 0.845621 0.00252299 0.715217 0.00424027 
691 451.067 4.48944 203823 4066.52 0.84613 0.00231137 0.71608 0.00389548 
692 450.62 4.21552 203423 3803.69 0.845541 0.00222106 0.715097 0.0037291 
693 450.941 4.6886 203729 4229.52 0.844745 0.0021614 0.71374 0.00364462 
694 450.419 5.38687 203263 4860.12 0.843042 0.00210764 0.710855 0.00353824 
695 450.083 5.48397 202952 4979.02 0.844362 0.00226085 0.713072 0.00380318 
696 454.334 6.08257 206851 5540.35 0.843467 0.0034692 0.711602 0.00583765 
697 454.077 5.68035 206591 5188.97 0.843879 0.00275258 0.712274 0.00464096 
698 456.055 5.87611 208406 5364.22 0.843878 0.00299253 0.712287 0.00502949 
