1.5 -1.959 131800000000
728.286 285.806
1 0 0 0 0 0.500068 4.52841e-05 0.500068 4.52841e-05 
2 0 0 0 0 0.500015 3.76912e-05 0.375025 4.17086e-05 
3 0 0 0 0 0.500014 3.40618e-05 0.33335 3.53922e-05 
4 0.208671 5.88804e-05 0.208671 5.88804e-05 0.540557 3.63417e-05 0.358127 3.99418e-05 
5 0.280475 5.45686e-05 0.280475 5.45686e-05 0.543626 3.63207e-05 0.347982 3.9974e-05 
6 0.583014 0.000123082 0.849158 0.000252537 0.571048 4.02374e-05 0.371246 4.68723e-05 
7 0.691586 0.000129283 1.04311 0.000249721 0.57173 4.20226e-05 0.365095 4.90279e-05 
8 1.08295 0.000251091 2.1929 0.000937953 0.593659 4.24279e-05 0.386589 5.17328e-05 
9 1.2364 0.000311404 2.6707 0.00115396 0.595224 5.07212e-05 0.384642 6.55617e-05 
10 1.64177 0.000464444 4.30932 0.00229914 0.610094 6.00564e-05 0.3997 8.07961e-05 
11 1.86403 0.000471748 5.33838 0.00238417 0.613571 5.85237e-05 0.401595 7.25215e-05 
12 2.27585 0.000671807 7.52921 0.00437731 0.624643 5.38398e-05 0.413319 7.05307e-05 
13 2.53204 0.000664991 9.05792 0.00428543 0.627671 5.72475e-05 0.415369 7.38808e-05 
14 2.97514 0.000842408 12.0661 0.00636702 0.637379 6.24271e-05 0.426273 8.25442e-05 
15 3.24742 0.000909137 14.0719 0.00784056 0.639652 6.18575e-05 0.427837 8.43681e-05 
16 3.71545 0.00114053 17.9511 0.0104889 0.647982 7.03435e-05 0.437477 9.395e-05 
17 4.00825 0.00127521 20.5671 0.0141121 0.650117 6.82201e-05 0.439245 9.1683e-05 
18 4.49079 0.0014942 25.3144 0.0174858 0.657307 7.35981e-05 0.447773 0.000101794 
19 4.8016 0.00193151 28.5767 0.0227228 0.659283 8.21391e-05 0.449572 0.000112009 
20 5.30376 0.00209642 34.3439 0.0269857 0.665748 0.000108841 0.457418 0.000148827 
21 5.62708 0.00307255 38.272 0.0426334 0.667427 0.000106127 0.458994 0.000149062 
22 6.14814 0.00274938 45.1518 0.0422801 0.673216 0.000113145 0.46619 0.000168066 
23 6.48503 0.00270517 49.8072 0.0415064 0.674679 0.000112471 0.467584 0.00015589 
24 7.01779 0.00351003 57.7626 0.0608407 0.679922 0.000119775 0.474189 0.000161987 
25 7.36145 0.00380506 63.119 0.0708449 0.681213 0.000120987 0.475484 0.000176687 
26 7.90443 0.00395144 72.1764 0.0708099 0.685998 0.000114952 0.481588 0.000166195 
27 8.2655 0.00415685 78.4854 0.0807357 0.687243 0.000121504 0.482887 0.000174007 
28 8.81499 0.00496929 88.6413 0.102799 0.69159 0.000141781 0.488531 0.00020522 
29 9.19556 0.0070389 96.0034 0.168193 0.692775 0.000199194 0.489804 0.000299062 
30 9.74106 0.00588255 107.081 0.131009 0.696579 0.000127402 0.494775 0.000185238 
31 10.1357 0.00755579 115.47 0.187082 0.697766 0.000161974 0.4961 0.000235312 
32 10.7056 0.00873045 128.146 0.216909 0.70138 0.000189401 0.500854 0.00026603 
33 11.0793 0.00745513 136.715 0.187807 0.702127 0.000158358 0.501597 0.000227258 
34 11.6598 0.00846663 150.772 0.222693 0.705741 0.000203023 0.506503 0.000300812 
35 12.0611 0.0136117 160.829 0.38284 0.706638 0.000256211 0.507498 0.000373195 
36 12.6408 0.0120433 175.982 0.337831 0.709671 0.00020889 0.511562 0.000307179 
37 13.0434 0.0129731 186.797 0.384088 0.710426 0.000192446 0.51239 0.00027631 
38 13.6252 0.00989799 203.179 0.307564 0.713481 0.000188919 0.516569 0.000278971 
39 14.0697 0.0204729 216.209 0.68609 0.714739 0.000306624 0.518187 0.000450399 
40 14.6541 0.013621 233.705 0.456132 0.717428 0.000240337 0.521861 0.000360538 
41 15.0768 0.0171765 246.809 0.566062 0.71812 0.000288657 0.52269 0.000427559 
42 15.6566 0.018684 265.455 0.670338 0.720335 0.000329861 0.525695 0.000497818 
43 16.1153 0.0291911 280.621 1.03516 0.721565 0.000558163 0.527312 0.00083085 
44 16.7127 0.0268279 301.087 1.03816 0.723886 0.000377132 0.530511 0.000570196 
45 17.1448 0.0238875 316.239 0.883975 0.72473 0.000534986 0.531567 0.00080787 
46 17.7727 0.0361408 339.141 1.41608 0.726843 0.000463484 0.534491 0.000706988 
47 18.2035 0.0367048 355.207 1.53285 0.72759 0.000445988 0.535454 0.000665262 
48 18.8338 0.0404398 379.432 1.70853 0.730199 0.00045881 0.539127 0.000681643 
49 19.2698 0.0325075 396.658 1.39094 0.730683 0.000386488 0.539703 0.000578665 
50 19.8987 0.0396372 422.443 1.91237 0.732682 0.000483197 0.542558 0.000758384 
51 20.2785 0.023753 437.693 1.05236 0.732564 0.000309202 0.542218 0.000467518 
52 20.9285 0.0326096 465.537 1.49758 0.73497 0.000369727 0.545632 0.000554828 
53 21.3915 0.030893 485.643 1.3905 0.735653 0.000404796 0.546538 0.000599059 
54 22.0482 0.0443496 515.355 2.20236 0.737878 0.000552322 0.54977 0.000866019 
55 22.5059 0.0354165 536.303 1.74295 0.738283 0.000404565 0.550238 0.000615527 
56 23.1544 0.0491732 567.168 2.57443 0.740066 0.000610724 0.55281 0.000939227 
57 23.4956 0.0322851 582.598 1.56679 0.739422 0.000325808 0.551662 0.000492122 
58 24.2362 0.0786312 619.81 4.43924 0.742361 0.00077236 0.555989 0.00118096 
59 24.6157 0.0436284 638.101 2.31548 0.741817 0.000418362 0.555044 0.00063844 
60 25.3134 0.0731687 674.076 4.25701 0.744426 0.000804155 0.558902 0.00126292 
61 25.7944 0.0565477 699.25 3.11775 0.744385 0.000428734 0.558713 0.000641743 
62 26.3835 0.0495897 730.505 2.67136 0.745711 0.000536572 0.560635 0.000809477 
63 26.8338 0.0601778 754.955 3.1303 0.745683 0.000439754 0.560493 0.000656037 
64 27.5431 0.0536703 794.921 2.97222 0.748192 0.000591609 0.564216 0.000881536 
65 28.0074 0.0761252 821.382 4.36357 0.74841 0.000693449 0.564429 0.00103636 
66 28.7102 0.0693866 862.094 4.02107 0.75054 0.000835555 0.567618 0.00125907 
67 29.1268 0.0515559 886.316 3.13598 0.750587 0.000513721 0.56756 0.000782039 
68 29.8993 0.0911518 933.606 5.93128 0.752414 0.000831171 0.570262 0.00127893 
69 30.4683 0.103062 968.987 6.76939 0.753408 0.000828616 0.571707 0.00126061 
70 31.4396 0.491126 1033.95 35.0782 0.755999 0.00286325 0.575558 0.00437156 
71 31.4402 0.0811513 1030.29 5.40752 0.753848 0.000744052 0.57225 0.00113859 
72 32.3817 0.319223 1094.13 23.5367 0.756834 0.00172602 0.576682 0.00263374 
73 32.5695 0.0756977 1103.59 5.33135 0.755482 0.000623955 0.574566 0.000952271 
74 33.2728 0.0922127 1151.21 6.65551 0.757172 0.000780878 0.57712 0.00121923 
75 33.7639 0.100989 1184.53 7.35073 0.757946 0.000767609 0.578249 0.00119457 
76 34.4899 0.0987977 1235.27 7.0393 0.760239 0.000913142 0.581706 0.00141296 
77 34.9306 0.0886709 1266.34 6.56463 0.759415 0.000733746 0.580379 0.00113024 
78 35.8499 0.159429 1333.24 11.9751 0.762622 0.00130874 0.585284 0.00202249 
79 35.9171 0.0682378 1337.13 5.17406 0.759602 0.000610358 0.580527 0.000937604 
80 36.6322 0.0780914 1390.22 5.70727 0.76076 0.000595889 0.582201 0.000925508 
81 37.1024 0.0787215 1425.4 6.20748 0.761613 0.000757418 0.583524 0.00117583 
82 37.8121 0.0811498 1478.99 6.35201 0.762312 0.000654258 0.584486 0.0010064 
83 38.3242 0.0802535 1518.49 6.31585 0.762402 0.000700769 0.584618 0.0010856 
84 38.9866 0.0915501 1570.12 7.3742 0.763404 0.000816812 0.586036 0.00127101 
85 39.7184 0.228317 1630.82 19.4336 0.766525 0.00164161 0.590903 0.00256691 
86 40.3113 0.172849 1678.66 15.827 0.765971 0.00124666 0.589962 0.00200925 
87 40.9015 0.244163 1728.07 21.3846 0.767204 0.00182791 0.591833 0.00287311 
88 41.8484 0.307816 1810.3 29.5332 0.77037 0.00251309 0.596823 0.00408349 
89 43.7073 1.33633 1978.12 122.759 0.776691 0.00713601 0.606459 0.0110993 
90 42.7775 0.272754 1886.53 24.1909 0.769628 0.00131666 0.595327 0.00200079 
91 42.8719 0.0914745 1893.01 8.18813 0.767947 0.000728233 0.59276 0.00113214 
92 43.7426 0.106951 1970.55 9.70614 0.769868 0.000783965 0.595689 0.00122082 
93 44.2833 0.13531 2017.98 12.752 0.770305 0.00137466 0.596275 0.00215861 
94 44.9117 0.123714 2074.32 11.2165 0.770619 0.00114877 0.596738 0.00181365 
95 45.8221 0.437032 2158.82 40.1875 0.774078 0.0037071 0.602159 0.0058409 
96 46.1518 0.144702 2189.22 12.9998 0.771949 0.00101061 0.598724 0.00154478 
97 47.8961 0.83977 2351.42 78.0505 0.776946 0.00327634 0.606066 0.0048537 
98 47.5646 0.226319 2326.29 23.6953 0.77414 0.00161564 0.60217 0.00255294 
99 47.9956 0.186904 2366.38 19.4762 0.774069 0.00195206 0.601952 0.00309011 
100 48.3973 0.178567 2402.91 18.2728 0.773439 0.00155248 0.600878 0.00242902 
101 49.481 0.34672 2508.02 32.9654 0.777465 0.00356258 0.607027 0.00552617 
102 49.7297 0.165443 2533.86 16.5093 0.775718 0.00181675 0.604272 0.0028157 
103 51.3015 0.749363 2689.35 71.6964 0.783076 0.00581647 0.615625 0.00894452 
104 51.5359 0.542688 2721.88 55.3226 0.779263 0.00301772 0.609781 0.00464853 
105 54.2107 1.26472 2999.35 131.066 0.791878 0.00720972 0.6293 0.0111603 
106 52.1915 0.14589 2790.65 16.0478 0.77716 0.000928712 0.60647 0.00145876 
107 52.5666 0.140039 2829.15 15.6099 0.77662 0.000935298 0.605574 0.00147552 
108 53.4178 0.188585 2919.01 20.6003 0.778456 0.00106036 0.608368 0.00165633 
109 54.0014 0.191147 2985.49 21.5966 0.778634 0.00119117 0.608694 0.00187439 
110 54.9684 0.401007 3093.48 48.5231 0.781974 0.00252338 0.614023 0.00410867 
111 55.9213 0.615065 3195.6 68.7686 0.783542 0.00372683 0.616306 0.00584083 
112 58.1752 1.91791 3488.41 241.871 0.792154 0.0102934 0.630799 0.0168863 
113 56.1135 0.181284 3220.06 21.5042 0.77892 0.000926837 0.609033 0.00145804 
114 56.9886 0.207792 3318.48 24.1476 0.780067 0.00125543 0.610757 0.00199333 
115 57.469 0.162538 3373.95 19.3487 0.780286 0.00109459 0.611077 0.00173657 
116 58.1821 0.191541 3458.49 22.2168 0.781517 0.00103662 0.612992 0.00163921 
117 58.7144 0.285726 3525.39 36.1763 0.78164 0.00162822 0.613277 0.00262056 
118 59.4908 0.280253 3617.06 35.1932 0.783164 0.00139943 0.615624 0.00221127 
119 59.7779 0.246672 3650.06 31.357 0.781672 0.00118001 0.613237 0.00185424 
120 60.4699 0.179052 3732.38 22.2946 0.782172 0.000946585 0.613968 0.00148268 
121 61.5259 0.332319 3866.86 43.7536 0.784095 0.00172178 0.616989 0.00272229 
122 61.7947 0.281538 3898.39 37.122 0.784154 0.00117807 0.617048 0.00187074 
123 62.5627 0.403255 3996.18 53.1059 0.784522 0.00146166 0.617592 0.002307 
124 62.9799 0.336342 4046.61 44.8856 0.785082 0.00154023 0.618458 0.00244103 
125 63.8461 0.327574 4159.27 43.9364 0.786546 0.0015123 0.620787 0.00240387 
126 64.7118 0.447523 4272.36 62.3777 0.788121 0.00185626 0.623188 0.00297227 
127 65.1457 0.519074 4327.28 73.8362 0.787633 0.00206462 0.622344 0.00332162 
128 65.8299 0.446118 4415.06 62.3424 0.787658 0.00183914 0.622291 0.00292708 
129 66.3075 0.608238 4487.9 88.4625 0.788053 0.00238188 0.623081 0.00383814 
130 66.907 0.608933 4560.93 87.8116 0.788085 0.00186982 0.62295 0.00295083 
131 67.4312 0.322204 4632.78 47.4174 0.789051 0.00118281 0.624518 0.00186944 
132 67.6886 0.350439 4663.17 50.9189 0.787568 0.00150887 0.622115 0.00238254 
133 68.9401 0.527986 4844.12 79.8115 0.790355 0.00177505 0.626574 0.00283468 
134 69.0236 0.35011 4844.93 50.4136 0.789222 0.00131348 0.624621 0.00206038 
135 69.8688 0.552038 4971.57 84.8236 0.789474 0.00186866 0.625105 0.00297581 
136 70.1791 0.34539 5007.45 50.4845 0.789482 0.00142988 0.625003 0.0022433 
137 70.9634 0.406936 5117.83 60.4012 0.790928 0.00204136 0.627271 0.00320775 
138 72.176 0.538026 5286.52 78.2354 0.794416 0.00291163 0.632679 0.0045629 
139 73.1272 0.776194 5430.82 111.45 0.794912 0.00357281 0.633514 0.00556713 
140 74.7362 0.768532 5668.9 114.774 0.798901 0.00325309 0.639737 0.00507837 
141 73.472 0.441235 5491.29 68.3442 0.791032 0.00159177 0.627499 0.00248348 
142 74.3134 0.33275 5603.46 50.5499 0.792306 0.00153943 0.629318 0.00242806 
143 74.9232 0.43979 5699.83 69.1256 0.79302 0.00177502 0.630518 0.00280201 
144 75.9271 0.477137 5849.53 74.6903 0.792307 0.00225732 0.629333 0.00361829 
145 76.517 0.443076 5947.14 68.4852 0.794433 0.00192819 0.632846 0.00304568 
146 77.0715 0.483605 6021.72 76.4296 0.792138 0.00231791 0.628984 0.00374679 
147 77.5256 0.810396 6106.52 131.934 0.79395 0.00288719 0.632094 0.00464845 
148 78.7015 0.522188 6268.89 77.4167 0.791401 0.00221175 0.6277 0.00364792 
149 78.8112 0.618546 6306.54 101.286 0.794086 0.00224913 0.632207 0.00361567 
150 80.5292 0.703743 6552.73 104.912 0.792345 0.002221 0.628971 0.00367891 
151 80.8053 1.0753 6625.85 177.842 0.79688 0.00364015 0.636545 0.00582575 
152 82.961 0.919489 6959.54 144.129 0.795331 0.00217182 0.633725 0.00356056 
153 81.7035 0.549866 6775.45 93.1807 0.79677 0.0020447 0.636433 0.00329539 
154 84.32 0.843951 7195.99 135.268 0.796826 0.00251594 0.636188 0.0041198 
155 82.8543 0.53933 6967.2 91.6929 0.797958 0.00195318 0.638304 0.00312941 
156 85.4031 0.84851 7390.86 143.271 0.804204 0.00339723 0.64822 0.00543409 
157 84.1458 0.585544 7183.71 101.464 0.798891 0.00210159 0.639796 0.00337502 
158 85.3823 0.489526 7392.04 84.9717 0.801053 0.00202945 0.643268 0.00325279 
159 85.6196 0.549283 7435.13 95.4823 0.799955 0.00208796 0.64149 0.00332742 
160 86.5943 0.849972 7598.99 142.185 0.801539 0.00370848 0.644 0.00588666 
161 86.1445 0.67313 7530.84 116.488 0.797503 0.00237887 0.637614 0.00377192 
162 87.197 0.573093 7706.06 101.18 0.799898 0.00204809 0.641342 0.00328149 
163 88.5518 0.963444 7950.46 175.315 0.801555 0.00268738 0.643999 0.00431489 
164 88.2997 0.673806 7900.78 122.766 0.798655 0.002384 0.639328 0.00383631 
165 88.6694 0.477976 7968.23 88.8235 0.798496 0.0017334 0.639123 0.00277951 
166 90.2462 0.875776 8252.4 164.686 0.800941 0.00240846 0.642986 0.00392457 
167 90.3152 0.503701 8259.93 93.6966 0.799012 0.00173909 0.63989 0.00280891 
168 91.0959 0.726159 8410.38 134.765 0.799191 0.00186922 0.64016 0.00297898 
169 91.6541 0.641389 8510.73 121.292 0.800316 0.00212445 0.642011 0.00342491 
170 92.4541 0.598124 8654.74 113.217 0.79957 0.00151026 0.640691 0.00241409 
171 93.1561 0.787873 8783.82 150.874 0.8004 0.00162346 0.641924 0.0026134 
172 94.8054 1.51405 9101.42 293.317 0.800644 0.00165825 0.642252 0.00264566 
173 93.9044 0.501601 8920.43 96.6382 0.800581 0.00150351 0.642205 0.00239991 
174 94.4898 0.454106 9033.93 86.1365 0.799609 0.00141032 0.640689 0.0022663 
175 95.0798 0.485065 9148.99 93.8792 0.799924 0.00152171 0.64118 0.00244852 
176 95.5732 0.572299 9250.34 109.928 0.800985 0.00192543 0.64304 0.00312608 
177 96.2045 0.48607 9362.72 94.5447 0.800592 0.00152176 0.642233 0.00244582 
178 97.5966 0.64288 9646.57 132.699 0.802023 0.00193532 0.64465 0.00313515 
179 98.2677 0.789564 9764.9 150.166 0.800432 0.00170776 0.6419 0.00281469 
180 98.7107 0.554883 9852.73 109.299 0.802809 0.00189367 0.645821 0.00305378 
181 98.9837 0.651472 9907.35 127.317 0.801419 0.00193393 0.643533 0.00308203 
182 100.43 0.95826 10192.4 187.146 0.802927 0.00235213 0.64585 0.00373181 
183 101.422 1.00357 10395.9 199.116 0.803114 0.00240817 0.646144 0.00379292 
184 103.703 1.56655 10863.7 316.858 0.80588 0.00223506 0.650419 0.00346834 
185 100.902 0.628996 10295.1 125.601 0.801401 0.00200687 0.643507 0.00321471 
186 102.187 0.605425 10562.6 121.764 0.803162 0.00200421 0.646353 0.00318338 
187 102.437 0.561552 10608.9 111.872 0.802611 0.00166325 0.645422 0.00266664 
188 103.32 0.666713 10799.7 136.146 0.803741 0.00211953 0.647301 0.0033977 
189 103.881 0.628874 10906.3 126.299 0.803229 0.00213845 0.646437 0.00340744 
190 104.61 0.598544 11058.6 124.187 0.802896 0.00259103 0.645895 0.00414905 
191 105.917 0.976422 11337.4 201.963 0.806609 0.00332889 0.651894 0.00532486 
192 106.796 1.28782 11526.8 271.702 0.807034 0.00432643 0.65264 0.00694698 
193 108.337 1.50745 11862.3 322.168 0.808383 0.00447483 0.654748 0.00714401 
194 107.388 0.786709 11652.7 168.464 0.804316 0.00219395 0.648095 0.00351281 
195 107.859 0.946028 11753.6 205.718 0.804695 0.00297418 0.648678 0.00478966 
196 109.843 1.37166 12205 309.827 0.808036 0.00356991 0.654182 0.00580289 
197 108.679 0.803106 11929.8 173.51 0.804383 0.00213441 0.648139 0.00340523 
198 109.484 0.919776 12109.1 201.144 0.804228 0.00234078 0.647922 0.00375774 
199 111.117 1.47929 12477.2 327.94 0.806313 0.00302302 0.651182 0.00480935 
200 109.886 0.559486 12191.7 123.497 0.801655 0.00191312 0.643725 0.00307872 
201 110.32 0.703993 12294.2 156.791 0.801725 0.00194658 0.643881 0.00313214 
202 110.638 0.702133 12364.5 157.953 0.800961 0.00215582 0.642695 0.00346846 
203 111.331 0.545879 12515.8 122.558 0.801928 0.00171818 0.644224 0.00275735 
204 111.497 0.656505 12550.7 147.909 0.801041 0.00216217 0.642807 0.00346551 
205 113.542 0.768661 13021 178.687 0.804252 0.00215967 0.647937 0.00349249 
206 113.366 0.745203 12965.6 172.921 0.803846 0.00206008 0.647201 0.00333761 
207 115.62 1.53597 13509 369.399 0.806406 0.00329998 0.651357 0.00533982 
208 114.993 0.787685 13347.6 185.256 0.803741 0.00249971 0.647062 0.00404624 
209 115.495 0.869395 13462.3 209.069 0.803315 0.00222806 0.646305 0.00359356 
210 115.952 0.605998 13556.8 142.742 0.803339 0.00156277 0.646299 0.00253097 
211 116.942 0.669765 13790.6 158.736 0.803665 0.00172715 0.646841 0.0027949 
212 117.405 0.665283 13895.8 157.92 0.8038 0.00170361 0.647027 0.00275851 
213 118.468 0.695264 14153 167.841 0.804664 0.00183391 0.648416 0.0029667 
214 119.45 0.799248 14392.9 194.004 0.805374 0.00189303 0.649574 0.00310008 
215 119.437 0.889628 14386.9 212.742 0.803906 0.00204458 0.647195 0.00323952 
216 119.988 0.574798 14510.6 138.434 0.804237 0.00137374 0.64769 0.00222271 
217 120.943 0.636755 14738.7 153.023 0.804058 0.00150036 0.647362 0.00242559 
218 122.063 0.689461 14997.1 162.147 0.805039 0.00147768 0.648834 0.00235537 
219 123.351 0.845598 15321.8 202.696 0.805022 0.00143006 0.648845 0.00232118 
220 124.567 0.898732 15622.6 211.902 0.806634 0.00161521 0.651392 0.00257309 
221 127.147 1.37448 16272.6 334.438 0.808334 0.00226753 0.654123 0.00365838 
222 125.031 1.55796 15772.1 385.3 0.804575 0.00392157 0.648447 0.00611911 
223 128.772 1.54291 16692.9 384.595 0.809822 0.00173858 0.656443 0.00273898 
224 125.332 0.69658 15846.1 183.765 0.806366 0.00181906 0.651183 0.00295921 
225 129.199 2.11975 16848.2 548.003 0.813395 0.0048864 0.66259 0.00792404 
226 126.9 0.934122 16240.9 245.93 0.806372 0.00270703 0.651237 0.00440575 
227 128.692 1.22949 16697 315.071 0.808776 0.00294076 0.65504 0.00473432 
228 127.693 0.747681 16434.5 194.601 0.805923 0.00175348 0.650379 0.00284204 
229 129.793 1.06545 16996.5 281.833 0.808593 0.00212075 0.654773 0.00345213 
230 129.888 1.22365 17018.3 316.333 0.807609 0.0024205 0.653146 0.00385375 
231 130.406 1.16132 17153.5 294.31 0.808129 0.00249542 0.653983 0.00398543 
232 129.884 1.39127 17015.7 356.77 0.803114 0.00460503 0.646018 0.00733069 
233 131.104 1.13253 17326.4 299.055 0.805504 0.00362878 0.64981 0.00578735 
234 130.504 1.10039 17143.7 306.309 0.796329 0.00699176 0.635172 0.0111422 
235 133.288 0.965045 17902.4 256.253 0.809236 0.00165295 0.655691 0.00267419 
236 133.486 0.951905 17963.8 255.309 0.808868 0.00198745 0.65515 0.0031838 
237 136.089 2.60848 18676.2 706.681 0.811019 0.00259624 0.65853 0.00410607 
238 134.784 0.975198 18312.1 263.842 0.809076 0.0020719 0.6555 0.00333383 
239 138.586 3.28512 19377.1 918.914 0.812053 0.00320677 0.660245 0.00508725 
240 136.473 0.901377 18768.5 246.284 0.811059 0.00207091 0.658674 0.00334556 
241 136.316 0.88479 18728.7 242.208 0.80945 0.00222198 0.656122 0.00355855 
242 137.706 1.03645 19103.9 284.883 0.812136 0.00288957 0.660486 0.00465176 
243 137.113 1.41223 18957.2 383.181 0.808425 0.00292342 0.654498 0.00464765 
244 138.954 1.58069 19442.4 434.536 0.80994 0.00516504 0.657044 0.00818578 
245 139.358 1.89361 19569.9 525.129 0.809364 0.00554751 0.656143 0.00883086 
246 142.108 1.92892 20338.9 544.563 0.815322 0.00633706 0.665905 0.01013 
247 141.4 1.34551 20135.5 379.534 0.809935 0.00389033 0.656969 0.00616265 
248 141.898 1.04381 20279.9 300.794 0.812315 0.00215717 0.660626 0.00351595 
249 143.18 1.53433 20658.4 440.772 0.813796 0.00259098 0.66306 0.00422646 
250 142.896 1.10563 20566 320.271 0.811688 0.00203223 0.659609 0.00333157 
251 144.743 1.32721 21100.9 384.512 0.814249 0.00212154 0.663766 0.00345637 
252 144.974 0.970521 21162.7 282.656 0.813962 0.00213262 0.663317 0.0034853 
253 146.105 1.85964 21509.2 546.848 0.813513 0.00323966 0.662603 0.00524221 
254 145.198 0.831242 21238.5 245.197 0.811386 0.0021905 0.659179 0.00358118 
255 146.153 1.05833 21525.7 318.88 0.813881 0.00301297 0.663308 0.00493029 
256 146.858 1.03821 21719.9 310.45 0.814998 0.00452253 0.665162 0.00749892 
257 146.664 1.38552 21682.5 417.002 0.812667 0.00272237 0.661308 0.00448001 
258 147.009 0.849734 21780.7 253.313 0.812008 0.00204195 0.660211 0.00332595 
259 147.937 1.35236 22052.4 409.902 0.811546 0.00247236 0.659437 0.00402326 
260 148.31 0.846674 22156 254.782 0.811984 0.00194402 0.660094 0.00317474 
261 149.125 1.27986 22412.9 376.682 0.812675 0.00222928 0.661205 0.00363554 
262 150.654 1.02782 22859.1 312.344 0.813432 0.00225139 0.662417 0.00366859 
263 148.861 2.15348 22363.3 639.052 0.809504 0.00370401 0.656143 0.00602443 
264 152.604 1.16421 23468.9 361.918 0.81319 0.00193789 0.662005 0.00315201 
265 149.578 2.26492 22574.3 661.141 0.808032 0.00413086 0.653739 0.00664764 
266 153.931 1.18383 23864.6 368.131 0.813751 0.00221127 0.662915 0.00360281 
267 154.678 1.42847 24095.7 436.417 0.813435 0.00195088 0.662355 0.00314768 
268 154.204 1.49528 23942.5 460.082 0.81483 0.0034065 0.664731 0.00555985 
269 154.033 2.04122 23917 615.933 0.813824 0.00403346 0.663106 0.00656507 
270 157.316 1.57474 24889.4 488.446 0.82071 0.00458405 0.674301 0.00747994 
271 156.63 1.0754 24716.1 340.118 0.814788 0.0026326 0.664677 0.00430876 
272 158.259 1.78119 25215.2 561.727 0.816411 0.00437522 0.667325 0.0071494 
273 157.743 1.61989 25068.6 512.78 0.814364 0.0034841 0.663997 0.00567928 
274 159.455 1.8844 25610.1 598.106 0.816854 0.00438257 0.668103 0.00715312 
275 158.175 1.3005 25199.6 405.033 0.813255 0.00296365 0.662185 0.00481084 
276 159 1.93923 25473.3 617.269 0.814393 0.00413749 0.664046 0.00676095 
277 153.494 3.92916 23782.1 1203.87 0.806485 0.00482375 0.651092 0.00787188 
278 160.682 1.59181 25985.8 520.635 0.813642 0.00380129 0.662724 0.00623333 
279 159.09 1.48345 25478.8 483.547 0.810959 0.00314992 0.658356 0.0051699 
280 160.904 1.81475 26053 590.334 0.81224 0.00396986 0.660416 0.00649568 
281 158.2 2.33558 25190.6 738.679 0.806704 0.00391292 0.651352 0.00639021 
282 163.32 1.55756 26841.8 518.262 0.812813 0.00346398 0.661304 0.00566629 
283 160.444 1.24885 25844.7 415.779 0.806354 0.00302457 0.650678 0.00497456 
284 163.51 1.79668 26888.2 588.899 0.811679 0.00402591 0.659459 0.00658104 
285 163.334 3.68688 26874 1187.62 0.813128 0.00658377 0.661911 0.0107246 
286 165.641 1.45951 27577.4 491.479 0.811282 0.00377296 0.658774 0.00617443 
287 167.685 2.37658 28281.7 776.345 0.816339 0.00681149 0.66724 0.0111055 
288 166.271 1.76478 27788.6 600.622 0.811351 0.004963 0.658918 0.00811714 
289 174.483 2.26817 30567.6 760.499 0.82845 0.00463146 0.686851 0.00754334 
290 165.673 1.37471 27604.8 468.219 0.807257 0.00387544 0.652319 0.00634342 
291 166.517 1.44088 27894.6 485.596 0.80902 0.00344429 0.655175 0.00564083 
292 167.473 1.13876 28179.6 401.427 0.806957 0.0038172 0.651782 0.00626647 
293 168.099 1.80642 28433.4 606.611 0.809426 0.0038649 0.65585 0.00632456 
294 169.215 1.55939 28788.8 548.199 0.808827 0.00474389 0.654911 0.00780257 
295 166.679 3.56732 27989.7 1162.41 0.806522 0.00557588 0.65122 0.00914973 
296 170.773 1.69387 29322.5 598.391 0.809891 0.00448558 0.656614 0.00739364 
297 167.922 3.946 28434.4 1338.84 0.806748 0.00700476 0.651628 0.0115017 
298 170.55 0.823789 29192.1 292.52 0.805687 0.0039926 0.649638 0.00655128 
299 172.699 3.42347 30007.4 1167.01 0.812337 0.00740741 0.660611 0.0121252 
300 173.574 1.43592 30237.3 535.608 0.806096 0.00449721 0.650243 0.00734526 
301 173.945 0.918733 30356 322.018 0.80744 0.0031604 0.652361 0.00515969 
302 176.184 2.0649 31171.1 772.402 0.809315 0.00502921 0.655508 0.00826152 
303 174.092 0.98609 30418.4 338.403 0.805526 0.00239507 0.649246 0.00395329 
304 175.63 0.600711 30930.5 221.299 0.804695 0.00230818 0.647888 0.00379878 
305 176.396 0.662371 31221.9 243.22 0.806557 0.00288014 0.650962 0.00476118 
306 177.818 0.734083 31709.2 275.252 0.805597 0.00273119 0.649336 0.00448671 
307 178.122 0.507481 31819 191.291 0.805176 0.00259495 0.648673 0.00427644 
308 180.366 1.00883 32627 391.929 0.806296 0.00258194 0.650425 0.00424053 
309 180.118 0.466016 32510.4 164.972 0.80394 0.00133982 0.646577 0.00222857 
310 181.778 0.570976 33108.2 203.855 0.805597 0.0018903 0.649243 0.00311427 
311 182.894 0.444811 33510.3 160.751 0.806573 0.00163771 0.650783 0.00271586 
312 183.352 0.63848 33678.3 215.174 0.806218 0.00151312 0.650206 0.00252895 
313 182.819 0.646806 33520.9 235.591 0.809712 0.00175079 0.655978 0.00292064 
314 184.288 0.895427 34067.7 310.197 0.809036 0.00164649 0.654874 0.00272104 
315 184.696 0.801703 34207.5 273.39 0.810391 0.00128684 0.657024 0.00212073 
316 185.813 1.2887 34612.3 449.295 0.808085 0.0013244 0.653258 0.00218506 
317 182.17 2.924 33353.4 1035.01 0.806932 0.00241322 0.651477 0.00393023 
318 188.5 0.876201 35617.5 302.778 0.809469 0.00128437 0.655512 0.00215983 
319 189.941 1.19332 36183.1 427.599 0.812173 0.00125961 0.659913 0.00208526 
320 190.737 1.13578 36482.1 429.969 0.811477 0.00193853 0.6588 0.00324279 
321 189.926 1.4774 36213.9 534.403 0.813219 0.00173537 0.661696 0.00282733 
322 191.51 1.44684 36793.1 517.507 0.811576 0.00140654 0.658966 0.00230485 
323 189.784 1.97336 36212.7 718.634 0.813046 0.00225323 0.661539 0.0036453 
324 189.255 1.83839 36029.8 675.905 0.813576 0.0025006 0.662476 0.00404671 
325 189.469 2.19235 36123.2 791.452 0.813467 0.00311086 0.662309 0.00498678 
326 189.374 1.90679 36076.3 698.576 0.813918 0.00314301 0.66309 0.00506221 
327 188.409 3.13421 35765.3 1120.5 0.812443 0.00492294 0.660809 0.00788411 
328 189.635 1.87563 36184 684.963 0.813201 0.0037105 0.661982 0.00596864 
329 191.442 3.54328 36883.4 1321.63 0.813931 0.00635416 0.66315 0.0102311 
330 191.268 2.21457 36815.7 818.627 0.815295 0.00410862 0.665352 0.00661744 
331 189.424 3.30898 36156.2 1211.83 0.810473 0.00530295 0.657644 0.008486 
332 190.856 2.30191 36674.8 857.458 0.811763 0.00429787 0.659649 0.00691922 
333 189.922 3.30998 36327.8 1205.28 0.808035 0.00528728 0.653675 0.00843392 
334 192.889 2.08615 37429.3 796.481 0.812492 0.00416994 0.660796 0.00675131 
335 191.531 2.9077 36930.3 1080.03 0.807099 0.00536584 0.652126 0.008622 
336 195.304 1.67945 38363 650.094 0.814303 0.00266826 0.663667 0.00434028 
337 195.063 2.03104 38292.1 768.705 0.812563 0.00323624 0.660901 0.00520494 
338 196.313 1.68334 38756.2 658.254 0.814084 0.00217859 0.663292 0.0035472 
339 198.073 1.79359 39453.6 688.335 0.814251 0.00290522 0.663563 0.00472454 
340 197.877 1.5405 39369.7 605.508 0.815512 0.00207192 0.665591 0.0034026 
341 199.548 1.43256 40003.4 565.186 0.814714 0.00292955 0.664289 0.00475685 
342 198.643 1.45201 39661.9 578.211 0.813688 0.00250282 0.662637 0.00408098 
343 199.803 1.20503 40102.2 462.027 0.810739 0.0028344 0.657816 0.00463556 
344 201.456 2.21962 40766.7 888.478 0.817376 0.00347711 0.668585 0.00569645 
345 203.004 1.81451 41404.4 725.677 0.819139 0.00288804 0.671488 0.0047087 
346 204.428 1.49651 41926 591.842 0.820061 0.00213735 0.672842 0.00349919 
347 201.766 2.08355 40908.9 847.739 0.814506 0.00212606 0.663944 0.00349753 
348 201.67 1.25707 40850.6 521.54 0.813914 0.00177115 0.662913 0.00290421 
349 203.366 1.57611 41549 654.259 0.815279 0.00205865 0.665164 0.00334674 
350 206.214 1.80069 42735.7 748.759 0.818459 0.00245743 0.670399 0.00401952 
351 206.796 1.80312 42965.3 751.524 0.818719 0.00274635 0.670838 0.00446464 
352 210.215 2.57486 44427.3 1109.79 0.82158 0.0028441 0.675502 0.00464748 
353 207.205 1.1732 43117.8 493.059 0.819478 0.00306411 0.672079 0.00502288 
354 209.84 1.48072 44206.8 631.544 0.823651 0.00317364 0.678952 0.00520623 
355 209.641 0.982568 44064 380.038 0.825249 0.00484653 0.681465 0.00793091 
356 210.436 1.39797 44432.5 555.632 0.822438 0.00434931 0.676915 0.00711825 
357 210.155 1.49861 44374 627.966 0.815209 0.0024454 0.665086 0.00400553 
358 208.914 1.34337 43855.6 562.921 0.814596 0.00228196 0.664112 0.00371347 
359 211.689 2.80797 45080.2 1185.57 0.816506 0.00380824 0.66733 0.00626976 
360 210.237 1.91386 44430.7 769.557 0.814734 0.00283865 0.664351 0.0045394 
361 210.396 2.22624 44507.7 922.548 0.815376 0.00290397 0.665408 0.00469927 
362 211.453 1.50546 44933.2 629.833 0.81602 0.00244873 0.666451 0.00399222 
363 210.965 2.03995 44741.4 835.245 0.815471 0.00363649 0.665614 0.00588317 
364 213.131 2.31234 45651.2 956.362 0.816402 0.00308642 0.667079 0.00499699 
365 210.387 3.49784 44549.7 1449.07 0.811594 0.00510701 0.659382 0.00822592 
366 215.457 2.31437 46633.7 966.331 0.818255 0.00338182 0.670085 0.00546355 
367 213.124 3.34805 45692.8 1417.92 0.813838 0.00513209 0.663022 0.00834038 
368 213.567 2.37976 45860.8 987.038 0.813795 0.00398329 0.662927 0.00642594 
369 214.755 3.59808 46397.3 1494.29 0.814503 0.00525579 0.664139 0.00842882 
370 215.563 3.4858 46737.1 1469.03 0.815749 0.00546384 0.666182 0.00883565 
371 215.57 3.91355 46782.8 1615.71 0.815032 0.00615227 0.665097 0.0098847 
372 216.658 5.138 47271.9 2171.23 0.813347 0.00801004 0.662361 0.0129053 
373 216.575 6.3776 47351 2747.03 0.810845 0.00891224 0.65845 0.0144049 
374 223.03 4.36823 50074.5 1880.85 0.819347 0.00630367 0.672074 0.0101965 
375 221.303 5.30572 49367.4 2279.28 0.816108 0.00799704 0.666896 0.0129139 
376 223.599 2.83548 50275 1242.01 0.820725 0.0044086 0.674276 0.00719556 
377 217.65 6.53624 47760.2 2763.86 0.811047 0.00994185 0.658769 0.0159153 
378 224.731 2.72102 50781.7 1206.03 0.821324 0.00446698 0.675306 0.00731501 
379 216.612 7.09433 47374.7 3053.8 0.806671 0.0111984 0.651859 0.0179816 
380 228.499 2.53757 52479.8 1132.87 0.826104 0.0043885 0.683161 0.00718361 
381 224.159 3.69963 50582.7 1606.09 0.816768 0.00581624 0.667999 0.00936954 
382 231.383 2.71769 53804.5 1237.99 0.828146 0.00463271 0.686526 0.00763062 
383 229.413 2.0479 52909.3 955.415 0.823612 0.00369446 0.679082 0.00613778 
384 232.165 3.22879 54176.5 1473.89 0.827214 0.00562361 0.68501 0.00923044 
385 230.27 2.4054 53289.5 1118.75 0.823302 0.00367907 0.67852 0.00610378 
386 233.088 2.56032 54587.6 1190.69 0.827994 0.0043104 0.686315 0.00716154 
387 229.663 2.34329 53038.5 1073.37 0.819802 0.00410838 0.672813 0.00677121 
388 233.985 2.33561 55007.2 1099.16 0.826764 0.00396862 0.684225 0.00655996 
389 231.773 1.94563 53989 915.225 0.821282 0.0034122 0.675214 0.00564402 
390 235.221 2.66043 55595.9 1259.41 0.826334 0.00428646 0.683538 0.00710244 
391 234.136 2.14874 55093 1031.76 0.823535 0.00371342 0.678925 0.00618207 
392 236.775 2.6203 56344.5 1261.29 0.826172 0.00464576 0.683329 0.00772011 
393 234.88 2.1673 55440.2 1048.5 0.822328 0.00402393 0.676932 0.00669162 
394 237.618 2.52767 56725.5 1208 0.826407 0.00486555 0.683669 0.00800907 
395 230.219 4.23563 53322.7 1945.55 0.812 0.00683333 0.660191 0.011071 
396 239.679 2.39974 57701.6 1152.66 0.823493 0.004627 0.679001 0.00760266 
397 237.589 2.6094 56713.5 1271.7 0.82269 0.00387264 0.677491 0.0064342 
398 240.44 3.05218 58107 1482.87 0.826335 0.00413361 0.683541 0.00682883 
399 238.648 1.88188 57212.4 921.155 0.822604 0.00310607 0.67736 0.00516326 
400 240.052 2.37726 57901.5 1156.91 0.824536 0.00366212 0.680538 0.00605433 
401 240.542 2.3728 58133.3 1168.52 0.823961 0.00407611 0.67958 0.00677931 
402 240.838 1.99997 58266.7 977.431 0.824696 0.00345459 0.68078 0.00573008 
403 239.722 2.1271 57715.5 1064.24 0.82202 0.00329386 0.676331 0.00550833 
404 242.861 2.1442 59238.5 1063.33 0.825107 0.00381143 0.68148 0.00633036 
405 242.472 2.41997 59052.6 1204.65 0.824457 0.00389728 0.680418 0.0064944 
406 246.872 3.16977 61248.9 1599.47 0.829541 0.00500903 0.688943 0.00840007 
407 244.673 2.8916 60120 1449.67 0.825633 0.00474004 0.682323 0.0079065 
408 246.884 2.89861 61229.3 1464.54 0.827486 0.00487401 0.685443 0.00813225 
409 245.656 2.50274 60654.2 1268.49 0.824437 0.00412921 0.68044 0.00689259 
410 249.483 3.41544 62554.4 1733.14 0.829451 0.00546202 0.688755 0.00913308 
411 245.809 2.38677 60696.5 1202.98 0.821793 0.00403387 0.676052 0.00670162 
412 249.537 3.68193 62574.9 1880.17 0.827181 0.00450049 0.684961 0.00750084 
413 248.441 2.33277 62005.1 1187.38 0.827523 0.00392526 0.68549 0.00653357 
414 248.975 3.70772 62314.3 1914.59 0.823884 0.00552285 0.679575 0.00922644 
415 249.922 2.64077 62768.6 1353.3 0.825167 0.00405626 0.681605 0.00676674 
416 251.522 3.567 63567.9 1844.5 0.826305 0.00450994 0.683456 0.00753434 
417 251.847 3.51808 63718.7 1826.76 0.827874 0.00422327 0.686038 0.00701049 
418 251.557 4.31552 63603.3 2266.13 0.826394 0.00449482 0.683588 0.00765659 
419 253.487 2.75205 64561.5 1446.56 0.826874 0.00368428 0.684386 0.00615492 
420 255.408 4.30482 65534 2286.85 0.828428 0.00519064 0.68694 0.00879229 
421 253.848 3.80569 64756.3 2018.09 0.825893 0.0055437 0.682787 0.00931655 
422 257.589 4.69662 66685.7 2507.24 0.83073 0.00574455 0.690788 0.00971631 
423 255.539 3.86763 65626.7 2058.77 0.826816 0.00563368 0.684338 0.00945041 
424 258.313 4.45525 67040.2 2395.02 0.830673 0.00539098 0.690654 0.00912693 
425 259.551 4.22284 67699.4 2280.55 0.831553 0.00514027 0.692144 0.00867892 
426 258.786 3.09034 67203.9 1688.28 0.830396 0.00369018 0.690022 0.00626221 
427 258.256 3.15053 66977.1 1700.03 0.828335 0.00431819 0.686697 0.00725947 
428 260.453 4.87914 68119.8 2642.2 0.831695 0.00589304 0.692244 0.0099495 
429 259.628 2.61565 67651.6 1417.67 0.82905 0.00337319 0.687785 0.00567314 
430 260.129 3.22745 67890.3 1758.19 0.828783 0.00387523 0.687295 0.00654147 
431 260.805 2.22168 68212.7 1218.19 0.829869 0.0029917 0.689057 0.00504206 
432 261.742 2.95179 68648.4 1632.16 0.828527 0.00449448 0.686748 0.00759668 
433 263.899 2.93015 69879.7 1605.55 0.829777 0.00398825 0.688993 0.00670345 
434 267.176 3.79634 71667.5 2099.26 0.833512 0.00490595 0.695277 0.00828135 
435 266.258 3.71999 71228.3 2042.53 0.831006 0.00509928 0.691229 0.00856031 
436 267.861 4.12974 72118.5 2277.77 0.831525 0.00573888 0.692139 0.00962838 
437 268.378 3.39802 72352.1 1864.2 0.830259 0.00491443 0.689997 0.00821214 
438 269.672 4.01394 73083.1 2219.15 0.831466 0.00561878 0.692032 0.00942178 
439 270.997 4.13581 73795.9 2280.5 0.83255 0.00575434 0.693888 0.00963921 
440 275.466 3.97543 76194.8 2164.03 0.833313 0.00537986 0.694936 0.00895337 
441 267.442 2.99942 71798.9 1669.32 0.82145 0.00636039 0.675393 0.0105677 
442 274.517 2.81061 75625.5 1555.7 0.826682 0.00417022 0.683865 0.00700122 
443 277.607 3.66592 77361.9 2025.01 0.833795 0.00434613 0.695698 0.00729054 
444 282.208 4.3303 79901.2 2388.03 0.834773 0.00460266 0.69721 0.00771974 
445 275.678 4.83135 76380.8 2715.04 0.834667 0.00637154 0.697346 0.010696 
446 278.353 5.87525 77898.7 3322.93 0.836182 0.00765675 0.699937 0.0128574 
447 276.455 5.05793 76782.2 2856.83 0.832676 0.00663347 0.693997 0.0111532 
448 277.616 2.79344 77282.1 1583.82 0.828858 0.0042616 0.68742 0.00719618 
449 280.316 6.41871 79039.9 3636.82 0.837684 0.00812747 0.702555 0.0136871 
450 278.943 6.48941 78244.8 3667.79 0.834008 0.00768006 0.696331 0.0128751 
451 277.986 5.4506 77706.5 3098.64 0.831966 0.00715321 0.692933 0.0119973 
452 281.198 6.53325 79527.5 3725.8 0.835917 0.00783704 0.699513 0.0131772 
453 280.547 5.81186 79114.3 3327.63 0.833786 0.00739426 0.695913 0.0124194 
454 283.251 6.8007 80683.1 3908.17 0.837135 0.00814529 0.701546 0.0137175 
455 283.72 6.19257 80955.6 3577.49 0.83619 0.00787334 0.700006 0.0132611 
456 286.566 6.74913 82654.6 3923.22 0.83896 0.0080075 0.704719 0.0135052 
457 282.718 5.51755 80322.2 3196.2 0.833727 0.00682253 0.695802 0.0114849 
458 285.159 6.2771 81769.4 3638.86 0.835958 0.00762099 0.699575 0.0127929 
459 282.653 5.57174 80314.5 3227.62 0.832417 0.0064905 0.693653 0.0109034 
460 287.709 6.10629 83231.5 3551.08 0.837922 0.00658953 0.702779 0.0110665 
461 286.092 5.89457 82257 3419.69 0.834891 0.0072336 0.697715 0.0120938 
462 287.846 5.88438 83285.1 3431.12 0.836426 0.00722932 0.700299 0.0120953 
463 288.401 6.22486 83587.4 3624.72 0.836513 0.00684223 0.700426 0.0114671 
464 289.71 5.67052 84363.7 3318.1 0.837043 0.00685713 0.701329 0.0114891 
465 287.683 5.9285 83169.7 3458.43 0.833575 0.00726943 0.695515 0.0121535 
466 291.302 5.64333 85277 3296.04 0.838033 0.00581917 0.702907 0.00977831 
467 290.996 6.74394 85111.6 3945.57 0.837728 0.00766071 0.702418 0.0128302 
468 295.816 5.91047 87940.8 3459.3 0.841916 0.00602446 0.709431 0.010102 
469 291.61 6.37993 85478.4 3752.11 0.835989 0.00644959 0.699537 0.010821 
470 292.899 6.8902 86262.6 4062.48 0.837674 0.00714349 0.702331 0.0120148 
471 292.135 6.49785 85795 3833.36 0.835066 0.00666818 0.697999 0.0111869 
472 293.345 6.7768 86524.8 4025.58 0.83686 0.0071008 0.700975 0.0119288 
473 292.877 6.01059 86207.8 3581.04 0.835849 0.00619784 0.699269 0.0104354 
474 292.687 6.11229 86105.1 3630.49 0.833153 0.00681563 0.694774 0.0114064 
475 295.46 6.69059 87768.4 4013.48 0.836108 0.00734062 0.699757 0.0123492 
476 296.833 6.63417 88578.2 3957.87 0.837422 0.00649254 0.70192 0.0109167 
477 294.78 6.81592 87352.3 4087.63 0.834498 0.00732594 0.697024 0.0123179 
478 298.413 7.28344 89570.7 4348.19 0.837217 0.00803923 0.701659 0.0134395 
479 300.332 6.55349 90668.8 3949.65 0.83869 0.00689538 0.704012 0.0115583 
480 297.81 6.1794 89165.9 3706.7 0.835154 0.00696631 0.698128 0.0116356 
481 302.309 5.76323 91854 3475.81 0.839566 0.00623414 0.705512 0.0104385 
482 304.722 6.51953 93326.9 3965.77 0.841536 0.00690428 0.708828 0.0116571 
483 314.937 5.47113 99599.5 3391.78 0.851002 0.00621007 0.724787 0.0105742 
484 301.817 6.61835 91577 4019.9 0.83622 0.00768194 0.699921 0.0128692 
485 301.764 5.53493 91543.1 3365.97 0.83533 0.00637448 0.698458 0.0106743 
486 301.354 6.60634 91286 4030.5 0.83511 0.00725448 0.698003 0.0121677 
487 304.468 6.47867 93157.4 3966.24 0.83701 0.00790348 0.701254 0.0132633 
488 306.896 6.63649 94604.5 4078.62 0.83777 0.00855952 0.70252 0.0143514 
489 304.738 5.90536 93291.1 3641.81 0.834501 0.00758511 0.697021 0.0127325 
490 306.843 4.85403 94516.9 3024.06 0.834768 0.00689239 0.697395 0.0115982 
491 308.776 5.94127 95837.7 3638.76 0.839807 0.00636716 0.705913 0.0106587 
492 311.323 5.57742 97386.3 3436.63 0.842041 0.00625206 0.709661 0.0104774 
493 311.961 5.42805 97796.5 3358.25 0.841467 0.00624383 0.708731 0.0104534 
494 316.099 6.8243 100388 4230.2 0.845742 0.00785868 0.71588 0.0131694 
495 313.419 7.96363 98727.4 4946.76 0.841147 0.00943688 0.708215 0.0157793 
496 320.336 5.93769 103081 3725.7 0.847915 0.00613886 0.71954 0.0103177 
497 313.943 5.58919 99045.4 3487.35 0.840239 0.00622131 0.706661 0.0104171 
498 319.413 6.49267 102472 4070.04 0.846541 0.0076702 0.717213 0.0128702 
499 321.315 6.5361 103667 4097.66 0.845924 0.00647389 0.716097 0.0108586 
500 319.221 6.76344 102361 4242.87 0.843784 0.00832697 0.712603 0.0139407 
501 317.611 7.45553 101340 4686.94 0.841303 0.00857569 0.708409 0.0143489 
502 319.049 6.27187 102240 3956.66 0.841861 0.00769518 0.709354 0.0128905 
503 326.31 4.9884 106875 3177.09 0.846817 0.00539058 0.717567 0.00903435 
504 321.995 6.79891 104123 4304.75 0.844087 0.00802172 0.713053 0.0134468 
505 319.204 5.17944 102340 3279.32 0.839676 0.00598433 0.705633 0.0100001 
506 323.636 6.71887 105169 4282.59 0.8438 0.00769902 0.712502 0.0129143 
507 320.49 5.5 103132 3501.41 0.840324 0.00600804 0.70665 0.0100667 
508 322.708 6.7592 104558 4338.05 0.841968 0.00765617 0.709425 0.012848 
509 319.811 6.70824 102734 4286.96 0.83812 0.00767549 0.702998 0.0128501 
510 323.277 5.43379 104918 3492.37 0.840971 0.00626489 0.707749 0.0104992 
511 322.773 5.94763 104587 3855.78 0.840094 0.00679902 0.706228 0.0114196 
512 324.305 5.77074 105570 3750.85 0.840846 0.00688074 0.707508 0.0115524 
513 323.386 5.67041 104941 3687.61 0.839507 0.00628244 0.705185 0.010561 
514 325.141 5.60048 106101 3651.34 0.840472 0.00673651 0.706854 0.0113138 
515 323.572 4.76253 105028 3121.75 0.838324 0.00549107 0.703171 0.00924886 
516 326.689 5.422 107115 3553.1 0.840427 0.0066205 0.706785 0.0111203 
517 324.693 5.47054 105800 3584.19 0.837954 0.00611206 0.702603 0.0102703 
518 328.618 5.33296 108378 3517.43 0.840838 0.00618645 0.707475 0.0103991 
519 325.519 5.34156 106311 3518.86 0.837611 0.00591364 0.701991 0.00994507 
520 330.407 5.40754 109545 3581.99 0.841967 0.00614033 0.709336 0.0103303 
521 329.01 5.80516 108596 3837.75 0.83998 0.00637279 0.705969 0.0107244 
522 333.263 6.65497 111441 4385.85 0.843786 0.00715715 0.712398 0.0120234 
523 330.513 5.42437 109588 3595.38 0.839855 0.0060453 0.70574 0.010166 
524 334.795 5.1216 112448 3413.27 0.84376 0.00579451 0.712338 0.0097475 
525 332.222 5.33528 110710 3555.57 0.840636 0.0059027 0.707049 0.00993181 
526 338.547 6.2648 114985 4170.47 0.846306 0.00699671 0.71666 0.011756 
527 334.858 4.23036 112470 2828.33 0.841996 0.00483165 0.709355 0.00812266 
528 339.102 6.05772 115336 4043.02 0.845822 0.00669194 0.715807 0.0112531 
529 338.928 5.53646 115196 3695.95 0.845427 0.00638726 0.715127 0.010729 
530 342.479 4.78551 117646 3203.9 0.848158 0.00549845 0.719766 0.00924493 
531 340.82 6.4283 116520 4316.63 0.845541 0.00681644 0.715333 0.0114521 
532 345.865 5.02359 119937 3382.68 0.850259 0.00547229 0.723284 0.00919664 
533 345.34 4.75632 119572 3223.4 0.849152 0.00536942 0.721423 0.00903719 
534 346.399 5.67614 120325 3845.32 0.848099 0.00585866 0.719607 0.00984691 
535 341.29 4.62745 116818 3143.84 0.84304 0.00490004 0.711081 0.00824137 
536 345.769 4.25474 119898 2890.94 0.847208 0.00464617 0.718129 0.00781345 
537 342.482 4.59209 117646 3132.22 0.843174 0.00493247 0.711311 0.00828858 
538 345.826 4.29748 119937 2935.12 0.845634 0.00456098 0.715459 0.00766763 
539 343.459 4.66459 118323 3189.25 0.842475 0.00496726 0.710147 0.00834601 
540 344.996 5.04008 119305 3472.59 0.843164 0.00542541 0.711235 0.00913427 
541 345.319 4.80169 119611 3292.1 0.842918 0.00518775 0.710912 0.00871131 
542 349.155 4.67925 122262 3226.61 0.846308 0.00502791 0.716619 0.00845777 
543 346.976 4.79489 120761 3297.74 0.843684 0.00518012 0.712192 0.00869528 
544 351.69 5.7969 124020 4001.1 0.848212 0.00631433 0.719821 0.0106094 
545 348.197 4.68279 121595 3228.83 0.843741 0.00497471 0.712268 0.00834366 
546 355.503 5.30171 126703 3680.45 0.848835 0.00507122 0.720807 0.00851085 
547 351.161 4.08838 123633 2831.1 0.84544 0.00449419 0.715104 0.00754238 
548 354.011 4.0959 125637 2842.62 0.847246 0.00427769 0.71816 0.00718869 
549 351.7 4.61616 124034 3201.85 0.844766 0.00490814 0.713986 0.00823559 
550 355.167 4.34059 126469 3027.55 0.847557 0.00457007 0.718695 0.0076762 
551 354.263 4.75746 125841 3317.62 0.845988 0.00513377 0.71605 0.00862029 
552 355.462 4.34076 126670 3036.77 0.846227 0.0046367 0.716441 0.00778526 
553 354.247 4.25006 125800 2973.33 0.844954 0.00461924 0.714274 0.00775192 
554 357.122 4.24151 127847 2984.79 0.846635 0.00450529 0.71711 0.00757152 
555 357.02 3.84914 127750 2706.33 0.846741 0.00425132 0.717277 0.00714279 
556 358.227 5.5861 128637 3946.11 0.846177 0.00606107 0.716343 0.0101916 
557 359.48 3.64184 129512 2567.58 0.84777 0.00398789 0.719011 0.00670279 
558 360.618 5.16299 130362 3664.17 0.84707 0.00570449 0.717852 0.00958892 
559 359.621 5.6119 129639 3977.92 0.846229 0.00616537 0.716433 0.0103652 
560 362.757 4.69073 131885 3354.58 0.848429 0.00513887 0.720118 0.0086582 
561 364.779 4.15753 133301 2967.9 0.850393 0.00481138 0.723421 0.00809673 
562 367.6 4.05185 135355 2908.55 0.851672 0.00454128 0.72559 0.00765015 
563 365.032 3.67081 133497 2626.16 0.849427 0.00420529 0.72179 0.00707059 
564 368.004 3.45841 135666 2507.5 0.850858 0.00404111 0.724216 0.0068181 
565 365.432 3.5552 133794 2571.63 0.847965 0.00431712 0.719292 0.00728765 
566 369.064 3.67724 136397 2656.57 0.849489 0.00437007 0.721839 0.00736579 
567 368.903 3.34515 136310 2421.53 0.849305 0.0041495 0.721556 0.00700165 
568 371.741 1.24317 138245 941.533 0.84614 0.00268994 0.716027 0.00458711 
569 369.134 3.11146 136483 2258.11 0.847334 0.00417239 0.718214 0.00703691 
570 372.804 2.24767 139103 1640.01 0.845912 0.00329639 0.715701 0.0055797 
571 369.563 5.33048 136900 3849.41 0.847976 0.00566544 0.719346 0.00952284 
572 374.446 4.1389 140434 3026.32 0.851078 0.00475233 0.724576 0.00799132 
573 371.528 5.13896 138300 3754.68 0.848354 0.00557415 0.719978 0.00937824 
574 375.093 3.61575 140923 2647.9 0.849969 0.00448596 0.722705 0.0075575 
575 374.377 3.61619 140407 2646.3 0.849902 0.00406179 0.722592 0.00682779 
576 377.21 3.48181 142505 2564.08 0.850739 0.004026 0.723988 0.00679562 
577 376.108 5.1969 141710 3810.55 0.850253 0.00577972 0.723189 0.00971026 
578 378.486 4.11392 143472 3046.66 0.849834 0.00515024 0.722452 0.00868634 
579 378.397 4.35584 143444 3206.12 0.851229 0.0042628 0.72484 0.00715509 
580 380.763 3.50298 145217 2598.02 0.852526 0.00360824 0.727027 0.00607288 
581 377.515 4.46054 142796 3294.2 0.849269 0.00459765 0.721534 0.00772872 
582 379.829 5.71014 144554 4239.05 0.850152 0.00578967 0.723029 0.00972712 
583 380.155 4.18227 144809 3096.13 0.850241 0.00437887 0.723193 0.00734364 
584 381.495 5.64616 145824 4204.84 0.850674 0.00574005 0.723912 0.00964744 
585 379.238 4.86344 144196 3572.56 0.848431 0.00490363 0.720163 0.00822087 
586 383.205 6.10917 147140 4534.26 0.851336 0.00588602 0.725028 0.00988467 
587 380.709 5.12802 145351 3770.68 0.848673 0.00491018 0.720581 0.00823299 
588 384.751 5.05959 148359 3786.84 0.851579 0.00468438 0.725477 0.00786974 
589 378.956 6.16072 144279 4466.41 0.846532 0.00551712 0.717097 0.00921605 
590 385.566 4.80443 148994 3613.41 0.851023 0.00474591 0.724544 0.00798257 
591 382.649 4.95539 146788 3704.66 0.848145 0.004927 0.719661 0.0082657 
592 385.545 4.0174 148987 3017.69 0.850042 0.00396628 0.722862 0.00665967 
593 385.687 5.53193 149126 4177.02 0.849758 0.00517921 0.722402 0.00871959 
594 385.96 5.05312 149371 3777.21 0.849181 0.00475233 0.72144 0.00796692 
595 383.85 5.27851 147763 3943.34 0.846574 0.00497163 0.717028 0.0083265 
596 386.761 5.1171 149975 3834.48 0.848835 0.00477769 0.720839 0.00801175 
597 385.878 4.79568 149267 3612.23 0.847096 0.004253 0.717867 0.00712866 
598 389.132 4.26054 151711 3247.45 0.848772 0.00407594 0.720673 0.00684312 
599 388.565 5.32318 151288 4064.37 0.848181 0.00507688 0.71968 0.00854372 
600 392.085 4.32168 153980 3307.18 0.850577 0.00410492 0.723717 0.00689741 
601 387.268 4.34048 150230 3341.86 0.84638 0.00403881 0.716588 0.00680359 
602 393.931 4.22002 155442 3241.75 0.850586 0.00418698 0.723737 0.00705215 
603 388.643 6.07669 151358 4662.13 0.845967 0.0057441 0.71595 0.00965402 
604 391.151 5.59036 153332 4308.23 0.846927 0.00541223 0.717592 0.00909149 
605 390.218 5.60619 152560 4322.98 0.846464 0.00518003 0.716757 0.0087056 
606 393.64 5.23073 155248 4054.38 0.848301 0.00506086 0.719881 0.00851625 
607 393.343 5.93866 155048 4592.41 0.84726 0.00574784 0.718143 0.00965063 
608 392.302 6.1013 154240 4715.74 0.845798 0.00566124 0.715661 0.00951094 
609 392.705 5.73942 154531 4431.49 0.845716 0.0053629 0.715518 0.00899484 
610 395.102 5.24079 156393 4071.71 0.847273 0.00524697 0.718135 0.00880547 
611 394.07 5.96955 155608 4652.46 0.845501 0.00570394 0.715156 0.00958778 
612 394.191 6.13653 155728 4787.55 0.844354 0.00598386 0.713238 0.0100468 
613 391.589 6.02005 153730 4695.19 0.841706 0.00596917 0.708824 0.0100176 
614 398.072 5.42134 158768 4248.23 0.846147 0.00514305 0.716228 0.00863383 
615 393.119 6.50284 154956 5074.04 0.841569 0.0059053 0.708545 0.00990624 
616 397.126 5.97215 158039 4691.97 0.845161 0.00578643 0.714596 0.00972473 
617 394.48 6.93481 155958 5437.15 0.841873 0.0071293 0.709089 0.0119581 
618 399.351 6.15469 159838 4864.5 0.845908 0.00605125 0.71588 0.0101762 
619 395.716 6.82082 156951 5380.22 0.841741 0.00669396 0.708852 0.0112344 
620 399.832 6.4976 160266 5186.54 0.844724 0.00594914 0.713887 0.0100154 
621 398.678 7.04566 159356 5612.06 0.842838 0.00640716 0.710715 0.0107773 
622 405.961 6.91625 165213 5553.82 0.848489 0.00598621 0.720241 0.0100884 
623 403.855 7.28655 163544 5846.56 0.845828 0.00642376 0.715765 0.0108107 
624 416.584 6.1944 173953 5084.09 0.85439 0.00454935 0.730247 0.00767313 
625 400.742 5.18728 160924 4139.72 0.842599 0.00509234 0.710272 0.00855618 
626 400.227 6.82682 160529 5440.83 0.84201 0.00676706 0.70931 0.0113591 
627 400.535 4.89411 160759 3912.15 0.841403 0.00470967 0.708258 0.00791021 
628 403.894 5.24795 163433 4230.32 0.843314 0.00474701 0.71145 0.00799765 
629 403.497 4.57206 163114 3664.24 0.843011 0.00447855 0.710949 0.00752462 
630 406.525 5.82293 165617 4709.37 0.843931 0.00571337 0.712535 0.00964547 
631 401.896 4.76694 161806 3828.35 0.840113 0.0046438 0.706047 0.00779782 
632 402.282 5.42602 162217 4380.47 0.840317 0.00503672 0.706457 0.00847063 
633 401.811 4.70858 161741 3795.84 0.839424 0.00470316 0.704909 0.00789476 
634 406.238 5.92387 165326 4794.61 0.842832 0.00590867 0.71063 0.00992635 
635 402.014 4.50972 161891 3643.11 0.838072 0.00459244 0.702625 0.00771233 
636 405.649 4.99374 164877 4046.16 0.840899 0.00502012 0.70742 0.00842747 
637 402.724 5.10554 162527 4131.8 0.837747 0.0052551 0.702149 0.0088114 
638 407.494 5.25696 166330 4291.34 0.840916 0.00580651 0.707421 0.00977876 
639 405.447 5.88714 164664 4814.79 0.83967 0.00620032 0.70535 0.0104594 
640 409.886 4.9956 168351 4090.02 0.843676 0.00542704 0.712164 0.00916486 
641 407.602 4.64029 166432 3783.42 0.839935 0.00462897 0.705764 0.00776263 
642 408.528 4.84801 167206 3965.69 0.840533 0.00507041 0.706804 0.00851557 
643 407.532 4.788 166375 3913.49 0.838966 0.00511068 0.704136 0.00857045 
644 410.826 5.68617 169081 4669.6 0.8408 0.00625257 0.707244 0.0104866 
645 408.26 4.56477 166972 3747.7 0.838741 0.00486344 0.703761 0.00816565 
646 411.3 4.02461 169455 3329.77 0.840382 0.00435836 0.706507 0.00732209 
647 409.144 3.94478 167660 3240.24 0.838408 0.00428328 0.703184 0.00718104 
648 409.267 5.40155 167777 4469.86 0.836904 0.00580657 0.700668 0.00975416 
649 410.783 5.90423 169047 4884.58 0.837953 0.00568255 0.702441 0.00953724 
650 407.886 4.94592 166606 4097.06 0.834219 0.00560673 0.69615 0.00939919 
651 407.067 4.73993 165925 3930.9 0.831989 0.00499593 0.692428 0.00837949 
652 410.719 4.31292 168899 3583.73 0.83468 0.00471223 0.696905 0.00789615 
653 409.178 3.43854 167599 2868.08 0.830912 0.00395878 0.69062 0.00664454 
654 412.519 4.71527 170405 3910.85 0.835598 0.00479488 0.698452 0.00802256 
655 411.752 3.78035 169734 3150.34 0.836573 0.00400979 0.700084 0.00673167 
656 415.31 4.59575 172708 3834.94 0.837573 0.00409569 0.701737 0.00686293 
657 414.282 5.98404 171900 5013.8 0.837089 0.00664032 0.701031 0.0111892 
658 410.837 4.11279 168987 3427.82 0.832057 0.00392321 0.692517 0.00655844 
659 410.236 4.7818 168533 3967.13 0.829924 0.00452247 0.689 0.00754411 
660 410.141 4.12773 168440 3418.13 0.829297 0.0040942 0.687964 0.00681085 
661 411.824 5.01191 169873 4198.12 0.829563 0.00458572 0.688421 0.00766086 
662 411.795 6.92188 169952 5869.13 0.827746 0.00683981 0.685523 0.0114606 
663 419.714 6.21416 176507 5337.41 0.834671 0.00602703 0.696986 0.0101472 
664 442.768 7.56763 196590 6610.81 0.854437 0.0064151 0.730457 0.0108916 
665 414.659 4.22005 172122 3557.57 0.829061 0.00415851 0.687518 0.00694994 
666 419.467 2.9189 176072 2454.52 0.833087 0.0030532 0.694144 0.00509234 
667 413.936 3.24958 171530 2764.96 0.827169 0.00416332 0.684394 0.00694963 
668 420.197 2.44183 176664 2064.42 0.827278 0.00314132 0.684519 0.00522972 
669 418.943 3.66587 175716 3112.29 0.831954 0.00358241 0.692328 0.00599251 
670 420.342 3.80587 176850 3240.88 0.831432 0.00357034 0.691419 0.00598811 
671 421.326 4.30459 177681 3668.9 0.831481 0.0040823 0.691502 0.00684458 
672 421.914 3.92913 178176 3378.11 0.833021 0.00415233 0.694067 0.006964 
673 422.306 3.80857 178547 3250.93 0.832649 0.00374629 0.693497 0.00627828 
674 425.457 4.51441 181228 3892.93 0.835207 0.00438397 0.697764 0.00737937 
675 421.766 3.24455 178054 2773.26 0.831147 0.00340276 0.69097 0.00568941 
676 423.571 2.68178 179566 2296.59 0.831285 0.00246312 0.69117 0.00411841 
677 422.644 2.89905 178786 2478.06 0.830393 0.00262235 0.6897 0.00437859 
678 425.069 2.94988 180830 2541.51 0.832221 0.00240161 0.692725 0.00400296 
679 424.66 2.19424 180450 1891.77 0.829936 0.00235305 0.688911 0.00391607 
680 425.163 2.56862 180900 2191.19 0.831264 0.00265707 0.69113 0.00441813 
681 424.578 2.8143 180412 2397.12 0.830132 0.00262276 0.689251 0.00436251 
682 427.131 2.60169 182584 2233.42 0.832223 0.00266059 0.692723 0.00442749 
683 423.778 2.72978 179721 2340.16 0.828078 0.00323892 0.685849 0.00537729 
684 425.249 2.45173 180981 2109.38 0.829528 0.00272762 0.688253 0.00453446 
685 423.204 3.2188 179237 2767.34 0.826317 0.00328895 0.682942 0.00546222 
686 428.143 2.76963 183450 2415.75 0.830701 0.00258947 0.690206 0.00432476 
687 429.058 2.4912 184232 2166.66 0.830632 0.00316325 0.690102 0.00526004 
688 429.162 3.03947 184331 2631.78 0.831674 0.00311829 0.69181 0.00519531 
689 430.483 2.40801 185468 2105.04 0.831937 0.00239962 0.692254 0.00401151 
690 431.724 2.28402 186558 1982.03 0.831953 0.00242631 0.692282 0.00405004 
691 432.069 3.51117 186879 3069.9 0.831607 0.00332664 0.691727 0.00555261 
692 432.556 2.72671 187258 2384.64 0.831282 0.00275917 0.691161 0.00461048 
693 431.927 3.00747 186733 2622.82 0.831979 0.00265203 0.692323 0.00443144 
694 433.507 3.04615 188092 2661.02 0.832325 0.00297857 0.692901 0.00496514 
695 435.144 4.15987 189607 3713.44 0.833395 0.00398544 0.694741 0.00670017 
696 434.747 2.62823 189150 2330.66 0.831942 0.00212793 0.692246 0.00356686 
697 431.686 3.9447 186548 3387.25 0.829819 0.00290543 0.688728 0.00482081 
698 434.629 2.94413 189064 2610.39 0.831521 0.00274709 0.691546 0.00459115 
