1.5 -1.959 102600000000
51.9691 4.24513
1 0 0 0 0 0.500011 3.37377e-05 0.500011 3.37377e-05 
2 0 0 0 0 0.500001 3.16404e-05 0.374997 3.37784e-05 
3 0 0 0 0 0.500004 3.00964e-05 0.33333 3.1104e-05 
4 0.208582 3.8491e-05 0.208582 3.8491e-05 0.540505 3.11986e-05 0.358065 3.49017e-05 
5 0.28045 4.30378e-05 0.28045 4.30378e-05 0.543603 3.13288e-05 0.347969 3.37812e-05 
6 0.583059 0.000114798 0.849338 0.000212347 0.571066 3.17438e-05 0.371265 3.69949e-05 
7 0.691374 0.000132173 1.04284 0.00026064 0.571694 3.01607e-05 0.36505 3.49148e-05 
8 1.08258 0.000208644 2.19228 0.000641836 0.593612 3.42987e-05 0.386534 4.1441e-05 
9 1.23586 0.000223644 2.66912 0.000797953 0.59519 3.32074e-05 0.384588 4.02924e-05 
10 1.64152 0.000315521 4.30897 0.0013765 0.610102 3.67766e-05 0.399696 4.6584e-05 
11 1.86385 0.000356022 5.33935 0.00175638 0.613556 4.60596e-05 0.401576 5.72973e-05 
12 2.2753 0.000429014 7.52551 0.00242667 0.62466 4.89477e-05 0.41335 6.27769e-05 
13 2.53152 0.000519136 9.05458 0.00320715 0.627642 5.1785e-05 0.415331 6.86183e-05 
14 2.97545 0.000645544 12.0661 0.00482864 0.637406 4.7983e-05 0.426297 6.35868e-05 
15 3.24649 0.0007107 14.0624 0.00604871 0.639686 4.80726e-05 0.427875 6.4536e-05 
16 3.71532 0.000836812 17.9455 0.00777024 0.648122 5.61329e-05 0.437657 7.56583e-05 
17 4.00759 0.00122711 20.5521 0.0119427 0.650241 7.51186e-05 0.439397 0.000105197 
18 4.49368 0.0017308 25.3358 0.0195219 0.657535 9.04893e-05 0.448076 0.000124254 
19 4.8044 0.00135999 28.6103 0.0161019 0.65941 6.46175e-05 0.449732 8.88171e-05 
20 5.30481 0.00152867 34.3536 0.0193298 0.665807 6.67653e-05 0.457506 9.25486e-05 
21 5.63111 0.00186561 38.3233 0.0257177 0.667459 7.34716e-05 0.459039 0.00010223 
22 6.14761 0.00292624 45.1318 0.0468033 0.673266 8.70006e-05 0.466239 0.000122299 
23 6.48217 0.00230606 49.7487 0.0365528 0.674663 8.15471e-05 0.467549 0.000116618 
24 7.0154 0.00357521 57.7142 0.0578923 0.679978 9.21546e-05 0.474274 0.000134825 
25 7.36176 0.00291312 63.1081 0.0512439 0.681228 0.000104108 0.475492 0.00015338 
26 7.90909 0.00365725 72.2574 0.0642687 0.686154 0.000112105 0.481816 0.000162752 
27 8.26254 0.00426845 78.4092 0.083363 0.687311 0.00012998 0.483 0.000186952 
28 8.81962 0.00539794 88.7493 0.118001 0.691829 0.000167824 0.488896 0.000251032 
29 9.19013 0.00480057 95.8647 0.1038 0.692888 0.000142123 0.489969 0.000214837 
30 9.75221 0.00509874 107.318 0.118075 0.696944 0.000123296 0.495286 0.000179452 
31 10.1336 0.00775847 115.381 0.177146 0.697895 0.000162969 0.496297 0.000235603 
32 10.6903 0.00686864 127.73 0.160401 0.701444 0.000149137 0.500974 0.000218296 
33 11.094 0.00849456 137.092 0.218415 0.70264 0.000174621 0.502401 0.000259624 
34 11.6818 0.00863889 151.37 0.244371 0.706263 0.00019512 0.507258 0.000289627 
35 12.0623 0.0079016 160.801 0.219973 0.706791 0.000182804 0.507738 0.000273043 
36 12.6599 0.0115813 176.484 0.345262 0.710162 0.000190712 0.512279 0.00028335 
37 13.0474 0.00963021 186.932 0.293243 0.710604 0.00019225 0.51266 0.000288927 
38 13.6469 0.010207 203.777 0.326184 0.71381 0.000172232 0.517035 0.000258328 
39 14.0498 0.010856 215.404 0.338476 0.71439 0.000210781 0.517672 0.000311561 
40 14.6779 0.0141435 234.492 0.496725 0.71761 0.000219218 0.522115 0.000325203 
41 15.0722 0.0173176 246.704 0.612284 0.71808 0.000281855 0.522617 0.000431736 
42 15.6678 0.0137041 265.817 0.493988 0.720624 0.000204089 0.526096 0.000306539 
43 16.0917 0.0131954 279.765 0.473281 0.721284 0.000215384 0.526877 0.000322625 
44 16.7218 0.0146057 301.437 0.547086 0.724157 0.000220795 0.530902 0.00032957 
45 17.1458 0.0145439 316.247 0.572896 0.724716 0.000216585 0.531543 0.000326478 
46 17.8193 0.0227882 340.903 0.923072 0.727873 0.000344661 0.536031 0.000526566 
47 18.1791 0.0151969 354.1 0.621209 0.727424 0.000226801 0.535201 0.000343392 
48 18.8606 0.0351505 380.553 1.46343 0.730421 0.000375316 0.539442 0.000553143 
49 19.2687 0.0215281 396.363 0.912131 0.730408 0.000293414 0.53926 0.000442586 
50 19.9612 0.0435481 424.931 2.01988 0.733535 0.000487813 0.543785 0.000733619 
51 20.3265 0.0208906 439.7 0.923588 0.733301 0.00030305 0.543309 0.0004777 
52 21.0737 0.0589483 472.208 2.8243 0.736171 0.000572164 0.547422 0.000887048 
53 21.414 0.0303445 486.732 1.525 0.735929 0.000513044 0.546963 0.000799473 
54 22.094 0.0793132 517.623 4.08874 0.738111 0.000832074 0.550083 0.00126561 
55 22.4623 0.0255194 533.935 1.246 0.737895 0.000398441 0.54964 0.000614354 
56 23.1716 0.032146 567.334 1.58024 0.740576 0.000351879 0.553482 0.00052527 
57 23.6207 0.0410289 588.9 2.14539 0.740902 0.000481603 0.553905 0.000747577 
58 24.2503 0.044245 620.051 2.44821 0.7427 0.000393035 0.556504 0.000599985 
59 24.6919 0.0376493 642.219 2.08097 0.743001 0.000439784 0.556905 0.000688009 
60 25.4722 0.063909 683.207 3.70265 0.746002 0.000550756 0.561352 0.000849904 
61 25.9927 0.152083 712.032 9.64883 0.746883 0.00149083 0.562716 0.00239049 
62 26.4628 0.0617253 735.499 3.6611 0.746574 0.000394798 0.561939 0.000596126 
63 26.9518 0.078728 762.415 4.98743 0.747451 0.00075085 0.563254 0.00118104 
64 27.6428 0.0748708 800.952 4.52949 0.749237 0.000686448 0.565814 0.00106735 
65 28.1209 0.0697704 828.306 4.2251 0.749644 0.000707595 0.566322 0.00109003 
66 28.7026 0.0631196 861.546 4.00172 0.750254 0.000583144 0.567147 0.000908087 
67 29.4345 0.157855 905.45 9.7575 0.751335 0.000531282 0.568582 0.00076105 
68 29.8723 0.0614399 931.7 3.94754 0.752246 0.000477253 0.569979 0.000743123 
69 30.4312 0.124488 967.039 8.53952 0.753096 0.000582269 0.571214 0.000893201 
70 31.0413 0.0600355 1004.27 4.02399 0.754616 0.000516742 0.573421 0.000787475 
71 31.7045 0.151241 1047.66 10.2763 0.755157 0.0006371 0.574151 0.000999426 
72 32.2474 0.086562 1082.95 6.055 0.756506 0.000603177 0.57619 0.000928644 
73 32.6499 0.0577344 1108.58 4.01369 0.756129 0.000530442 0.575514 0.000844428 
74 33.2414 0.0700665 1148.98 5.10218 0.757081 0.000495797 0.576933 0.000775062 
75 33.734 0.0884917 1182.65 6.39699 0.756951 0.000568518 0.576684 0.000865745 
76 34.4214 0.097362 1230.29 7.03061 0.75851 0.000518829 0.578992 0.000797725 
77 34.8783 0.0748664 1262.32 5.54591 0.758551 0.000464172 0.579006 0.000723895 
78 35.5501 0.0889518 1310.92 6.78288 0.759981 0.000556928 0.581129 0.000860457 
79 36.1833 0.132876 1357.78 10.752 0.760913 0.000666834 0.58248 0.00102575 
80 37.2203 0.390226 1439.73 32.892 0.763393 0.00159927 0.586203 0.00243914 
81 37.2418 0.128562 1436.3 9.65037 0.762185 0.000947581 0.584381 0.00145858 
82 37.8233 0.0930027 1480.82 7.46696 0.763118 0.0009006 0.585772 0.00141634 
83 38.3665 0.0757588 1523.49 6.22472 0.763434 0.000695074 0.586249 0.0010856 
84 39.0603 0.125442 1578.3 10.8409 0.764521 0.000753774 0.587819 0.00119821 
85 39.6055 0.107484 1621.2 9.29525 0.76488 0.000734433 0.588304 0.00114142 
86 40.1136 0.0828903 1660.93 6.98746 0.765105 0.00053873 0.588539 0.000828732 
87 40.7336 0.111327 1712.42 9.53613 0.765908 0.00071163 0.589768 0.0010915 
88 41.4905 0.110832 1775.08 9.1725 0.76787 0.000766942 0.592714 0.00114559 
89 42.218 0.155616 1837.88 13.7679 0.769603 0.000960848 0.595376 0.00150077 
90 42.7704 0.135853 1884.92 11.8167 0.770108 0.000974481 0.596118 0.0014935 
91 43.2127 0.100501 1923.63 9.11256 0.769507 0.000755393 0.595146 0.00117309 
92 44.1158 0.193331 2003.19 16.9286 0.771398 0.00126062 0.597967 0.00191771 
93 44.3266 0.103989 2022.34 9.87149 0.770329 0.000731571 0.596348 0.00116313 
94 45.1129 0.100971 2093.04 9.55401 0.771675 0.000756579 0.59832 0.00116847 
95 45.5963 0.155976 2136.98 15.1745 0.772683 0.00142988 0.599933 0.00223121 
96 46.4471 0.217301 2213.21 16.3136 0.775167 0.00306865 0.60354 0.00462898 
97 46.8475 0.150828 2256.96 15.4981 0.772381 0.000686332 0.599388 0.00107464 
98 47.3931 0.106123 2306.87 10.2473 0.772997 0.000644448 0.600256 0.00100903 
99 48.1047 0.288499 2376.73 29.3908 0.774483 0.00173659 0.602661 0.00275659 
100 48.8149 0.178349 2446.19 17.8435 0.77468 0.00114119 0.602815 0.00175693 
101 49.4522 0.285713 2511.76 30.3064 0.776168 0.00143614 0.605164 0.00224541 
102 49.9298 0.145279 2557.54 15.3018 0.775837 0.000995886 0.604608 0.00157351 
103 50.9254 0.432493 2661.57 47.6678 0.778178 0.00214831 0.60827 0.0034052 
104 51.3664 0.195255 2705.31 20.7844 0.77817 0.00119677 0.608156 0.00189734 
105 51.4734 0.121668 2715.11 12.8841 0.776191 0.000821389 0.605049 0.0012965 
106 52.3942 0.155354 2812.04 16.6763 0.778593 0.00110157 0.608755 0.00174279 
107 52.6796 0.138255 2843.57 15.8031 0.777092 0.00093093 0.606388 0.00149151 
108 53.6343 0.165459 2944.9 18.1552 0.779182 0.000938568 0.609552 0.00147839 
109 53.9685 0.145563 2980.52 15.9168 0.779052 0.000912622 0.609369 0.00143326 
110 54.9593 0.257859 3090.67 29.136 0.781011 0.00143047 0.612401 0.00225063 
111 55.3835 0.270419 3137.4 29.5063 0.780427 0.00134877 0.611446 0.0020807 
112 56.7768 0.796923 3298.8 91.6359 0.783914 0.00337781 0.616863 0.00526624 
113 56.8479 0.450413 3304.55 52.855 0.782377 0.00199838 0.614437 0.00313117 
114 57.4134 0.316336 3372.46 37.9038 0.782831 0.00179746 0.61519 0.00288622 
115 57.7848 0.237924 3413.02 28.6212 0.781811 0.00114022 0.613516 0.00182897 
116 58.4389 0.282139 3490.62 34.2654 0.783022 0.0016339 0.615451 0.00262294 
117 58.9184 0.281536 3547.5 37.0822 0.781825 0.001393 0.6135 0.00224221 
118 59.3576 0.183763 3598.14 22.3291 0.781837 0.000855993 0.613485 0.00136583 
119 60.0679 0.219273 3682.05 26.1278 0.783139 0.00139206 0.615494 0.0021877 
120 61.1108 0.4412 3817.5 61.1354 0.784266 0.00213035 0.617389 0.00347505 
121 61.4135 0.359232 3844.07 42.0652 0.785151 0.00247849 0.618583 0.00390786 
122 62.5749 0.348061 3997.37 45.1975 0.78627 0.0017727 0.620414 0.00285372 
123 63.5533 0.783332 4115.71 97.2039 0.792382 0.0056869 0.630099 0.00905814 
124 63.1294 0.375821 4065.95 47.6076 0.785592 0.00152911 0.619223 0.00243513 
125 64.4567 0.885398 4232.11 110.66 0.791161 0.0056368 0.628006 0.00889812 
126 64.3907 0.41395 4227.59 53.9438 0.786539 0.0020576 0.620706 0.00329807 
127 64.7841 0.249646 4277.36 31.527 0.786441 0.00181103 0.620557 0.00288867 
128 65.3944 0.198803 4355.13 27.6948 0.785952 0.00101361 0.619639 0.00161375 
129 66.0198 0.235064 4441.32 31.4556 0.787091 0.00169903 0.621578 0.00270846 
130 66.6548 0.193854 4524.34 25.9507 0.787355 0.001298 0.621963 0.0020667 
131 67.2972 0.296325 4612.3 40.405 0.788196 0.00196816 0.623317 0.00314912 
132 67.94 0.198216 4697.18 26.7857 0.787763 0.00138396 0.622516 0.00219107 
133 69.2045 0.449229 4872.11 59.6059 0.791091 0.00229131 0.627761 0.0035945 
134 69.1661 0.219693 4869.23 30.4724 0.789017 0.00153628 0.62456 0.00244202 
135 69.9526 0.276462 4982 39.1883 0.789674 0.00177339 0.625674 0.00282568 
136 71.0631 0.357019 5139.84 50.7849 0.790578 0.00159799 0.626916 0.00253535 
137 71.0982 0.28521 5146.12 41.2993 0.790152 0.00167345 0.62635 0.00269368 
138 71.507 0.236544 5201.58 33.4387 0.789521 0.00144269 0.62523 0.00228821 
139 72.2279 0.373141 5308.4 54.3961 0.790463 0.00198029 0.626785 0.00314539 
140 73.718 0.666363 5529.04 102.18 0.793557 0.00266426 0.631593 0.00429747 
141 73.8819 0.667405 5557.8 99.2574 0.792416 0.00243886 0.629771 0.00384257 
142 74.0341 0.455186 5583.6 63.6492 0.791879 0.00161464 0.628833 0.00256084 
143 75.4229 0.662991 5784.99 101.346 0.793254 0.00234873 0.631003 0.00369094 
144 77.2288 1.76005 6066.96 276.026 0.79738 0.00576172 0.63755 0.00913791 
145 75.4787 0.427286 5788.76 65.1577 0.789115 0.00231206 0.624498 0.00362118 
146 77.0198 0.64948 6033.51 100.735 0.793901 0.00258336 0.632071 0.00413002 
147 77.0621 0.407388 6040.68 67.9344 0.791232 0.00177678 0.627818 0.0028295 
148 77.4449 0.686344 6098.45 104.009 0.789946 0.00269382 0.625716 0.00426067 
149 77.86 0.444082 6163.73 65.0243 0.790865 0.00148321 0.627166 0.00237283 
150 78.7131 1.23295 6313.87 186.52 0.791952 0.00305789 0.628882 0.00486312 
151 79.3419 0.330643 6390.21 51.2614 0.791957 0.00125914 0.628867 0.00203188 
152 80.3165 0.408547 6544.29 62.2306 0.792393 0.00116896 0.629481 0.00186468 
153 80.5372 0.40098 6580.35 64.4138 0.79208 0.00133952 0.628948 0.00214415 
154 81.7946 0.796038 6782.11 125.729 0.793055 0.00104982 0.630394 0.00169075 
155 81.7741 0.313836 6781.07 55.394 0.793514 0.00131262 0.631173 0.00212129 
156 82.4897 0.298878 6902.66 50.0885 0.794664 0.00103387 0.633048 0.00166518 
157 83.1586 0.244517 7006.36 41.6132 0.79564 0.00108069 0.634503 0.00171862 
158 83.8562 0.36582 7128.88 63.331 0.79499 0.00126921 0.633515 0.00202704 
159 84.3633 0.331451 7211.84 55.2017 0.795619 0.00137589 0.63451 0.00217096 
160 84.9006 0.27207 7306.89 48.1263 0.794963 0.00119825 0.633479 0.00191682 
161 85.5078 0.282483 7413.42 49.7883 0.794452 0.00133934 0.632717 0.00214999 
162 86.0474 0.233616 7502.47 41.4361 0.794432 0.00119429 0.632646 0.00191138 
163 86.7924 0.28742 7637.86 50.8639 0.795811 0.00121529 0.634886 0.00195445 
164 87.4069 0.277379 7741.45 49.5943 0.79533 0.0012761 0.634071 0.00203666 
165 88.0914 0.286239 7867.14 51.6832 0.795951 0.00127269 0.635107 0.00203447 
166 89.2886 0.914668 8095.84 178.418 0.798789 0.00380637 0.639909 0.00630914 
167 89.2983 0.284931 8081.28 51.3405 0.796023 0.00147868 0.635216 0.00237558 
168 89.9121 0.362159 8192.81 68.3348 0.796647 0.00147885 0.636203 0.00242271 
169 91.3522 0.640945 8464.42 123.332 0.798879 0.00235646 0.639799 0.00382763 
170 90.9481 0.308333 8377.33 58.4988 0.796404 0.00132195 0.635685 0.00213785 
171 91.3636 0.365347 8457.09 67.9636 0.795801 0.00142069 0.634778 0.00227674 
172 92.1862 0.404546 8605.49 76.2795 0.797273 0.0013822 0.637087 0.00222047 
173 92.7004 0.448569 8701.47 84.7974 0.795094 0.00152846 0.633606 0.00245704 
174 93.0931 0.314539 8769.05 58.7805 0.795152 0.00187834 0.633687 0.00298646 
175 93.8895 0.483233 8929.1 89.2741 0.79636 0.00161377 0.635668 0.00254774 
176 94.5508 0.286741 9044.86 55.1777 0.797365 0.00156778 0.637181 0.00248328 
177 95.3421 0.552883 9203.6 108.912 0.79778 0.00110462 0.637862 0.00177084 
178 96.0248 0.322075 9334.55 62.8492 0.799248 0.00147868 0.640256 0.00239086 
179 96.5625 0.329912 9438.22 64.4582 0.798757 0.00133192 0.639432 0.00214486 
180 97.749 0.657744 9670.33 132.677 0.7999 0.00126301 0.641171 0.00202302 
181 97.6691 0.353589 9652.14 67.8572 0.798568 0.00119911 0.639052 0.00190609 
182 98.4599 0.396531 9806.34 79.9603 0.799331 0.00121746 0.640221 0.00195809 
183 98.6849 0.406511 9848.82 76.6337 0.798265 0.00124017 0.638514 0.00198079 
184 99.6802 0.330473 10048.3 65.8465 0.799146 0.00104467 0.639902 0.00168472 
185 99.9885 0.35297 10106.4 70.8815 0.798873 0.00141593 0.639444 0.00226052 
186 101.277 0.525485 10370.6 106.014 0.799185 0.00105786 0.639891 0.00170859 
187 101.285 0.743172 10373.2 151.258 0.798124 0.00145264 0.638195 0.00226975 
188 102.733 0.987963 10675.5 209.933 0.800061 0.00140623 0.641285 0.00221559 
189 102.653 0.540679 10644.4 108.129 0.798895 0.00117501 0.639384 0.0018947 
190 103.462 0.483349 10823.4 98.8062 0.799754 0.00117339 0.640825 0.00190972 
191 103.997 0.558769 10926.2 114.266 0.799196 0.00143374 0.639854 0.00225358 
192 103.923 0.717615 10919.8 153.586 0.799494 0.00129455 0.640367 0.00211231 
193 105.355 0.446087 11213.9 82.5003 0.801725 0.00136379 0.64397 0.00215363 
194 106.885 0.837009 11553.5 186.598 0.804301 0.00271392 0.648224 0.00447667 
195 107.543 0.86796 11681.8 179.366 0.80416 0.00280947 0.64784 0.00443991 
196 107.585 0.578405 11702.2 125.216 0.802045 0.00161903 0.64451 0.00260327 
197 109.188 1.44991 12063.9 326.779 0.804959 0.00342387 0.649212 0.00553122 
198 108.852 0.548294 11984.7 126.07 0.803089 0.00163152 0.646223 0.00267045 
199 108.182 0.414665 11824.2 93.0554 0.800772 0.00118824 0.642382 0.00193337 
200 109.888 0.727129 12211.2 170.827 0.802414 0.0019678 0.64511 0.00323924 
201 110.226 0.430928 12277.8 96.522 0.802326 0.00126259 0.644912 0.0020474 
202 111.214 0.670322 12490.8 146.897 0.802915 0.00221034 0.645784 0.00352609 
203 111.619 0.483561 12584.5 108.489 0.803351 0.00146902 0.646549 0.00236712 
204 112.394 0.479686 12758 105.403 0.803021 0.00156453 0.645973 0.0024961 
205 112.99 0.475714 12897.9 107.163 0.803544 0.00155089 0.646842 0.00247925 
206 113.651 0.498918 13048.4 115.532 0.802534 0.00136429 0.645143 0.00218634 
207 113.99 0.479437 13125.5 107.481 0.802118 0.00152695 0.644515 0.00243508 
208 114.418 0.492721 13223.1 114.444 0.801275 0.00142028 0.643165 0.00225286 
209 115.382 0.726467 13442.9 162.748 0.802419 0.00192748 0.644985 0.00306444 
210 115.757 0.587602 13534.9 137.531 0.801987 0.00174997 0.644319 0.00281638 
211 116.792 0.666738 13776.1 149.421 0.803663 0.00244375 0.647022 0.00390243 
212 117.25 0.720649 13884 174.397 0.80322 0.00235525 0.646296 0.0038366 
213 117.68 0.629712 13982.9 150.126 0.80212 0.0023517 0.644526 0.00378129 
214 118.807 0.781718 14258.9 190.63 0.803869 0.00207548 0.647355 0.00332381 
215 119.756 0.74079 14482.3 181.377 0.805869 0.00194684 0.65056 0.00310688 
216 120.515 0.839986 14671.5 207.764 0.805109 0.00199127 0.64934 0.00317406 
217 121.028 0.719065 14789.7 176.211 0.805141 0.00253103 0.649394 0.00409638 
218 121.549 0.944173 14913 233.895 0.803701 0.00295247 0.647077 0.00473418 
219 121.369 0.791051 14869.3 194.347 0.802639 0.00276842 0.645319 0.00444496 
220 122.339 0.975778 15102.5 241.625 0.80092 0.00325997 0.642606 0.0051981 
221 122.987 0.722086 15273.7 176.232 0.80456 0.00221376 0.648426 0.00355142 
222 123.717 1.03363 15452.8 253.674 0.80507 0.00236039 0.649233 0.00377138 
223 124.185 0.753747 15571.9 187.34 0.805054 0.00216651 0.649196 0.00349413 
224 125.383 1.03474 15862.8 271.449 0.805633 0.00264552 0.650095 0.00430186 
225 126.105 0.955458 16064.4 251.957 0.806766 0.0031989 0.65207 0.00522945 
226 126.892 0.990569 16257.9 255.158 0.806918 0.00302008 0.652288 0.0048453 
227 127.255 0.738642 16350 191.533 0.806315 0.00210656 0.651224 0.00339952 
228 128.275 1.0032 16612.5 254.77 0.806556 0.0026483 0.651649 0.00425343 
229 129.156 1.05409 16840.4 270.255 0.806707 0.00201911 0.651827 0.00323371 
230 130.001 1.22944 17059.4 322.017 0.807648 0.00300361 0.653379 0.00482614 
231 129.143 0.956922 16834.8 248.302 0.806064 0.00245193 0.650812 0.00391954 
232 131.131 1.05339 17354.4 273.628 0.8084 0.00252704 0.654616 0.00404362 
233 131.156 0.846759 17364.6 220.765 0.807075 0.00234625 0.652464 0.00376159 
234 132.259 0.896056 17650.3 237.555 0.807816 0.0024109 0.653614 0.00386552 
235 132.045 0.915779 17594.3 243.313 0.806348 0.00234347 0.651258 0.00376933 
236 134.462 1.51773 18260.3 410.624 0.810507 0.00340152 0.658084 0.00553071 
237 133.148 0.984067 17890.6 265.947 0.805942 0.00287857 0.650567 0.00463996 
238 134.592 1.56078 18272.8 425.852 0.807112 0.00330993 0.652443 0.00537702 
239 134.646 0.921884 18290.9 248.414 0.807801 0.0025966 0.65352 0.00416166 
240 136.443 1.50681 18791 408.299 0.810651 0.00385667 0.658212 0.00627681 
241 136.195 1.01086 18710.7 274.871 0.808446 0.00245678 0.654563 0.0039298 
242 137.536 1.49852 19086.5 411.307 0.80941 0.00307859 0.656144 0.00496029 
243 137.737 1.23375 19141.6 341.752 0.80968 0.0031662 0.656626 0.00515421 
244 139.206 1.16109 19546 319.388 0.811 0.002807 0.658784 0.00453938 
245 140.833 1.37122 20023.4 395.499 0.813679 0.00363145 0.663248 0.00598011 
246 142.096 1.38629 20379.5 391.61 0.81421 0.00319684 0.664003 0.00523447 
247 140.41 0.838379 19891.5 234.754 0.809568 0.00197105 0.65645 0.00318028 
248 143.005 1.32434 20631.4 380.011 0.814823 0.00330961 0.665025 0.00543698 
249 141.82 0.933656 20286.4 263.748 0.809968 0.00241933 0.657075 0.00392563 
250 144.673 1.92317 21121.7 566.378 0.814962 0.00436597 0.665265 0.00718904 
251 142.674 1.02947 20534.9 291.535 0.808837 0.00183724 0.655216 0.00297572 
252 143.803 1.17734 20840.6 334.261 0.808899 0.00214098 0.655204 0.0034775 
253 143.575 0.905965 20777.1 256.535 0.808481 0.0018133 0.654581 0.00292456 
254 144.468 1.18368 21036 343.186 0.808275 0.00260515 0.654246 0.00421768 
255 144.72 1.15991 21102.8 334.112 0.807482 0.00224597 0.65292 0.00360579 
256 145.845 1.16344 21434.7 333.705 0.809617 0.00228251 0.656383 0.00366874 
257 146.154 0.979278 21531 278.983 0.808673 0.00191585 0.654867 0.00310081 
258 147.409 1.23618 21896.5 354.249 0.809018 0.00272364 0.655409 0.00437737 
259 148.648 1.65366 22296.6 520.223 0.810969 0.00303151 0.658679 0.00497795 
260 148.369 1.3779 22190.6 404.437 0.808867 0.00260472 0.655211 0.00416638 
261 148.836 1.19351 22317.6 354.393 0.808473 0.00208167 0.654474 0.00337851 
262 149.784 1.22002 22591.5 363.517 0.808276 0.00297434 0.654171 0.00480617 
263 149.817 1.28485 22595 385.795 0.806794 0.00272852 0.651698 0.00443013 
264 151.105 1.7002 22995.2 521.826 0.806749 0.00446586 0.651688 0.0072497 
265 151.528 1.21525 23097.9 364.957 0.805292 0.00310619 0.649233 0.00505014 
266 153.235 1.38807 23615.4 424.128 0.807469 0.00300534 0.652711 0.00490214 
267 152.612 1.86529 23441.5 570.699 0.806289 0.00302487 0.650859 0.00490921 
268 153.853 1.01312 23784.4 306.748 0.805417 0.00256086 0.649317 0.00421409 
269 153.181 1.35804 23618.3 420.173 0.807754 0.00293965 0.653277 0.00478975 
270 153.99 1.2636 23849.1 389.327 0.806196 0.00302008 0.650672 0.00494597 
271 154.613 1.12378 24062.5 354.942 0.808165 0.00271343 0.653958 0.00444501 
272 155.03 1.38382 24193.8 437.349 0.807556 0.00330301 0.652961 0.00541091 
273 155.699 1.18946 24389.7 372.061 0.807468 0.00258695 0.652746 0.00424659 
274 155.976 1.46231 24483.5 465.583 0.807493 0.00337971 0.652821 0.00552737 
275 156.028 1.30028 24492.5 409.683 0.806245 0.00303019 0.650774 0.00494395 
276 157.134 1.36668 24848.5 433.279 0.807706 0.00307429 0.653159 0.00501431 
277 157.2 1.55544 24865.9 508.929 0.80513 0.00381299 0.648973 0.00623653 
278 157.52 1.99217 24966.9 632.929 0.8046 0.00469299 0.64816 0.00762309 
279 159.212 1.75012 25483.4 578.734 0.805786 0.00468204 0.649999 0.00765517 
280 160.769 2.06025 25979 684.199 0.807171 0.00588954 0.652245 0.00960617 
281 163.684 2.8001 26924.1 942.016 0.810092 0.0072083 0.656937 0.0117986 
282 170.977 4.13634 29393.6 1384.01 0.825794 0.00854009 0.682685 0.0139272 
283 162.032 1.08393 26365.8 376.286 0.804516 0.00388421 0.647834 0.00638689 
284 163.307 1.20295 26813.6 400.473 0.808656 0.00329251 0.654638 0.00540913 
285 163.614 1.17462 26906.9 388.535 0.806819 0.00344921 0.651653 0.00566527 
286 165.269 1.46015 27497.8 481.768 0.812095 0.00297619 0.660336 0.00485431 
287 165.932 1.59697 27724.6 530.502 0.813201 0.00305445 0.662126 0.00500364 
288 166.493 1.4394 27909.2 473.498 0.813944 0.00267217 0.663296 0.0043507 
289 167.54 1.57948 28262.4 529.802 0.814571 0.00302393 0.664348 0.00494988 
290 167.938 1.45209 28397.7 486.478 0.813523 0.00283205 0.662625 0.00461833 
291 168.81 1.55349 28676.9 529.948 0.814722 0.00293714 0.664527 0.0048212 
292 169.243 1.43495 28830.5 483.569 0.814353 0.00285761 0.663953 0.00466177 
293 169.509 1.50504 28923 509.355 0.81405 0.00288282 0.663435 0.00470609 
294 169.652 1.79233 28980.3 606.761 0.813113 0.00339454 0.661936 0.00553871 
295 170.157 1.65783 29129 576.233 0.812959 0.00321744 0.661613 0.00528886 
296 171.283 1.55913 29517.1 549.213 0.814149 0.00278464 0.663532 0.00458131 
297 172.001 1.45347 29756 504.469 0.814591 0.00275796 0.664235 0.00452014 
298 172.948 1.60025 30075.7 560.816 0.814504 0.00273435 0.664069 0.00449721 
299 173.016 1.47112 30083.7 496.746 0.813693 0.00294229 0.662701 0.00483445 
300 174.638 1.45861 30667.9 523.569 0.815308 0.00272884 0.665389 0.00451142 
301 174.818 1.53577 30697 551.234 0.813444 0.00296299 0.662225 0.00487065 
302 175.625 1.61576 31024.5 567.534 0.815333 0.0029814 0.665487 0.00488048 
303 178.494 1.70561 32043.4 606.698 0.818272 0.00291354 0.670232 0.00476213 
304 177.691 1.36865 31712.6 479.235 0.81508 0.00359691 0.664963 0.00580662 
305 179.459 1.19839 32316.5 405.121 0.818214 0.00224974 0.66988 0.00363648 
306 179.021 1.5678 32218.5 562.016 0.816856 0.00327774 0.667911 0.00535812 
307 179.699 1.34359 32446.9 486.997 0.818957 0.00292484 0.671299 0.0047658 
308 180.31 1.59936 32672.9 562.247 0.818209 0.003244 0.670081 0.00522526 
309 181.609 2.04189 33141.1 723.09 0.819632 0.00395632 0.672383 0.00642113 
310 183.148 1.63309 33667.8 573.426 0.821413 0.00311124 0.675192 0.00502469 
311 181.232 2.04999 33055.4 739.745 0.815645 0.00345968 0.666028 0.00565489 
312 182.472 2.02092 33499.9 734.937 0.817098 0.00377627 0.668403 0.00616852 
313 185.98 3.22211 34856 1223.97 0.820257 0.00509112 0.673628 0.00839903 
314 184.138 1.70181 34109.9 616.959 0.81721 0.00345018 0.668616 0.00565326 
315 184.647 1.56055 34296.8 571.824 0.816834 0.00259072 0.66793 0.00423476 
316 185.257 1.96437 34511.3 727.777 0.816543 0.00339888 0.667457 0.0055797 
317 186.611 1.91679 35022.1 704.316 0.818847 0.00335286 0.671216 0.00546342 
318 189.392 2.14331 36047.4 791.617 0.824037 0.00373222 0.67965 0.00607178 
319 186.408 2.43591 34967.6 913.154 0.816603 0.00389441 0.667574 0.00641793 
320 186.775 1.84423 35094.1 676.681 0.816279 0.00266925 0.666984 0.00439741 
321 187.87 2.0339 35524.5 750.977 0.815796 0.00332196 0.666242 0.00549658 
322 187.899 1.93539 35511.9 694.129 0.813456 0.00276153 0.662338 0.00455386 
323 188.725 2.18813 35857.3 815.937 0.817074 0.00295116 0.668346 0.00487582 
324 189.243 2.96711 36076.3 1099.18 0.817239 0.00408192 0.668627 0.00673472 
325 188.953 3.0555 35959.5 1104.89 0.815965 0.00338196 0.66647 0.00557772 
326 185.521 5.18906 34809.2 1799.87 0.813736 0.00299928 0.662791 0.00494709 
327 181.921 6.48742 33610.4 2240.94 0.813001 0.00333515 0.661545 0.0055064 
328 164.623 6.76924 27617 2349.88 0.806382 0.0029469 0.650561 0.00487318 
329 193.461 2.52329 37665.9 961.276 0.817787 0.00273934 0.669454 0.00454538 
330 194 2.48185 37873.3 939.028 0.817783 0.00281766 0.669442 0.00466061 
331 195.924 2.53198 38633.7 990.778 0.819524 0.00338772 0.67235 0.0056161 
332 195.732 2.16254 38538.8 845.356 0.817878 0.0034478 0.669616 0.00571807 
333 198.255 2.64542 39581.9 1070.86 0.820428 0.00341297 0.67379 0.0056848 
334 196.772 1.75194 38923.3 685.297 0.816497 0.0026196 0.66727 0.00434034 
335 197.774 2.04202 39321.9 806.249 0.818441 0.00269051 0.670443 0.00446226 
336 198.597 1.88766 39675.6 758.855 0.81761 0.00314362 0.669164 0.00521034 
337 203.619 3.45594 41776.4 1475.53 0.825037 0.00579848 0.681566 0.00969589 
338 200.002 1.91433 40228.3 773.452 0.817744 0.00320312 0.669364 0.00530857 
339 202.177 2.06096 41137.2 834.158 0.820903 0.00327253 0.674622 0.00544397 
340 202.467 1.58534 41236.9 648.826 0.819445 0.00277667 0.672172 0.00460075 
341 200.889 1.94094 40562.3 781.809 0.817468 0.00245877 0.668852 0.00406225 
342 202.388 1.51956 41176.9 621.096 0.818284 0.00232735 0.670241 0.00385316 
343 203.395 1.70139 41555 676.667 0.81702 0.00206235 0.668076 0.0034125 
344 203.988 1.8543 41832.7 760.833 0.817951 0.00294305 0.669699 0.00489189 
345 205.394 1.7635 42383.2 711.6 0.818224 0.00191357 0.670059 0.00314736 
346 204.725 2.23856 42138.9 909.587 0.815702 0.00349194 0.6661 0.005676 
347 205.998 1.49959 42655.9 611.505 0.818597 0.00253508 0.670754 0.00419378 
348 206.697 2.81507 42948.3 1157.6 0.816994 0.00227391 0.668064 0.00370621 
349 206.736 1.22625 42915.2 502.819 0.816582 0.00241176 0.667347 0.00400712 
350 207.201 1.93989 43149 797.69 0.817334 0.00208486 0.668635 0.00345603 
351 208.039 1.69438 43483.9 696.342 0.81795 0.00276878 0.66967 0.00458505 
352 209.554 2.79035 44164.7 1171.82 0.820456 0.00462437 0.673865 0.00767646 
353 207.96 1.32803 43454 556.853 0.816613 0.00205832 0.667457 0.00339644 
354 209.222 1.68902 44025.9 716.743 0.817538 0.00273095 0.669027 0.00452778 
355 209.682 1.8487 44185.4 778.17 0.816951 0.00265658 0.668034 0.00441178 
356 209.67 1.64349 44183.4 679.076 0.81672 0.00215993 0.667639 0.00356295 
357 211.435 2.19696 44943.9 937.669 0.818144 0.00379235 0.67005 0.00630808 
358 211.52 1.6035 44975.7 671.388 0.817058 0.00233114 0.668222 0.00384198 
359 212.524 1.59098 45393.2 666.204 0.818164 0.00232992 0.670008 0.00384829 
360 212.344 1.73426 45327.1 728.027 0.816851 0.00273638 0.667849 0.00449966 
361 212.529 1.61982 45400.5 678.583 0.816373 0.00230969 0.667082 0.00379674 
362 212.952 1.90786 45589.6 812.362 0.816257 0.00276154 0.666884 0.00453759 
363 216.953 2.34068 47311 1003.76 0.820722 0.0035857 0.6742 0.00590233 
364 214.405 2.13195 46220.6 917.11 0.816314 0.00374467 0.667026 0.00616331 
365 217.993 2.20803 47760.5 961.932 0.820673 0.00330938 0.674141 0.00547545 
366 215.711 1.93626 46790.2 833.639 0.816558 0.00303431 0.667453 0.00495112 
367 217.13 1.783 47362 784.646 0.817151 0.00353453 0.668336 0.00583671 
368 215.541 2.28605 46696.2 1024.98 0.812764 0.004775 0.661251 0.00785728 
369 220.417 2.3628 48840.1 1057 0.820672 0.00430301 0.674237 0.00717956 
370 217.882 2.90444 47785.3 1235.27 0.816028 0.00465282 0.666749 0.00754029 
371 221.446 2.4656 49298.9 1113.29 0.820362 0.00446056 0.673699 0.0074423 
372 220.56 2.20801 48908 972.898 0.818495 0.00370704 0.670562 0.00613276 
373 223.446 2.69968 50226.9 1223 0.822139 0.00485874 0.676703 0.0081045 
374 220.759 2.23115 48989.7 992.904 0.817515 0.00332813 0.668928 0.00549345 
375 223.97 2.55232 50396.9 1141.49 0.819697 0.00390295 0.672497 0.00645721 
376 222.562 2.17337 49755 973.513 0.817243 0.0035244 0.668392 0.00583033 
377 224.772 2.99021 50756.7 1350.15 0.817743 0.00405719 0.669213 0.00667992 
378 222.225 1.6302 49546.1 725.371 0.811504 0.0028679 0.658991 0.00472563 
379 226.686 2.41473 51611.2 1096.1 0.820426 0.00390038 0.673648 0.00644729 
380 227.19 2.52596 51879.5 1144.07 0.819729 0.00386897 0.672523 0.00638256 
381 228.61 2.55177 52503.6 1165.15 0.822102 0.00424636 0.676436 0.00702491 
382 227.024 2.86694 51846.1 1273.39 0.819426 0.00357909 0.67207 0.00589439 
383 228.798 2.03443 52566.6 932.248 0.819962 0.00297923 0.67286 0.00490845 
384 228.672 2.37603 52506.7 1089.64 0.819408 0.00342786 0.671948 0.00565806 
385 231.893 2.44587 53983.8 1141.12 0.823502 0.00354434 0.678626 0.00586119 
386 228.364 2.32875 52377 1068.96 0.817872 0.00341359 0.669404 0.00562939 
387 231.261 2.59346 53708.1 1204.21 0.820332 0.00397363 0.673449 0.00654904 
388 227.689 3.02349 52088 1398.32 0.815776 0.00464673 0.66596 0.0076565 
389 234.954 2.31166 55416.1 1074.17 0.822236 0.0034167 0.676518 0.00561601 
390 227.983 3.76196 52200.5 1731.92 0.812519 0.00522042 0.660654 0.00855051 
391 235.503 2.33342 55670.6 1087 0.822185 0.00354878 0.676447 0.00585749 
392 235.027 2.64196 55438.2 1237.52 0.819657 0.00403009 0.672267 0.00664429 
393 238.274 3.29522 56972.2 1553.19 0.823699 0.00466053 0.678885 0.0077118 
394 238.798 2.65052 57204.6 1240.87 0.821485 0.00296191 0.675201 0.00486605 
395 242.051 2.56221 58744.3 1213.15 0.824736 0.00306825 0.680514 0.00503347 
396 241.061 3.57827 58307.9 1693.67 0.822427 0.00500468 0.676793 0.00828626 
397 244.36 2.34336 59850.2 1106.84 0.824711 0.00242567 0.68043 0.00399509 
398 248.231 2.26888 61707.1 1077.39 0.823977 0.00131989 0.679096 0.00219315 
399 247.706 2.56395 61496.2 1227.37 0.82482 0.00200728 0.680575 0.00331535 
400 253.205 1.60565 64175.9 760.109 0.82541 0.00113608 0.681408 0.00188377 
401 246.778 2.99275 61108.3 1442.39 0.827292 0.00384423 0.684808 0.00635298 
402 244.98 3.33326 60274.7 1636.77 0.824927 0.00500697 0.68104 0.00833137 
403 247.835 2.84123 61638.4 1390.44 0.827491 0.00377045 0.685142 0.0062488 
404 248.425 3.41524 61979.8 1701.05 0.827742 0.00543566 0.685711 0.00908048 
405 250.155 3.74912 62782.6 1840 0.827562 0.00388663 0.685238 0.00639024 
406 248.376 4.66605 61945.7 2309.29 0.824732 0.0070274 0.680725 0.01162 
407 251.198 2.90238 63329.3 1426.33 0.827728 0.00304508 0.685501 0.00502881 
408 251.002 3.31046 63257 1644.06 0.827678 0.00439809 0.68552 0.00732959 
409 253.053 3.20062 64236.2 1582.82 0.827504 0.00270558 0.685058 0.00443376 
410 249.27 3.0715 62423.8 1522.82 0.824047 0.00294994 0.679507 0.00488407 
411 254.74 4.00822 65113.5 1991.7 0.827149 0.0034118 0.684505 0.00558906 
412 251.68 3.76555 63686.3 1885.89 0.825705 0.00489647 0.682377 0.00812808 
413 253.891 3.35922 64731.4 1687.35 0.826223 0.00385401 0.683061 0.00639148 
414 254.867 4.65594 65331.5 2389.5 0.828922 0.00636446 0.687778 0.0106199 
415 251.874 3.39083 63708 1722.23 0.823626 0.00428967 0.678788 0.00711086 
416 251.453 2.58435 63493.1 1306.99 0.822793 0.00315637 0.67742 0.00521833 
417 252.951 3.219 64237.4 1626.23 0.822893 0.0033961 0.677529 0.0055745 
418 252.85 2.58968 64182.3 1313.29 0.821746 0.00304655 0.675657 0.00500698 
419 256.564 3.25509 66084.4 1662.1 0.825232 0.00331567 0.681367 0.00544701 
420 252.744 3.34075 64141.6 1689.74 0.821298 0.00311917 0.674954 0.00510255 
421 254.645 2.98592 65116.4 1524.66 0.822297 0.00274573 0.676574 0.00449815 
422 253.538 3.37407 64554.5 1715.95 0.820544 0.00321903 0.673714 0.00527254 
423 253.944 2.99693 64751.5 1533.63 0.820451 0.00293652 0.67355 0.00482035 
424 253.568 3.06768 64583.5 1558.39 0.819362 0.00326034 0.671803 0.00534314 
425 256.573 3.14575 66127.3 1584.85 0.821218 0.00356799 0.674876 0.00584173 
426 255.394 3.1824 65536.5 1625.58 0.819541 0.00383481 0.672138 0.00628929 
427 258.032 3.04088 66896 1561.91 0.821287 0.00354233 0.674976 0.00581572 
428 257.411 3.18035 66562.3 1627.25 0.821381 0.00351273 0.675161 0.00576662 
429 261.593 3.293 68806.4 1732.35 0.826545 0.00441773 0.683844 0.00740734 
430 259.464 2.4799 67591 1280.81 0.821655 0.00271135 0.675515 0.0044401 
431 258.909 2.55688 67320.6 1333.5 0.820934 0.00254718 0.674378 0.00414761 
432 258.419 2.34884 67057.2 1226.25 0.819987 0.00219929 0.672806 0.00360644 
433 259.221 2.6376 67482.4 1370.15 0.820209 0.00274779 0.673189 0.00450994 
434 260.175 2.4272 67969.8 1261.85 0.821037 0.00242695 0.674515 0.00397446 
435 259.158 3.1484 67455.1 1621.23 0.818428 0.00407608 0.670341 0.00661281 
436 261.601 3.11482 68683.8 1640.5 0.821246 0.00270046 0.674833 0.00441199 
437 263.259 3.01809 69554.3 1590.43 0.821923 0.00268754 0.675948 0.0043925 
438 263.642 2.79572 69752.5 1473.83 0.821672 0.00318453 0.675545 0.0052112 
439 264.055 2.61014 69964.5 1388.84 0.820971 0.00241717 0.674365 0.00395985 
440 263.979 2.85471 69932.1 1520.91 0.820388 0.00284649 0.673426 0.00465333 
441 265.332 2.91909 70651.4 1560.91 0.820903 0.0029475 0.674307 0.0048381 
442 266.511 3.34903 71271.3 1791.65 0.821652 0.00279066 0.675489 0.00456993 
443 265.606 2.47916 70807.4 1286.27 0.81943 0.00373047 0.671974 0.00603992 
444 267.714 2.58412 71888.7 1393.03 0.822819 0.00210671 0.677375 0.00344165 
445 267.45 2.69654 71734.2 1458.33 0.823071 0.00242343 0.677804 0.00397579 
446 269.923 2.47909 73050 1331.37 0.824643 0.00283345 0.680369 0.00461092 
447 268.976 2.3529 72606.4 1267.52 0.82084 0.00249451 0.674178 0.00408221 
448 268.855 2.97649 72535.1 1599.05 0.819607 0.00230559 0.672116 0.00375742 
449 269.483 2.5568 72892.1 1379.86 0.819662 0.00266882 0.672261 0.00435516 
450 269.207 2.84353 72728.7 1530.64 0.818872 0.00244589 0.670931 0.00398009 
451 270.484 2.66177 73401.7 1443.83 0.818548 0.00238083 0.670395 0.00388492 
452 271.877 2.75528 74173.7 1500.13 0.82074 0.00212142 0.673972 0.00345392 
453 272.094 2.62322 74285.9 1428.75 0.820978 0.00210526 0.674374 0.00345548 
454 272.148 2.78897 74323.1 1517.24 0.820125 0.00188633 0.672979 0.00306633 
455 273.497 3.01111 75056.3 1646.27 0.820788 0.00241432 0.674057 0.00394009 
456 273.806 2.67963 75233 1466.48 0.820734 0.00222629 0.673996 0.00364677 
457 273.909 2.62456 75287.5 1434.51 0.819894 0.00201554 0.672617 0.00329849 
458 275.639 2.88543 76248.7 1571.23 0.820948 0.00221053 0.674328 0.0035977 
459 274.956 2.95961 75866.6 1625.86 0.820948 0.00260033 0.674346 0.00423028 
460 276.16 2.64774 76546 1461.24 0.820273 0.00222219 0.673257 0.00362557 
461 276.253 2.85569 76585.3 1580.16 0.820045 0.00205725 0.672864 0.00334174 
462 278.783 2.64922 78009.6 1467.76 0.821672 0.00231843 0.675575 0.00380448 
463 277.658 2.90469 77371.6 1608.9 0.819838 0.00280833 0.672539 0.00455683 
464 278.495 2.7674 77823 1543.23 0.820979 0.00250379 0.674387 0.00406339 
465 277.397 2.49808 77208.1 1386.09 0.818724 0.00235892 0.670689 0.00380431 
466 278.974 3.05001 78111.3 1711.9 0.819959 0.00242832 0.672756 0.00396889 
467 278.355 2.95946 77756.9 1651.05 0.818558 0.00222566 0.670441 0.00359662 
468 279.077 2.94604 78145.9 1662.41 0.819614 0.00313642 0.672186 0.00510421 
469 279.455 2.63273 78375.7 1478.06 0.816642 0.00248459 0.667312 0.00404658 
470 279.715 3.17156 78518.7 1785.51 0.816049 0.00373376 0.66637 0.00604641 
471 281.246 3.44635 79374.6 1950.07 0.817259 0.00409958 0.668337 0.00665579 
472 280.44 3.207 78907.7 1811.36 0.815497 0.00371917 0.665458 0.0060353 
473 281.941 3.58335 79763.3 2032.41 0.815222 0.00481901 0.665025 0.00781753 
474 279.132 3.81859 78171.9 2172.36 0.810294 0.00511205 0.657041 0.00828495 
475 282.397 3.73655 80081.9 2127.02 0.81593 0.00461545 0.666233 0.00746643 
476 282.247 4.27658 79959.9 2430.71 0.813689 0.00506458 0.662566 0.00820166 
477 287.372 4.99574 82963.9 2910.25 0.819397 0.00415666 0.671853 0.00676186 
478 284.421 3.39205 81202.2 1934.5 0.81599 0.00363056 0.666291 0.00585839 
479 285.45 3.49029 81783 1995.13 0.817006 0.00381743 0.667932 0.00614757 
480 286.149 3.269 82131.7 1877.34 0.818243 0.00350073 0.669867 0.00565685 
481 285.806 3.36669 81956.3 1929.2 0.816845 0.00346311 0.667611 0.0055995 
482 286.404 2.46124 82265.6 1420.82 0.81711 0.0025758 0.668024 0.00415948 
483 287.003 2.51635 82634 1456.71 0.816844 0.00229884 0.667593 0.00372751 
484 289.831 2.61365 84275.9 1514.75 0.820253 0.00268804 0.673186 0.00437096 
485 288.906 3.25378 83752.2 1878.86 0.819253 0.00216514 0.671547 0.00352824 
486 290.986 3.40755 84967.7 1994.6 0.819344 0.00215255 0.671689 0.0035181 
487 292.11 3.25658 85607.7 1913.14 0.82111 0.00267557 0.674611 0.00441178 
488 292.605 3.39045 85892.9 1989.9 0.820024 0.00218078 0.672794 0.00355116 
489 293.429 3.36925 86393.5 1974.14 0.820051 0.00221975 0.672837 0.00363866 
490 294.704 2.49685 87125.6 1469.82 0.820681 0.00217763 0.673847 0.00354439 
491 296.332 2.9794 88084 1754.91 0.820679 0.00204711 0.673864 0.00335599 
492 295.512 2.84428 87609.9 1691.1 0.820715 0.00207471 0.673942 0.00340214 
493 297.448 3.48177 88767.7 2069.48 0.820818 0.00217758 0.674098 0.00355649 
494 297.27 2.45286 88653.7 1466.21 0.820672 0.00245822 0.673871 0.00403333 
495 300.363 3.17371 90511.5 1895.65 0.820074 0.00190179 0.672852 0.00311645 
496 298.673 3.47545 89488.1 2080.92 0.821253 0.0024167 0.674796 0.00396234 
497 306.111 6.09364 94132.6 3787.9 0.826513 0.00710199 0.683674 0.0119235 
498 298.867 2.90546 89620.2 1764.27 0.819787 0.00211426 0.672395 0.00343624 
499 303.534 4.92573 92482.3 3007.72 0.822085 0.00280857 0.676178 0.00456261 
500 298.583 2.43302 89428.4 1491.09 0.817941 0.0022632 0.669401 0.00371436 
501 300.922 2.63061 90872.4 1609.36 0.820177 0.00205495 0.673095 0.00335526 
502 301.19 2.37066 91006.2 1446.29 0.819492 0.00236193 0.671957 0.00387091 
503 301.105 2.70491 90961.6 1650.93 0.819588 0.00204341 0.67211 0.00335314 
504 302.143 3.61628 91623.4 2231.5 0.82116 0.00270214 0.674744 0.00444439 
505 304.183 3.31879 92857.4 2054.26 0.821037 0.00227919 0.674508 0.00375985 
506 304.939 3.88695 93362.6 2431.57 0.821445 0.00375296 0.675253 0.00623803 
507 307.379 3.0156 94809.3 1870.88 0.820203 0.00279316 0.673124 0.0046106 
508 304.737 2.46878 93149.3 1528.24 0.819692 0.00203234 0.672249 0.00334185 
509 306.84 2.24962 94404.8 1361.72 0.81771 0.00174873 0.668953 0.00287011 
510 305.376 2.94234 93561.5 1818.98 0.819165 0.00224581 0.671408 0.00368376 
511 308.267 2.51739 95326.6 1559.09 0.820983 0.00212288 0.674367 0.00348614 
512 307.471 3.19054 94833.4 1971.51 0.819769 0.00223691 0.672363 0.00367067 
513 309.288 2.88357 95942 1776.56 0.820462 0.00201415 0.673505 0.00330415 
514 309.392 2.95022 96020.9 1837.91 0.821911 0.00264753 0.675907 0.00433666 
515 310.545 3.05266 96738 1902.79 0.822044 0.00227722 0.676115 0.00373541 
516 311.415 3.08291 97294.3 1939.87 0.823826 0.00225535 0.679042 0.00369661 
517 315.433 4.79001 99823.1 3008.1 0.824865 0.003061 0.680756 0.00504416 
518 310.904 3.4474 96986.1 2169.58 0.821818 0.00243064 0.675737 0.00399459 
519 311.675 3.5318 97443.4 2219.03 0.82165 0.00209027 0.675452 0.00341787 
520 312.468 3.11509 97892.8 1984.62 0.825246 0.00237415 0.681341 0.00389707 
521 313.728 3.55808 98715.9 2257.32 0.823692 0.00252138 0.678773 0.00415053 
522 313.227 3.2707 98399.6 2075.06 0.822784 0.00204906 0.677304 0.00336022 
523 314.217 3.20669 98998.2 2044.31 0.825031 0.00223636 0.680961 0.00368267 
524 315.053 3.68873 99569.6 2405.95 0.824136 0.00230283 0.679524 0.00385805 
525 315.369 3.11053 99729.5 2001.78 0.824131 0.0023236 0.67949 0.00380687 
526 317.029 3.19647 100786 2046.38 0.824578 0.00207523 0.680244 0.00340761 
527 317.731 2.70754 101227 1745.82 0.824672 0.00191522 0.680411 0.00313652 
528 318.919 3.42568 102001 2204.97 0.823981 0.00232417 0.679265 0.00381542 
529 318.82 2.56064 101880 1659.44 0.825039 0.00254832 0.680978 0.00418932 
530 319.92 3.16719 102615 2056.11 0.825024 0.0022934 0.680954 0.00376176 
531 320.421 2.73239 102899 1761.85 0.824057 0.00233541 0.679342 0.00382206 
532 324.202 2.34756 105296 1511.27 0.830747 0.00418952 0.690411 0.00687745 
533 321.141 3.39949 103405 2199.01 0.823473 0.0024475 0.678404 0.0040037 
534 324.473 3.65892 105568 2373.98 0.824656 0.00190248 0.680326 0.00310819 
535 324.197 3.20007 105349 2082.87 0.825575 0.00206306 0.681805 0.0033701 
536 329.062 4.50394 108603 2950.64 0.826011 0.00190253 0.682523 0.00309821 
537 324.362 3.58034 105470 2329.25 0.823587 0.00169166 0.678538 0.00275276 
538 325.936 4.47174 106554 2942.36 0.824599 0.00223257 0.680242 0.00365587 
539 323.802 3.77238 105121 2485.23 0.82442 0.00250405 0.679949 0.00413139 
540 325.455 3.95182 106209 2602.81 0.823651 0.00232712 0.678669 0.00385308 
541 324.151 3.23206 105336 2146.2 0.824358 0.00214435 0.679834 0.0035276 
542 323.879 2.87799 105162 1899.2 0.822731 0.00202068 0.67715 0.00333791 
543 324.308 3.44589 105442 2278.63 0.823148 0.00244349 0.677829 0.00402421 
544 323.929 3.33404 105194 2215.59 0.822482 0.00243175 0.676716 0.00401351 
545 325.807 3.25233 106381 2147.31 0.8232 0.00240126 0.67787 0.00396319 
546 326.087 2.83049 106591 1894.67 0.823779 0.00182178 0.678852 0.0029975 
547 327.521 3.4252 107528 2281.58 0.823844 0.00247246 0.678955 0.00407668 
548 325.442 2.7031 106140 1800.21 0.821015 0.00227612 0.6743 0.00373277 
549 328.926 2.85712 108459 1917.68 0.824861 0.00230442 0.680655 0.00378252 
550 329.306 2.26446 108671 1532.54 0.825393 0.00187145 0.681502 0.00307843 
551 332.288 2.53611 110658 1720.87 0.82742 0.00196306 0.684845 0.00322902 
552 331.779 3.15796 110335 2142.94 0.826435 0.00187944 0.683215 0.0031375 
553 333.702 3.07239 111623 2080.92 0.828058 0.00178636 0.685893 0.00294804 
554 332.828 3.55391 111018 2409.45 0.827248 0.00202903 0.684537 0.00335286 
555 335.204 4.53164 112624 3098.04 0.829207 0.00123225 0.687735 0.00202932 
556 334.228 3.29947 111974 2261.98 0.827403 0.00217035 0.684818 0.00358534 
557 334.976 2.91294 112482 2009.65 0.82843 0.00219517 0.686538 0.00363421 
558 335.281 3.40443 112675 2356.54 0.829108 0.00245848 0.687637 0.00407145 
559 333.5 3.22576 111450 2239.42 0.831645 0.00264928 0.691828 0.00436683 
560 337.483 3.84101 114169 2629.35 0.826175 0.00247238 0.682768 0.00409813 
561 337.953 3.51528 114531 2437.73 0.827303 0.00243291 0.684671 0.0040329 
562 336.966 3.53656 113840 2430.89 0.825048 0.00218171 0.680925 0.00360623 
563 339.859 3.15659 115778 2211.59 0.827244 0.00218514 0.684545 0.00363298 
564 339.832 3.22274 115724 2253.37 0.826922 0.00171985 0.68399 0.00286722 
565 339.819 2.65567 115742 1854.39 0.826297 0.00183723 0.682977 0.00302731 
566 340.976 2.97943 116525 2076.42 0.826816 0.00199835 0.683823 0.00331292 
567 341.719 2.74075 117046 1926.3 0.82746 0.00185892 0.684903 0.00308227 
568 340.119 2.03957 115891 1426.61 0.824454 0.00175972 0.679912 0.0029154 
569 344.148 2.97932 118699 2089.36 0.828255 0.00187964 0.686207 0.00311157 
570 342.563 1.97087 117503 1402.06 0.822795 0.00222171 0.677132 0.00369241 
571 343.49 3.01827 118227 2129.33 0.827679 0.00196109 0.685237 0.00325121 
572 343.974 2.88376 118563 2025.38 0.826567 0.00198969 0.683406 0.00327801 
573 343.924 3.88162 118524 2759.88 0.82806 0.00180191 0.68586 0.00298377 
574 344.976 3.04119 119240 2148.09 0.828166 0.00170605 0.686025 0.00282433 
575 344.717 3.62607 119039 2613.34 0.828356 0.00143415 0.686315 0.0023829 
576 345.374 2.93148 119475 2111.27 0.828696 0.00139751 0.686875 0.00230933 
577 345.939 2.48266 119819 1799.63 0.828637 0.00124634 0.686744 0.00206658 
578 349.679 3.14827 122509 2259.8 0.828598 0.00176599 0.686731 0.00294502 
579 347.591 2.46109 120927 1778.67 0.829037 0.000843932 0.687378 0.00141344 
580 353.053 4.5217 124902 3251.35 0.830664 0.00181435 0.690165 0.00306004 
581 350.861 1.90863 123197 1415.25 0.829503 0.000938839 0.688139 0.00158598 
582 351.307 3.12931 123644 2280.65 0.828144 0.00190915 0.685978 0.00317428 
583 351.296 1.20463 123473 890.658 0.827548 0.000638118 0.684882 0.00106998 
584 355.366 4.05791 126621 2954.33 0.828032 0.00281451 0.685876 0.00467921 
585 355.697 4.568 126844 3313.91 0.827678 0.0027143 0.685285 0.00451492 
586 355.564 4.32279 126777 3164.29 0.829308 0.00268778 0.687984 0.00447219 
587 357.421 4.47691 128096 3274.17 0.829772 0.00267731 0.688751 0.00445316 
588 356.477 4.44613 127439 3270.05 0.829041 0.00258136 0.687552 0.00429251 
589 359.528 4.9163 129642 3604.95 0.830106 0.0032585 0.689327 0.00540206 
590 359.164 5.03689 129377 3693.24 0.829569 0.00334342 0.688432 0.0055438 
591 363.24 5.88024 132364 4342.61 0.831239 0.00318075 0.691214 0.00527156 
592 360.744 4.55385 130492 3376.76 0.830295 0.0031125 0.689626 0.00515832 
593 364.363 7.30031 133211 5395.94 0.830329 0.00476081 0.689744 0.00789188 
594 364.395 7.08799 133252 5254.63 0.830057 0.00461636 0.68928 0.00765926 
595 367.202 5.94951 135300 4427.1 0.831451 0.00324224 0.691594 0.00537861 
596 367.32 6.82203 135394 5075.11 0.831194 0.00380941 0.691152 0.00632401 
597 365.596 6.14655 134077 4596.55 0.830032 0.00346018 0.689221 0.00577859 
598 363.191 5.13172 132329 3822.45 0.828168 0.00363054 0.686156 0.00601384 
599 362.508 4.37986 131761 3260.63 0.827497 0.0034106 0.685028 0.00563152 
600 362.084 4.3801 131456 3269.36 0.825203 0.00321932 0.681251 0.00532523 
601 364.152 4.66699 132958 3485.08 0.824485 0.00430944 0.680115 0.0070917 
602 365.484 4.49071 133929 3360.55 0.828528 0.00351182 0.686736 0.00580917 
603 366.169 4.56477 134433 3416.1 0.828214 0.00342344 0.686202 0.00566269 
604 365.817 4.3772 134178 3280.36 0.828156 0.00304585 0.686101 0.00504854 
605 369.402 3.81674 136777 2871.59 0.829567 0.00265707 0.688409 0.00440539 
606 365.9 4.46975 134267 3343.91 0.827377 0.0027868 0.684822 0.00462092 
607 367.104 4.85693 135154 3677.87 0.827411 0.00306915 0.684896 0.00509702 
608 368.92 5.02647 136528 3785.03 0.828607 0.00274269 0.686854 0.00456495 
609 373.856 6.46242 140261 4912.06 0.831385 0.00291313 0.691476 0.00484848 
610 372.612 5.30399 139312 4011.5 0.83025 0.00306715 0.689585 0.00511433 
611 381.146 6.91691 145842 5272.41 0.834812 0.0034829 0.697196 0.0057951 
612 372.691 4.80932 139367 3644.3 0.830024 0.00296169 0.689225 0.00490994 
613 374.563 5.66147 140824 4322.42 0.829919 0.00323872 0.689133 0.00534055 
614 373.209 4.95672 139743 3774.87 0.830063 0.00296306 0.689267 0.004945 
615 377.494 7.21903 143005 5504.63 0.831783 0.00362336 0.692142 0.00607087 
616 374.19 5.04581 140448 3868.88 0.829595 0.00315942 0.68847 0.00525743 
617 385.074 6.96611 148798 5345.06 0.835795 0.00403756 0.698812 0.00674429 
618 378.691 6.50804 143884 4976.54 0.831237 0.00344532 0.691243 0.00577321 
619 389.084 6.50656 151874 5012.2 0.83728 0.00375292 0.701305 0.00626403 
620 379.157 6.54268 144227 5024.27 0.830857 0.0036604 0.690606 0.00614119 
621 386.501 7.11239 149905 5510.74 0.83621 0.00437946 0.699543 0.00734363 
622 380.623 5.93469 145326 4581.56 0.831305 0.00332539 0.691356 0.00553983 
623 385.084 6.46965 148767 5035.69 0.833867 0.00384213 0.695601 0.00643615 
624 380.27 4.68014 145011 3626.65 0.830409 0.00298762 0.689846 0.00498475 
625 381.14 6.16751 145682 4799.71 0.830929 0.00352941 0.690694 0.00591932 
626 382.865 6.51377 147047 5070.5 0.830853 0.00365596 0.690605 0.00613212 
627 385.828 6.38817 149334 5004.54 0.832644 0.00391019 0.693582 0.0065469 
628 385.241 6.80873 148881 5313.75 0.831661 0.00404161 0.691956 0.00676882 
629 394.52 7.08294 156200 5601.72 0.837537 0.00511574 0.701805 0.00856 
630 383.713 6.37387 147621 5001.29 0.828744 0.00416924 0.687071 0.00697533 
631 390.23 6.49501 152782 5132 0.832679 0.00404181 0.693643 0.00675842 
632 383.009 3.83376 146963 3025.53 0.825661 0.00265102 0.68191 0.00443973 
633 384.207 6.45015 148026 5075.64 0.825659 0.00491958 0.682026 0.0081485 
634 386.725 5.31834 149973 4195.07 0.828792 0.00389985 0.687184 0.00648541 
635 386.645 5.63499 149851 4459.91 0.825003 0.00482405 0.68093 0.00801044 
636 390.714 5.44483 153126 4332.87 0.832119 0.00340755 0.692691 0.00571141 
637 388.197 5.04809 151082 3990.55 0.829655 0.00342011 0.68856 0.00569797 
638 389.979 4.98712 152459 3956.1 0.830034 0.00337103 0.689189 0.00562279 
639 391.171 5.07513 153394 4035.95 0.830607 0.00304738 0.690143 0.00507602 
640 390.077 4.25707 152514 3379.84 0.829779 0.00269257 0.688753 0.00449311 
641 393.997 6.71568 155683 5377.24 0.832226 0.00363377 0.692838 0.00607536 
642 391.515 3.94692 153639 3145.64 0.830077 0.00245675 0.689242 0.0040811 
643 392.058 4.26654 154068 3395.82 0.830377 0.00252133 0.68974 0.00420915 
644 393.205 4.53078 155002 3627.71 0.830949 0.00262394 0.690699 0.00436119 
645 393.584 4.19769 155283 3360.37 0.830827 0.00248226 0.69049 0.00414881 
646 393.886 4.46515 155542 3587.33 0.830648 0.00239624 0.690189 0.00400983 
647 389.911 4.42767 152401 3511.06 0.828838 0.00254174 0.687152 0.00422075 
648 393.866 3.89154 155481 3139 0.830469 0.00229694 0.689872 0.00381666 
649 395.689 5.59114 157000 4538.35 0.830661 0.00314843 0.690221 0.00524556 
650 403.548 8.33555 163412 6801.37 0.83528 0.00462686 0.697963 0.00776099 
651 397.303 5.34273 158173 4332.57 0.83143 0.0030293 0.691464 0.00506409 
652 400.27 5.76676 160667 4695.47 0.832242 0.00361715 0.692876 0.00605117 
653 397.34 4.69604 158130 3796.4 0.830901 0.00253002 0.690555 0.00421885 
654 397.422 4.28576 158281 3458.4 0.829227 0.00235536 0.687822 0.00392571 
655 400.292 4.66856 160567 3781.86 0.830361 0.00285747 0.689699 0.00476459 
656 399.091 4.08802 159608 3320.58 0.829198 0.00221203 0.687763 0.00368334 
657 400.864 4.07009 161026 3314.38 0.829131 0.00251676 0.687651 0.00419867 
658 398.796 4.60647 159401 3743.48 0.828214 0.00254424 0.686149 0.00422174 
659 401.151 4.99224 161310 4088.4 0.828759 0.00287399 0.687056 0.00480967 
660 399.94 5.09259 160309 4119.05 0.828304 0.00282329 0.686273 0.00469923 
661 401.92 4.49676 161877 3670.38 0.828239 0.00246774 0.686167 0.00410987 
662 401.227 4.80397 161335 3911.07 0.827998 0.00273117 0.685776 0.00453955 
663 403.079 4.41392 162813 3647.36 0.828303 0.00233203 0.686279 0.00387868 
664 403.434 4.94421 163116 4067.86 0.828403 0.00270428 0.68645 0.00450793 
665 404.719 5.18983 164154 4272.45 0.827922 0.00298322 0.685655 0.00497507 
666 403.054 4.5435 162793 3745.69 0.826536 0.00274605 0.683366 0.00458498 
667 404.517 4.31866 163953 3546.47 0.826641 0.00269984 0.683529 0.0044914 
668 406.45 5.33046 165556 4406.01 0.827447 0.00317949 0.684878 0.00530216 
669 406.259 4.61722 165375 3824.81 0.826877 0.00300561 0.683918 0.00500148 
670 407.922 5.38729 166747 4459.56 0.82751 0.00379108 0.684985 0.00631451 
671 407.002 4.44018 166008 3699.85 0.825904 0.00286888 0.682325 0.0047821 
672 408.744 4.47702 167380 3709.3 0.827122 0.00306876 0.684321 0.00510989 
673 407.194 3.4142 166066 2852.65 0.824641 0.002191 0.68019 0.00365801 
674 407.898 3.217 166604 2676.6 0.824193 0.00220528 0.679437 0.00367407 
675 407.611 3.79217 166350 3169.3 0.82354 0.00258066 0.67834 0.00430379 
676 408.887 3.70519 167387 3096.6 0.824345 0.00228197 0.679677 0.00382074 
677 409.244 3.96632 167689 3304.58 0.822853 0.00182564 0.677213 0.00306904 
678 411.39 3.38715 169419 2828.6 0.823685 0.00188172 0.67857 0.00315318 
679 412.745 3.59349 170548 3009.24 0.823747 0.00182381 0.67867 0.00306218 
680 412.761 2.43135 170518 2019.81 0.821991 0.00158152 0.675757 0.00264227 
681 413.517 3.08887 171173 2585.66 0.823117 0.00171251 0.677628 0.00285104 
682 416.553 2.46715 173629 2041.8 0.82285 0.000994428 0.67715 0.00167143 
683 415.754 3.56918 173077 2998.24 0.825083 0.00256193 0.680902 0.00425763 
684 417.479 2.32953 174394 1922.42 0.822087 0.00120908 0.675894 0.00201675 
685 412.668 3.28908 170605 2790.07 0.823867 0.0021043 0.678941 0.0034874 
686 418.595 3.08535 175415 2579.5 0.822956 0.00126696 0.677366 0.00210199 
687 412.582 3.99677 170546 3371.58 0.824311 0.00226356 0.679678 0.003754 
688 412.761 3.94861 170649 3341.18 0.823868 0.00293333 0.678958 0.00483666 
689 412.47 3.98939 170417 3341.46 0.822124 0.00261273 0.676076 0.00432393 
690 414.327 3.14039 171976 2660.84 0.824214 0.00274375 0.679571 0.00452131 
691 412.335 4.5121 170310 3811.6 0.82138 0.00374156 0.674867 0.00616047 
692 414.422 4.31109 172048 3638.09 0.823811 0.00325721 0.678868 0.00537342 
693 413.471 4.55434 171286 3850.59 0.821348 0.00359981 0.674834 0.00592093 
694 415.043 3.51011 172513 2952.16 0.824189 0.00313722 0.679499 0.00516254 
695 412.427 3.65697 170340 3086.16 0.820567 0.00316598 0.673508 0.00519821 
696 415.204 4.00144 172654 3413.09 0.822532 0.00361635 0.676755 0.00595662 
697 412.7 2.44806 170492 2051.32 0.820288 0.00280733 0.673037 0.00459033 
698 419.604 3.28996 176320 2840.9 0.826392 0.0038878 0.683154 0.00639029 
