1.5 -1.959 125000000000
1665.64 574.486
1 0 0 0 0 0.49999 5.26601e-05 0.49999 5.26601e-05 
2 0 0 0 0 0.499953 4.34445e-05 0.374964 4.57016e-05 
3 0 0 0 0 0.499968 4.66112e-05 0.333309 4.34558e-05 
4 0.208561 5.69591e-05 0.208561 5.69591e-05 0.540496 4.8269e-05 0.358065 4.96654e-05 
5 0.280355 6.29263e-05 0.280355 6.29263e-05 0.543536 4.44364e-05 0.347899 4.83506e-05 
6 0.582813 0.000140798 0.848877 0.00028093 0.570952 4.55434e-05 0.371135 5.28224e-05 
7 0.691359 0.0002123 1.04273 0.00043375 0.571609 5.30984e-05 0.364957 6.3046e-05 
8 1.0824 0.000265003 2.1919 0.000798527 0.593522 5.03191e-05 0.386429 6.05759e-05 
9 1.23578 0.000317335 2.66938 0.00112519 0.595129 5.29883e-05 0.384526 6.43443e-05 
10 1.64137 0.000423685 4.30871 0.00178209 0.610011 5.5629e-05 0.399598 6.96157e-05 
11 1.86332 0.00050596 5.33686 0.00297343 0.613465 5.87414e-05 0.401478 7.59141e-05 
12 2.27485 0.000634436 7.52417 0.00365448 0.624524 6.65899e-05 0.413178 8.67972e-05 
13 2.53165 0.000839006 9.05677 0.00555314 0.627569 7.79578e-05 0.415251 0.000105412 
14 2.97446 0.000941153 12.0624 0.0069434 0.637274 7.57701e-05 0.426143 9.89934e-05 
15 3.24611 0.00167147 14.0615 0.0136221 0.639546 0.000125453 0.427698 0.000175425 
16 3.71424 0.00131192 17.94 0.013222 0.647911 0.000100353 0.437387 0.000145359 
17 4.00702 0.00219929 20.5559 0.0219757 0.649959 0.000143269 0.439035 0.000203975 
18 4.49189 0.00252943 25.3267 0.0253153 0.657283 0.000145028 0.447747 0.00019937 
19 4.80206 0.00217242 28.5908 0.0246489 0.659151 0.000132234 0.4494 0.000182364 
20 5.30292 0.00263187 34.3334 0.0325622 0.665617 0.000113252 0.457246 0.000153821 
21 5.63046 0.00279959 38.322 0.037457 0.667353 0.000143852 0.458895 0.000197411 
22 6.14634 0.00342087 45.1183 0.0467287 0.673129 0.000133663 0.466059 0.000188448 
23 6.47901 0.00318989 49.714 0.049387 0.674501 0.000112813 0.46735 0.000158955 
24 7.01223 0.00600048 57.6649 0.0925972 0.679757 0.000230619 0.473962 0.000322406 
25 7.36005 0.0046206 63.0956 0.0864934 0.681104 0.000158227 0.475316 0.000232292 
26 7.90805 0.00537392 72.2329 0.0925328 0.686018 0.000166256 0.481608 0.000232637 
27 8.26504 0.0060272 78.4713 0.0982681 0.687222 0.000146438 0.482874 0.000211302 
28 8.81966 0.00709174 88.7464 0.152931 0.691494 0.000190744 0.4884 0.00028195 
29 9.18572 0.00697606 95.7728 0.15034 0.692412 0.000172441 0.489279 0.000252159 
30 9.74876 0.0104464 107.258 0.235385 0.696528 0.000204146 0.494696 0.00029111 
31 10.1292 0.00950131 115.278 0.216696 0.697604 0.000234775 0.495883 0.00034093 
32 10.6992 0.00781343 127.981 0.192596 0.701318 0.000185182 0.500803 0.000272288 
33 11.0836 0.0100989 136.84 0.267025 0.702173 0.000218463 0.501729 0.000321257 
34 11.6557 0.00914564 150.634 0.240129 0.705554 0.000237629 0.50622 0.000332423 
35 12.0608 0.0100302 160.743 0.273859 0.706533 0.000274789 0.507352 0.000386035 
36 12.655 0.011391 176.358 0.333301 0.709835 0.000233615 0.511806 0.000341727 
37 13.0498 0.015136 186.917 0.43414 0.710687 0.000261083 0.512806 0.000381462 
38 13.6522 0.0186731 203.989 0.599187 0.713904 0.000367493 0.517221 0.000556877 
39 14.054 0.0143619 215.528 0.448444 0.714269 0.00024673 0.517497 0.00036241 
40 14.6312 0.0118178 232.848 0.383054 0.716926 0.000211565 0.521104 0.000312983 
41 15.0593 0.0154024 246.075 0.521867 0.71786 0.000282811 0.522243 0.000413292 
42 15.6728 0.0326842 266.005 1.21015 0.720617 0.000396706 0.526059 0.000586582 
43 16.0919 0.0163574 279.82 0.600537 0.721259 0.000251914 0.526844 0.000377216 
44 16.6898 0.0255223 300.135 0.949301 0.723763 0.000381871 0.530286 0.000577488 
45 17.1596 0.0297048 316.832 1.17533 0.724758 0.000437969 0.531623 0.000657429 
46 17.7763 0.0244165 339.255 0.990388 0.727236 0.000354289 0.535093 0.000536773 
47 18.201 0.0299773 355.045 1.23637 0.727847 0.000432152 0.535859 0.000668818 
48 18.8069 0.0409586 378.389 1.77258 0.729868 0.000416545 0.538667 0.000621057 
49 19.2843 0.0489001 397.3 2.182 0.7305 0.000502319 0.539435 0.000752173 
50 19.8378 0.02277 419.124 0.959563 0.73227 0.000353614 0.541879 0.000534667 
51 20.3576 0.0387234 441.249 1.78148 0.733588 0.000603159 0.543789 0.000943918 
52 20.9786 0.0441763 467.672 2.09796 0.735283 0.000616128 0.546094 0.00096144 
53 21.4052 0.042339 486.235 2.0607 0.73589 0.000584222 0.546901 0.000901508 
54 22.0256 0.0368536 513.997 1.8111 0.737845 0.000411466 0.549652 0.000623002 
55 22.4255 0.0317335 532.083 1.54652 0.737836 0.000499087 0.549597 0.000781308 
56 23.2126 0.0577167 569.43 2.86708 0.740953 0.000824494 0.554077 0.00126724 
57 24.3982 0.424145 629.717 21.8287 0.751488 0.00581705 0.570315 0.00897523 
58 24.2346 0.0523981 619.504 2.77627 0.741911 0.000533175 0.555309 0.000809317 
59 24.6979 0.0473731 642.259 2.48876 0.742796 0.00051257 0.556508 0.000782288 
60 25.3042 0.0535312 673.15 2.93974 0.744154 0.000663145 0.558399 0.00102923 
61 25.9037 0.146776 705.005 8.02015 0.745849 0.0013401 0.56088 0.002003 
62 26.4448 0.0732901 733.448 4.08179 0.747092 0.00089933 0.562708 0.00136808 
63 27.2209 0.25169 779.087 15.8791 0.750617 0.00297616 0.568271 0.00473409 
64 27.6194 0.0780763 798.771 4.3419 0.749354 0.000868519 0.565915 0.00132878 
65 28.1702 0.174133 830.935 10.3683 0.750108 0.00172028 0.567045 0.00265453 
66 28.7939 0.197504 866.757 12.0944 0.751501 0.00149424 0.56893 0.00223575 
67 29.7424 0.579249 926.017 37.1554 0.75392 0.00371734 0.572475 0.00556817 
68 29.7038 0.0812351 920.826 5.28236 0.751559 0.000714121 0.568913 0.00110276 
69 30.1073 0.0616839 944.719 3.80686 0.750949 0.000483507 0.567867 0.000732446 
70 30.846 0.0571956 991.215 3.61329 0.752981 0.000578209 0.570917 0.000897189 
71 31.3282 0.0599828 1021.75 3.9251 0.752994 0.000559218 0.570828 0.000853926 
72 32.1183 0.0996736 1072.74 6.78947 0.75504 0.000756369 0.573818 0.00117415 
73 32.6149 0.113274 1105.14 7.45766 0.754779 0.00118887 0.573388 0.00183382 
74 33.2639 0.10117 1148.9 7.08012 0.756992 0.000853247 0.576699 0.00128962 
75 34.2452 0.500896 1220.86 37.8658 0.760354 0.00290033 0.581852 0.00441988 
76 34.4581 0.148005 1232.12 10.9267 0.759249 0.00134713 0.580099 0.00209898 
77 35.1699 0.253547 1284.22 20.1803 0.762157 0.00257177 0.58469 0.00411944 
78 35.5641 0.134764 1309.3 9.16946 0.760664 0.000775282 0.582044 0.00119073 
79 36.0154 0.101433 1343.6 7.54272 0.760177 0.000750101 0.58131 0.00116027 
80 36.6666 0.110731 1391.26 8.62635 0.761769 0.000801748 0.583699 0.00124874 
81 37.1417 0.0809117 1425.91 6.155 0.762115 0.000770833 0.584163 0.00119288 
82 37.941 0.116249 1487.34 9.24653 0.763682 0.000844722 0.586498 0.00130076 
83 38.4307 0.142988 1525.89 11.5401 0.763662 0.000839848 0.586441 0.00129408 
84 39.4493 0.267796 1607.76 23.134 0.766824 0.00164155 0.591246 0.00254927 
85 39.843 0.242797 1638.85 19.3808 0.764507 0.00105683 0.587568 0.00164592 
86 40.523 0.26573 1695.44 23.2931 0.766359 0.00154862 0.590434 0.00242173 
87 40.7492 0.166279 1713.79 14.6147 0.765199 0.000761247 0.588596 0.00117555 
88 41.5461 0.169871 1780.35 15.2377 0.766583 0.00111268 0.590756 0.00170416 
89 41.9697 0.244817 1815.48 20.2963 0.766081 0.00066315 0.589833 0.00102509 
90 42.6103 0.199694 1872.27 18.7471 0.768018 0.000969806 0.592858 0.00152188 
91 42.8042 0.102759 1886.55 9.15667 0.766702 0.000698922 0.590779 0.00108287 
92 43.5907 0.17583 1954.76 16.187 0.768328 0.00151048 0.593269 0.0023897 
93 43.9014 0.089379 1982.59 8.03243 0.767343 0.000606903 0.591672 0.000948269 
94 44.6069 0.118824 2042.9 10.1142 0.768656 0.00109014 0.593557 0.00166791 
95 45.0615 0.112635 2087 10.2986 0.767836 0.000892402 0.592429 0.00140954 
96 45.9282 0.195551 2165.91 16.8781 0.769124 0.000869177 0.594256 0.00131788 
97 46.429 0.145216 2216.61 14.46 0.770631 0.000958922 0.596675 0.00151819 
98 47.0291 0.153282 2269.13 14.5104 0.77042 0.000817312 0.596176 0.00128709 
99 47.4568 0.16103 2312.38 15.593 0.771139 0.000798853 0.597373 0.00124322 
100 48.2886 0.195382 2393.91 19.7522 0.77295 0.00110615 0.600173 0.00173192 
101 48.7663 0.164674 2440.49 16.5771 0.772532 0.00100858 0.599443 0.00157863 
102 49.5143 0.155057 2513.87 15.8134 0.774314 0.00145769 0.602209 0.00231913 
103 50.2022 0.268444 2586.06 28.3944 0.774475 0.00128296 0.602416 0.00201629 
104 50.7582 0.19014 2640.04 19.4271 0.773993 0.00128681 0.601611 0.00203109 
105 51.1017 0.15319 2675.41 16.1541 0.774396 0.000991366 0.602168 0.00156192 
106 51.772 0.202249 2744.4 20.0888 0.773659 0.0016057 0.601009 0.00255943 
107 52.4344 0.194689 2815.61 21.3977 0.775851 0.0010511 0.604354 0.00166123 
108 53.069 0.184391 2882.75 20.3351 0.775868 0.00113646 0.604373 0.00176521 
109 53.4844 0.191496 2928.11 21.44 0.775057 0.00127115 0.603084 0.00197674 
110 54.7915 0.294355 3068.92 32.1856 0.776568 0.00175713 0.605294 0.00274127 
111 54.9223 0.250187 3086.11 27.9323 0.776261 0.00142002 0.604914 0.00221896 
112 55.6896 0.237531 3171.35 27.4869 0.776889 0.00131502 0.605897 0.00205808 
113 56.3868 0.360325 3248.82 41.1192 0.777451 0.00182296 0.606616 0.00285315 
114 56.8581 0.277479 3304.05 33.0904 0.779234 0.00144966 0.609539 0.00229469 
115 57.3403 0.237535 3358.71 26.4319 0.777964 0.00113913 0.60747 0.0018082 
116 57.868 0.198112 3422.86 24.102 0.779991 0.00131089 0.610741 0.00209198 
117 58.821 0.311557 3534.11 37.6264 0.783252 0.00211856 0.615861 0.00340235 
118 59.8107 0.373333 3654.4 46.0049 0.783787 0.00185195 0.616596 0.00293153 
119 59.6528 0.272753 3633.24 33.8183 0.782476 0.00139209 0.614464 0.00221867 
120 60.5701 0.352024 3743.3 44.5585 0.784041 0.00158772 0.616855 0.00253783 
121 61.0243 0.433696 3784.02 62.0581 0.783467 0.00156419 0.615446 0.00249958 
122 63.4678 1.28397 4119.07 170.888 0.790319 0.00403575 0.626803 0.00634983 
123 62.4856 0.409745 3982.62 50.9966 0.785415 0.00246618 0.619017 0.0038923 
124 62.8449 0.248601 4025.91 31.4449 0.784709 0.00182328 0.617841 0.0028818 
125 63.2345 0.248622 4076.03 32.0505 0.783686 0.00175347 0.61621 0.00275413 
126 64.2452 0.282088 4203.36 36.7073 0.787284 0.00246052 0.621869 0.00388397 
127 64.7061 0.325501 4267.16 43.3221 0.784979 0.00145622 0.61819 0.00227219 
128 65.8897 0.441896 4423.81 59.3814 0.7877 0.00240304 0.622462 0.00376808 
129 66.4307 0.61486 4499.76 85.7787 0.787364 0.00199743 0.621937 0.00310104 
130 67.3933 0.6274 4629.36 89.2712 0.788966 0.00204062 0.624366 0.0031895 
131 68.0543 0.717025 4721.84 102.597 0.7897 0.00242507 0.625592 0.00380218 
132 68.5679 0.694132 4790.77 99.3914 0.789321 0.00255044 0.624944 0.0039891 
133 68.8425 0.981613 4831.3 142.811 0.788326 0.00259953 0.623398 0.00404244 
134 69.044 0.289737 4853.68 40.8036 0.787883 0.00207827 0.622683 0.00329077 
135 70.2368 0.486133 5017.96 71.8897 0.791279 0.00220118 0.627983 0.00350073 
136 70.7692 0.450547 5092.38 62.0874 0.790653 0.00244073 0.626928 0.00384286 
137 71.2337 0.574351 5162.22 83.772 0.791189 0.00210562 0.62784 0.00330114 
138 71.3962 0.346842 5185 51.0886 0.789105 0.00219903 0.624537 0.00349537 
139 72.2324 0.41218 5304.11 61.8608 0.79012 0.00174309 0.626067 0.00275105 
140 72.7817 0.287267 5382.51 43.2453 0.789539 0.0017409 0.625131 0.00273825 
141 73.8109 0.307852 5531.45 45.5471 0.79156 0.00153223 0.62819 0.00236194 
142 74.4612 0.351754 5637.64 55.3707 0.79163 0.00209223 0.628512 0.00333803 
143 74.8212 0.404695 5692.31 62.7239 0.791573 0.00170614 0.628385 0.00269142 
144 75.3098 0.386134 5761.7 59.4744 0.790672 0.0024017 0.626923 0.00379748 
145 75.8713 0.317205 5845.62 48.398 0.792136 0.00193969 0.629236 0.00304592 
146 76.3112 0.295049 5914.02 45.8442 0.791096 0.00178116 0.627579 0.00283008 
147 77.53 0.341616 6099.37 52.3302 0.794912 0.00273634 0.633604 0.00429727 
148 77.7405 0.406518 6136.84 63.6951 0.792114 0.00213686 0.629154 0.00335916 
149 78.7457 0.599107 6294.86 94.8403 0.794047 0.00244113 0.632194 0.00381924 
150 79.5591 0.570682 6429.88 94.2981 0.794729 0.00231524 0.63335 0.00367151 
151 79.5804 0.414057 6429.26 67.6039 0.792801 0.00182767 0.63022 0.00291269 
152 80.2545 0.457646 6535.97 73.3962 0.793877 0.00254111 0.631965 0.00402117 
153 80.6859 0.375397 6608.6 61.1079 0.793713 0.00214336 0.631732 0.00339584 
154 81.1815 0.339137 6685.7 55.4483 0.794368 0.00211626 0.632691 0.00335365 
155 81.8054 0.421876 6791.32 69.6107 0.794574 0.00260655 0.633137 0.00412009 
156 82.8344 0.437009 6964.68 75.2371 0.795123 0.00233948 0.63396 0.00380644 
157 82.9864 0.335316 6989.38 55.7303 0.794253 0.00203251 0.632548 0.00319495 
158 83.7109 0.430924 7108.84 72.6041 0.794457 0.00227526 0.632813 0.00359233 
159 85.3026 0.646771 7377.47 108.462 0.797692 0.00272372 0.637912 0.00428363 
160 84.8632 0.387015 7303.29 65.6288 0.794479 0.00231503 0.632846 0.00359734 
161 85.9641 0.493062 7490.85 83.1229 0.79568 0.00209809 0.634646 0.00328353 
162 86.21 0.41162 7532 70.8179 0.795599 0.00242778 0.634572 0.00382963 
163 87.2445 0.489331 7719.15 88.1298 0.79777 0.00211584 0.638046 0.003376 
164 87.7737 0.409686 7803.25 72.968 0.796381 0.00290235 0.635745 0.00457873 
165 88.819 0.439273 7990.71 79.5559 0.799101 0.00251428 0.640074 0.00398018 
166 89.1855 0.475514 8051.67 87.0862 0.797568 0.00258015 0.637529 0.00410412 
167 89.9598 0.500031 8193.56 90.8779 0.798599 0.00270688 0.639209 0.00431503 
168 90.522 0.426162 8297.56 77.3591 0.798102 0.002108 0.638444 0.00333737 
169 91.445 0.545767 8467.19 101.428 0.800333 0.00295764 0.641982 0.00471817 
170 91.7348 0.441135 8517.8 79.1784 0.79859 0.00258389 0.639158 0.00411186 
171 92.8636 0.677386 8730.43 127.261 0.800691 0.00328943 0.642552 0.0052392 
172 92.9214 0.50987 8737.95 94.8497 0.798169 0.00234592 0.638425 0.00373178 
173 93.3866 0.430793 8827.12 82.3107 0.798198 0.001934 0.638503 0.00308189 
174 94.6752 0.544806 9071.87 103.731 0.799737 0.00203864 0.640947 0.00325797 
175 95.127 0.466483 9159.6 90.6572 0.800205 0.00282337 0.641747 0.0045405 
176 96.7191 1.02493 9468.7 201.738 0.802191 0.00301284 0.644846 0.00483906 
177 95.7432 0.58635 9274.19 115.959 0.797965 0.00273055 0.638124 0.0043572 
178 96.3617 0.6404 9394.05 124.134 0.799013 0.00287356 0.639765 0.00458824 
179 97.0587 0.417932 9521.79 82.753 0.798885 0.00217321 0.639503 0.00346267 
180 97.8665 0.534853 9680.8 107.205 0.800097 0.00221162 0.641424 0.00355681 
181 98.8305 0.545849 9873.91 110.108 0.800729 0.00213747 0.642452 0.00344871 
182 100.738 0.857416 10261.5 176.039 0.805114 0.00317937 0.649492 0.0051331 
183 99.6323 0.668892 10034.6 136.133 0.800433 0.00305943 0.641948 0.00488464 
184 100.762 0.535965 10255.2 108.327 0.801334 0.00256132 0.64333 0.00414246 
185 100.82 0.462941 10257.9 93.2625 0.804496 0.00360846 0.648395 0.00575939 
186 101.714 0.487306 10460 104.62 0.801307 0.00274476 0.643338 0.00443164 
187 101.839 0.512793 10476.8 106.249 0.799602 0.00343286 0.640561 0.0055108 
188 103.671 0.830681 10862.8 168.844 0.803395 0.00262632 0.646609 0.00419285 
189 103.508 0.480245 10821.1 100.386 0.802554 0.00274494 0.64528 0.00438831 
190 105.341 0.719071 11212.4 151.144 0.805794 0.00308944 0.650536 0.00496608 
191 105.284 0.592101 11199.9 125.583 0.801585 0.00241308 0.643691 0.00386938 
192 106.358 0.752295 11425.4 162.721 0.805555 0.00355517 0.650083 0.00567618 
193 107.406 0.981858 11652.8 212.64 0.805371 0.00280664 0.649731 0.00449621 
194 107.631 0.932595 11716.2 209.149 0.803269 0.00252123 0.64644 0.00402224 
195 107.36 0.675438 11646.8 144.277 0.802749 0.0034174 0.645655 0.00551535 
196 108.204 0.650991 11829.1 144.87 0.803812 0.00260658 0.647313 0.0041957 
197 109.14 0.808384 12030.5 176.8 0.803912 0.00277174 0.647469 0.00445343 
198 109.354 0.638912 12080 142.136 0.803852 0.00262569 0.647396 0.00422154 
199 110.96 1.13363 12430.6 254.665 0.805852 0.00411019 0.65054 0.00664639 
200 111.144 0.845372 12474.2 200.84 0.805227 0.00227999 0.649466 0.00367454 
201 112.305 0.617271 12732.3 139.609 0.806558 0.00217367 0.651663 0.00350747 
202 112.354 0.747372 12738.7 171.154 0.805534 0.0026757 0.649939 0.00429033 
203 113.428 0.671018 12987.1 152.958 0.807387 0.00243015 0.652996 0.00388799 
204 113.782 0.666771 13067.4 155.029 0.806798 0.00216378 0.652001 0.00349058 
205 115.273 1.08408 13416.3 254.824 0.808516 0.00309688 0.654854 0.00502199 
206 116.716 1.1072 13763.3 266.64 0.810376 0.00327938 0.657908 0.00535326 
207 117.11 1.94082 13862.4 482.247 0.809648 0.00469187 0.656763 0.00774544 
208 116.178 0.680882 13622 161.332 0.806404 0.00226446 0.651338 0.00365144 
209 117.297 0.855971 13887.8 206.866 0.807533 0.00285261 0.653214 0.0046095 
210 117.508 0.782996 13929.5 185.801 0.806479 0.00226136 0.651395 0.00362805 
211 118.311 0.808861 14122.3 196.639 0.807281 0.00249956 0.652744 0.00402907 
212 118.312 0.566692 14113 136.457 0.806525 0.00225596 0.651465 0.00361844 
213 119.177 0.628578 14317.9 149.601 0.806641 0.00247094 0.651666 0.00397091 
214 120.751 0.708845 14696.4 176.095 0.80888 0.00199568 0.655227 0.00321638 
215 121.05 0.977204 14775.4 241.871 0.808044 0.00280101 0.653902 0.00450881 
216 121.586 0.99257 14907.1 252.29 0.80734 0.00234345 0.652756 0.00377522 
217 121.961 0.672666 14986 167.17 0.808003 0.00253825 0.653802 0.00408645 
218 123.638 1.12661 15411 291.661 0.807897 0.00310112 0.653605 0.00498436 
219 123.065 0.666365 15254.5 171.181 0.808257 0.00265899 0.654199 0.00432868 
220 124.097 1.00577 15515.2 255.165 0.808697 0.0029915 0.654887 0.00480265 
221 124.131 0.717488 15527.1 179.988 0.808409 0.00244814 0.654488 0.00395466 
222 124.859 0.85775 15708 215.31 0.808808 0.00288859 0.655137 0.00469166 
223 126.049 0.728523 16000 183.897 0.809941 0.00241375 0.656883 0.00391116 
224 126.536 0.861014 16123.5 217.252 0.809022 0.00260367 0.655388 0.00425263 
225 126.872 0.67329 16213.6 174.578 0.809655 0.00206009 0.656407 0.00335021 
226 127.613 0.8322 16402.4 218.713 0.809585 0.00268434 0.656321 0.00437431 
227 128.129 0.740306 16540.6 194.57 0.810222 0.00214098 0.65735 0.00347206 
228 128.581 0.816751 16649.3 213.279 0.809738 0.00244538 0.656552 0.00394922 
229 129.331 0.814408 16835.9 215.005 0.810928 0.00235375 0.658447 0.00379059 
230 130.337 0.960497 17099.9 257.483 0.811317 0.00252823 0.659075 0.00409292 
231 130.983 0.745346 17269.8 196.461 0.812 0.00249197 0.660208 0.00401832 
232 131.28 0.8014 17355.6 212.775 0.809727 0.0025395 0.656561 0.00411563 
233 131.749 0.852677 17480.2 228.856 0.810097 0.00282945 0.657157 0.00459466 
234 132.354 0.913919 17639 241.727 0.809684 0.00307018 0.656527 0.00493849 
235 132.798 0.87913 17763.3 239.613 0.809522 0.00260662 0.656259 0.00422231 
236 134.253 1.06706 18138.8 286.738 0.810374 0.00348508 0.657594 0.0056021 
237 135.198 1.10513 18402 303.972 0.812326 0.00271927 0.660726 0.0044104 
238 136.687 1.24569 18801.2 338.291 0.81391 0.00323882 0.663319 0.00522721 
239 136.316 1.16158 18699.3 318.489 0.81259 0.00293481 0.661112 0.00477278 
240 138.861 1.48078 19401.3 407.754 0.815292 0.00323174 0.665471 0.00523512 
241 136.992 0.898916 18891.4 251.691 0.812051 0.00240579 0.660253 0.00393599 
242 138.288 1.06594 19251.7 298.839 0.81221 0.00257071 0.660536 0.00418085 
243 138.557 1.11449 19321.7 311.855 0.812437 0.0027216 0.660933 0.00443365 
244 139.217 1.08323 19513.5 305.515 0.811949 0.00269978 0.660134 0.00439297 
245 139.877 0.84714 19689.7 239.223 0.812006 0.00273602 0.660205 0.0044715 
246 141.369 1.0848 20117.4 308.454 0.814343 0.00262967 0.664019 0.00428348 
247 141.356 0.928122 20106.8 264.39 0.812747 0.00306903 0.661425 0.00503023 
248 143.334 1.47279 20672.3 418.676 0.81434 0.00311467 0.663949 0.00504807 
249 143.383 1.20186 20677.9 340.292 0.814387 0.00322425 0.664074 0.00527166 
250 147.395 1.7493 21840.3 502.039 0.822791 0.00469271 0.677756 0.00766395 
251 144.04 1.38036 20875.4 397.276 0.814561 0.00431122 0.664431 0.0070615 
252 151.163 1.73188 22945.4 506.109 0.829144 0.00605694 0.688158 0.0099928 
253 144.396 0.818323 20971.4 241.91 0.811272 0.00266954 0.658977 0.00436974 
254 145.246 0.706184 21221.2 205.947 0.812017 0.00262659 0.660211 0.00426636 
255 146.04 1.01393 21456.8 297.88 0.813264 0.00273747 0.662243 0.00445782 
256 146.829 1.18241 21681.5 347.674 0.813965 0.00305647 0.663349 0.00495616 
257 147.439 0.797152 21860.2 236.749 0.812569 0.00305521 0.661053 0.00496963 
258 147.179 0.786744 21784.9 231.779 0.811621 0.00247056 0.659499 0.00399357 
259 148.421 1.08278 22146.2 322.992 0.813656 0.00308623 0.662808 0.00499902 
260 149.536 0.825546 22475.5 251.57 0.814178 0.00215192 0.663588 0.00351278 
261 149.835 1.00736 22567.8 298.718 0.815159 0.00236908 0.665233 0.00384279 
262 150.371 0.702311 22719.2 209.889 0.812988 0.00194667 0.661635 0.00317094 
263 150.62 0.892013 22810.3 268.914 0.814722 0.00286885 0.664566 0.00465921 
264 152.439 1.24379 23359 382.454 0.815987 0.00300577 0.666548 0.00490467 
265 151.945 0.838706 23208 256.691 0.813908 0.00252288 0.6632 0.0040925 
266 153.994 0.735627 23806.1 225.835 0.81568 0.00237444 0.665909 0.0038729 
267 153.478 0.887705 23679.2 275.934 0.815622 0.00250912 0.666018 0.0040813 
268 155.136 1.23531 24188.4 382.763 0.818381 0.00334198 0.670548 0.00545978 
269 153.96 1.03298 23828.2 323.165 0.813746 0.00280949 0.663 0.00457969 
270 155.654 1.21281 24342.2 376.019 0.817669 0.00413604 0.669331 0.00672115 
271 155.63 0.872065 24335.2 271.113 0.815447 0.00355556 0.66577 0.00571478 
272 157.675 0.695133 24950.5 219.42 0.820935 0.00327989 0.674573 0.0053255 
273 157.201 0.756369 24805.7 231.839 0.817045 0.00403755 0.668306 0.0064637 
274 160.3 0.638509 25770.8 197.079 0.825862 0.00346038 0.682595 0.00560282 
275 159.395 0.787603 25494.5 236.492 0.820603 0.00426709 0.674116 0.00685333 
276 163.873 1.12148 26908.1 350.408 0.831972 0.00381576 0.69255 0.00620797 
277 162.518 0.998776 26480.6 305.471 0.826699 0.00369588 0.683941 0.00598636 
278 165.744 0.702 27509.3 221.215 0.832981 0.00206932 0.694121 0.0033562 
279 166.037 0.928447 27622.6 294.315 0.830279 0.00279482 0.689798 0.00452637 
280 169.873 0.664841 28881.4 214.423 0.836862 0.00180203 0.700493 0.0029423 
281 170.521 1.1919 29117.5 385.4 0.836178 0.00305147 0.699458 0.00496789 
282 174.729 0.353264 30540 122.041 0.841747 0.000718986 0.708593 0.00118527 
283 172.918 1.40473 29956.5 466.516 0.836458 0.00306562 0.699969 0.00502002 
284 177.536 0.61631 31539.6 210.775 0.842525 0.00119476 0.70995 0.00197729 
285 176.275 2.23433 31143.4 755.573 0.838375 0.00444322 0.703223 0.00729543 
286 181.389 0.876473 32932.7 301.69 0.844195 0.00159063 0.712799 0.00262225 
287 164.932 1.26857 27347.2 414.979 0.811474 0.00346376 0.659333 0.00551333 
288 166.691 1.18427 27943.7 406.624 0.814587 0.00298806 0.664397 0.00486571 
289 165.905 1.60761 27658.7 530.792 0.809567 0.0058686 0.656257 0.00934421 
290 166.913 1.52355 28000.7 506.913 0.811383 0.00465305 0.659207 0.00735862 
291 166.65 1.59734 27878.7 541.183 0.808856 0.00498949 0.655006 0.00797029 
292 167.926 1.58154 28312.1 532.148 0.809413 0.00602999 0.655908 0.00964717 
293 168.111 1.76614 28335.8 593.726 0.802412 0.0064942 0.644536 0.0103193 
294 170.635 0.992099 29206.4 327.634 0.812887 0.00400047 0.661393 0.00643124 
295 172.883 1.05703 29959.4 350.595 0.808368 0.00333909 0.653908 0.00540117 
296 173.861 1.19715 30309.4 400.106 0.813476 0.00504448 0.662359 0.00818899 
297 176.14 1.30834 31088.1 440.66 0.807153 0.00236165 0.65184 0.00383123 
298 175.473 1.38747 30889.5 469.944 0.813343 0.00370028 0.662091 0.00606306 
299 178.287 1.54193 31874.7 528.526 0.80941 0.00223442 0.65553 0.00361508 
300 177.862 1.65645 31754.3 563.555 0.815075 0.00368582 0.664949 0.00602071 
301 181.22 1.89276 32939.2 654.041 0.811523 0.00273979 0.658959 0.00447276 
302 174.63 1.83044 30671.2 644.822 0.814872 0.0033363 0.664741 0.00546422 
303 174.57 2.2126 30653.2 768.707 0.813871 0.00372394 0.663139 0.00601479 
304 175.832 1.98795 31094.7 701.853 0.814317 0.00277542 0.663847 0.0045191 
305 178.248 2.24986 31957.5 799.45 0.818227 0.00328042 0.670264 0.00537877 
306 177.358 1.57208 31609.9 560.715 0.816364 0.00291314 0.667102 0.00475332 
307 178.408 2.70306 32008.2 958.194 0.816619 0.00432409 0.667617 0.00704826 
308 179.282 1.93135 32295 696.43 0.818467 0.00301335 0.670549 0.00498168 
309 181.296 1.56069 33031.7 568.059 0.82013 0.00296569 0.673292 0.00490143 
310 181.071 1.7111 32933 622.826 0.81824 0.00281014 0.670093 0.00462049 
311 182.526 1.41174 33478.5 519.529 0.818224 0.00239687 0.670098 0.00394432 
312 182.302 1.6864 33389.7 623.546 0.818627 0.0027442 0.67074 0.00454928 
313 183.322 1.71643 33760.1 636.856 0.819034 0.00313615 0.671387 0.00515916 
314 183.126 1.77693 33686.2 654.649 0.81806 0.0028068 0.669796 0.00461778 
315 184.181 1.76589 34078.7 656.655 0.817733 0.00308219 0.669262 0.00507341 
316 183.732 1.70859 33903.6 638.387 0.816764 0.00208766 0.667662 0.0034376 
317 187.694 2.78658 35422.1 1071.42 0.822756 0.00415464 0.677629 0.0069101 
318 184.927 1.37355 34339 520.454 0.816839 0.00199289 0.667767 0.00328185 
319 187.026 1.41107 35143.7 531.513 0.819381 0.00254101 0.672016 0.00423071 
320 187.617 1.69037 35355.1 645.133 0.819512 0.00229936 0.672163 0.00379763 
321 189.675 2.05786 36145.6 797.568 0.821207 0.00347247 0.675021 0.00578591 
322 187.991 1.3993 35483.6 530.252 0.817575 0.00188614 0.668948 0.00311279 
323 189.703 1.91538 36147.6 732.338 0.818322 0.00252633 0.670229 0.00416143 
324 188.798 1.90755 35781.7 731.223 0.813493 0.00267454 0.662327 0.00438129 
325 191.455 1.37611 36804 523.209 0.816977 0.00206273 0.667963 0.00338893 
326 190.747 1.12407 36535 435.422 0.818558 0.0021228 0.670592 0.00349149 
327 192.159 1.59049 37091.5 611.17 0.818561 0.00202345 0.670569 0.00333452 
328 192.424 1.58761 37176.5 611.783 0.820843 0.00271585 0.674322 0.0044859 
329 194.054 1.68203 37833.8 659.273 0.820361 0.00260109 0.67355 0.00429539 
330 194.617 2.43628 38046.4 964.056 0.821377 0.00340308 0.675194 0.00562602 
331 195.358 2.04646 38327.6 802.246 0.820143 0.00350237 0.673176 0.00578597 
332 196.792 2.28586 38915.5 914.713 0.820262 0.00316116 0.673356 0.00523784 
333 200.624 2.89596 40456.7 1182.46 0.823784 0.00354109 0.679145 0.00586032 
334 208.737 4.22001 43813.4 1732.11 0.832509 0.00461054 0.69352 0.00760042 
335 197.672 1.66069 39228.1 661.16 0.819533 0.00282916 0.672156 0.00472627 
336 197.566 1.68426 39178.7 665.211 0.819279 0.00237866 0.671705 0.0039387 
337 199.625 1.60512 39983.2 635.844 0.820046 0.00224827 0.672911 0.00371102 
338 198.799 1.61949 39660.3 643.595 0.818832 0.00232898 0.670936 0.00385834 
339 201.569 2.25874 40773 890.664 0.821197 0.00258748 0.674804 0.00425124 
340 199.183 1.60079 39821.6 643.29 0.818117 0.00257476 0.669825 0.00426562 
341 201.259 1.82017 40660.6 736.61 0.820658 0.00355938 0.674025 0.00594565 
342 201.443 1.70359 40730.9 688.799 0.81923 0.00222304 0.671622 0.00371396 
343 203.271 1.97971 41472.7 788.197 0.820649 0.002196 0.673947 0.0036105 
344 202.556 1.57178 41179 632.802 0.818755 0.00238286 0.67083 0.00393731 
345 204.345 1.584 41926.1 649.171 0.821122 0.0027174 0.674781 0.00453916 
346 203.982 1.77606 41765.9 731.364 0.819063 0.002774 0.671384 0.00459552 
347 204.43 1.58898 41936.9 647.637 0.819277 0.0024796 0.671692 0.0040773 
348 205.404 1.5703 42332.8 643.582 0.818682 0.00211057 0.670714 0.00348461 
349 208.204 2.03831 43498.2 838.112 0.82049 0.00288552 0.673626 0.00478797 
350 207.415 2.01211 43172.5 827.175 0.819622 0.00304774 0.672263 0.00507279 
351 206.761 1.75653 42900.7 719.102 0.819227 0.0027931 0.671633 0.00462251 
352 207.149 1.9087 43048.8 774.338 0.817275 0.00248361 0.668387 0.00409798 
353 208.239 1.77942 43511.1 737.636 0.818757 0.00235154 0.670853 0.0038712 
354 208.559 1.96982 43636.8 810.342 0.818493 0.00236766 0.670414 0.00389951 
355 211.244 2.22247 44759.9 918.121 0.821006 0.00239129 0.674479 0.00398478 
356 211.154 1.98235 44726.5 826.114 0.821644 0.00302486 0.675598 0.00505144 
357 211.773 1.79609 45001.7 743.986 0.82239 0.00299492 0.676857 0.00497235 
358 212.542 1.62575 45308 680.142 0.821896 0.00375329 0.675989 0.00622563 
359 213.773 2.12906 45849.1 914.989 0.823732 0.00560318 0.679105 0.00933223 
360 214.556 1.49624 46158.6 626.716 0.820833 0.0025863 0.674239 0.00426813 
361 215.559 1.75159 46604.9 752.008 0.823812 0.00358644 0.679154 0.00599334 
362 218.28 1.26396 47729.5 533.556 0.820916 0.00165014 0.674174 0.00272949 
363 214.974 2.07594 46366.4 897.257 0.821557 0.00378243 0.675477 0.0062569 
364 216.446 1.54243 46982.8 655.99 0.821488 0.00277447 0.675292 0.00461095 
365 215.77 1.97514 46712.4 854.141 0.820763 0.00377018 0.674187 0.00628146 
366 216.945 1.81093 47216.7 790.486 0.821598 0.00310479 0.675508 0.00519429 
367 217.78 1.80078 47579.7 781.651 0.823201 0.00343562 0.678158 0.00569297 
368 218.419 1.87762 47865.5 825.159 0.822208 0.00310854 0.676527 0.0052157 
369 221.695 2.17365 49270.6 933.515 0.826918 0.00342936 0.684193 0.00561623 
370 219.76 2.0381 48449.9 897.934 0.822387 0.00398112 0.676845 0.00665553 
371 222.096 2.61362 49483.2 1147.02 0.82814 0.00586937 0.686458 0.00981476 
372 224.029 2.45552 50333.4 1088.71 0.83091 0.00701536 0.691082 0.0117592 
373 221.383 1.8856 49167.5 834.323 0.822304 0.0038238 0.676722 0.00639425 
374 223.365 2.15334 50049.1 949.505 0.82481 0.00486993 0.68088 0.00809315 
375 222.451 1.72387 49638.2 763.681 0.821386 0.00333538 0.675193 0.005513 
376 224.318 1.58545 50452.3 700.878 0.822301 0.00297217 0.676621 0.00491401 
377 224.443 2.15615 50535.4 957.78 0.822076 0.00405664 0.676354 0.00675258 
378 226.465 2.14138 51448 958.345 0.823128 0.00453984 0.678117 0.00754914 
379 224.737 2.24657 50659 985.91 0.819886 0.00282901 0.672655 0.00468667 
380 226.173 2.01632 51295.6 895.268 0.820715 0.00352918 0.673979 0.00585044 
381 226.384 1.90216 51393.9 858.412 0.820704 0.00304555 0.674002 0.00505889 
382 227.417 2.13817 51876 948.03 0.819901 0.00344045 0.67271 0.00570735 
383 226.749 1.95973 51588.7 886.393 0.818982 0.00342644 0.671244 0.0056407 
384 227.856 1.92428 52077.3 859.31 0.819014 0.00298781 0.671237 0.00493255 
385 226.61 2.21857 51540.3 990.233 0.816969 0.00390509 0.668003 0.00637034 
386 229.991 1.98424 53066.8 912.312 0.81989 0.00333439 0.672723 0.00553007 
387 230.161 2.28097 53135.8 1060.38 0.819459 0.00445774 0.672039 0.00739338 
388 229.505 2.14659 52834.9 977.537 0.81805 0.00378326 0.669684 0.00622926 
389 231.486 2.15583 53756.9 998.633 0.820944 0.00402807 0.674498 0.00666243 
390 231.621 2.24332 53820.4 1021.04 0.818773 0.00349237 0.670856 0.00574853 
391 232.666 2.1322 54314.3 982.34 0.819713 0.00317698 0.672418 0.00524426 
392 232.63 2.24094 54285.7 1028.03 0.817893 0.00333168 0.66939 0.00547178 
393 232.672 2.09176 54312.8 973.416 0.817719 0.00336877 0.669135 0.00557123 
394 233.102 2.09619 54484.3 976.526 0.816709 0.00325336 0.667412 0.00537561 
395 234.83 2.2494 55307.6 1048.82 0.819289 0.00399124 0.671682 0.00658884 
396 236.461 2.06829 56089.4 961.862 0.81995 0.00320029 0.672773 0.00527802 
397 236.288 2.35927 56003.2 1111.26 0.81942 0.00369525 0.671892 0.00609803 
398 237.372 2.00733 56520.4 942.819 0.819224 0.00300474 0.671553 0.00493297 
399 236.83 2.36573 56269.4 1109.46 0.818407 0.0040358 0.670254 0.00665272 
400 237.963 2.11983 56790.4 992.519 0.818582 0.00321017 0.6705 0.00528865 
401 238.477 1.93498 57036.7 909.798 0.818947 0.00348092 0.671106 0.00573973 
402 239.864 2.06288 57717.7 979.803 0.819585 0.00333064 0.672166 0.00549282 
403 239.989 1.88544 57760.4 900.892 0.819313 0.00348994 0.671706 0.00579148 
404 240.799 1.95492 58164 933.494 0.819252 0.00355751 0.671639 0.00588242 
405 240.574 2.00448 58039.8 961.018 0.818475 0.00375856 0.670342 0.0062163 
406 241.724 1.79242 58597.8 868.101 0.817858 0.00280235 0.669311 0.00462435 
407 242.439 1.98383 58941.6 965.007 0.818953 0.003314 0.671097 0.00549366 
408 244.217 1.88162 59817.1 920.091 0.81947 0.00291594 0.671945 0.00482123 
409 244.062 2.08442 59742.3 1019.53 0.819072 0.00346066 0.671332 0.00571728 
410 245.316 1.80092 60360.2 881.932 0.819164 0.00281576 0.671488 0.00467339 
411 244.717 1.70177 60042.5 834.973 0.818722 0.0028181 0.67072 0.00464497 
412 246.276 1.97066 60830 977.439 0.819405 0.00331275 0.671894 0.00547677 
413 246.293 2.23741 60851.5 1097.66 0.818751 0.00355685 0.670854 0.00585307 
414 247.482 2.20156 61414.9 1089.68 0.819407 0.00349059 0.671867 0.00578988 
415 247.115 2.59692 61266.4 1299.75 0.817681 0.00542576 0.669199 0.00900585 
416 249.729 2.47447 62527.2 1262.89 0.821865 0.0045263 0.675929 0.0076035 
417 252.126 2.86561 63797.4 1484.02 0.824197 0.00601092 0.679978 0.0100964 
418 250.854 1.76251 63093 889.313 0.819395 0.00323138 0.671834 0.00537133 
419 252.394 1.98399 63890.9 1014.67 0.821187 0.0041279 0.674839 0.00689564 
420 253.796 1.82748 64578.7 914.084 0.819914 0.00337533 0.672682 0.00560991 
421 253.371 1.82054 64405.4 927.568 0.821767 0.00315435 0.67581 0.0052431 
422 254.548 1.94717 64992.7 1004.04 0.820965 0.00352401 0.674489 0.00587292 
423 255.407 1.77657 65427 909.857 0.822166 0.0038392 0.676435 0.0063919 
424 256.218 1.69313 65834.8 876.994 0.820683 0.00312419 0.674005 0.0052083 
425 256.067 1.84829 65760.2 954.398 0.82213 0.00341608 0.676369 0.00568404 
426 257.071 1.97336 66271.4 1023.96 0.822086 0.00326589 0.676268 0.00542802 
427 257.75 1.57674 66608.9 821.486 0.823286 0.00255862 0.678211 0.00424128 
428 257.893 1.78081 66686.5 930.942 0.819604 0.00307397 0.672185 0.00511498 
429 258.43 2.21853 66973.3 1170.57 0.82169 0.00353152 0.67559 0.00588492 
430 259.754 1.41362 67631.9 741.215 0.819446 0.00269234 0.671889 0.00448483 
431 261.834 2.10775 68748.1 1095.24 0.823796 0.00328821 0.679079 0.00548163 
432 262.994 2.29006 69364.5 1205.08 0.82386 0.00415325 0.679206 0.00692995 
433 264.676 2.43333 70241.2 1275.83 0.825224 0.00329387 0.681399 0.00548243 
434 264.396 2.15171 70106.5 1147.14 0.824291 0.00386315 0.679919 0.00645299 
435 266.141 2.36339 71028.3 1246.14 0.825085 0.00355968 0.681185 0.00591965 
436 265.419 2.9727 70682.5 1555.41 0.825255 0.00392073 0.681484 0.00652626 
437 267.53 3.42853 71826.6 1798.05 0.825993 0.00358769 0.682683 0.00592264 
438 262.234 3.81639 69063.3 1980.24 0.81922 0.00394613 0.671607 0.00652186 
439 269.401 2.35138 72791.3 1242.59 0.825461 0.0033204 0.68181 0.00549824 
440 268.08 2.72104 72140.2 1411.41 0.823062 0.00355414 0.677977 0.00583575 
441 271.531 2.36556 73933 1258.38 0.825331 0.00333703 0.681589 0.00552775 
442 269.933 2.88338 73108.5 1506.67 0.822246 0.00394377 0.676565 0.00646689 
443 273.81 2.29269 75193.6 1212.49 0.825777 0.00269254 0.682301 0.0044093 
444 270.344 4.15705 73344.6 2183.08 0.821641 0.00499032 0.675577 0.00813821 
445 275.678 2.3641 76187.8 1279.92 0.827089 0.00344405 0.684452 0.0057252 
446 275.384 2.20037 76031 1187.61 0.826464 0.00314366 0.683417 0.0052255 
447 276.866 2.14625 76845.2 1165.68 0.827328 0.00293578 0.684822 0.00487428 
448 277.131 1.73627 76986.2 933.447 0.827067 0.00256643 0.68439 0.0042742 
449 278.681 2.26025 77847 1232.66 0.828239 0.00303807 0.686304 0.00505084 
450 278.033 1.91973 77490.1 1045.58 0.82645 0.00269848 0.683374 0.00447556 
451 279.941 2.13458 78539.4 1169.54 0.827351 0.00276465 0.684835 0.00458251 
452 280.728 1.89852 78983.8 1039.27 0.828597 0.0026817 0.686908 0.00447415 
453 282.917 2.16233 80187.5 1196.77 0.8301 0.00264195 0.689344 0.0044074 
454 282.237 1.92302 79813.6 1059.44 0.827778 0.00224167 0.685513 0.00373934 
455 284.14 1.70144 80882.1 943.034 0.828536 0.00212516 0.686722 0.00353496 
456 283.321 1.93843 80433.5 1068.76 0.82706 0.00208212 0.68431 0.0034335 
457 285.718 1.79887 81784.1 997.053 0.828724 0.00167654 0.687028 0.00278105 
458 285.173 1.98283 81483.1 1110.22 0.827786 0.00241804 0.68551 0.00402284 
459 287.486 2.0272 82809.9 1124.08 0.829435 0.00205658 0.688242 0.00336706 
460 286.556 2.25262 82269.6 1259.25 0.827682 0.00245003 0.685327 0.00401982 
461 289.487 2.63685 83961.2 1492.98 0.829206 0.00219913 0.687825 0.00358719 
462 287.905 2.40368 83035.9 1359.4 0.82753 0.00269426 0.685054 0.00445161 
463 290.458 1.98418 84511 1115.81 0.828991 0.00202245 0.687453 0.00335623 
464 290.78 1.89849 84694.8 1067.47 0.829293 0.00192118 0.687969 0.00314802 
465 291.888 1.84649 85342.4 1040.91 0.829048 0.00212349 0.687558 0.00354121 
466 291.969 1.78462 85385.9 1009.27 0.827875 0.00167065 0.685586 0.00273607 
467 293.82 2.13755 86489.2 1201.93 0.829574 0.0023097 0.688427 0.00382224 
468 294.18 2.27441 86706.5 1272.03 0.82986 0.00163022 0.688902 0.0027101 
469 295.402 2.17339 87438.9 1210.67 0.830271 0.00218696 0.689563 0.00361525 
470 295.58 2.23462 87507.8 1266.4 0.829264 0.00178867 0.687882 0.00294278 
471 298.001 1.898 88934.1 1075.54 0.83038 0.00137247 0.689686 0.0022757 
472 296.85 2.21171 88255.4 1267.07 0.828747 0.00182441 0.687021 0.00302942 
473 298.912 2.08537 89477.4 1197.03 0.830295 0.00169119 0.689567 0.00280382 
474 299.415 2.25923 89788.9 1298.32 0.830211 0.00162789 0.689434 0.00269235 
475 300.238 2.02938 90290.3 1164.3 0.830328 0.00165165 0.689627 0.00274097 
476 301.06 2.39184 90773.6 1388.2 0.831082 0.00193792 0.690875 0.00322105 
477 303.258 1.92025 92096.7 1119.58 0.831137 0.00166466 0.690952 0.00277137 
478 302.626 2.4416 91718.8 1433.75 0.830068 0.00188726 0.6892 0.00310751 
479 303.766 2.03452 92412.7 1183.08 0.83053 0.00172735 0.689962 0.0028445 
480 304.305 2.15966 92739 1270.39 0.829647 0.00171287 0.688487 0.0028167 
481 305.345 2.30175 93367.8 1362.96 0.830289 0.00169296 0.689551 0.00276785 
482 305.049 2.38052 93187.7 1413.94 0.829711 0.00185841 0.688597 0.00305559 
483 307.729 2.00874 94823.4 1196 0.831731 0.00150226 0.691929 0.00249431 
484 306.71 2.13474 94205.9 1260.74 0.830877 0.00141437 0.690528 0.00233336 
485 307.749 2.59909 94868.7 1531.34 0.83104 0.00161941 0.690791 0.00268777 
486 307.936 1.70797 94947.1 1028.02 0.830171 0.00177696 0.68936 0.00293424 
487 309.544 1.83584 95936.1 1104.04 0.830524 0.00142645 0.689931 0.00237265 
488 309.931 1.95388 96183.1 1179.1 0.831304 0.0013785 0.691238 0.00229551 
489 311.477 1.98002 97146.7 1198.57 0.831777 0.00180797 0.692032 0.00299793 
490 311.375 2.05596 97084.7 1245.13 0.83114 0.00165422 0.690977 0.00272904 
491 313.673 1.77914 98531.7 1087.21 0.833096 0.00185999 0.694237 0.00310243 
492 313.124 2.03374 98181.6 1234.9 0.831916 0.00155202 0.69226 0.00257894 
493 315.778 1.82708 99840.2 1121.66 0.833527 0.00139124 0.694922 0.00230939 
494 315.553 1.58818 99687.7 964.695 0.832663 0.00118458 0.69347 0.00195578 
495 317.39 1.58719 100845 983.369 0.833446 0.00117382 0.694763 0.00194066 
496 317.928 1.86998 101184 1157.55 0.832733 0.00125371 0.693572 0.00206001 
497 318.954 1.50596 101837 936.063 0.833598 0.00114027 0.695015 0.00189818 
498 317.894 1.52442 101179 934.849 0.832413 0.00155003 0.693054 0.00256667 
499 319.263 1.7697 102057 1103.64 0.832368 0.00149259 0.692988 0.00245954 
500 318.294 1.83174 101440 1137.47 0.831317 0.00185998 0.691267 0.00306035 
501 319.859 1.88255 102442 1174.37 0.832023 0.00168426 0.692432 0.00277901 
502 319.201 1.8484 102023 1151.57 0.830806 0.00194325 0.690423 0.00319071 
503 320.364 2.06616 102774 1291.44 0.831619 0.00206128 0.691788 0.00340682 
504 320.427 2.16793 102804 1361.68 0.830832 0.00279444 0.690481 0.00459947 
505 322.26 1.66503 103981 1043.78 0.832437 0.00136108 0.693093 0.0022467 
506 322.411 1.44223 104082 909.209 0.831867 0.00146725 0.69215 0.00242885 
507 323.572 1.31436 104822 827.699 0.83211 0.00133906 0.692539 0.00221706 
508 322.494 1.90325 104143 1197.27 0.830121 0.00162884 0.68927 0.00268189 
509 323.476 2.08337 104794 1300.44 0.830926 0.00138082 0.690597 0.00226498 
510 324.267 2.13621 105301 1343.84 0.831031 0.00176228 0.690784 0.00288883 
511 326.044 1.43069 106432 906.868 0.83222 0.00133497 0.692719 0.00221373 
512 326.831 1.80726 106944 1172.29 0.832898 0.00140787 0.693844 0.0023447 
513 327.132 2.06675 107158 1329.51 0.831369 0.00169575 0.691331 0.00280182 
514 328.604 1.82006 108116 1176.31 0.832406 0.00123872 0.69304 0.00205662 
515 328.109 1.66491 107783 1062.54 0.831409 0.00115692 0.691374 0.00191461 
516 328.245 1.69743 107871 1090.56 0.831366 0.00124198 0.691309 0.00205289 
517 330.549 1.34185 109379 863.125 0.831964 0.00118614 0.692281 0.00196306 
518 330.952 1.39532 109651 900.914 0.83214 0.00125818 0.692573 0.00208172 
519 334.044 1.58241 111704 1036.78 0.831826 0.00127513 0.692046 0.00210608 
520 331.084 1.5762 109738 1012.54 0.831155 0.00146928 0.690965 0.00242921 
521 333.2 1.47498 111126 961.656 0.831148 0.00119833 0.690921 0.00198545 
522 332.881 1.37231 110936 888.216 0.830769 0.00153089 0.690332 0.00252857 
523 335.385 1.37941 112599 901.389 0.831971 0.00134034 0.692301 0.0022226 
524 333.661 2.16867 111486 1406.55 0.83058 0.00220018 0.690058 0.00362867 
525 336.565 1.88792 113406 1232.4 0.831543 0.00161158 0.691606 0.00265251 
526 335.557 2.13876 112765 1394.17 0.830099 0.00183917 0.689256 0.00305403 
527 336.781 2.53734 113568 1677 0.829941 0.00202461 0.688968 0.00333605 
528 336.037 1.9768 113085 1288.42 0.830789 0.00204505 0.6904 0.00338758 
529 336.072 2.24928 113111 1492.64 0.829773 0.00211622 0.688726 0.00348863 
530 337.538 2.68859 114100 1772.66 0.830429 0.002687 0.689812 0.00442789 
531 338.429 1.68665 114684 1121.59 0.831117 0.00221368 0.690947 0.00367153 
532 339.284 1.8222 115288 1220.62 0.830941 0.00254577 0.690679 0.00423906 
533 339.438 2.03724 115392 1349.12 0.830061 0.00240669 0.689203 0.00398442 
534 340.232 1.84677 115932 1230.49 0.830637 0.00244319 0.690166 0.00406533 
535 341.86 2.40131 117039 1603.43 0.831187 0.00250125 0.691065 0.00413162 
536 341.705 1.85018 116930 1234.95 0.830637 0.00206926 0.690146 0.0034312 
537 342.548 2.22549 117517 1497.92 0.830432 0.00214066 0.689812 0.00354461 
538 342.427 2.95534 117433 1976.72 0.830308 0.00289535 0.689623 0.0047817 
539 343.459 2.32892 118138 1562.84 0.830938 0.00196967 0.690658 0.00326389 
540 346.463 2.99337 120231 2040.9 0.833486 0.00292611 0.694924 0.0048631 
541 344.497 2.06151 118847 1385.13 0.829998 0.0020274 0.689079 0.00335776 
542 345.345 1.94755 119446 1321.07 0.830413 0.00234676 0.689775 0.00388022 
543 345.074 1.91337 119249 1298.88 0.829665 0.00228326 0.688522 0.00378515 
544 346.528 1.98499 120277 1354.21 0.830444 0.0022378 0.689846 0.00372679 
545 346.056 2.41474 119964 1634.4 0.829923 0.00193135 0.688958 0.00320272 
546 346.907 2.37916 120539 1610.38 0.830331 0.00255936 0.68966 0.00423713 
547 347.75 2.44916 121130 1660.7 0.829734 0.00227269 0.688667 0.0037575 
548 348.073 2.49267 121354 1721.67 0.829673 0.00264624 0.688567 0.00440789 
549 350.254 2.27561 122867 1552.51 0.830909 0.00207303 0.690604 0.00344766 
550 350.476 2.34105 123024 1592.01 0.83061 0.00232863 0.690122 0.00387931 
551 352.289 2.40039 124301 1636.28 0.831676 0.00243943 0.69189 0.00403835 
552 352.857 2.66589 124741 1887.86 0.831781 0.00349635 0.692156 0.00590798 
553 352.978 1.62477 124780 1121.18 0.831384 0.0020826 0.691397 0.00347059 
554 353.386 2.3125 125072 1586.39 0.830284 0.00225783 0.689576 0.00376401 
555 353.946 2.33821 125450 1614.28 0.830143 0.00212329 0.689301 0.00350187 
556 353.778 2.27474 125333 1567.81 0.829491 0.00204501 0.688236 0.00338897 
557 354.433 1.8924 125782 1323.82 0.830206 0.00182911 0.689392 0.00304192 
558 355.446 2.32668 126511 1625.83 0.829839 0.00172355 0.688793 0.0028632 
559 357.904 2.49983 128269 1765.01 0.831094 0.00170571 0.690868 0.00282049 
560 359.426 2.86404 129366 2045.57 0.830908 0.00194336 0.69057 0.00322467 
561 364.169 4.01475 132825 2902.18 0.833822 0.00262824 0.695407 0.00435407 
562 357.25 2.02203 127802 1398.89 0.828723 0.00190166 0.686975 0.00314029 
563 357.985 2.43593 128342 1689.12 0.82914 0.0020609 0.687662 0.00338964 
564 358.242 2.35152 128523 1634.08 0.828364 0.00211705 0.686375 0.00350331 
565 359.048 2.40312 129117 1671.55 0.829304 0.00210255 0.687932 0.00347821 
566 359.793 2.61828 129653 1827.92 0.828449 0.00227954 0.686521 0.0037743 
567 360.965 2.40409 130516 1700.82 0.829407 0.00211338 0.688112 0.00351898 
568 362.555 2.2444 131625 1582.04 0.828898 0.0017565 0.687229 0.00293028 
569 364.221 2.4781 132858 1759.04 0.829582 0.00166646 0.688375 0.00276124 
570 369.298 2.2691 136509 1627.13 0.829689 0.000988121 0.688478 0.00167148 
571 362.425 1.93185 131569 1362.64 0.829245 0.00192486 0.687865 0.00320402 
572 362.643 2.51062 131733 1763.7 0.828763 0.0021307 0.687056 0.00356198 
573 363.751 1.91814 132515 1355.55 0.829156 0.00243063 0.687707 0.004034 
574 364.893 2.02568 133343 1440.79 0.828782 0.00210284 0.687093 0.00352785 
575 365.285 1.84337 133625 1317.63 0.829271 0.00239804 0.687907 0.00400736 
576 365.805 2.45951 134013 1762.34 0.828704 0.002859 0.686958 0.00476342 
577 366.353 1.90234 134415 1368.79 0.828655 0.00213198 0.686884 0.00356356 
578 367.697 2.1852 135410 1569.08 0.829287 0.00265883 0.687935 0.00445528 
579 367.988 2.62817 135649 1875.3 0.829822 0.00231082 0.688824 0.00385409 
580 369.416 2.60985 136683 1881.98 0.82981 0.00282204 0.688811 0.00472672 
581 369.11 2.49883 136490 1799.69 0.829358 0.00291184 0.688061 0.00485468 
582 370.507 3.15884 137508 2291.74 0.829074 0.00330953 0.687575 0.00549296 
583 372.35 2.64331 138930 1925.47 0.830847 0.00229933 0.690547 0.00387712 
584 371.116 2.26924 137941 1636.11 0.82875 0.00228899 0.687015 0.00381565 
585 372.116 3.02815 138723 2196.98 0.829543 0.00267384 0.688349 0.00445786 
586 372.655 2.34173 139074 1698.85 0.828442 0.00229205 0.686496 0.00381793 
587 372.495 2.69465 138985 1949.37 0.828846 0.00218888 0.687177 0.00364707 
588 373.875 2.13555 139981 1559.97 0.829146 0.00241925 0.68766 0.00400625 
589 373.695 2.26158 139865 1639.6 0.829389 0.00227488 0.688085 0.00381688 
590 374.634 2.38315 140570 1731 0.828946 0.00200853 0.68734 0.00335208 
591 375.449 2.78367 141202 2019.72 0.830031 0.00229782 0.689167 0.00382636 
592 376.614 2.73369 142072 2001.37 0.830313 0.00251597 0.689651 0.00422861 
593 376.931 2.78181 142349 2041.85 0.830914 0.00278923 0.690696 0.00469603 
594 377.33 2.81596 142603 2050.91 0.829179 0.00236334 0.687741 0.00391994 
595 377.646 2.87428 142849 2102.49 0.829404 0.00239914 0.688107 0.00397853 
596 378.167 2.58346 143223 1894.05 0.829361 0.0021964 0.688034 0.00368624 
597 379.253 2.56527 144052 1898.9 0.829573 0.00286066 0.688384 0.00475318 
598 380.041 2.53562 144655 1864.53 0.829741 0.00236365 0.688667 0.00396508 
599 380.883 2.78052 145287 2049.06 0.829606 0.00261305 0.688434 0.00433838 
600 380.689 2.90248 145157 2159.79 0.829528 0.0028115 0.688326 0.00467154 
601 381.868 2.44575 146031 1806.14 0.82956 0.00241693 0.688355 0.00402984 
602 381.941 2.89917 146103 2149.35 0.828788 0.00241172 0.687075 0.00403805 
603 382.791 2.70531 146744 2008.8 0.82941 0.00241131 0.688115 0.00404142 
604 383.738 2.58895 147472 1935.86 0.830049 0.00272998 0.689164 0.00454986 
605 385.597 2.51826 148857 1887.74 0.831661 0.0026585 0.691813 0.00442055 
606 384.927 2.55631 148382 1924.18 0.829621 0.00267869 0.688453 0.00447612 
607 385.726 2.61601 148962 1978.36 0.829377 0.00288607 0.688036 0.0048082 
608 386.5 2.08435 149559 1587.18 0.828716 0.00287694 0.686939 0.00478832 
609 387.623 1.56672 150405 1195.13 0.830152 0.00219698 0.689296 0.00367714 
610 388.219 2.4157 150881 1834.47 0.829014 0.00286384 0.687424 0.00476559 
611 389.742 1.92287 152040 1471.84 0.830801 0.00242688 0.690375 0.00406467 
612 390.303 1.83481 152470 1389.98 0.829379 0.00223048 0.688002 0.00371419 
613 393.35 1.40993 154822 1085.89 0.831504 0.00201786 0.691499 0.00337371 
614 390.864 2.58618 152954 1968.57 0.829093 0.00259564 0.687575 0.00429839 
615 392.684 2.1285 154380 1641.32 0.831271 0.00278657 0.691204 0.00464047 
616 392.252 2.02714 154040 1560.03 0.829329 0.00253303 0.687973 0.00420769 
617 393.586 2.0008 155090 1549.35 0.830761 0.00247802 0.690338 0.00412911 
618 393.462 2.16305 154979 1657.91 0.829082 0.00211915 0.687538 0.00352035 
619 395.049 2.44217 156223 1888.31 0.830818 0.00237562 0.690406 0.0039544 
620 395.383 2.21819 156483 1716.54 0.830348 0.0027128 0.689622 0.00449966 
621 395.803 1.953 156786 1535.36 0.831564 0.00224359 0.691618 0.00374179 
622 397.688 1.63412 158272 1272.43 0.830824 0.00182302 0.690383 0.00303621 
623 401.697 1.87728 161447 1486.13 0.833852 0.00197822 0.695384 0.00329825 
624 402.617 1.65365 162177 1300.88 0.833036 0.0015611 0.69402 0.00257783 
625 397.998 2.43617 158594 1900.37 0.829865 0.00241418 0.688861 0.00401635 
626 397.903 2.13222 158505 1667.65 0.828676 0.0020968 0.686868 0.00349092 
627 398.776 2.49422 159235 1946.95 0.829521 0.00242007 0.688289 0.00401631 
628 399.276 2.27988 159605 1777.18 0.828766 0.00239089 0.687027 0.00398066 
629 400.112 1.98084 160275 1564.27 0.829208 0.00236667 0.687761 0.00395118 
630 401.492 2.2233 161381 1745.37 0.828859 0.00229056 0.68718 0.00382201 
631 403.148 2.8351 162728 2275.37 0.830009 0.00258596 0.689084 0.00431938 
632 403.948 3.19612 163391 2552.29 0.829924 0.00269425 0.688946 0.00447991 
633 407.823 3.77919 166587 3089.53 0.832633 0.00306682 0.693459 0.0051092 
634 402.921 2.61531 162541 2058.85 0.828933 0.00261361 0.687302 0.0043473 
635 403.297 2.49455 162858 1974.7 0.829396 0.00246412 0.688088 0.00410684 
636 404.593 2.31192 163884 1829.91 0.829371 0.00234866 0.688026 0.00390966 
637 405.812 1.99762 164873 1592.32 0.829904 0.002287 0.688915 0.00382346 
638 405.176 2.45773 164367 1946.71 0.828852 0.00266188 0.687173 0.0044316 
639 406.847 2.13282 165733 1703.23 0.830179 0.00238324 0.689378 0.00397964 
640 406.253 2.50062 165244 1976.44 0.828512 0.00271123 0.686604 0.00449848 
641 408.813 2.03613 167338 1643.23 0.83085 0.00230527 0.690513 0.0038619 
642 408.49 2.4316 167079 1932.86 0.828381 0.00227618 0.686384 0.00380259 
643 410.898 2.24779 169045 1818.05 0.83051 0.00265953 0.689932 0.0044387 
644 409.63 2.4218 168008 1927.73 0.828724 0.00227814 0.686955 0.00378546 
645 409.801 2.70936 168178 2174.89 0.829492 0.00314453 0.688254 0.00524882 
646 411.045 2.45705 169174 1969.91 0.828846 0.0025344 0.687165 0.00421486 
647 411.55 2.5066 169613 2021.6 0.828921 0.00303052 0.687325 0.00506204 
648 411.684 2.02784 169702 1632.28 0.828405 0.00256339 0.686437 0.00428449 
649 412.8 2.26061 170606 1821.16 0.828798 0.00322234 0.68709 0.00537275 
650 413.227 2.18572 170972 1769.57 0.828579 0.00278093 0.686727 0.00464831 
651 414.574 2.60602 172102 2132.3 0.829938 0.00363588 0.689011 0.00607435 
652 414.244 2.96188 171829 2408.88 0.828901 0.00319465 0.687279 0.00531902 
653 414.655 2.02925 172159 1653.63 0.828873 0.002088 0.687223 0.00348052 
654 417.028 1.66861 174109 1364.59 0.83027 0.00229591 0.689526 0.00383877 
655 415.684 1.92357 173014 1563.33 0.828674 0.00223671 0.686897 0.00372816 
656 416.403 1.55748 173597 1274.94 0.829026 0.00255455 0.687475 0.00425699 
657 416.602 1.74537 173768 1420.49 0.828157 0.00241748 0.686032 0.00404679 
658 417.179 1.75777 174222 1435.66 0.827981 0.00187556 0.685709 0.00314465 
659 418.36 1.774 175229 1452.67 0.827605 0.0025268 0.685116 0.00424117 
660 420.406 1.6369 176931 1342.08 0.829089 0.00239829 0.68756 0.00401189 
661 420.525 1.41766 177023 1158.62 0.828876 0.00226004 0.687203 0.00379193 
662 422.896 2.73586 179084 2314.22 0.829901 0.00383953 0.688958 0.00646585 
663 420.478 1.83448 177035 1526.31 0.830543 0.00242289 0.690013 0.00406766 
664 423.394 2.58057 179526 2224.72 0.831838 0.00355265 0.692201 0.00597109 
665 423.045 2.16701 179168 1841.28 0.831381 0.00311325 0.691387 0.00524056 
666 425.22 3.32231 181081 2909.31 0.832377 0.00445098 0.693099 0.00749428 
667 423.661 1.68254 179673 1400.41 0.831152 0.00223911 0.690976 0.00373243 
668 422.989 1.97041 179073 1656.11 0.829188 0.00242559 0.687686 0.00405759 
669 424.722 1.45344 180577 1213.25 0.830513 0.00232339 0.689928 0.00387928 
670 424.639 1.72162 180497 1426.97 0.830143 0.00188182 0.689294 0.00314615 
671 425.838 1.71874 181536 1431.63 0.83073 0.00211391 0.690285 0.00353569 
672 427.283 1.88155 182747 1606.65 0.831602 0.00277366 0.691735 0.00466483 
673 427.194 1.69033 182687 1399.28 0.830541 0.00184422 0.689944 0.00306996 
674 428.647 1.90001 183917 1599.96 0.831105 0.00244303 0.690883 0.00407508 
675 429.799 2.98704 184942 2541.66 0.831754 0.00320761 0.691975 0.00536953 
676 430.188 2.48354 185264 2105.06 0.831587 0.00287041 0.691716 0.00482666 
677 429.734 3.15667 184877 2622.89 0.830425 0.00233688 0.689733 0.00385656 
678 432.289 1.71723 187008 1450.98 0.831715 0.00177375 0.691861 0.00296201 
679 431.637 3.05527 186508 2555.45 0.83082 0.00231418 0.69039 0.00382616 
680 433.451 2.43843 188043 2044.04 0.831659 0.0018291 0.691769 0.00302864 
681 432.615 3.35189 187369 2804.59 0.831357 0.00185798 0.691286 0.00307445 
682 433.851 3.2808 188418 2748.2 0.831364 0.00244759 0.69128 0.00405672 
683 438.562 3.84305 192582 3269.96 0.836737 0.00326591 0.700293 0.00543362 
684 435.828 2.50625 190088 2107 0.829532 0.00150738 0.688209 0.00248986 
685 431.504 3.9281 186472 3315.99 0.828565 0.0033234 0.686676 0.00549657 
686 434.638 2.14023 189110 1804.38 0.82994 0.00161218 0.688929 0.00268341 
687 432.901 3.72462 187645 3150.79 0.828442 0.0023921 0.686459 0.00395849 
688 435.663 2.49077 189985 2156.06 0.830227 0.00202642 0.689401 0.0033919 
689 435.749 2.08718 190043 1793.5 0.829768 0.00202802 0.688633 0.00337907 
690 437.509 2.04843 191571 1768.56 0.829994 0.00177407 0.689002 0.00295398 
691 437.045 2.296 191166 1991.35 0.82948 0.00195553 0.688146 0.00325474 
692 437.473 2.1883 191543 1901.96 0.828679 0.00187684 0.686815 0.00311737 
693 437.45 2.80462 191508 2446.87 0.828236 0.00210959 0.686066 0.00349979 
694 438.104 2.84882 192092 2475.48 0.827804 0.00240557 0.685372 0.00397952 
695 436.806 3.01312 190940 2635.42 0.826672 0.00227255 0.683482 0.00376873 
696 439.091 2.39129 192936 2095.74 0.828042 0.00190812 0.685748 0.00317073 
697 436.822 2.50341 190910 2207.15 0.82574 0.00145697 0.681912 0.00242714 
698 440.409 2.26714 194088 1997.1 0.827547 0.00168056 0.684923 0.00279578 
