1.5 -1.959 115800000000
144.588 61.8061
1 0 0 0 0 0.500026 4.04779e-05 0.500026 4.04779e-05 
2 0 0 0 0 0.500038 2.92586e-05 0.375044 3.14739e-05 
3 0 0 0 0 0.49997 2.8442e-05 0.333297 3.04572e-05 
4 0.208642 3.66674e-05 0.208642 3.66674e-05 0.540525 2.77834e-05 0.35809 3.0624e-05 
5 0.28034 4.7464e-05 0.28034 4.7464e-05 0.543541 2.76917e-05 0.347897 3.06821e-05 
6 0.582986 9.35969e-05 0.849129 0.000184148 0.570994 3.3133e-05 0.371166 3.74695e-05 
7 0.691484 0.000112231 1.043 0.000212011 0.571678 3.29233e-05 0.365034 3.88634e-05 
8 1.08257 0.000190415 2.192 0.000594936 0.593613 3.52756e-05 0.386543 4.3804e-05 
9 1.23591 0.000220432 2.66901 0.000787666 0.595192 3.53816e-05 0.384608 4.36675e-05 
10 1.6412 0.000300407 4.3076 0.0012396 0.610052 3.74294e-05 0.399654 4.65621e-05 
11 1.86316 0.000387751 5.33572 0.00189565 0.613506 4.38632e-05 0.40153 5.67674e-05 
12 2.27559 0.000628918 7.52809 0.00368203 0.624648 5.13222e-05 0.413338 6.91745e-05 
13 2.53142 0.000667756 9.05325 0.00449132 0.627612 4.49979e-05 0.415282 5.83719e-05 
14 2.97516 0.000649246 12.0655 0.00504889 0.637366 5.50129e-05 0.426246 7.28309e-05 
15 3.24606 0.00102868 14.0574 0.00831265 0.639634 7.26713e-05 0.427803 9.40562e-05 
16 3.71679 0.00102212 17.9603 0.00921998 0.64812 7.59328e-05 0.437649 9.71229e-05 
17 4.00921 0.00102334 20.5687 0.0100598 0.650178 6.77771e-05 0.439306 8.92996e-05 
18 4.49602 0.00124792 25.3667 0.013773 0.657531 6.27065e-05 0.448064 8.74607e-05 
19 4.80669 0.0015717 28.6319 0.019291 0.659393 6.27307e-05 0.449693 8.69082e-05 
20 5.30826 0.00186583 34.3961 0.0246952 0.665878 6.87984e-05 0.457588 9.5608e-05 
21 5.63189 0.00190091 38.3299 0.0277787 0.66751 6.95104e-05 0.459099 9.91217e-05 
22 6.15028 0.00209996 45.1597 0.0321833 0.67334 7.82799e-05 0.46633 0.00011009 
23 6.4834 0.00248225 49.7668 0.0391619 0.674662 8.02028e-05 0.467525 0.000112794 
24 7.02078 0.00274198 57.7996 0.0453778 0.680054 8.59267e-05 0.474352 0.000122242 
25 7.36688 0.00386075 63.205 0.0710793 0.681278 0.000118161 0.475549 0.000170905 
26 7.9109 0.00354568 72.2873 0.0681108 0.686083 0.000112951 0.481697 0.000162154 
27 8.27058 0.00399358 78.5564 0.078144 0.687256 0.000100737 0.482893 0.000146169 
28 8.82776 0.00475612 88.8977 0.103342 0.691747 0.000127763 0.488743 0.000190973 
29 9.19134 0.00623388 95.8726 0.134754 0.692649 0.000128585 0.489599 0.000187138 
30 9.7502 0.00729963 107.269 0.174845 0.696641 0.000137308 0.494819 0.000202326 
31 10.1285 0.00633918 115.251 0.145117 0.697725 0.000124163 0.496045 0.000173039 
32 10.7095 0.00909097 128.23 0.216207 0.701573 0.00012157 0.501144 0.000178725 
33 11.0945 0.00677102 137.089 0.172702 0.702398 0.000135483 0.502018 0.00019721 
34 11.6711 0.00843571 151.062 0.231656 0.705868 0.000140046 0.506661 0.000205051 
35 12.0688 0.00824893 161.001 0.222228 0.70682 0.000143335 0.507763 0.000210844 
36 12.6668 0.0121468 176.754 0.36796 0.710352 0.000232407 0.512602 0.000349491 
37 13.0568 0.0123013 187.159 0.386933 0.710881 0.000227497 0.513093 0.000340188 
38 13.6585 0.0196564 204.192 0.654898 0.71389 0.000269752 0.517174 0.000396927 
39 14.0577 0.0105995 215.652 0.342453 0.714549 0.000219968 0.5179 0.000333463 
40 14.67 0.0176403 234.184 0.603233 0.717652 0.000335662 0.52218 0.000513714 
41 15.074 0.0136876 246.651 0.477256 0.718164 0.000247366 0.522716 0.000375432 
42 15.6964 0.017492 266.739 0.599151 0.720979 0.000244966 0.526598 0.000373757 
43 16.1293 0.0191789 281.147 0.718364 0.721827 0.000273365 0.527668 0.000408552 
44 16.7204 0.0189643 301.348 0.716768 0.72407 0.000313047 0.530754 0.00047134 
45 17.1276 0.0149696 315.498 0.573034 0.724505 0.000224483 0.531243 0.000338289 
46 17.7815 0.0249537 339.371 1.00282 0.727276 0.000413086 0.535139 0.000641301 
47 18.1884 0.0253308 354.431 1.01977 0.727521 0.000263925 0.535331 0.000388957 
48 18.8597 0.0283715 380.407 1.21909 0.730399 0.00033722 0.539429 0.000506408 
49 19.1978 0.0156015 393.378 0.6343 0.729763 0.000281332 0.53834 0.000418166 
50 19.8973 0.0248786 421.984 1.04985 0.732891 0.000329932 0.542828 0.000503133 
51 20.3007 0.0315325 438.614 1.4601 0.733141 0.000410878 0.543097 0.000628393 
52 20.9475 0.0316318 466.04 1.476 0.735179 0.000333314 0.545944 0.000493505 
53 21.3808 0.0287273 485.083 1.34551 0.73584 0.000346027 0.546859 0.000531403 
54 22.0462 0.0312875 515.071 1.56185 0.73777 0.000409977 0.549595 0.000633502 
55 22.4761 0.0288757 534.637 1.42557 0.737861 0.000295802 0.5496 0.000447042 
56 23.1296 0.0358511 565.532 1.86319 0.74031 0.000401839 0.553177 0.000619067 
57 23.6047 0.0457298 588.405 2.42069 0.740964 0.000555591 0.554045 0.000861872 
58 24.3045 0.0868475 623.027 4.62279 0.742264 0.000469242 0.555805 0.000744091 
59 24.7494 0.0725 645.152 4.14475 0.742928 0.000686522 0.556707 0.00105933 
60 25.341 0.047195 675.585 2.68392 0.744395 0.000519931 0.558841 0.000791014 
61 25.9689 0.180617 710.068 11.159 0.746455 0.00150047 0.56194 0.00233468 
62 26.5717 0.0832799 741.485 4.7578 0.747318 0.000633429 0.563015 0.000951458 
63 27.0694 0.116516 769.09 7.03964 0.747844 0.000940569 0.563748 0.00144157 
64 27.6126 0.0580305 799.016 3.50684 0.748802 0.000528537 0.565103 0.000810307 
65 28.1698 0.0900803 831.144 5.56856 0.749891 0.000828317 0.566696 0.00127613 
66 28.735 0.0899844 863.45 5.51425 0.750907 0.000782903 0.568125 0.00119793 
67 29.2208 0.117197 892.575 7.65184 0.750948 0.000927663 0.568091 0.00142058 
68 29.8307 0.0916036 929.638 5.97503 0.752415 0.000790517 0.570256 0.00121554 
69 30.372 0.0969493 963.009 6.57996 0.753172 0.000788505 0.571365 0.00121198 
70 31.0677 0.132302 1006.52 8.68806 0.754995 0.00123292 0.574041 0.00189758 
71 31.6893 0.137631 1047.87 9.84497 0.756093 0.00110398 0.575736 0.00171845 
72 32.1323 0.171744 1074.93 11.6089 0.756264 0.00182399 0.575899 0.00288247 
73 32.651 0.181716 1109.61 12.64 0.756473 0.00120333 0.576097 0.00185554 
74 33.242 0.157363 1148.35 11.085 0.757222 0.00101086 0.577108 0.00154121 
75 33.9096 0.217698 1194.38 15.5104 0.758326 0.00106139 0.578676 0.0016004 
76 34.6091 0.17798 1244.21 13.2354 0.760438 0.00142246 0.581936 0.0022109 
77 35.1416 0.16963 1281.68 12.5131 0.760748 0.000822356 0.582289 0.00123926 
78 35.5846 0.1318 1313.36 10.2096 0.760613 0.000911034 0.58205 0.00141575 
79 36.0708 0.158906 1348.92 12.1308 0.760662 0.00110215 0.582068 0.00169032 
80 36.749 0.124431 1398.99 9.71216 0.761866 0.000893601 0.583824 0.00137624 
81 37.3005 0.181454 1440.3 14.3116 0.761779 0.000985475 0.583649 0.00152138 
82 37.8878 0.136602 1485.4 11.1468 0.762425 0.000865417 0.584612 0.00131656 
83 38.4968 0.139392 1533.25 11.7951 0.76393 0.000739629 0.586863 0.00115287 
84 39.1534 0.150123 1584.4 12.235 0.765197 0.00118759 0.588738 0.00181261 
85 39.6141 0.154023 1621.1 12.8821 0.76456 0.000756678 0.587737 0.00116816 
86 40.3693 0.174674 1682.88 15.0107 0.766655 0.000810981 0.590907 0.00124578 
87 40.9312 0.161294 1729.26 14.2087 0.767304 0.00083058 0.591898 0.0012833 
88 41.7427 0.255102 1797.25 22.4022 0.768939 0.00102724 0.594335 0.0015605 
89 42.4934 0.321113 1863.57 29.9336 0.771268 0.00198794 0.598028 0.00312636 
90 42.8992 0.188955 1896.95 17.1302 0.770791 0.00106746 0.597216 0.00166209 
91 43.5655 0.180202 1956.89 16.5798 0.772239 0.00128099 0.599473 0.00202452 
92 44.0269 0.243778 1995.67 22.5913 0.772023 0.00179188 0.59901 0.00281915 
93 44.6159 0.200529 2050.06 18.9774 0.771609 0.00125032 0.598323 0.00196775 
94 45.417 0.332226 2122.98 31.8196 0.774017 0.00216495 0.60203 0.00342423 
95 45.848 0.265607 2163.93 26.4066 0.773164 0.00152581 0.600715 0.00244707 
96 46.42 0.208221 2215.6 20.499 0.773385 0.00120241 0.600927 0.00189006 
97 46.9859 0.210128 2268.63 21.1713 0.774201 0.00125711 0.602097 0.00194706 
98 47.7288 0.234573 2339.85 23.2842 0.774762 0.00107328 0.602912 0.00167022 
99 48.1756 0.227565 2384.53 23.1663 0.774748 0.00132796 0.602972 0.0020947 
100 48.8969 0.203935 2455.07 20.973 0.776087 0.00111322 0.604973 0.00175125 
101 49.3287 0.237701 2498.52 24.7105 0.775435 0.00122958 0.60395 0.00193471 
102 50.0643 0.240267 2572.4 25.2935 0.776679 0.00129245 0.605886 0.00203525 
103 51.0314 0.603903 2675.86 66.3613 0.77769 0.00214079 0.607453 0.0033158 
104 51.2447 0.307881 2693.13 31.9523 0.777069 0.00135156 0.606408 0.00215337 
105 51.9881 0.384721 2773.74 42.2648 0.77896 0.00195078 0.609453 0.00313164 
106 52.5435 0.318347 2831.64 35.913 0.77946 0.00181877 0.610206 0.00295113 
107 54.1876 1.10698 3024.93 133.923 0.786931 0.00647448 0.62252 0.0107205 
108 53.653 0.220731 2948.25 24.7288 0.780164 0.0012593 0.611175 0.00201025 
109 54.3798 0.273332 3027.61 31.2379 0.781262 0.00160304 0.612873 0.00253374 
110 54.7079 0.222688 3063.18 25.4901 0.779961 0.00122078 0.610775 0.00194874 
111 55.2915 0.280166 3125.16 31.7597 0.778781 0.00248759 0.608872 0.00394537 
112 56.2269 0.236141 3231.26 27.8124 0.782311 0.00138493 0.614386 0.00221953 
113 56.771 0.22837 3290.67 26.0825 0.780426 0.0023495 0.611341 0.00379421 
114 57.3087 0.259566 3357.37 29.633 0.782068 0.00116254 0.613945 0.00184551 
115 58.3974 0.352659 3480.79 38.9979 0.781538 0.00274379 0.61304 0.00443977 
116 58.7848 0.278922 3529.08 33.4723 0.783457 0.0016031 0.616146 0.00256482 
117 60.8071 0.853262 3764.7 96.7551 0.778875 0.00279365 0.608473 0.00461296 
118 59.8213 0.339214 3654.46 40.3538 0.782698 0.00130337 0.614881 0.00205235 
119 60.2676 0.324244 3710.38 39.6538 0.78235 0.0018668 0.614421 0.0028754 
120 60.9563 0.308771 3792.14 38.4506 0.783366 0.00115926 0.615866 0.00181733 
121 61.4864 0.391049 3858.89 50.377 0.784102 0.00114738 0.616924 0.00181909 
122 62.3857 0.4955 3971.95 63.0995 0.784645 0.00131388 0.617864 0.00207724 
123 62.6893 0.32421 4007.14 41.0348 0.785106 0.00107466 0.618468 0.00169661 
124 64.0702 0.533209 4182.84 67.6405 0.78652 0.00292975 0.620774 0.00475643 
125 63.7903 0.27769 4150.14 36.6938 0.785279 0.00104745 0.618755 0.00165013 
126 64.721 0.338923 4270.67 45.7304 0.786997 0.00157397 0.621503 0.0024862 
127 65.107 0.288334 4321.03 38.7824 0.786609 0.00110486 0.62078 0.00174583 
128 65.9678 0.382649 4435.35 51.792 0.787994 0.00144851 0.622964 0.00231224 
129 66.507 0.350815 4511.38 49.3193 0.788239 0.00149089 0.623414 0.00239449 
130 67.0261 0.276467 4575.23 37.9234 0.787822 0.00107623 0.622631 0.00170615 
131 67.9696 0.318444 4704.72 43.8875 0.789317 0.00135624 0.624976 0.00215027 
132 68.2707 0.286059 4743.27 40.4996 0.787997 0.00129735 0.622845 0.00206809 
133 68.8207 0.295613 4820.6 41.6639 0.788713 0.00110362 0.623928 0.00174593 
134 69.6208 0.271966 4931.96 38.708 0.790222 0.0012864 0.626326 0.00205217 
135 70.3198 0.306757 5027.95 43.4854 0.790756 0.00147382 0.627155 0.00235323 
136 71.1044 0.332658 5140.03 47.3089 0.792033 0.00217389 0.629221 0.00351551 
137 72.1065 0.640842 5284.9 92.2802 0.793414 0.00293372 0.631388 0.00470725 
138 73.2265 0.883699 5444.19 126.027 0.7963 0.00580598 0.636073 0.00949478 
139 72.6741 0.372165 5370.96 55.2916 0.790756 0.00143547 0.627085 0.00228789 
140 73.8815 1.02369 5553.97 153.606 0.792585 0.00366779 0.630113 0.00596691 
141 73.7563 0.390977 5527.47 55.156 0.789288 0.000984185 0.624641 0.0015636 
142 74.5239 0.592798 5641.41 82.6266 0.789459 0.00104688 0.624909 0.00166546 
143 75.4148 0.776703 5772.12 108.894 0.789614 0.000959753 0.62504 0.00152902 
144 77.1054 1.12545 6024.08 162.84 0.790277 0.00111422 0.625842 0.00184293 
145 78.5009 1.19788 6245.71 177.101 0.792106 0.000843483 0.628666 0.00135715 
146 82.0634 1.8836 6807.22 293.045 0.793745 0.00130299 0.630906 0.00196902 
147 77.8388 0.664221 6149.1 98.9297 0.792112 0.00105838 0.628992 0.00169469 
148 79.5408 0.928432 6428.63 155.966 0.794132 0.00295694 0.632282 0.00484968 
149 79.9377 1.06472 6484.65 162.457 0.792922 0.00144817 0.630141 0.00233462 
150 81.1388 1.34614 6665.08 208.443 0.792586 0.00107634 0.629401 0.0016769 
151 83.1507 1.74158 6997.41 279.454 0.793592 0.00162633 0.630834 0.00241299 
152 88.083 2.00712 7828.54 335.462 0.797898 0.0019322 0.637274 0.00292013 
153 81.2613 0.62711 6695.08 100.205 0.792724 0.00113465 0.629937 0.00183272 
154 82.9103 1.01141 6960.2 155.216 0.79252 0.00226297 0.629428 0.00382819 
155 82.7531 0.701462 6947.35 117.725 0.795428 0.00203033 0.634339 0.0033185 
156 83.3704 0.428102 7046.59 71.3664 0.794969 0.00109723 0.633481 0.00175431 
157 83.6088 0.503534 7088.12 84.8135 0.793745 0.000981785 0.631531 0.00156191 
158 84.6671 0.548183 7268.38 92.9528 0.795097 0.00120998 0.633646 0.00193308 
159 84.9498 0.609316 7316.81 105.131 0.794148 0.00124452 0.632166 0.00197945 
160 85.8973 0.563355 7475.74 95.8274 0.795522 0.00140539 0.634307 0.00220333 
161 86.4074 0.931893 7573.21 167.727 0.795043 0.00212894 0.633637 0.0034245 
162 87.2339 0.613021 7713.11 107.101 0.796878 0.00176165 0.63648 0.00279266 
163 87.7243 0.555215 7800.43 98.1841 0.795881 0.00127554 0.634871 0.00204692 
164 88.3671 0.633908 7917.3 114.83 0.796969 0.0018516 0.636646 0.00298639 
165 88.9227 0.612689 8010.07 109.298 0.795956 0.00137311 0.634924 0.0021843 
166 89.7094 0.500967 8159.02 91.2631 0.797898 0.00184036 0.638121 0.00298106 
167 89.8608 0.463722 8171.25 84.3756 0.795418 0.00157601 0.633986 0.00259078 
168 90.8236 0.634685 8361.86 114.72 0.798298 0.00186993 0.638735 0.00300409 
169 91.0941 0.633834 8407.72 114.666 0.79665 0.00152058 0.636064 0.00242366 
170 91.9535 0.797816 8569.67 143.644 0.797682 0.00192115 0.637717 0.00307587 
171 93.813 0.901399 8915.15 168.217 0.79844 0.00211114 0.638869 0.00339645 
172 92.5366 1.06793 8675.69 198.045 0.797338 0.00295418 0.63712 0.0047578 
173 95.6627 1.28813 9297.47 264.456 0.802581 0.00266634 0.645607 0.00432086 
174 93.8916 0.901552 8923.89 169.797 0.797178 0.00226714 0.636771 0.00364431 
175 95.1025 0.653554 9152.28 123.38 0.800028 0.00211686 0.641413 0.00339969 
176 95.8644 0.627281 9297.75 120.041 0.799598 0.00182099 0.640689 0.00293895 
177 96.0304 0.640295 9334.22 123.194 0.799748 0.00152904 0.640966 0.00245249 
178 96.9562 0.566517 9512.45 110.657 0.799812 0.00156881 0.640995 0.00253059 
179 97.9291 0.612251 9698.04 113.968 0.800548 0.00135721 0.642121 0.00219137 
180 98.5599 0.499517 9828.8 99.0913 0.801421 0.00135079 0.643578 0.00217892 
181 99.2203 0.542118 9964.16 107.847 0.801926 0.00150906 0.644426 0.00243751 
182 99.4501 0.589238 10003.9 116.407 0.800554 0.00176223 0.642175 0.00282655 
183 101.101 0.711398 10325 136.427 0.802142 0.00148458 0.644578 0.00238186 
184 100.456 0.638188 10205.4 130.103 0.799459 0.00262423 0.640478 0.00419156 
185 102.174 0.92103 10557.6 186.085 0.802171 0.0019326 0.644775 0.0031165 
186 102.443 0.648818 10624.6 134.404 0.802601 0.00189204 0.645563 0.00305149 
187 102.865 0.749507 10708.7 156.874 0.80189 0.00277699 0.644481 0.00444424 
188 103.676 1.20899 10884.3 252.186 0.802416 0.00266642 0.645242 0.00424027 
189 104.099 0.853081 10963.1 180.194 0.80314 0.00201874 0.646375 0.00329007 
190 104.235 0.969655 10996.1 203.454 0.80157 0.00232287 0.643878 0.00375957 
191 105.619 0.553325 11280.8 119.101 0.803546 0.00186875 0.647031 0.00304939 
192 106.29 0.75636 11423.3 163.737 0.802479 0.00247638 0.645336 0.00397004 
193 106.863 0.677975 11541 142.223 0.800424 0.0022949 0.642023 0.00367874 
194 107.795 0.81396 11755.5 181.817 0.804077 0.00249135 0.647996 0.00399729 
195 107.935 0.714925 11782.8 158.949 0.802669 0.00227665 0.645711 0.00364504 
196 109.152 0.732772 12048.4 163.907 0.80481 0.00225175 0.64903 0.00363198 
197 109.738 0.79767 12170 179.697 0.805373 0.00208657 0.649884 0.00339588 
198 109.88 0.638935 12203.1 146.319 0.804478 0.00194443 0.648434 0.00316319 
199 111.415 0.842345 12540.4 193.275 0.806705 0.00325226 0.652061 0.00533052 
200 111.285 0.642562 12517.5 144.792 0.804159 0.00214246 0.648017 0.00343445 
201 112.901 1.02312 12876.8 235.054 0.807852 0.0026331 0.65393 0.00429098 
202 113.077 0.651283 12920.3 149.385 0.80657 0.00235699 0.65188 0.00374924 
203 113.169 0.763808 12936.3 178.031 0.80431 0.00287211 0.648264 0.0045552 
204 113.764 0.672052 13074.8 152.207 0.806185 0.00219458 0.651217 0.00351687 
205 114.854 0.755538 13324.9 174.111 0.808157 0.00241699 0.654432 0.0039164 
206 115.53 0.667888 13478 156.096 0.807419 0.00257732 0.653208 0.00414857 
207 117.054 1.32387 13848.5 319.254 0.811371 0.00365702 0.659646 0.00599356 
208 117.135 1.00167 13867.2 240.467 0.809133 0.00312169 0.655923 0.00509761 
209 117.1 0.783375 13854 188.836 0.809258 0.00244433 0.656107 0.0039775 
210 117.418 0.891863 13928.4 216.895 0.808317 0.00329702 0.654598 0.00538024 
211 118.063 0.720417 14074 173.814 0.808883 0.00306968 0.655482 0.0050099 
212 118.641 0.775905 14208.2 196.288 0.808452 0.00337843 0.654726 0.00551283 
213 119.068 0.674959 14308.5 163.679 0.808795 0.00302116 0.655267 0.00492351 
214 119.574 1.07099 14433 259.125 0.80775 0.00362085 0.653586 0.00590434 
215 119.863 0.893328 14503.4 216.285 0.809297 0.00329847 0.65609 0.00535782 
216 120.36 0.970591 14629.8 240.034 0.810671 0.0033246 0.658332 0.00539043 
217 121.566 1.10082 14920.6 276.357 0.812129 0.0025242 0.660596 0.0040747 
218 121.353 1.30703 14874.3 323.883 0.812057 0.00290086 0.660474 0.00467424 
219 122.485 1.28822 15148.6 319.316 0.812359 0.00302311 0.660932 0.00487242 
220 122.416 1.17511 15128.5 294.315 0.813492 0.00292268 0.66276 0.00468953 
221 122.965 1.25345 15255.4 318.591 0.813935 0.00309394 0.663447 0.00498261 
222 123.428 1.18826 15364.4 305.818 0.81659 0.0037915 0.667745 0.00608141 
223 125.339 1.38887 15856.1 361.058 0.815951 0.002751 0.666688 0.00442437 
224 123.746 1.38585 15427.2 365.446 0.817834 0.00441245 0.669726 0.0070818 
225 125.797 1.02245 15947 264.076 0.81719 0.00382429 0.668711 0.00616804 
226 125.792 1.10767 15947.5 296.206 0.815721 0.00461163 0.666367 0.00743926 
227 126.665 0.869309 16169.7 231.373 0.814196 0.00445561 0.663882 0.00717886 
228 126.944 0.704767 16221.4 196.936 0.81855 0.00414618 0.670919 0.00670129 
229 129.587 0.937649 16938.6 242.425 0.81295 0.00276863 0.661865 0.00446445 
230 130.201 1.35977 17090 346.69 0.81272 0.00211143 0.661381 0.00339193 
231 131.757 1.85612 17492 487.349 0.817524 0.0040956 0.669216 0.00662391 
232 130.986 1.35013 17302.8 360.862 0.812945 0.00279788 0.661812 0.00448037 
233 131.453 1.48697 17428.3 397.423 0.812147 0.00298801 0.66055 0.00480238 
234 132.344 1.82274 17646.7 497.79 0.816159 0.0030843 0.666926 0.00492051 
235 134.023 1.16201 18123.9 313.613 0.813259 0.00258187 0.662403 0.00417888 
236 134.121 1.19765 18154.6 328.229 0.811704 0.0024071 0.659901 0.00388436 
237 135.786 1.52077 18580.9 402.358 0.816377 0.00455549 0.667482 0.00738738 
238 134.986 0.905005 18366.1 243.239 0.811241 0.00263214 0.659077 0.00425663 
239 135.752 0.757326 18579.7 201.313 0.812355 0.00233434 0.660901 0.00378267 
240 136.281 0.674857 18701.6 180.735 0.808146 0.00260479 0.653979 0.00425511 
241 137.071 1.02031 18934.9 273.193 0.81325 0.00257754 0.662273 0.00415013 
242 137.111 0.997555 18961.5 274.771 0.81226 0.00282323 0.660786 0.00459896 
243 137.79 0.915457 19145.2 251.185 0.812536 0.00266285 0.661201 0.0043222 
244 138.081 0.929991 19229.3 256.898 0.811888 0.00268673 0.660169 0.00434468 
245 138.862 0.925747 19447.6 252.353 0.81237 0.0024315 0.660939 0.00392048 
246 138.838 0.953171 19436.5 262.983 0.81103 0.00248634 0.658721 0.00402086 
247 140.146 1.04518 19803 287.227 0.812802 0.00283386 0.661605 0.00455674 
248 139.971 0.913105 19753.4 253.957 0.811401 0.00232182 0.659342 0.00377587 
249 140.814 0.951638 19996.3 267.367 0.811844 0.00263666 0.660054 0.00427381 
250 140.504 1.05719 19906.1 294.683 0.810556 0.00260444 0.65795 0.00422057 
251 141.619 1.04703 20224.1 292.822 0.811645 0.00271199 0.659703 0.00437727 
252 143.385 1.17563 20730 336.262 0.81333 0.00295401 0.662458 0.00478239 
253 143.08 1.24929 20632.2 362.209 0.814546 0.00291045 0.664389 0.00471713 
254 144.213 0.948335 20958.4 269.146 0.813497 0.00302968 0.662725 0.00490278 
255 146.056 0.87307 21487.5 248.116 0.81874 0.00449369 0.671343 0.00735211 
256 145.625 0.807896 21364.8 235.683 0.812963 0.00222739 0.661777 0.00360058 
257 146.062 1.1638 21500 339.689 0.812783 0.00302857 0.661557 0.00487893 
258 147.537 0.91117 21927.8 264.807 0.814077 0.00230314 0.663602 0.00373561 
259 147.526 0.981609 21920.8 286.152 0.813593 0.00245638 0.662794 0.00395806 
260 148.573 0.93377 22241.4 276.714 0.813733 0.00233143 0.663071 0.00377969 
261 148.731 1.20434 22276.6 354.232 0.812334 0.00325527 0.660762 0.00523448 
262 150.204 1.26908 22735.7 386.284 0.813511 0.00304158 0.662717 0.00491653 
263 150.009 1.15324 22655.6 346.168 0.812051 0.00305941 0.660289 0.00493212 
264 152.527 1.31441 23411.1 381.429 0.814671 0.00226276 0.664427 0.00365504 
265 151.604 0.958667 23139.5 281.706 0.813659 0.00287647 0.662876 0.00463422 
266 152.453 1.17774 23416.4 361.232 0.815185 0.00295317 0.665487 0.00481199 
267 152.775 1.14486 23497.9 346.403 0.81544 0.00312227 0.665775 0.00504807 
268 154.157 0.99209 23930 302.954 0.815479 0.00247536 0.665868 0.00401675 
269 154.577 1.30027 24063.4 395.237 0.815694 0.00305012 0.666243 0.00492859 
270 154.727 1.33509 24109.3 406.388 0.814139 0.00299391 0.663699 0.00481774 
271 154.945 1.16777 24183.4 360.682 0.813699 0.00264487 0.663027 0.00428396 
272 156.131 1.40565 24554 432.689 0.814538 0.00340222 0.664448 0.00546826 
273 156.866 1.19873 24781.8 369.024 0.815241 0.00294894 0.665525 0.00478416 
274 158.109 1.35494 25178.4 425.313 0.815015 0.00254737 0.665119 0.00412167 
275 158.355 1.58795 25261.1 506.67 0.816326 0.00336493 0.667375 0.00550409 
276 159.495 1.34453 25620 420.816 0.816599 0.00362839 0.667779 0.00593799 
277 160.742 2.18233 26019.5 700.06 0.819313 0.00520064 0.672207 0.0085538 
278 161.46 1.82473 26259.9 581.973 0.81958 0.00481545 0.672747 0.00788058 
279 162.281 1.98659 26520.6 646.017 0.820277 0.00458513 0.67377 0.00757131 
280 161.408 1.43517 26238.9 463.14 0.816328 0.00322374 0.667262 0.00529372 
281 162.306 1.40233 26519.4 464.674 0.816301 0.00230644 0.667119 0.00375417 
282 160.783 1.2415 26022.9 407.529 0.813365 0.00248349 0.662332 0.00405036 
283 161.881 1.23823 26377.3 405.576 0.813426 0.00263986 0.66251 0.00429652 
284 162.123 1.31999 26424.7 449.698 0.814899 0.00219957 0.6647 0.00359828 
285 162.784 1.09938 26647.1 366.273 0.812852 0.00268248 0.661424 0.00436025 
286 163.87 0.52187 26930.8 175.85 0.815868 0.00113124 0.665999 0.00181525 
287 163.62 1.29244 26949.1 436.781 0.811728 0.00252238 0.659675 0.0041089 
288 165.439 1.69213 27562.5 573.679 0.814533 0.00375956 0.664349 0.00617019 
289 165.821 1.42114 27685 471.205 0.812919 0.00321433 0.661705 0.00520509 
290 166.44 1.99462 27900.6 671.492 0.814574 0.00487948 0.664498 0.00794554 
291 166.377 1.45473 27877.9 487.992 0.812022 0.00367013 0.660279 0.00595888 
292 169.07 1.52322 28786.7 526.679 0.816978 0.00271903 0.668246 0.00441851 
293 172.264 3.18658 29902.1 1125.45 0.820228 0.00450568 0.673552 0.00739037 
294 169.957 1.13009 29055.2 377.908 0.817474 0.00237344 0.668956 0.00384186 
295 168.68 1.35386 28629.6 463.251 0.813907 0.00251814 0.663148 0.00410712 
296 169.996 1.83539 29089.7 639.847 0.814969 0.00285921 0.664955 0.00471721 
297 169.699 1.34738 28965.2 475.541 0.813392 0.0026282 0.662285 0.00430334 
298 171.108 1.42136 29463.2 498.31 0.811514 0.00376779 0.659397 0.00614097 
299 171.54 1.23515 29587.4 435.401 0.811831 0.0029456 0.659734 0.0048334 
300 173.93 2.6051 30469.8 926.155 0.815329 0.00419649 0.665612 0.00684595 
301 172.2 1.14832 29821.7 418.499 0.811938 0.00317434 0.659929 0.00523338 
302 174.518 1.8831 30662.8 670.84 0.817379 0.00345634 0.668866 0.00570805 
303 173.922 1.18972 30433.8 422.579 0.815088 0.00201758 0.665047 0.00329356 
304 174.66 1.40006 30705.6 505.591 0.815651 0.00230257 0.666008 0.00376767 
305 175.627 1.28425 31027 455.946 0.815087 0.00245764 0.665027 0.0040065 
306 175.976 1.64032 31168.2 593.374 0.81568 0.00270804 0.66604 0.00449285 
307 175.733 1.42365 31075.7 518.678 0.813689 0.00248039 0.662808 0.00407142 
308 179.755 3.00421 32531.7 1081.65 0.820896 0.0055842 0.674632 0.00918561 
309 176.873 1.4095 31478 506.092 0.813808 0.0026665 0.662961 0.00433319 
310 178.01 1.91293 31897.1 704.587 0.815145 0.00292636 0.665174 0.00482955 
311 176.1 2.01451 31210.7 718.768 0.813705 0.00289904 0.662763 0.00471403 
312 179.545 1.76051 32445.8 646.372 0.816131 0.00266696 0.666768 0.00437133 
313 177.375 1.67826 31641.4 610.422 0.814951 0.00190928 0.664696 0.00311599 
314 180.417 1.58911 32742.7 592.079 0.815338 0.00269484 0.66543 0.00442282 
315 179.763 1.59002 32515.9 584.176 0.814502 0.00284376 0.66412 0.00459417 
316 183.071 2.08485 33748.6 793.355 0.817852 0.00290345 0.66961 0.00481733 
317 181.548 1.72112 33167.8 640.406 0.815795 0.00243038 0.666154 0.00397645 
318 183.848 1.93807 34010 724.688 0.819114 0.00273973 0.67159 0.00451917 
319 181.48 2.11844 33129.5 786.566 0.817061 0.00169568 0.668091 0.00284709 
320 184.958 1.30417 34421.2 482.267 0.818452 0.00202968 0.670518 0.00331331 
321 184.946 1.99907 34403.4 744.344 0.818842 0.00197759 0.671067 0.00325357 
322 186.371 1.71576 34961 658.369 0.818284 0.00246436 0.67029 0.00408566 
323 187.862 2.16749 35540.1 819.211 0.81948 0.00276037 0.672231 0.00454353 
324 187.751 1.79975 35480.6 682.016 0.818242 0.00256487 0.670229 0.00420591 
325 188.103 2.14009 35627.7 801.904 0.817577 0.00308245 0.669155 0.0049941 
326 188.107 2.00464 35623.9 756.96 0.817041 0.00324303 0.668286 0.00531464 
327 188.728 1.67245 35875.4 629.809 0.818637 0.00270412 0.670887 0.00445088 
328 191.481 2.385 36890.3 922.679 0.82171 0.00345135 0.675925 0.00572645 
329 191.354 2.23055 36860.3 858.933 0.820261 0.00335484 0.673544 0.00552721 
330 192.321 1.90981 37232 742.441 0.821923 0.00376118 0.676309 0.00627298 
331 191.819 2.12429 37016.5 833.019 0.818565 0.002954 0.670683 0.0048362 
332 191.985 2.04195 37086.3 782.24 0.817325 0.00293573 0.668673 0.00479249 
333 192.481 1.9501 37283.3 763.249 0.817053 0.00273872 0.668219 0.00449704 
334 193.099 1.9046 37533.5 737.715 0.817099 0.00265317 0.668331 0.0043412 
335 193.551 2.01764 37704.5 777.727 0.818 0.0027061 0.669744 0.00441852 
336 193.423 2.09245 37659.2 815.636 0.816218 0.0028673 0.666874 0.00467794 
337 194.383 2.25021 38028.8 885.867 0.816566 0.00300554 0.667438 0.00489696 
338 194.503 3.38082 38082.7 1326.79 0.817087 0.0044811 0.6683 0.00732449 
339 194.18 2.79428 37952.4 1085.82 0.816481 0.00364233 0.667272 0.00593363 
340 194.861 2.50399 38201.5 988.297 0.816634 0.00332882 0.667504 0.00545555 
341 195.625 3.08383 38509.7 1193.38 0.816216 0.00456127 0.666831 0.00742718 
342 195.939 2.38565 38621.9 949.015 0.816317 0.00319178 0.666949 0.00521998 
343 197.248 2.99623 39142 1178.55 0.817181 0.00464722 0.668409 0.00759104 
344 197.181 2.57006 39104.9 1024.95 0.817055 0.00338506 0.66816 0.00554533 
345 198.216 2.55187 39513.8 1022.71 0.817076 0.00382259 0.6682 0.00623992 
346 198.116 2.3491 39466.7 948.865 0.815829 0.00327824 0.666119 0.00538073 
347 200.074 3.36114 40278.6 1369.37 0.818294 0.00446423 0.67016 0.00732134 
348 199.208 2.32402 39885.8 936.649 0.815256 0.00331039 0.665164 0.00541061 
349 201.253 2.27178 40715.9 931.345 0.816579 0.00303677 0.66735 0.00499473 
350 199.526 2.13479 40009.1 869.869 0.814706 0.00316913 0.664232 0.00518507 
351 200.692 2.642 40483.6 1094.08 0.816002 0.00341055 0.666333 0.00561993 
352 201.775 2.2012 40911.6 904.456 0.815174 0.00318671 0.665 0.00522945 
353 202.227 2.4085 41106.1 1001.86 0.815705 0.00314266 0.665864 0.00517654 
354 203.453 2.4377 41605.9 1020.53 0.814913 0.00328769 0.664608 0.00540576 
355 204.304 2.99973 41948.1 1250.91 0.81641 0.00369236 0.667003 0.00605068 
356 204.683 2.67684 42118.7 1126.61 0.81611 0.00392543 0.666543 0.00642987 
357 205.692 2.30679 42526.1 965.867 0.815711 0.00301282 0.665886 0.00493406 
358 204.164 2.28329 41886 955.663 0.814167 0.00310584 0.663355 0.00509788 
359 206.62 2.09447 42882.1 895.832 0.815366 0.00243217 0.665273 0.00398336 
360 206.226 2.22071 42715.2 941.848 0.813688 0.00326986 0.662557 0.00533961 
361 207.708 2.3643 43321.1 1009.37 0.814738 0.0027175 0.66423 0.00445777 
362 207.594 2.34676 43294.6 993.261 0.81516 0.00354782 0.664972 0.00580354 
363 209.447 2.218 44081.5 944.689 0.817211 0.00260853 0.668288 0.00426207 
364 209.204 1.91341 43975.5 813.165 0.815034 0.00290462 0.66481 0.00472277 
365 212.177 2.59558 45231.3 1111.13 0.818928 0.00264555 0.6711 0.00433475 
366 210.562 2.52663 44546 1077.71 0.815586 0.00271805 0.665675 0.00444345 
367 212.036 2.17759 45176 937.478 0.817922 0.00256522 0.669464 0.00420877 
368 213.028 2.13852 45596.3 917.604 0.817245 0.00293329 0.668387 0.00478427 
369 214.038 1.92527 46014.2 831.058 0.818895 0.00213616 0.671018 0.00350848 
370 215.35 2.23336 46592.8 966.215 0.817864 0.00239703 0.669368 0.00391124 
371 215.678 2.13071 46725.6 921.681 0.818934 0.00241847 0.671059 0.00392425 
372 215.926 2.83187 46859.1 1238.64 0.818203 0.00318721 0.669928 0.00520402 
373 216.878 2.15398 47253.5 939.154 0.819114 0.00277141 0.671371 0.00452143 
374 216.38 2.5666 47052.7 1127.74 0.817271 0.00276306 0.668419 0.00451704 
375 219.188 2.83449 48288 1250.19 0.818746 0.00340321 0.670808 0.00556701 
376 217.597 2.09383 47586.4 916.23 0.817653 0.00276212 0.669064 0.00452968 
377 219.684 2.50702 48498.2 1101.99 0.820364 0.00298324 0.673464 0.00487061 
378 219.014 2.18322 48200.6 959.31 0.81783 0.00306517 0.669338 0.00501254 
379 221.311 2.67714 49193.2 1171.22 0.821419 0.00367886 0.675224 0.00598837 
380 219.679 2.59997 48492.5 1139.6 0.817834 0.00353574 0.669376 0.00573173 
381 225.98 3.5454 51296.9 1565.44 0.82703 0.00586009 0.684515 0.0095939 
382 222.59 3.40076 49807.4 1492.59 0.817633 0.00518265 0.669142 0.00840623 
383 233.959 3.98114 54952.2 1799.5 0.834978 0.0057894 0.697653 0.00951853 
384 221.001 3.25034 49082.5 1440.33 0.81336 0.00437967 0.662128 0.00708469 
385 223.156 2.64505 50044.9 1186.95 0.816851 0.00402146 0.667793 0.00649069 
386 221.503 2.72129 49308.1 1225.76 0.81438 0.00415303 0.663783 0.0067435 
387 226.443 3.56149 51529.3 1610.48 0.822549 0.00503585 0.677123 0.0082506 
388 225.121 3.14256 50922.5 1430.73 0.818517 0.00446107 0.670539 0.00726737 
389 234.731 3.72116 55349.7 1703.55 0.830935 0.0058474 0.690998 0.00958577 
390 225.785 3.43464 51240.3 1572.07 0.818551 0.00503818 0.670633 0.00821618 
391 239.096 3.98381 57402.6 1842.95 0.834681 0.00613405 0.697174 0.0100749 
392 229.206 3.51116 52812.5 1625.54 0.821155 0.00447756 0.674937 0.00736678 
393 245.987 3.17964 60690.7 1494.89 0.841098 0.00431661 0.707842 0.00711849 
394 226.838 2.3121 51680.3 1079.27 0.8151 0.00443861 0.665015 0.00720611 
395 230.987 3.22661 53554.2 1504.46 0.820006 0.00567789 0.672956 0.00921128 
396 226.358 2.3938 51446.4 1121.24 0.81133 0.00536269 0.658896 0.00862553 
397 227.432 1.88133 51905.6 876.108 0.812489 0.00432708 0.660678 0.00697094 
398 228.686 2.36384 52503.8 1105.49 0.815219 0.004267 0.665065 0.00691312 
399 228.696 1.70953 52465.8 807.056 0.814239 0.00366875 0.663375 0.00593096 
400 230.759 2.6177 53449 1242.48 0.815494 0.0047039 0.665485 0.00764264 
401 231.143 1.99235 53609.4 939.804 0.816217 0.00272134 0.66659 0.00443068 
402 231.957 1.90981 53994.8 904.507 0.816593 0.00397011 0.667254 0.00643385 
403 232.024 2.23698 54024.2 1060.93 0.815161 0.00378163 0.664892 0.00613207 
404 233.284 1.3822 54592.6 657.785 0.817135 0.0018146 0.668048 0.00293961 
405 236.65 2.75029 56215.1 1324.8 0.818315 0.00328789 0.670007 0.00532306 
406 235.59 1.39577 55662.1 661.357 0.817605 0.00203457 0.668791 0.00332084 
407 235.425 2.00255 55618 950.774 0.815399 0.00366582 0.665269 0.00591656 
408 237.22 1.71758 56444.4 827.382 0.818997 0.00211922 0.671113 0.00344794 
409 238.155 2.05835 56918.4 974.48 0.818603 0.00236679 0.670469 0.00382439 
410 238.396 2.66308 57063.8 1272.69 0.819066 0.00204747 0.671277 0.00336765 
411 241.154 3.24982 58390 1563.53 0.819305 0.002181 0.671609 0.00353883 
412 241.321 1.9435 58457.2 938.854 0.820959 0.00264453 0.674412 0.00436985 
413 240.452 1.95361 58028.2 947.813 0.817937 0.00179078 0.669408 0.00292548 
414 241.466 1.88817 58525.2 916.268 0.819505 0.00149868 0.671968 0.0024705 
415 241.531 2.2478 58547.1 1096.94 0.818146 0.0020714 0.669727 0.00340434 
416 243.536 1.85367 59537.6 904.528 0.820572 0.0022112 0.673704 0.00365091 
417 244.143 2.10341 59827.8 1035.05 0.820054 0.00176245 0.672864 0.00291171 
418 245.673 2.56185 60617.4 1256.31 0.821752 0.00194863 0.675685 0.00323386 
419 245.325 2.40842 60417.4 1197.91 0.819398 0.00228941 0.671788 0.00376316 
420 246.451 2.6391 60984.4 1303.77 0.820956 0.00218439 0.674345 0.00360349 
421 247.662 2.51569 61579.6 1256.83 0.819436 0.00258808 0.671865 0.00425755 
422 251.74 3.12282 63628.8 1575.55 0.824541 0.00330302 0.680248 0.00545683 
423 251.549 3.63107 63545.5 1837.52 0.823437 0.00281945 0.678428 0.00465447 
424 257.519 3.44828 66603.4 1760.75 0.831103 0.0042224 0.691176 0.00703142 
425 254.561 3.86581 65101.5 1978.43 0.823861 0.00291618 0.679084 0.0047884 
426 252.71 2.88359 64135.4 1466.31 0.822094 0.00254037 0.676189 0.00419147 
427 252.744 3.61014 64143.8 1846.75 0.822092 0.00269823 0.676151 0.00444944 
428 251.444 2.24883 63438.9 1141.54 0.820294 0.00181565 0.673176 0.00300237 
429 250.764 1.74298 63059 890.732 0.819313 0.00126648 0.671515 0.00208922 
430 253.172 1.71968 64275.6 881.78 0.820224 0.00158861 0.673014 0.00262581 
431 254.071 2.10895 64747.6 1087.28 0.820956 0.00176843 0.674225 0.00292315 
432 254.955 2.27483 65220.2 1181.45 0.821102 0.0021399 0.674473 0.00352053 
433 254.915 2.21182 65219.3 1133.8 0.820822 0.00179262 0.674062 0.00294054 
434 256.974 2.47904 66290.6 1270.98 0.822287 0.00318691 0.676478 0.00524909 
435 256.603 2.08754 66077.6 1064.07 0.821486 0.00218238 0.675131 0.00359432 
436 257.795 2.01559 66686.4 1036.48 0.824639 0.00246872 0.680325 0.00406186 
437 256.122 1.866 65811.4 961.21 0.822738 0.00233885 0.677176 0.003851 
438 257.415 2.59883 66496 1347.94 0.821925 0.0028894 0.675873 0.00474587 
439 257.458 2.07487 66507.7 1082.01 0.821898 0.00174334 0.67581 0.00286013 
440 260.934 3.42557 68396.6 1803.39 0.824049 0.00298985 0.679428 0.0049472 
441 259.09 2.12221 67367 1090.66 0.821215 0.00155709 0.674713 0.00256009 
442 258.62 2.45717 67138.1 1268.03 0.820845 0.00197361 0.674107 0.00324781 
443 261.646 2.65106 68720.8 1400.77 0.822328 0.00182757 0.676564 0.00301375 
444 260.746 2.61831 68244.7 1365.71 0.821341 0.00165807 0.674927 0.00272302 
445 261 2.03048 68373 1064.11 0.820822 0.00133732 0.674061 0.00220126 
446 261.593 2.54313 68691.7 1333.35 0.821765 0.0016595 0.675639 0.00273817 
447 262.427 2.38682 69136.4 1248.67 0.820879 0.00190927 0.674192 0.00312823 
448 262.513 3.6123 69182 1886.29 0.821458 0.00236283 0.675149 0.00389074 
449 264.412 3.69397 70189.3 1953.51 0.822581 0.00184377 0.676977 0.0030472 
450 264.333 2.49275 70118.1 1319.68 0.82142 0.00165638 0.67506 0.00273938 
451 266.003 1.81012 70966.5 958.241 0.819547 0.00216904 0.671952 0.00360465 
452 265.874 2.68458 70962.2 1433.19 0.823558 0.0025343 0.678625 0.00422939 
453 266.397 2.56757 71230.2 1382.82 0.822949 0.00191491 0.677571 0.00316246 
454 267.791 2.5592 71989.4 1383.3 0.823941 0.00187656 0.679203 0.00309618 
455 268.414 2.56875 72287.2 1402.95 0.826031 0.00195093 0.682622 0.00320923 
456 269.654 2.73381 72972.4 1481.7 0.824151 0.00202682 0.679539 0.00334065 
457 270.887 2.72911 73637.7 1495.1 0.826123 0.00190733 0.682767 0.00315024 
458 272.274 3.37712 74411.8 1848.99 0.825189 0.00271105 0.681249 0.00447753 
459 277.726 4.54164 77443.3 2516.8 0.829373 0.00299411 0.688153 0.0049499 
460 271.207 2.5489 73797.3 1388.45 0.823588 0.00155297 0.678565 0.00256186 
461 270.801 2.52535 73539 1381.19 0.825364 0.00234672 0.681489 0.00383808 
462 272.657 2.53892 74582.3 1393.38 0.823227 0.00168574 0.677971 0.00277779 
463 273.077 2.0297 74762.4 1119.94 0.826249 0.00211457 0.682949 0.00345169 
464 273.7 2.76815 75170 1519.78 0.823359 0.0021139 0.678227 0.00348675 
465 275.211 3.20759 76017.4 1793.04 0.825405 0.00244493 0.681651 0.00403712 
466 274.578 2.34872 75635.3 1295.82 0.821816 0.0023823 0.675709 0.00388697 
467 276.271 2.99097 76612.4 1660.57 0.824751 0.00231698 0.68055 0.00381033 
468 277.211 3.40548 77114.5 1890.78 0.824435 0.00167809 0.679973 0.00277286 
469 285.697 4.63469 81947.1 2630.27 0.831259 0.00310106 0.691282 0.0051179 
470 277.262 2.3941 77146.5 1331.58 0.823301 0.00195729 0.678131 0.00322799 
471 276.302 2.2279 76604.5 1238.79 0.822885 0.0014836 0.677446 0.00244518 
472 276.802 3.01465 76946.6 1644.11 0.822407 0.00283827 0.676705 0.00464076 
473 277.46 2.25487 77223.8 1264.98 0.823555 0.00152666 0.678529 0.00253738 
474 278.96 2.81665 78115.1 1587.74 0.824139 0.00224256 0.679551 0.00370187 
475 279.995 2.68429 78658.8 1527.59 0.825735 0.00216099 0.682178 0.00360138 
476 280.451 2.9413 78943.3 1667.47 0.825 0.00243047 0.680976 0.00402734 
477 279.487 2.31867 78380 1305.27 0.823587 0.00159724 0.678592 0.00264869 
478 281.637 2.06785 79604.5 1158.3 0.823527 0.00158479 0.678526 0.00259912 
479 282.089 2.39142 79845.4 1348.18 0.823242 0.00165329 0.678049 0.00276029 
480 282.833 2.85386 80280.6 1612.13 0.822806 0.00210158 0.677304 0.00347925 
481 280.44 2.27133 78902 1289.95 0.821753 0.00160329 0.675588 0.00264504 
482 285.555 3.30627 81901.6 1947.01 0.826366 0.00371962 0.683359 0.00628053 
483 282.939 2.94055 80360.4 1691.52 0.822469 0.00207175 0.676799 0.00341267 
484 284.192 2.51943 81054.2 1448.59 0.822811 0.00190574 0.677344 0.00313606 
485 284.89 2.18717 81475.3 1242.9 0.822827 0.00196059 0.677379 0.00324211 
486 285.857 2.25226 81994.9 1299.43 0.82302 0.00162079 0.677655 0.00267347 
487 284.715 3.544 81438.9 1959.46 0.820667 0.00297259 0.673901 0.00482951 
488 285.763 2.95761 81960.6 1729.78 0.823644 0.00184587 0.678704 0.00306097 
489 286.848 3.25367 82578.4 1918.73 0.823935 0.00148826 0.679159 0.00248552 
490 287.413 2.98299 82902.9 1760.33 0.823058 0.00185821 0.67774 0.00309007 
491 288.33 2.70113 83439.8 1613.05 0.824041 0.00176074 0.679345 0.00291152 
492 288.31 2.34954 83413.3 1384.75 0.823472 0.001656 0.678419 0.00272548 
493 289.183 2.80249 83857 1660.99 0.823096 0.00141139 0.677722 0.00233082 
494 289.574 2.38668 84147.6 1404.57 0.822381 0.00149055 0.676634 0.00245386 
495 290.786 2.69546 84865.5 1619.17 0.82383 0.00197663 0.679007 0.00326033 
496 291.981 2.85899 85595.2 1696.79 0.823884 0.00161655 0.679119 0.00265677 
497 292.701 3.70266 85985.3 2222.78 0.827693 0.00186112 0.685343 0.00306901 
498 294.271 3.00591 86944.8 1795.43 0.824886 0.00186434 0.680775 0.00307612 
499 295.219 4.03261 87521.2 2435.16 0.82602 0.00273505 0.682633 0.00452046 
500 293.004 2.43731 86141.8 1458.1 0.823746 0.00184132 0.678878 0.00303238 
501 293.923 2.76525 86689.6 1674.85 0.825965 0.00226832 0.682533 0.00374436 
502 294.418 3.18679 87008.6 1896.81 0.821886 0.00208422 0.675838 0.00344107 
503 292.969 2.79135 86119.7 1683.75 0.821535 0.00146238 0.675207 0.00241028 
504 294.211 2.30021 86844.5 1366.01 0.820679 0.00199622 0.673826 0.00326461 
505 294.85 3.12125 87226.7 1871.68 0.821821 0.00190988 0.675689 0.00313069 
506 294.977 2.96721 87281.8 1776.72 0.821162 0.00178504 0.674596 0.00291995 
507 295.315 2.5441 87474.8 1553.69 0.82249 0.00163032 0.676773 0.00268112 
508 295.518 2.61842 87601.1 1568.51 0.820584 0.00225744 0.673655 0.00367809 
509 296.36 2.71318 88067.4 1651.31 0.822845 0.00229692 0.677342 0.00374522 
510 297.22 2.35789 88608.4 1409.83 0.82065 0.00238154 0.673763 0.00390443 
511 298.464 2.70191 89314 1640.24 0.823622 0.00244512 0.678617 0.0039858 
512 299.385 3.02324 89919 1818.87 0.819139 0.00270826 0.671306 0.0044277 
513 299.177 3.31971 89804.1 2030.69 0.821383 0.00267722 0.674976 0.00439323 
514 301.178 3.0285 90962.3 1841.26 0.820929 0.00211888 0.674201 0.00347929 
515 302.824 2.93143 91981.5 1797.56 0.823057 0.00226026 0.677682 0.00370365 
516 306.073 3.37389 93993 2069.22 0.822086 0.00189387 0.676084 0.00310679 
517 303.44 3.17188 92345.3 1929.45 0.82277 0.00201633 0.677223 0.00330888 
518 305.52 3.32519 93652.2 2035.01 0.821996 0.00184222 0.675991 0.00303572 
519 305.98 2.59769 93874.4 1596.81 0.825099 0.00239881 0.681085 0.0039591 
520 306.508 3.02125 94234.2 1864.12 0.82338 0.00215328 0.678222 0.00355078 
521 307.137 3.62826 94600.3 2242.8 0.823344 0.00237565 0.678159 0.00389801 
522 305.297 2.669 93454.1 1663.98 0.820303 0.00245541 0.673164 0.00402416 
523 304.431 2.22467 92931.4 1380.84 0.820633 0.00166175 0.673699 0.00272577 
524 304.848 2.59816 93179.5 1621.02 0.821101 0.00168297 0.674462 0.00274804 
525 305.91 2.03392 93803.8 1264.78 0.820531 0.00218945 0.673538 0.00358043 
526 307.635 2.20728 94894 1378.39 0.822424 0.00180086 0.676655 0.00296548 
527 307.064 2.69577 94516.2 1690.54 0.82298 0.00210051 0.677569 0.00344456 
528 309.108 2.40761 95827.9 1510.08 0.822669 0.00178164 0.677079 0.0029277 
529 309.071 2.81089 95784.6 1782 0.823004 0.00207374 0.677623 0.00340996 
530 310.039 2.85534 96391.6 1799.57 0.822252 0.00169819 0.676375 0.00279786 
531 310.183 2.62562 96453.9 1670.03 0.823349 0.0022267 0.678193 0.0036759 
532 311.165 2.99633 97087.9 1900.69 0.822369 0.00211053 0.676573 0.00347519 
533 313.023 3.88386 98273.4 2496.89 0.825206 0.00382152 0.681288 0.0063647 
534 313.979 3.76573 98857.6 2407.13 0.823477 0.00316185 0.678405 0.00523127 
535 315.982 3.82629 100171 2470.33 0.826155 0.00308436 0.682868 0.00513872 
536 316.077 4.94261 100256 3213.65 0.824652 0.00455948 0.680402 0.00758871 
537 312.734 3.50607 98060.2 2251.02 0.822366 0.00267237 0.676538 0.00441114 
538 315.485 3.97712 99833.4 2553.08 0.824139 0.00283688 0.67952 0.00469297 
539 316.658 3.16946 100549 2045.57 0.824136 0.00186259 0.679472 0.00309224 
540 315.761 3.3491 99983.6 2157.23 0.822935 0.0025367 0.677488 0.00418598 
541 316.8 3.81211 100662 2475.28 0.823194 0.00292527 0.677924 0.0048401 
542 316.659 3.00109 100548 1927.68 0.822351 0.00201549 0.676524 0.00331788 
543 317.626 3.70185 101157 2408.02 0.823385 0.00246092 0.678223 0.00406716 
544 318.878 3.19711 101981 2068.96 0.823665 0.00195801 0.678707 0.00322715 
545 319.497 3.89696 102388 2560.92 0.823782 0.00279709 0.678907 0.00463586 
546 320.041 2.8623 102747 1865.03 0.823355 0.00240446 0.67822 0.00398037 
547 320.72 3.37878 103177 2233.06 0.824395 0.00249844 0.679909 0.0041597 
548 322.095 2.90305 104073 1917.92 0.824295 0.00228408 0.679764 0.0038015 
549 323.887 3.62968 105264 2424.67 0.825683 0.00297272 0.682075 0.00497594 
550 324.013 3.03823 105247 1960.4 0.823573 0.00146549 0.678484 0.00243629 
551 323.66 3.5156 105085 2352.17 0.824768 0.00305216 0.680543 0.00509105 
552 323.463 3.35212 104948 2239.38 0.823957 0.00239281 0.679223 0.00397365 
553 323.061 3.55558 104657 2373.05 0.823903 0.00316372 0.679085 0.00527746 
554 325.58 5.84681 106336 3918.14 0.825617 0.00546868 0.682016 0.00913839 
555 323.069 3.20793 104593 2149 0.821706 0.00252281 0.675438 0.00416909 
556 324.917 2.77177 105762 1803.34 0.82208 0.00243258 0.676032 0.00398655 
557 326.118 3.36736 106546 2230.63 0.824518 0.00204599 0.680009 0.00338269 
558 331.733 2.73123 110207 1791.35 0.826504 0.00279158 0.683276 0.00457273 
559 327.096 3.30009 107210 2186.8 0.823594 0.00249126 0.678509 0.00410149 
560 327.66 3.26683 107585 2186.2 0.823762 0.00247573 0.67881 0.00409051 
561 325.542 3.22087 106172 2159.24 0.822618 0.0029101 0.676913 0.00479492 
562 326.535 2.45783 106814 1660.65 0.8233 0.00274588 0.678059 0.00452512 
563 328.386 2.90165 108023 1955.1 0.825416 0.00294216 0.681528 0.00484622 
564 328.501 2.40864 108087 1623.13 0.826273 0.00305996 0.682965 0.00502902 
565 329.735 2.32215 108896 1582.92 0.825546 0.00277847 0.681732 0.00459185 
566 330.868 1.60414 109625 1106.75 0.829733 0.00324502 0.688691 0.00536516 
567 333.209 2.36299 111165 1614.56 0.830324 0.00326092 0.689639 0.00540193 
568 334.702 1.25345 112097 826.477 0.836476 0.00287166 0.699841 0.0047424 
569 334.561 2.47596 112076 1694.93 0.833508 0.00332871 0.694968 0.00551655 
570 339.101 0.897079 115035 592.946 0.841249 0.00199285 0.707798 0.0032906 
571 338.053 1.42234 114361 965.075 0.838594 0.00289208 0.703402 0.00478616 
572 343.014 0.432556 117675 288.802 0.844671 0.000876969 0.713502 0.00145479 
573 336.36 4.12054 113366 2881.43 0.826839 0.00362324 0.683928 0.00606937 
574 335.983 3.31594 113101 2298.97 0.826534 0.00292637 0.683437 0.00484595 
575 337.469 3.21343 114072 2253.16 0.826602 0.00276498 0.683495 0.00460617 
576 339.891 4.21259 115790 2936.97 0.829072 0.00391487 0.687677 0.00651292 
577 339.732 3.13763 115640 2193.39 0.827736 0.00347513 0.685406 0.00576684 
578 341.968 4.02015 117228 2822.48 0.829365 0.00357637 0.688168 0.00593421 
579 342.224 4.31057 117394 3018.82 0.829179 0.00361987 0.687824 0.00602959 
580 341.325 4.12806 116746 2894.71 0.827543 0.00321684 0.685085 0.00534496 
581 341.196 3.25457 116607 2268.03 0.826676 0.00355186 0.683629 0.00587249 
582 341.584 3.27993 116908 2314.59 0.827063 0.00299669 0.684292 0.00496238 
583 343.185 3.50215 117987 2470.85 0.828772 0.00340493 0.6871 0.00566754 
584 343.191 3.92831 118011 2777.07 0.827948 0.00365068 0.685767 0.00607901 
585 349.712 5.20552 122640 3728.28 0.833946 0.00494757 0.695807 0.00832094 
586 342.825 2.62452 117707 1844.78 0.82682 0.00273944 0.683841 0.00453981 
587 345.131 2.18468 119255 1539.29 0.827779 0.00226803 0.685366 0.00377486 
588 342.444 2.24696 117419 1580.65 0.825942 0.00232678 0.682338 0.00385663 
589 346.624 2.53191 120280 1772.65 0.827864 0.00279628 0.685501 0.00464015 
590 343.364 2.10423 118036 1481.81 0.825665 0.00219905 0.681871 0.00364603 
591 347.865 2.87706 121174 2018.33 0.829681 0.00341994 0.688571 0.00566148 
592 346.255 2.54961 120057 1790.76 0.826137 0.00349611 0.682712 0.00577264 
593 349.106 3.18286 122057 2240.91 0.828807 0.00387184 0.687145 0.00640962 
594 347.377 2.6199 120842 1850.49 0.825396 0.00357576 0.681485 0.0058983 
595 350.068 3.14377 122726 2220.96 0.828285 0.00374138 0.686276 0.00619031 
596 349.587 2.37881 122374 1689.44 0.825847 0.00289596 0.68222 0.00477948 
597 351.099 2.95 123424 2083.62 0.828564 0.00404662 0.686736 0.00668439 
598 350.352 2.57707 122894 1826 0.824993 0.00392391 0.680827 0.00645637 
599 351.511 2.6636 123705 1892.39 0.826693 0.00381135 0.683629 0.00629227 
600 351.274 2.30624 123540 1647.57 0.824602 0.00327905 0.680186 0.00539601 
601 353.071 2.46218 124777 1759.2 0.826094 0.00348272 0.682596 0.00577859 
602 353.117 1.35151 124775 960.93 0.823747 0.00181295 0.678663 0.0030052 
603 356.388 1.18206 127075 843.477 0.824419 0.00174705 0.679751 0.00290667 
604 354.094 2.29807 125536 1647.27 0.82518 0.00346338 0.681127 0.00569974 
605 355.557 2.85553 126587 2047.58 0.827439 0.00360472 0.684862 0.00596122 
606 355.27 2.78342 126385 2002.5 0.825887 0.00385612 0.682305 0.00636459 
607 357.171 2.56193 127731 1846.1 0.826715 0.00369233 0.683666 0.00609278 
608 356.675 2.70085 127391 1952.94 0.826333 0.00380738 0.683046 0.0062901 
609 358.601 2.61252 128767 1893.73 0.826502 0.00389085 0.683329 0.00641912 
610 357.898 2.76096 128263 2001.2 0.826692 0.00379342 0.683636 0.00626123 
611 359.972 2.83347 129757 2057.47 0.827684 0.00346341 0.685282 0.00574225 
612 359.313 2.59513 129271 1883.86 0.827131 0.00342103 0.684346 0.00565232 
613 361.079 2.71903 130539 1976.02 0.828229 0.00339861 0.686163 0.00562168 
614 361.097 2.34651 130553 1704.9 0.826863 0.00345931 0.68392 0.00572195 
615 362.354 2.75748 131466 2009.53 0.828799 0.00329054 0.687103 0.00544731 
616 362.627 3.15667 131678 2308.65 0.828018 0.00404057 0.685821 0.00667513 
617 365.306 3.29723 133656 2422.98 0.829697 0.00362015 0.688602 0.00599482 
618 363.46 3.20422 132293 2343.02 0.827813 0.00406441 0.685494 0.00672387 
619 368.312 3.86965 135852 2853.78 0.832096 0.00424985 0.692595 0.00706895 
620 362.359 2.8025 131462 2057.35 0.824741 0.00377078 0.680396 0.00624412 
621 369.157 3.44683 136466 2548.15 0.831775 0.00400886 0.692053 0.00666293 
622 364.852 2.5272 133284 1857.75 0.826027 0.0032744 0.682523 0.00541539 
623 370.205 3.83201 137234 2842.6 0.8314 0.00416683 0.691424 0.00692407 
624 365.581 3.09105 133806 2288.36 0.825188 0.00399081 0.681142 0.0066082 
625 372.298 3.80391 138834 2845.65 0.831443 0.00402728 0.691523 0.00670034 
626 364.463 2.42334 132944 1799.56 0.820799 0.00342147 0.673881 0.00565871 
627 370.45 3.6654 137420 2738.42 0.82811 0.0040569 0.685969 0.00672694 
628 365.275 2.73756 133521 2054.41 0.819555 0.00390293 0.671821 0.00646634 
629 370.161 3.09807 137190 2324.15 0.826452 0.00359439 0.683224 0.00596206 
630 366.898 1.87011 134697 1412.44 0.819175 0.00277796 0.671185 0.00460549 
631 371.653 2.8727 138278 2163.82 0.826224 0.00359151 0.682838 0.00595644 
632 368.86 2.05795 136127 1557.32 0.81902 0.00342266 0.670912 0.00566659 
633 372.466 2.86762 138873 2186.44 0.825044 0.00378908 0.680879 0.00629219 
634 369.856 0.896361 136829 685.961 0.816798 0.00175932 0.667218 0.00291569 
635 374.935 2.8877 140731 2205.57 0.826299 0.00346802 0.682966 0.00576217 
636 372.599 1.23158 138882 955.618 0.818019 0.00261829 0.669247 0.00434713 
637 379.072 3.36328 143900 2590.25 0.829623 0.00337923 0.688485 0.00561766 
638 374.756 2.0207 140537 1569.49 0.821821 0.00327458 0.675543 0.00544018 
639 377.917 1.8756 142962 1439.79 0.826852 0.00253424 0.683852 0.00420067 
640 376.299 1.04978 141664 825.185 0.819622 0.00208354 0.671884 0.00346453 
641 380.241 2.31628 144744 1786.56 0.82905 0.0026693 0.687498 0.00443322 
642 380.93 2.8198 145286 2177.4 0.829751 0.00303213 0.688657 0.0050419 
643 382.528 2.84759 146488 2203.45 0.830808 0.00268958 0.690393 0.00448482 
644 381.686 2.65686 145845 2050.87 0.830426 0.0025334 0.689764 0.00421606 
645 384.354 2.65971 147887 2067.25 0.831373 0.00235089 0.691323 0.00391898 
646 382.766 2.38638 146663 1855.61 0.830174 0.00235915 0.689336 0.00393336 
647 384.471 2.31372 147960 1794.88 0.830229 0.00204328 0.689404 0.00340127 
648 383.801 1.92535 147436 1502.86 0.829571 0.00192119 0.688324 0.00319924 
649 386.952 2.35088 149875 1874.43 0.830772 0.00214317 0.690314 0.00359636 
650 385.072 1.84639 148411 1451 0.829225 0.0019649 0.687743 0.00327812 
651 388.484 2.28242 151050 1809.31 0.83081 0.00220265 0.690369 0.00368972 
652 387.575 1.53455 150314 1239.54 0.829211 0.00185319 0.687696 0.00311366 
653 390.36 2.67836 152536 2131.82 0.831321 0.0026534 0.691233 0.00444174 
654 391.154 1.98053 153126 1560.45 0.830039 0.00204559 0.689084 0.0034049 
655 390.589 2.03212 152682 1642.93 0.829981 0.00193633 0.688987 0.00325766 
656 391.062 2.19514 153080 1737.17 0.830638 0.00242309 0.690114 0.00403165 
657 392.899 2.3991 154520 1946.17 0.830442 0.00206901 0.689771 0.00348273 
658 392.217 2.81531 153999 2222.65 0.830026 0.00356145 0.689147 0.00590009 
659 393.311 1.73341 154812 1411.75 0.829698 0.00192109 0.688512 0.00322146 
660 394.657 2.52139 155926 2019.22 0.831526 0.00256936 0.691601 0.00429712 
661 396.161 2.33954 157069 1878.78 0.831019 0.00240488 0.69071 0.0040125 
662 396.89 2.62602 157688 2130.22 0.83216 0.00276914 0.692644 0.0046405 
663 396.79 2.01787 157566 1632.09 0.830224 0.00210143 0.689382 0.00351122 
664 396.41 2.19238 157283 1797.44 0.830287 0.00233841 0.689505 0.00392878 
665 398.242 2.18256 158724 1774.8 0.83022 0.00215059 0.689374 0.00359836 
666 397.103 1.66002 157801 1362.33 0.829408 0.00190799 0.688024 0.00320227 
667 399.204 1.36434 159448 1125.19 0.829252 0.00201503 0.687739 0.00336838 
668 399.308 1.70795 159557 1408.52 0.829809 0.00197627 0.688689 0.00331489 
669 401.726 1.1263 161449 922.326 0.829527 0.00185518 0.688181 0.00309216 
670 400.627 2.0295 160612 1664.34 0.830408 0.0021148 0.689676 0.00354176 
671 404.035 1.59374 163342 1314.95 0.831682 0.00186553 0.691776 0.00311341 
672 402.805 1.51204 162344 1230.5 0.830541 0.00146404 0.68988 0.00244838 
673 404.758 1.20313 163900 967.96 0.831017 0.00149247 0.690653 0.00247735 
674 406.056 1.58444 164969 1280.13 0.831451 0.00141309 0.691381 0.00234513 
675 407.936 1.23661 166477 1000.68 0.831698 0.00126736 0.691774 0.00210094 
676 408.477 1.81141 166938 1465.61 0.831897 0.00120891 0.692114 0.00200164 
677 409.837 1.50281 168041 1224.13 0.832412 0.00131715 0.692969 0.00218381 
678 413.296 2.26577 170884 1848.59 0.833504 0.000982036 0.694771 0.00162924 
679 414.06 1.87095 171512 1537.03 0.833902 0.00107594 0.695432 0.00177811 
680 418.243 2.69381 174998 2226.58 0.834984 0.00076321 0.697229 0.00125718 
681 412.484 1.03147 170191 832.718 0.834726 0.00139296 0.696819 0.00230689 
682 413.716 1.7654 171220 1431.94 0.835444 0.00196874 0.698025 0.00325907 
683 417.117 1.20861 174017 992.744 0.836646 0.00126539 0.700004 0.00210123 
684 417.372 1.75144 174251 1439.4 0.836122 0.00163822 0.699145 0.00271801 
685 421.517 1.18066 177701 985.491 0.837573 0.00103896 0.701549 0.0017322 
686 417.617 2.17412 174501 1800.82 0.833961 0.00190262 0.695564 0.00316164 
687 424.868 1.20339 180540 1013.03 0.837491 0.00100442 0.701412 0.00167623 
688 412.219 1.61294 170035 1343.97 0.827861 0.00142694 0.685454 0.00236766 
689 414.647 2.36898 172048 1984.04 0.828771 0.00186727 0.686947 0.00311373 
690 414.392 1.94475 171837 1634.75 0.828373 0.00161603 0.686292 0.0026976 
691 417.638 2.59275 174539 2186.08 0.829596 0.00235384 0.688315 0.00391554 
692 417.63 2.09368 174548 1768.5 0.830008 0.00169507 0.689005 0.00282968 
693 421.727 2.8389 177989 2402.15 0.831608 0.00205523 0.691651 0.00342115 
694 416.885 2.36596 173945 2000.81 0.82913 0.00188596 0.687559 0.00314765 
695 420.207 2.44035 176721 2082.71 0.830105 0.00172031 0.689166 0.00287319 
696 416.966 1.6612 173988 1406.05 0.828917 0.00171992 0.687214 0.00287576 
697 419.6 1.80595 176214 1526.76 0.830228 0.00198163 0.689401 0.00331165 
698 418.369 1.71521 175169 1468.79 0.828865 0.00188233 0.687129 0.0031484 
