1.4 -1.90124 93800000000
72.4449 3.60436
1 0 0 0 0 0.500059 6.05046e-05 0.500059 6.05046e-05 
2 0 0 0 0 0.500018 4.56015e-05 0.375009 4.61197e-05 
3 0 0 0 0 0.500019 4.16027e-05 0.333367 4.1391e-05 
4 0.192572 4.72992e-05 0.192572 4.72992e-05 0.536293 3.8572e-05 0.353321 4.24218e-05 
5 0.260676 5.76497e-05 0.260676 5.76497e-05 0.539262 4.06106e-05 0.343202 4.42128e-05 
6 0.533708 0.000124548 0.764291 0.000231578 0.563377 4.19291e-05 0.362446 4.99271e-05 
7 0.636407 0.000134864 0.944092 0.000248056 0.56432 5.68309e-05 0.356706 5.84295e-05 
8 0.983425 0.000281893 1.93169 0.000705885 0.583303 5.17435e-05 0.374479 5.40778e-05 
9 1.12494 0.000265225 2.35003 0.000836678 0.584845 4.60578e-05 0.372477 5.54946e-05 
10 1.4841 0.000354172 3.7413 0.00139196 0.597834 4.8044e-05 0.385093 5.89754e-05 
11 1.68261 0.000409539 4.60442 0.00189057 0.600782 5.19441e-05 0.386232 6.3824e-05 
12 2.04643 0.000641727 6.43644 0.00344033 0.610447 5.12435e-05 0.396035 6.26415e-05 
13 2.27347 0.00059462 7.69917 0.00332762 0.613012 5.69362e-05 0.397429 7.31384e-05 
14 2.66095 0.000716431 10.1636 0.00497362 0.621352 5.36409e-05 0.406376 6.8993e-05 
15 2.90243 0.000765245 11.8089 0.00567574 0.623345 5.71174e-05 0.407524 7.54941e-05 
16 3.30977 0.000999438 14.9522 0.00863841 0.630527 6.21973e-05 0.415503 8.11265e-05 
17 3.56807 0.00103747 17.0675 0.00954981 0.632292 6.00659e-05 0.416713 7.89183e-05 
18 3.98815 0.00153192 20.8931 0.0150045 0.638479 7.46395e-05 0.423754 9.88274e-05 
19 4.26011 0.00127736 23.5029 0.0134192 0.639996 6.77409e-05 0.424878 9.11665e-05 
20 4.69406 0.00168974 28.0927 0.0197543 0.645504 7.08585e-05 0.43129 9.72224e-05 
21 4.97618 0.00162798 31.2001 0.0215946 0.646792 7.42477e-05 0.432274 9.95469e-05 
22 5.42271 0.00180024 36.6027 0.0246343 0.651714 6.98132e-05 0.438129 9.52673e-05 
23 5.7152 0.00195107 40.2561 0.0287125 0.652921 7.85289e-05 0.439133 0.000108668 
24 6.17164 0.00213637 46.4707 0.0324823 0.657386 7.5646e-05 0.444533 0.000103812 
25 6.47515 0.00252741 50.7298 0.0409758 0.65848 7.92717e-05 0.445478 0.000109111 
26 6.94192 0.0029076 57.8292 0.0503432 0.662581 9.69928e-05 0.450529 0.000134472 
27 7.25234 0.0035259 62.6716 0.0660754 0.663461 0.000120148 0.451259 0.000170653 
28 7.72665 0.00321069 70.6234 0.060027 0.667262 9.08994e-05 0.455992 0.000126127 
29 8.04727 0.0033709 76.153 0.0644954 0.668144 9.21797e-05 0.456807 0.000130439 
30 8.53283 0.0037602 85.1012 0.0764634 0.671588 8.91736e-05 0.461133 0.00012374 
31 8.85715 0.00505472 91.1897 0.101047 0.672342 0.000120151 0.461812 0.000162918 
32 9.3459 0.00527513 100.994 0.121284 0.67556 0.000111778 0.465895 0.000158011 
33 9.67813 0.00487496 107.804 0.116775 0.676292 0.000145813 0.466602 0.000208059 
34 10.1756 0.00524229 118.621 0.125968 0.67927 0.000130085 0.470423 0.000181148 
35 10.5175 0.00550325 126.203 0.141333 0.679994 0.000117311 0.471144 0.000168168 
36 11.0142 0.00627263 137.834 0.154154 0.682668 0.000123567 0.474564 0.000172842 
37 11.3608 0.00640416 146.087 0.173305 0.683306 0.000139702 0.475211 0.00020007 
38 11.8636 0.00668099 158.716 0.190001 0.685783 0.000130976 0.478396 0.000189786 
39 12.2239 0.00713198 168.031 0.207536 0.686494 0.000128074 0.479176 0.000182078 
40 12.7293 0.00891156 181.566 0.273065 0.688858 0.000132211 0.482246 0.000190431 
41 13.0965 0.0100963 191.676 0.322714 0.689623 0.000168455 0.483139 0.000250877 
42 13.5927 0.00828987 205.81 0.266322 0.691637 0.000140846 0.485735 0.000203801 
43 13.9677 0.0100111 216.767 0.32887 0.692309 0.00014205 0.486511 0.000208051 
44 14.4919 0.0132203 232.754 0.486154 0.694599 0.000170633 0.489561 0.000250541 
45 14.8795 0.016344 244.827 0.616753 0.695301 0.000239186 0.490398 0.000356357 
46 15.3832 0.0101501 260.94 0.359107 0.697069 0.000152395 0.492698 0.00022033 
47 15.7566 0.0135422 273.198 0.514273 0.697648 0.000206117 0.49339 0.000312303 
48 16.2804 0.0130654 291.033 0.50008 0.699573 0.000221328 0.495957 0.000327052 
49 16.6686 0.0212535 304.505 0.875535 0.700026 0.0003245 0.496454 0.00049489 
50 17.1975 0.0149771 323.422 0.601805 0.701831 0.000210364 0.498868 0.000306558 
51 17.5752 0.0185204 337.229 0.80105 0.70222 0.000233501 0.499292 0.000346333 
52 18.1101 0.0160831 357.229 0.668876 0.70394 0.000203419 0.50159 0.000300169 
53 18.4836 0.0144 371.548 0.61075 0.704198 0.000181488 0.501834 0.000264241 
54 19.0074 0.0147319 392.178 0.637967 0.705807 0.000194152 0.504013 0.000287378 
55 19.4325 0.0208792 409.335 0.952481 0.706413 0.00025282 0.504748 0.000364817 
56 19.966 0.0179412 431.482 0.846809 0.708182 0.000235014 0.507195 0.000346268 
57 20.3642 0.0218169 448.105 1.01669 0.708574 0.000252413 0.507646 0.00037495 
58 20.8863 0.020891 470.609 0.979761 0.709876 0.000220669 0.509393 0.000326547 
59 21.3083 0.0246002 489.232 1.2071 0.710402 0.000317737 0.51006 0.000473217 
60 21.8261 0.0205879 512.666 1.03972 0.711622 0.000211577 0.511706 0.000314811 
61 22.2336 0.0305453 531.251 1.64177 0.711953 0.000276959 0.512083 0.000413715 
62 22.7483 0.0224826 555.354 1.17545 0.713147 0.00022896 0.513704 0.00033965 
63 23.1564 0.0255101 574.577 1.37436 0.713427 0.000257798 0.514009 0.000385939 
64 23.7337 0.0243426 603.002 1.30183 0.715164 0.00023393 0.516432 0.000346624 
65 24.167 0.0457065 624.817 2.68194 0.715679 0.000638725 0.517179 0.00101418 
66 24.7147 0.0318359 652.668 1.75974 0.716814 0.00032744 0.518675 0.000486095 
67 25.065 0.0266894 670.147 1.50518 0.716543 0.000226212 0.518167 0.000335026 
68 25.625 0.0290596 699.874 1.78546 0.717812 0.000245695 0.519928 0.000369302 
69 26.0489 0.0377571 722.531 2.33644 0.71848 0.0003439 0.520869 0.00052462 
70 26.5893 0.0314139 751.901 1.93033 0.719334 0.000256789 0.521993 0.000390775 
71 27.1304 0.0601376 782.6 3.79165 0.720631 0.000436458 0.52384 0.000649081 
72 27.5951 0.034051 808.474 2.15584 0.721093 0.000280484 0.524414 0.000417621 
73 27.9908 0.0271131 830.902 1.67425 0.721176 0.00026902 0.524472 0.000403759 
74 28.5765 0.0359729 865.726 2.29993 0.722604 0.000363534 0.526508 0.000553314 
75 28.965 0.0321983 888.417 2.07602 0.72252 0.000266759 0.526289 0.000397269 
76 29.5387 0.0366803 923.479 2.50429 0.723609 0.000286953 0.527831 0.000428197 
77 29.9634 0.0399187 949.081 2.6253 0.72399 0.000312542 0.52832 0.000456922 
78 30.5918 0.0560313 989.467 3.95006 0.725442 0.000463846 0.530426 0.000702274 
79 30.9789 0.0501015 1013.46 3.54185 0.72552 0.000406754 0.53049 0.000613721 
80 31.565 0.0674117 1051.59 5.01122 0.726572 0.000482858 0.53196 0.000730321 
81 31.9331 0.04297 1074.97 3.12664 0.72646 0.000359868 0.531737 0.000548738 
82 32.4899 0.0502156 1111.63 3.64089 0.727227 0.00034053 0.532774 0.000516008 
83 32.9525 0.0498586 1143.29 3.69197 0.72794 0.000438589 0.533824 0.000667541 
84 33.588 0.0718902 1187.02 5.14002 0.729142 0.000497329 0.535498 0.000748192 
85 33.926 0.0558537 1210.45 4.3704 0.728767 0.000465285 0.534954 0.00072099 
86 34.5484 0.0793461 1254.53 6.28969 0.729975 0.000570165 0.536661 0.000883569 
87 35.202 0.284306 1305.71 25.21 0.732019 0.00211911 0.539878 0.00339639 
88 35.535 0.0672931 1325.42 5.36701 0.73097 0.00046894 0.537996 0.000707914 
89 35.9889 0.0774468 1358.97 6.10527 0.731296 0.000507564 0.538459 0.000760808 
90 36.4949 0.0590575 1396.19 4.81478 0.731673 0.00037095 0.53895 0.000557224 
91 36.9282 0.0709194 1428.4 5.875 0.731961 0.00046808 0.539352 0.000704386 
92 37.5701 0.153783 1477.81 12.7467 0.733206 0.0011068 0.541194 0.00170476 
93 37.922 0.0592559 1504.25 5.06661 0.733022 0.000359961 0.540812 0.000544619 
94 38.5348 0.0948439 1552.15 7.86354 0.733827 0.000430483 0.541937 0.000637408 
95 39.0392 0.0721316 1592.35 5.95991 0.734026 0.000404448 0.542204 0.000608272 
96 39.4969 0.0574721 1628.7 4.82096 0.734543 0.000394224 0.542915 0.000596176 
97 40.0444 0.0806962 1674.17 6.96991 0.735403 0.00060828 0.544192 0.000924372 
98 40.6147 0.114581 1720.63 10.2914 0.735899 0.000699184 0.544845 0.00105763 
99 41.1183 0.10981 1764.44 10.1183 0.736749 0.00074922 0.546163 0.00115002 
100 41.75 0.17253 1818.02 16.0266 0.736844 0.000918115 0.546249 0.00136582 
101 42.2358 0.209208 1862.47 21.1819 0.737805 0.00125496 0.547721 0.00196017 
102 42.7258 0.126303 1902.39 11.9219 0.737557 0.000773719 0.547192 0.00118232 
103 43.2696 0.143574 1951.19 13.7974 0.738429 0.000850132 0.548537 0.00130115 
104 43.7581 0.172984 1993.84 16.7853 0.738741 0.000893943 0.548897 0.00135202 
105 44.1614 0.0819495 2028.54 7.88117 0.737954 0.00069933 0.547699 0.00101941 
106 44.7848 0.179927 2087.6 18.4611 0.73979 0.000940737 0.550441 0.0014346 
107 45.0695 0.0738088 2110.81 7.40625 0.738115 0.000970912 0.547908 0.00141316 
108 45.7497 0.0903912 2174.92 9.12463 0.739867 0.000633699 0.550431 0.000943275 
109 46.1931 0.118674 2213.78 11.111 0.73839 0.00177713 0.548237 0.00260432 
110 46.7462 0.0955254 2267.82 9.30659 0.740432 0.000659509 0.551214 0.000990616 
111 47.3442 0.281783 2323.28 24.6911 0.738444 0.00221986 0.54823 0.00323474 
112 47.7879 0.0992833 2369.35 10.2818 0.741856 0.000450442 0.553269 0.000686095 
113 48.3834 0.202851 2429.36 21.0281 0.742456 0.000594085 0.55413 0.0008866 
114 48.8942 0.0983398 2479.14 10.5438 0.743256 0.000514146 0.555312 0.000783737 
115 49.34 0.120838 2523.08 12.8515 0.742962 0.000472975 0.554821 0.00071274 
116 49.9018 0.131072 2579.76 14.2563 0.744053 0.00069192 0.556462 0.00106986 
117 50.4706 0.154723 2638.72 17.4238 0.744084 0.000631767 0.55644 0.000974803 
118 50.8456 0.0937089 2676.05 10.1747 0.743902 0.000470598 0.556123 0.000711544 
119 51.4095 0.105949 2735.11 11.2744 0.744302 0.000571685 0.556711 0.000854908 
120 51.9269 0.182183 2788.75 19.727 0.744397 0.000690521 0.556804 0.00103876 
121 52.3855 0.105419 2838.72 11.9454 0.744626 0.000475471 0.557155 0.000724218 
122 52.8772 0.148164 2890.62 16.8552 0.74475 0.000476683 0.557291 0.000721146 
123 53.6973 0.226256 2983.32 27.1536 0.74598 0.000826817 0.559134 0.00125781 
124 54.0364 0.107729 3015.87 12.2529 0.745546 0.000461497 0.558407 0.000697607 
125 54.3852 0.0904126 3053.73 10.1569 0.745459 0.000454177 0.558281 0.000687029 
126 55.2193 0.118183 3147.55 13.5091 0.746979 0.000538784 0.56052 0.000807356 
127 55.4839 0.105778 3176.78 12.2868 0.746721 0.000534265 0.560144 0.000810883 
128 56.1482 0.113589 3253.39 13.4603 0.747225 0.000523282 0.560864 0.000794368 
129 56.6711 0.129272 3312.77 15.5202 0.747871 0.000630207 0.561828 0.000964883 
130 57.1666 0.107289 3369.54 13.174 0.747834 0.000479116 0.561721 0.000726792 
131 57.8355 0.169952 3450.02 21.5438 0.748876 0.000922855 0.563323 0.00144521 
132 58.3261 0.12384 3506.69 15.1516 0.749099 0.000580013 0.563615 0.000883108 
133 58.7404 0.139673 3554.07 16.8913 0.749155 0.000749857 0.563662 0.00115847 
134 59.4702 0.133919 3642.77 16.8447 0.750334 0.000693974 0.565429 0.00106437 
135 60.0556 0.224334 3716.12 28.8219 0.751106 0.00131483 0.566639 0.00205792 
136 60.5041 0.156005 3768.64 20.7374 0.751026 0.000869166 0.56643 0.00136308 
137 61.0685 0.312143 3837.88 39.9801 0.751869 0.00205673 0.567746 0.00323353 
138 61.5479 0.145792 3895.48 18.5192 0.751283 0.000693939 0.566699 0.00102806 
139 62.1387 0.239684 3971.58 32.5599 0.75233 0.00106349 0.568316 0.00166747 
140 62.6735 0.158363 4036.49 19.7675 0.751904 0.000645863 0.567584 0.000953416 
141 63.3388 0.23761 4125.02 30.9533 0.753135 0.00131421 0.569529 0.00202112 
142 64.165 0.263409 4229.45 30.6228 0.754066 0.00109464 0.57081 0.00156775 
143 64.8896 0.416762 4329.09 57.4047 0.755303 0.0020267 0.572811 0.00315742 
144 65.248 0.50277 4368.6 57.0217 0.754652 0.0018865 0.571641 0.00267737 
145 66.3596 0.704186 4525.21 92.1733 0.757222 0.00275215 0.575679 0.00421636 
146 67.0467 0.875683 4605.49 110.775 0.756869 0.0028143 0.574834 0.00409941 
147 67.1396 0.687717 4623.71 88.1336 0.755238 0.00177537 0.572431 0.00255569 
148 68.7777 1.13878 4848.53 152.556 0.75831 0.00280507 0.576959 0.00408434 
149 67.4774 0.307239 4678.35 43.4163 0.753898 0.000763278 0.570544 0.00114676 
150 67.7197 0.153646 4708.26 21.5643 0.753315 0.000606935 0.569655 0.000926359 
151 68.2687 0.164563 4784.38 23.3322 0.753762 0.000666903 0.570317 0.00101758 
152 68.7896 0.184159 4858.45 26.335 0.75354 0.000681759 0.569964 0.00104169 
153 69.1678 0.144858 4908.86 21.261 0.753249 0.000567648 0.56949 0.00086549 
154 70.0056 0.177156 5027.78 25.1729 0.754536 0.00065666 0.571417 0.000995814 
155 70.6379 0.219856 5119.34 33.1048 0.755035 0.00103361 0.572203 0.00160579 
156 71.3371 0.368907 5218.64 53.0977 0.7552 0.00115402 0.572378 0.00174101 
157 71.4769 0.253274 5239.81 39.3697 0.754458 0.00117717 0.571321 0.00182019 
158 72.0208 0.169806 5316.88 25.4998 0.754503 0.000829326 0.571327 0.00125985 
159 72.5611 0.210012 5395.21 31.3089 0.754481 0.00110204 0.571283 0.00168937 
160 73.3009 0.245632 5506.28 37.1015 0.755958 0.00104488 0.573504 0.00154515 
161 73.5378 0.219721 5540.84 32.5029 0.754916 0.000799509 0.57193 0.00120634 
162 73.9822 0.22971 5608.8 35.8269 0.755425 0.000934169 0.572721 0.00139669 
163 74.8376 0.239973 5738.74 38.1279 0.756842 0.000991056 0.574876 0.00151783 
164 75.0558 0.255895 5767.54 40.2859 0.755828 0.00130947 0.573298 0.00192959 
165 75.75 0.230267 5875.32 37.7142 0.756806 0.00086712 0.574749 0.00131897 
166 76.3254 0.311339 5964.57 50.291 0.756459 0.00151985 0.574248 0.00226387 
167 77.1561 0.395969 6097.34 64.9003 0.758215 0.00117138 0.57687 0.00177031 
168 77.4308 0.349488 6136.16 56.3085 0.757216 0.00158349 0.575368 0.00234483 
169 77.9745 0.335682 6223.95 56.6187 0.757483 0.00130291 0.575705 0.0019724 
170 78.4812 0.310761 6300.11 50.7487 0.758055 0.00143283 0.576571 0.00214455 
171 78.7119 0.253521 6339.97 42.779 0.757439 0.000918495 0.575628 0.00139255 
172 79.339 0.247669 6435.4 41.2697 0.758374 0.00145165 0.577035 0.00217422 
173 79.9345 0.268521 6537.4 46.004 0.758435 0.000868906 0.577126 0.00132353 
174 80.4769 0.330488 6621.51 57.5035 0.75902 0.00133152 0.577961 0.00199401 
175 81.0804 0.366352 6725.28 64.1462 0.758619 0.00114621 0.577402 0.00177684 
176 81.7466 0.318485 6832.3 55.1937 0.759056 0.0011798 0.578043 0.00183242 
177 82.1821 0.31345 6908.8 55.7997 0.759315 0.000931853 0.578439 0.00145972 
178 83.4533 0.657586 7129.7 121.35 0.761468 0.00197512 0.58176 0.00310153 
179 83.1746 0.33265 7073.62 60.295 0.759514 0.0010239 0.578691 0.00160144 
180 83.7303 0.260971 7161.92 45.8374 0.759545 0.000825727 0.578663 0.00127483 
181 84.024 0.330827 7215.25 61.1344 0.759145 0.000962714 0.57808 0.00149628 
182 84.8078 0.288684 7346.61 51.587 0.76015 0.000983819 0.5796 0.00152423 
183 85.0913 0.261936 7394.78 47.2102 0.759897 0.000962789 0.579238 0.00149356 
184 86.2313 0.459791 7598.42 84.8633 0.761511 0.00151158 0.58171 0.00236176 
185 87.048 0.459907 7741.64 85.1754 0.763067 0.00165777 0.584115 0.00260203 
186 87.4594 0.591196 7817.59 114.211 0.762147 0.00180726 0.582662 0.00284271 
187 87.4737 0.297529 7808.48 53.7946 0.761067 0.000845408 0.580917 0.00131728 
188 88.3045 0.335681 7957.71 63.579 0.761845 0.00113604 0.582101 0.00177764 
189 89.0752 0.546757 8101.31 108.861 0.762372 0.00147745 0.582907 0.00231157 
190 89.5428 0.490052 8183.06 95.9137 0.762728 0.00167026 0.583458 0.00262508 
191 91.2887 0.889706 8528.63 181.211 0.765793 0.00214697 0.588282 0.00336504 
192 91.434 0.788961 8533.16 152.906 0.766328 0.00301867 0.589093 0.00477564 
193 91.6918 0.657686 8587.54 129.642 0.764961 0.0023422 0.58696 0.00371424 
194 92.5998 1.26962 8756.5 251.325 0.76736 0.00450934 0.590755 0.00717602 
195 92.965 0.977117 8822.86 193.262 0.766597 0.00343321 0.589508 0.00544823 
196 95.3649 1.84271 9305.39 371.514 0.772746 0.00613103 0.599273 0.00977105 
197 94.5322 1.26091 9130.35 254.756 0.768161 0.00394011 0.591981 0.00625743 
198 96.958 2.29579 9627.04 478.318 0.773529 0.00730883 0.600526 0.011651 
199 94.1847 0.539042 9043.69 107.61 0.764086 0.0016745 0.585469 0.00261603 
200 94.795 0.420323 9153.71 82.7136 0.763987 0.00120413 0.585257 0.00185339 
201 95.2815 0.71892 9247.73 141.56 0.764182 0.0022554 0.58555 0.00348815 
202 95.9034 0.553332 9360.65 109.335 0.763939 0.00170153 0.585141 0.00262094 
203 96.9747 1.03586 9573.44 206.726 0.765214 0.00292197 0.58708 0.00453229 
204 97.3046 0.560295 9637 112.066 0.765045 0.00168908 0.586805 0.00261465 
205 98.0646 0.709929 9785.56 144.56 0.764003 0.00193015 0.585147 0.00300969 
206 98.0139 0.389843 9771.11 71.727 0.763457 0.0010996 0.584306 0.00171519 
207 98.2691 0.482208 9826.34 92.3823 0.762791 0.000886959 0.583249 0.0013869 
208 98.7834 0.355108 9936.55 69.9887 0.764084 0.000874696 0.585297 0.0013486 
209 99.5371 0.377663 10084.8 77.0254 0.764686 0.00126629 0.586217 0.00197332 
210 100.009 0.522002 10183.2 104.238 0.765226 0.00126482 0.587057 0.00195824 
211 100.084 0.399683 10192.4 81.97 0.76422 0.00109951 0.585492 0.00170577 
212 100.978 0.535015 10377.5 109.827 0.764764 0.00123442 0.586287 0.0019037 
213 101.864 0.711264 10560.9 150.918 0.764936 0.00136701 0.586536 0.00208722 
214 101.989 0.453988 10577.2 96.5136 0.765176 0.00110505 0.586918 0.00170755 
215 102.083 0.32399 10593.1 68.5169 0.763428 0.00088527 0.584204 0.00136222 
216 102.94 0.409795 10767.6 85.7457 0.765754 0.00132426 0.587799 0.00204738 
217 103.295 0.359728 10844.9 75.5346 0.764485 0.000994717 0.585809 0.00154032 
218 103.755 0.390419 10938.2 83.5686 0.764843 0.000970972 0.586347 0.00149472 
219 104.268 0.401724 11053.6 86.9732 0.764569 0.00101318 0.585946 0.00155319 
220 104.933 0.407373 11180.1 86.0387 0.765471 0.00110752 0.587252 0.00168634 
221 105.278 0.497962 11266.2 111.516 0.764855 0.00112386 0.586409 0.0017381 
222 106.288 0.525505 11474.1 113.196 0.76621 0.00118301 0.588411 0.00181063 
223 106.527 0.598971 11535.8 135.477 0.76498 0.00149837 0.586571 0.00234249 
224 107.145 0.514648 11672.3 119.654 0.765329 0.00110886 0.587105 0.0017343 
225 107.694 0.689709 11791 161.232 0.765052 0.00145933 0.586649 0.0022763 
226 108.149 0.393958 11878.2 92.2944 0.765244 0.000925168 0.586903 0.00144003 
227 108.524 0.361078 11957.6 82.3325 0.764011 0.00103199 0.584969 0.00158571 
228 109.423 0.4011 12154.2 91.4328 0.765175 0.0010536 0.586764 0.00165362 
229 109.761 0.391733 12212.5 88.0555 0.763592 0.00166792 0.58424 0.00264697 
230 110.769 0.352933 12446.1 80.3435 0.765423 0.00101673 0.587094 0.00161153 
231 111.556 0.618998 12607.2 122.32 0.764101 0.00127483 0.584949 0.00206074 
232 111.851 0.544354 12695 123.611 0.76574 0.00108078 0.587588 0.00168569 
233 112.057 0.593424 12743.3 140.458 0.766407 0.00130929 0.588647 0.00202249 
234 112.457 0.582265 12844.2 135.772 0.766242 0.00129979 0.588423 0.00200862 
235 112.816 0.572603 12928.3 136.319 0.765808 0.00127975 0.587778 0.00197828 
236 113.721 0.639664 13132.2 153.597 0.766591 0.00136019 0.588952 0.00210931 
237 114.02 0.41129 13200.1 97.5578 0.766067 0.00110074 0.588138 0.00169245 
238 115.266 0.453833 13488.9 104.709 0.767765 0.00102427 0.590731 0.00158572 
239 115.259 0.489458 13486.6 117.104 0.766847 0.00114994 0.589323 0.00177591 
240 115.964 0.439732 13653.9 105.7 0.767643 0.00104148 0.590567 0.00161484 
241 117.115 0.868814 13932.4 214.812 0.767884 0.00149516 0.590937 0.00230268 
242 117.008 0.560124 13892.3 136.623 0.767883 0.00149882 0.5909 0.00234121 
243 117.889 0.612207 14103.8 151.402 0.76848 0.00158855 0.591865 0.00247629 
244 118.716 0.614575 14308.2 149.678 0.769077 0.00163475 0.592797 0.00250072 
245 118.57 0.510813 14264.8 125.913 0.767393 0.00130649 0.590167 0.00201646 
246 119.383 0.491505 14459.4 127.853 0.768352 0.00117802 0.591641 0.00182718 
247 120.358 0.524763 14695.8 131.008 0.769266 0.00135855 0.593034 0.00211543 
248 120.942 0.575966 14840 143.317 0.770094 0.00129072 0.594289 0.002003 
249 121.641 0.603671 15014.6 152.954 0.770243 0.00149811 0.594542 0.00232784 
250 122.212 0.601258 15142 150.838 0.770976 0.00162503 0.595618 0.00249704 
251 123.511 0.922487 15486.1 240.516 0.772136 0.00245755 0.597554 0.00388591 
252 123.746 0.849952 15543.2 216.964 0.771706 0.00234617 0.596834 0.0037083 
253 124.959 1.11658 15856 292.35 0.774195 0.00343743 0.600801 0.00548203 
254 124.139 0.970518 15633.8 243.183 0.770478 0.00193869 0.594823 0.00303472 
255 124.353 1.07007 15692.4 263.723 0.770223 0.00185992 0.59446 0.00287925 
256 124.775 1.56451 15795.2 394.798 0.770433 0.00282056 0.594731 0.00439398 
257 125.749 1.32557 16046.5 340.568 0.771331 0.00236982 0.596172 0.00371227 
258 125.981 2.06934 16100 533.077 0.770735 0.00362049 0.59517 0.00563498 
259 127.012 1.08099 16368.5 288.823 0.771155 0.00221533 0.59587 0.00347285 
260 128.588 1.43871 16786.1 394.291 0.772874 0.00276806 0.598542 0.0043517 
261 128.907 1.01707 16852.6 272.42 0.771771 0.00199674 0.596823 0.00311411 
262 129.047 0.831923 16876.5 215.958 0.771715 0.00162225 0.59667 0.00250602 
263 129.783 0.897824 17075.9 239.096 0.772196 0.00195296 0.597433 0.00303854 
264 130.248 1.06745 17196 282.542 0.772484 0.00205822 0.597853 0.00316245 
265 130.432 0.868077 17251.5 232.229 0.771833 0.00207924 0.596917 0.00323061 
266 130.735 0.947902 17334.1 252.601 0.771363 0.00184226 0.596178 0.00281823 
267 131.725 0.907891 17589.2 248.672 0.773061 0.00200581 0.598786 0.00313736 
268 131.717 0.815404 17592.3 217.733 0.772105 0.00165896 0.597316 0.00253396 
269 132.833 0.928747 17891.1 264.364 0.773472 0.0018455 0.599447 0.00290752 
270 133.148 0.885345 17959 247.489 0.77321 0.00182239 0.598986 0.00282341 
271 133.414 0.904162 18034.6 251.602 0.772555 0.00192012 0.598047 0.00299363 
272 134.308 0.70579 18269.5 197.568 0.773505 0.00164717 0.59948 0.00254965 
273 134.448 0.76125 18298.3 213.968 0.772888 0.00159257 0.598465 0.00248863 
274 135.75 0.847675 18658.4 240.743 0.77482 0.00173462 0.601472 0.00270314 
275 135.922 0.751328 18703.3 215.78 0.7759 0.00213744 0.603141 0.0033067 
276 136.847 0.816892 18958.6 239.925 0.776678 0.00195555 0.604384 0.00304572 
277 137.618 0.845887 19162.5 239.567 0.778426 0.00334532 0.60707 0.00516856 
278 138.013 0.778399 19268.6 224.992 0.77776 0.00255695 0.606022 0.00393221 
279 139.524 0.953315 19690.9 279.448 0.780675 0.00346628 0.610575 0.00535548 
280 139.21 0.854042 19611.7 246.743 0.777196 0.00319723 0.605175 0.00495843 
281 141.496 1.19688 20259.5 339.115 0.782622 0.00413832 0.613625 0.00641449 
282 140.511 1.01887 19995 299.202 0.77697 0.00321951 0.604819 0.00501166 
283 142.682 1.31762 20598.7 375.348 0.782401 0.00423807 0.613355 0.0065963 
284 140.295 0.777016 19917.3 221.79 0.774129 0.00208075 0.600342 0.00323579 
285 142.762 1.3309 20630.8 383.817 0.778569 0.00380095 0.607308 0.00592805 
286 141.257 0.675246 20168.3 195.479 0.772523 0.00167919 0.59778 0.00261113 
287 142.231 0.782055 20479.3 238.485 0.774017 0.00148347 0.600138 0.00231327 
288 142.122 0.561844 20428.4 165.279 0.772544 0.00136771 0.597812 0.00210898 
289 142.953 0.624232 20677.1 190.039 0.77352 0.00128574 0.59934 0.0020129 
290 143.549 0.705638 20845.2 210.604 0.77364 0.00176616 0.599542 0.00274139 
291 144.385 0.775812 21090 226.298 0.774585 0.00173569 0.601006 0.00268802 
292 144.736 0.765441 21194 228.313 0.774386 0.00177323 0.600717 0.00275366 
293 145.64 0.932273 21453.9 270.458 0.774911 0.00204645 0.601481 0.0031659 
294 146.212 0.800759 21621.3 239.526 0.774725 0.00176716 0.601202 0.00274702 
295 146.277 0.85372 21635.4 256.164 0.774273 0.00195678 0.600487 0.00304436 
296 147.888 1.1221 22127.9 341.607 0.776246 0.00205432 0.603584 0.00319778 
297 147.293 0.903837 21939.9 270.396 0.774042 0.00198929 0.600072 0.00308891 
298 149.161 0.962665 22501.7 295.285 0.776793 0.00215764 0.604382 0.00335983 
299 148.564 0.843263 22308.3 247.94 0.775248 0.00191292 0.601934 0.00294795 
300 149.964 0.765255 22719.1 232.187 0.776228 0.0020844 0.60341 0.00323007 
301 150.249 1.1118 22797.3 320.49 0.776616 0.00247822 0.603994 0.00382502 
302 151.354 1.13409 23138.4 329.572 0.777562 0.0024369 0.605489 0.00377288 
303 151.714 1.51183 23250.4 452.145 0.777456 0.00313167 0.605322 0.00486 
304 153.29 1.6725 23732.6 493.569 0.778542 0.0032106 0.606977 0.00495028 
305 153.867 2.21924 23915.5 675.733 0.779688 0.00426695 0.608792 0.00662844 
306 152.726 1.3856 23574.1 425.748 0.775864 0.00234999 0.602856 0.00364523 
307 153.577 2.235 23835 690.274 0.777359 0.00393471 0.605149 0.00609671 
308 153.357 1.17652 23765.1 372.432 0.775006 0.00201231 0.601516 0.00312423 
309 154.134 1.48464 23992.6 472.793 0.776806 0.00212834 0.604205 0.00328998 
310 154.436 1.14462 24097.3 370.062 0.77563 0.00195517 0.602488 0.00306492 
311 154.233 1.17393 23997.1 383.564 0.77606 0.00232201 0.603043 0.00359806 
312 155.826 1.15238 24525.4 389.564 0.776282 0.00212798 0.603481 0.00332431 
313 157.686 2.59552 25118.9 869.989 0.779932 0.00440549 0.609135 0.00694232 
314 158.198 1.49893 25280.9 504.787 0.778481 0.00271037 0.606916 0.00428271 
315 160.464 2.47602 25995.9 841.505 0.782314 0.00391993 0.612809 0.00617739 
316 160.627 1.68256 26080.2 569.012 0.780478 0.00267466 0.610087 0.00420869 
317 161.095 1.11385 26157.6 363.218 0.781274 0.00193225 0.611086 0.0029768 
318 163.399 2.00312 27007.1 703.047 0.782232 0.00334736 0.612876 0.00537205 
319 163.42 1.33045 26910.6 432.709 0.781601 0.00209936 0.611556 0.00322968 
320 164.575 3.39045 27396.3 1128.86 0.780584 0.00535278 0.610239 0.00836397 
321 165.877 3.08753 27823.5 1016.01 0.781352 0.0043458 0.61139 0.00673439 
322 162.998 1.88728 26863.6 623.383 0.776666 0.00272454 0.604157 0.00422391 
323 162.412 1.41875 26681.3 463.534 0.775992 0.00231845 0.60315 0.00359486 
324 162.922 0.886178 26835.7 287.604 0.776507 0.00180719 0.603935 0.0028273 
325 162.923 1.0775 26846.4 350.162 0.775875 0.00197675 0.602976 0.00307662 
326 164.332 1.07974 27307 352.924 0.776768 0.00213974 0.604334 0.00336494 
327 164.225 1.08936 27257.8 358.833 0.775691 0.00189073 0.602628 0.00293138 
328 165.731 1.14501 27763.9 377.595 0.776183 0.00155905 0.603363 0.00242228 
329 166.424 1.49174 27996.9 504.874 0.775675 0.00157628 0.602573 0.00245472 
330 167.978 1.46714 28500.6 489.06 0.777098 0.00183229 0.604736 0.00286089 
331 166.981 1.03355 28175.6 346.931 0.776309 0.00196182 0.603602 0.00305785 
332 169.101 1.4032 28895.4 476.168 0.779193 0.00238722 0.608085 0.0037199 
333 168.451 1.11748 28670.4 385.594 0.777138 0.00222685 0.60489 0.0035083 
334 170.283 1.32509 29304.8 452.539 0.779838 0.00243335 0.609101 0.00381862 
335 169.862 1.09639 29169.9 378.596 0.77794 0.00241332 0.606231 0.00381286 
336 170.301 1.15185 29323.6 398.358 0.777919 0.00206825 0.606118 0.00323551 
337 170.468 1.15905 29393.6 395.587 0.777669 0.00227388 0.605785 0.00355854 
338 170.818 1.13752 29502.3 390.186 0.777168 0.00211771 0.604992 0.00332096 
339 171.808 1.37922 29851.3 468.573 0.77814 0.00248211 0.606492 0.00387915 
340 173.105 1.14135 30289.1 397.951 0.779511 0.00217286 0.60861 0.00340506 
341 174.693 1.19187 30839.7 414.927 0.780754 0.00227151 0.610512 0.00358903 
342 174.58 1.32694 30810.9 465.689 0.780399 0.00241243 0.609979 0.00376676 
343 175.295 1.45686 31064.5 521.299 0.780662 0.00256649 0.610414 0.00402282 
344 174.887 1.1559 30913.2 404.076 0.779108 0.00202739 0.607969 0.00318553 
345 175.377 1.17657 31088 421.057 0.778935 0.00215351 0.607733 0.00340397 
346 176.701 1.64019 31572 604.014 0.779977 0.00295139 0.609402 0.00465027 
347 177.548 1.36406 31850.5 491.066 0.780241 0.00200336 0.609736 0.00315239 
348 178.201 1.3547 32089.1 484.269 0.78083 0.00224405 0.610701 0.00354272 
349 179.316 1.67178 32474.9 603.439 0.781256 0.00321027 0.611329 0.00507945 
350 180.2 1.62194 32812 589.917 0.78301 0.00332865 0.614136 0.00528664 
351 181.6 1.73067 33306 622.628 0.783345 0.00310558 0.614588 0.00493244 
352 181.58 1.53766 33330.7 567.059 0.783489 0.00371336 0.614964 0.0059182 
353 181.69 1.69988 33362.4 624.472 0.783251 0.00306873 0.614493 0.0048533 
354 182.717 1.6993 33735.7 626.136 0.783115 0.00319396 0.61432 0.00508111 
355 183.659 1.64299 34082 602.126 0.784155 0.00395926 0.61594 0.00627512 
356 184.69 1.77542 34477.1 663.002 0.784689 0.00352428 0.616818 0.00562742 
357 185.307 1.95489 34712.6 729.733 0.785298 0.00480366 0.617807 0.00765241 
358 186.477 2.43442 35150.9 923.92 0.786121 0.00524053 0.61911 0.00838787 
359 189.157 2.69619 36175.4 1028.54 0.790807 0.00560383 0.626577 0.00895072 
360 187.681 2.72193 35593.4 1035.87 0.786853 0.00554893 0.620247 0.00886155 
361 192.004 3.15995 37286 1219.01 0.794138 0.00643638 0.631864 0.0103007 
362 189.73 2.90017 36387.5 1112.15 0.788741 0.00610283 0.623211 0.0097386 
363 192.212 3.81866 37330.1 1472.46 0.792867 0.00699106 0.629759 0.0111431 
364 193.421 3.77399 37858.6 1487.58 0.793135 0.00703988 0.630292 0.0112483 
365 193.171 2.70176 37661.7 1025.08 0.793238 0.0054513 0.63023 0.00864009 
366 192.016 3.08832 37264.2 1213.56 0.790293 0.00611016 0.625717 0.00977473 
367 194.997 3.26824 38397.6 1269.78 0.794403 0.00600355 0.632133 0.0095748 
368 193.811 2.98368 37990.2 1180.84 0.791862 0.00522566 0.628259 0.00835791 
369 194.343 2.94301 38198.8 1168.71 0.791951 0.00571351 0.6284 0.00916666 
370 195.945 3.31545 38827.2 1315.88 0.79296 0.00555467 0.629946 0.00886816 
371 192.9 2.74149 37614.7 1094.56 0.787558 0.00505788 0.621398 0.00810485 
372 193.542 2.48548 37862.4 989.245 0.787914 0.00495547 0.621948 0.00792044 
373 193.876 3.21513 38041.8 1275.13 0.786673 0.00606636 0.620079 0.00969201 
374 194.879 3.43185 38343 1381.29 0.788269 0.00655856 0.622403 0.0104932 
375 195.721 3.01516 38764.4 1211 0.787622 0.00550258 0.621549 0.0087691 
376 196.176 2.66274 38915.5 1071.3 0.787409 0.00497007 0.621128 0.00791833 
377 195.927 3.43367 38903.6 1342.96 0.786361 0.00636986 0.619654 0.0100641 
378 197.018 2.77145 39253.1 1112.28 0.788076 0.00501672 0.622174 0.00797178 
379 195.082 5.08233 38622.8 1932.13 0.783088 0.00884985 0.614751 0.0137525 
380 198.332 3.16086 39779 1301.31 0.788121 0.00579739 0.622242 0.00929013 
381 198.929 3.57282 40049.5 1458.03 0.788022 0.00619357 0.622187 0.00988826 
382 201.368 3.48058 41001.2 1455.79 0.790579 0.005813 0.626128 0.00932149 
383 200.544 2.87629 40626.2 1186.11 0.788418 0.00491731 0.622633 0.00788805 
384 202.923 3.36515 41619.5 1414.48 0.790896 0.00539179 0.626595 0.00864956 
385 201.831 2.63778 41167.1 1107.75 0.789429 0.00414307 0.624268 0.00663621 
386 202.875 3.20499 41645.4 1367.14 0.7899 0.00561667 0.625091 0.00902346 
387 202.734 2.64457 41585.7 1112.35 0.789249 0.00455476 0.623992 0.00732609 
388 204.955 4.07408 42501.8 1761.81 0.790929 0.00657656 0.626737 0.0105952 
389 203.981 3.47892 42071.6 1483.6 0.789127 0.00562921 0.623788 0.0090301 
390 205.976 4.16356 42921 1803.38 0.791419 0.00640696 0.627482 0.0103023 
391 204.694 2.98796 42373.6 1293.61 0.790261 0.00435481 0.62553 0.00697084 
392 207.877 4.01459 43695.1 1747.35 0.792765 0.00605739 0.629549 0.00973141 
393 207.041 4.18287 43347.2 1811.34 0.791042 0.00605712 0.626803 0.00971952 
394 210.842 4.73724 44925.9 2039.43 0.79483 0.00658604 0.632796 0.01054 
395 208.812 3.69193 44149.4 1612.11 0.791056 0.00570742 0.626945 0.00914964 
396 210.362 3.80241 44772.7 1673.58 0.793013 0.00580501 0.630003 0.0093225 
397 209.96 4.40931 44621.4 1925.45 0.791788 0.00649527 0.628069 0.010402 
398 212.404 4.6341 45675.1 2047.83 0.794639 0.00692263 0.632609 0.0111082 
399 214.815 6.44199 46779.4 2855.11 0.79675 0.00900578 0.636094 0.0144675 
400 217.568 6.31363 47986.8 2831.62 0.799452 0.00907258 0.6404 0.014584 
401 223.702 7.56308 50821.4 3428.49 0.806348 0.0100663 0.651605 0.016233 
402 213.59 4.85629 46178.1 2170 0.792742 0.00672812 0.629547 0.0107996 
403 213.431 4.69663 46110.7 2102.72 0.791875 0.00657016 0.62816 0.0105386 
404 214.147 4.81883 46404.8 2152.72 0.791902 0.00671843 0.628192 0.0107638 
405 214.441 3.7072 46540.4 1656.94 0.791653 0.00548491 0.627804 0.00878081 
406 215.729 4.19872 47114 1901.54 0.792342 0.00613084 0.628929 0.00981843 
407 216.245 4.09031 47331.1 1838.72 0.792124 0.00569337 0.628554 0.00912452 
408 216.453 4.7724 47432.2 2171.79 0.791691 0.00658109 0.627892 0.0105591 
409 216.514 4.89576 47430.3 2222.43 0.791204 0.00635191 0.627042 0.0102057 
410 217.149 4.90556 47736 2238.19 0.790755 0.00679137 0.626385 0.0108921 
411 217.987 4.99144 48057.5 2280.34 0.79158 0.00687538 0.627607 0.0110299 
412 220.692 5.42471 49297.4 2502.5 0.794157 0.00725406 0.631792 0.0116627 
413 220.555 4.69037 49204.4 2171.88 0.793174 0.00635028 0.630147 0.0102073 
414 222.45 5.29254 50065.6 2454.47 0.794592 0.00710177 0.632466 0.0114132 
415 222.601 4.44908 50098.9 2066.85 0.793666 0.00610259 0.630894 0.0098029 
416 222.871 5.74658 50270.6 2662.45 0.793388 0.00773637 0.630581 0.0124129 
417 223.209 5.38364 50392.4 2503.49 0.793088 0.00715184 0.630029 0.0114833 
418 225.493 5.75755 51443.2 2688.22 0.794968 0.00788294 0.633057 0.0126541 
419 225.142 5.41558 51274.7 2530.12 0.794842 0.00734688 0.632799 0.0117748 
420 226.068 6.13528 51701.6 2873.6 0.795013 0.00822687 0.633092 0.0131901 
421 226.812 5.59866 52030.8 2636.76 0.795007 0.00757292 0.633054 0.0121445 
422 227.59 5.32632 52401 2507.59 0.795155 0.0070559 0.633299 0.0113347 
423 229.002 5.80901 53024 2755.62 0.795777 0.00759486 0.634264 0.0122074 
424 229.98 5.04296 53463.7 2402.81 0.796273 0.0067434 0.635031 0.0108403 
425 231.003 5.44841 53924.4 2605.17 0.796449 0.00727438 0.635331 0.0117092 
426 232.201 5.01326 54475.3 2409.47 0.797512 0.00685837 0.636987 0.0110402 
427 233.59 5.74899 55169.1 2752.48 0.798912 0.00758702 0.639337 0.0121849 
428 234.583 5.83847 55635.9 2804.26 0.799253 0.00780092 0.639852 0.0125357 
429 235.65 5.62871 56158.3 2700.62 0.800753 0.00733303 0.642273 0.011775 
430 235.728 6.30712 56162.2 3038.7 0.799646 0.00788908 0.640426 0.0126916 
431 236.182 5.58973 56362.1 2700.65 0.799532 0.006964 0.640233 0.0112092 
432 238.364 5.23833 57361.8 2583.02 0.800486 0.00686853 0.641681 0.0111167 
433 240.679 6.05212 58586.2 2931.31 0.804749 0.00776621 0.648726 0.0124857 
434 241.134 6.4723 58801 3150.19 0.803247 0.00800703 0.646272 0.0128793 
435 241.039 5.74241 58768.5 2795.89 0.80341 0.00733304 0.646581 0.0117832 
436 244.194 7.04038 60328.9 3445.74 0.805225 0.00865553 0.649513 0.0139149 
437 244.185 6.56306 60299.6 3210.2 0.806439 0.0083081 0.651471 0.0133532 
438 249.998 7.41342 63256.1 3684.95 0.810129 0.00888136 0.657436 0.0143201 
439 242.438 7.36529 59468.5 3601.7 0.802565 0.00907721 0.645203 0.0145475 
440 244.066 6.93025 60308.7 3414.58 0.803267 0.00838783 0.646329 0.0134649 
441 243.787 7.17306 60164.3 3530.7 0.801915 0.00822913 0.644138 0.0131949 
442 245.268 7.47695 60909.2 3688.93 0.803054 0.00876188 0.64599 0.0140522 
443 246.301 7.28472 61394.3 3619.05 0.802969 0.00844494 0.645821 0.0135573 
444 247.686 7.23638 62092 3598.61 0.804239 0.00860255 0.647865 0.0138125 
445 246.091 7.18841 61283.6 3573.89 0.801698 0.00821272 0.643759 0.013176 
446 248.944 7.36932 62747.7 3669.67 0.804748 0.00868219 0.648694 0.0139123 
447 247.533 7.26617 62026.8 3616.58 0.80187 0.00826468 0.644076 0.0132309 
448 247.486 7.6762 62011.2 3833.92 0.801858 0.00880402 0.644031 0.0141091 
449 247.774 7.32516 62139.4 3651.07 0.800593 0.00816154 0.642004 0.0130549 
450 248.556 6.8548 62500.1 3451.44 0.801225 0.00806242 0.642971 0.0129436 
451 250.987 8.31137 63746.5 4196.34 0.803631 0.00971473 0.646861 0.0155998 
452 253.168 8.56481 64860.9 4339.99 0.805152 0.00986458 0.649322 0.0158505 
453 252.48 8.36262 64503.9 4242.65 0.803582 0.00958487 0.646773 0.0153886 
454 255.454 7.19845 66019.4 3664.83 0.805962 0.00810825 0.650578 0.0130231 
455 255.301 8.62802 65957.2 4398.33 0.805443 0.0098543 0.649809 0.0158263 
456 255.68 8.45394 66147.4 4318.6 0.805454 0.00968797 0.649795 0.015557 
457 259.095 8.02575 67882.7 4106.39 0.808598 0.00935393 0.65486 0.0150241 
458 257.121 8.66442 66939.2 4441.8 0.80461 0.00959587 0.648522 0.0153825 
459 260.24 7.4976 68472.7 3867.35 0.808588 0.00857267 0.654809 0.0137669 
460 258.195 7.77613 67423 4011.18 0.805833 0.00867646 0.650383 0.0139153 
461 258.1 8.06524 67371.4 4165.65 0.80539 0.0088649 0.649642 0.0142208 
462 259.03 7.99427 67890.9 4135.79 0.805223 0.00891285 0.649412 0.0143004 
463 258.625 8.49347 67673.9 4408.41 0.804653 0.00894307 0.648458 0.0143734 
464 260.679 8.6127 68761.6 4469.85 0.805262 0.00956586 0.649521 0.0153455 
465 261.687 7.60643 69255.1 3981.88 0.806247 0.00840854 0.651009 0.0135126 
466 258.794 8.91395 67799.2 4653.47 0.801635 0.00985899 0.643703 0.0158012 
467 262.357 8.85142 69621.1 4637.23 0.805015 0.0092945 0.64901 0.0149124 
468 262.415 9.41056 69664.5 4938.99 0.80502 0.0101294 0.649042 0.0162546 
469 262.388 7.4287 69594.5 3907.17 0.803703 0.00819877 0.646885 0.0131446 
470 264.022 9.65391 70481.1 5090.49 0.805551 0.010191 0.649868 0.0163532 
471 264.154 7.83851 70533.3 4139.43 0.804991 0.0085116 0.648929 0.0136415 
472 265.691 9.46733 71362.8 5021.19 0.805789 0.00987214 0.650228 0.0158539 
473 265.608 7.50264 71281.8 3977.15 0.804901 0.00809507 0.648786 0.0129671 
474 267.123 9.55405 72122.8 5091.8 0.806003 0.010089 0.650586 0.016212 
475 267.37 7.54411 72239.1 4030.75 0.805332 0.00811054 0.649484 0.0130131 
476 269.387 8.30909 73343.5 4436.02 0.807181 0.00858017 0.652486 0.0137709 
477 268.498 7.78478 72776 4206.64 0.806165 0.00782431 0.650721 0.0125933 
478 269.979 7.94794 73622.8 4264.81 0.807359 0.00830346 0.652709 0.0133275 
479 269.747 6.89362 73382.9 3766.81 0.806726 0.00664597 0.651513 0.0107154 
480 271.517 7.86875 74425.2 4235.08 0.80637 0.00763007 0.651051 0.0122302 
481 270.261 7.26958 73659.7 3946.63 0.805061 0.00726182 0.648827 0.0116673 
482 274.542 8.31737 76048.7 4484.92 0.807046 0.00795376 0.652096 0.0127401 
483 273.284 7.13305 75322.8 3879.14 0.804859 0.00704176 0.648534 0.0113108 
484 276.738 7.87881 77247.6 4271.85 0.807434 0.00761775 0.652689 0.0122448 
485 276.892 7.74219 77319.6 4202.04 0.806079 0.00717829 0.650446 0.0115094 
486 279.622 7.11285 78816.4 3874.75 0.808397 0.00646749 0.654146 0.0103793 
487 282.838 6.31106 80548.3 3478.43 0.809897 0.00507868 0.656431 0.00819326 
488 277.574 7.6605 77735.5 4219.12 0.809086 0.00716748 0.655362 0.0115136 
489 275.351 5.30847 76345 2973.55 0.807293 0.00442014 0.652267 0.00711268 
490 277.209 8.75977 77556.8 4844.64 0.807827 0.00839318 0.653383 0.0134782 
491 275.487 6.83683 76460.2 3835.08 0.806339 0.00635717 0.650799 0.0102577 
492 279.246 8.74174 78670 4865.92 0.808887 0.00821266 0.655065 0.013198 
493 277.011 6.47628 77280 3647.12 0.808005 0.0056318 0.653449 0.0090771 
494 281.367 9.38952 79875.2 5243.8 0.809543 0.00886855 0.656101 0.0142413 
495 279.323 6.43355 78652.7 3643.01 0.808642 0.00554048 0.654561 0.00893353 
496 282.568 7.72805 80514.1 4355.95 0.810116 0.00689316 0.657041 0.0111139 
497 280.628 7.20752 79379.5 4073.64 0.808216 0.00650432 0.653919 0.0104734 
498 282.432 9.08403 80499.4 5103.84 0.808491 0.00865434 0.654457 0.0139111 
499 282.942 7.93498 80687.2 4503.68 0.809552 0.00702197 0.656033 0.0113194 
500 283.074 9.25482 80855.8 5229.21 0.808314 0.00854171 0.654138 0.0137472 
501 282.171 5.94076 80212.1 3371.72 0.808189 0.00538838 0.653808 0.00865636 
502 281.846 9.4262 80162.5 5331.18 0.804646 0.0086687 0.648252 0.0139379 
503 284.185 8.99925 81504.1 5147.45 0.807877 0.00765834 0.653419 0.0123803 
504 284.578 9.164 81716.2 5206.77 0.807001 0.00830179 0.652013 0.0133467 
505 285.063 8.91038 81984.9 5097.55 0.807035 0.00760575 0.652036 0.0122665 
506 284.816 9.20793 81815.4 5273.33 0.806144 0.00799637 0.650589 0.0128849 
507 283.598 8.47151 81114.4 4876.04 0.804677 0.00749889 0.648191 0.0121021 
508 284.891 7.7962 81834.5 4482.62 0.806118 0.00715984 0.650495 0.0115167 
509 285.578 8.41199 82234.6 4866.55 0.805169 0.007559 0.64898 0.0121993 
510 288.429 9.24075 83916.4 5324.09 0.807075 0.00824444 0.652093 0.0132634 
511 288.669 7.80173 83999.9 4541.56 0.807235 0.00703434 0.652297 0.0113621 
512 291.009 8.8484 85372.1 5149.43 0.808466 0.00796566 0.654302 0.0128415 
513 291.102 7.103 85391.8 4168.56 0.808119 0.00610279 0.653706 0.00986679 
514 291.778 8.3552 85785.9 4875.01 0.808019 0.00762318 0.653559 0.0122827 
515 291.296 6.68241 85489.7 3935.7 0.806824 0.00578597 0.651629 0.00936131 
516 293.411 8.43148 86739.5 4931.66 0.808779 0.00750073 0.654799 0.0120746 
517 293.238 7.10264 86605 4218.97 0.807718 0.00630667 0.653065 0.0102099 
518 294.753 7.90792 87546.6 4653.83 0.808568 0.00724553 0.654484 0.0116694 
519 296.312 8.09911 88425.3 4796.57 0.809445 0.00698751 0.655848 0.0112799 
520 297.425 8.04476 89110 4757.84 0.809844 0.00718841 0.656521 0.0115756 
521 297.624 8.11856 89218.6 4813.37 0.809656 0.00706905 0.656205 0.0113828 
522 297.678 6.81675 89254.7 4045.54 0.808941 0.00576769 0.655073 0.0092856 
523 299.876 7.00083 90564.1 4170.11 0.809575 0.00602425 0.656098 0.00971013 
524 298.681 8.02593 89874.7 4766.68 0.809096 0.00706498 0.655342 0.0113654 
525 300.266 7.81471 90821 4670.07 0.809582 0.00677077 0.656116 0.0108942 
526 298.734 6.36746 89895.8 3773.89 0.807678 0.00601399 0.65304 0.00965307 
527 299.484 6.38527 90344.9 3828.48 0.807199 0.00601126 0.6523 0.0096356 
528 300.657 6.3024 91024.6 3756.63 0.808126 0.00607234 0.653742 0.00974417 
529 301.184 6.25372 91337.5 3765.77 0.807484 0.0059945 0.652733 0.0096225 
530 303.174 6.5017 92538 3886.25 0.809427 0.00630526 0.655814 0.0101087 
531 302.882 5.93064 92365.7 3563.81 0.808462 0.00607619 0.654289 0.00975287 
532 303.377 6.83929 92672.1 4102.11 0.808415 0.00683424 0.654213 0.0109564 
533 304.318 6.54133 93266.3 3921.52 0.808697 0.00648776 0.654708 0.0104024 
534 304.28 7.15568 93228.9 4302.09 0.808169 0.00726409 0.65384 0.0116403 
535 306.006 6.00394 94266.7 3618.84 0.80955 0.00604593 0.656053 0.00970722 
536 306.219 6.9375 94427.5 4172.3 0.809582 0.00694398 0.656133 0.011148 
537 307.68 6.24581 95310.4 3789.33 0.81008 0.00619696 0.656931 0.0099689 
538 307.286 6.86238 95066.1 4149.69 0.808866 0.00681446 0.654951 0.0109335 
539 309.683 6.37601 96577.8 3866.81 0.811273 0.0060947 0.658849 0.00978483 
540 308.963 5.84555 96108.3 3554.42 0.809922 0.00579707 0.656666 0.00932228 
541 310.539 6.39916 97114.7 3905.9 0.810762 0.00611897 0.658027 0.0098415 
542 312.021 6.63146 98026.4 4035.03 0.812368 0.0065807 0.660628 0.01058 
543 313.315 7.14152 98787.3 4378.25 0.813118 0.00681247 0.661801 0.010919 
544 315.108 6.16102 99950.5 3811.61 0.813293 0.00553003 0.662096 0.00890132 
545 315.225 6.9112 99995.3 4232.28 0.813459 0.00706529 0.662435 0.0113262 
546 315.815 6.31531 100356 3889.57 0.813654 0.00619597 0.66267 0.00996957 
547 322.116 7.62238 104400 4742.91 0.819305 0.0075311 0.67193 0.0121522 
548 318.317 5.35987 101935 3335.35 0.813699 0.00482687 0.662718 0.0077824 
549 322.501 5.716 104609 3563.68 0.815794 0.0050761 0.666114 0.00818893 
550 317.971 5.89877 101739 3665.76 0.811631 0.00514192 0.659318 0.00824836 
551 317.39 5.59143 101354 3466.13 0.811164 0.00533208 0.658589 0.00856027 
552 317.183 6.17817 101232 3836.95 0.81071 0.00564745 0.657808 0.00906297 
553 319.306 6.01613 102554 3740.46 0.811167 0.00554749 0.65851 0.00890643 
554 318.64 5.8149 102138 3618.69 0.810482 0.00527967 0.657427 0.00846181 
555 319.092 5.95024 102453 3719.17 0.81044 0.00526938 0.65741 0.0084702 
556 323.84 6.11687 105481 3827.85 0.814197 0.00558146 0.663472 0.00896942 
557 322.228 6.23698 104440 3907.04 0.812903 0.00612493 0.661396 0.00986751 
558 322.409 6.30534 104604 3947.49 0.810497 0.00559094 0.657514 0.00894711 
559 321.85 6.8104 104227 4284.82 0.811225 0.00606472 0.658651 0.00972222 
560 321.578 7.80718 104126 4891.75 0.81041 0.00691115 0.657383 0.0110418 
561 324.109 6.99897 105738 4416.02 0.812428 0.00626565 0.660649 0.0100673 
562 323.769 7.19826 105521 4551.3 0.811455 0.00665423 0.659071 0.0106927 
563 325.239 6.47413 106458 4102.7 0.813391 0.00660968 0.662306 0.0106729 
564 322.863 7.12179 104903 4521.05 0.808881 0.00636637 0.654894 0.0101887 
565 325.983 4.73679 106771 3015.99 0.811005 0.0041948 0.658185 0.00672848 
566 324.711 8.06027 106155 5111.46 0.809388 0.00695352 0.655776 0.0111071 
567 326.292 7.86836 107146 5000.19 0.810661 0.0064406 0.657747 0.0103066 
568 323.58 7.80621 105486 4939.2 0.807276 0.00658871 0.652431 0.0105103 
569 328.064 7.3417 108327 4701.15 0.811289 0.00539105 0.658768 0.00864198 
570 326.218 6.95238 107171 4462.44 0.80892 0.00528935 0.655006 0.00849225 
571 328.361 7.51432 108547 4832.65 0.809542 0.00548875 0.655985 0.00879786 
572 328.95 7.00948 108987 4514.15 0.810019 0.00492304 0.656757 0.00788294 
573 332.753 8.11513 111455 5239.9 0.812848 0.00583397 0.661265 0.00936337 
574 330.752 8.22569 110166 5325.4 0.810087 0.00617313 0.656847 0.00990028 
575 331.389 7.68259 110593 4991.78 0.810292 0.00534622 0.657188 0.00857404 
576 328.634 7.34587 108801 4757.13 0.808541 0.00544919 0.654369 0.00875707 
577 330.327 7.36231 109896 4743.56 0.809795 0.00535956 0.656395 0.00857823 
578 329.329 7.10725 109249 4611.05 0.807851 0.00530978 0.65326 0.00851805 
579 334.278 8.32001 112566 5404.14 0.811991 0.00610326 0.659933 0.00978035 
580 333.703 6.85371 112131 4463.64 0.81125 0.0050282 0.658704 0.00802764 
581 333.614 8.3286 112049 5397.97 0.810181 0.00624403 0.656955 0.0100012 
582 332.553 7.91922 111338 5138.06 0.809591 0.00608005 0.656008 0.00973563 
583 334.167 6.26367 112362 4096.33 0.808262 0.00591457 0.653867 0.0094898 
584 334.241 7.48769 112494 4892.84 0.810192 0.00525394 0.656965 0.00842147 
585 335.993 8.1341 113674 5309.83 0.810578 0.00556938 0.65761 0.00890889 
586 336.345 7.74057 113886 5080.68 0.810666 0.00551517 0.657725 0.00882857 
587 335.876 7.71632 113632 5042.77 0.808827 0.00545879 0.654778 0.00872313 
588 336.977 8.07903 114382 5273.46 0.809571 0.00590575 0.655978 0.00940725 
589 338.248 6.88275 115212 4540.56 0.810302 0.00491719 0.657146 0.0078746 
590 338.183 8.45807 115201 5526.72 0.809426 0.00612762 0.655746 0.00975174 
591 338.189 7.62148 115163 5021.98 0.808088 0.00555483 0.653576 0.00888351 
592 339.937 7.83787 116361 5136.6 0.810264 0.00578975 0.657088 0.00921269 
593 339.749 6.38412 116200 4218.38 0.80839 0.00502185 0.654043 0.00802394 
594 338.947 8.36239 115733 5502.48 0.80778 0.00614072 0.653099 0.0097828 
595 340.823 6.71932 116956 4463.42 0.808588 0.00518403 0.654382 0.00827954 
596 341.103 8.12834 117163 5379.62 0.80854 0.00588533 0.654327 0.00937254 
597 342.636 6.69484 118186 4488.98 0.809397 0.00520546 0.655686 0.00833513 
598 343.965 8.00531 119158 5339.71 0.810299 0.00579809 0.657156 0.00925014 
599 343.333 7.14307 118734 4803.32 0.808974 0.00576547 0.655043 0.00922368 
600 346.78 10.1268 121114 6763.69 0.811399 0.00699141 0.65893 0.0111689 
601 346.041 6.91284 120535 4678.7 0.809783 0.00547554 0.656291 0.00878328 
602 348.728 10.0222 122451 6688.29 0.812187 0.00722185 0.660195 0.0115243 
603 348.256 9.10794 122079 6116.8 0.810644 0.00646436 0.657681 0.0103233 
604 349.807 9.31888 123164 6268.03 0.812485 0.00654706 0.660663 0.0104596 
605 349.693 8.65016 123054 5834.94 0.811212 0.00625215 0.658583 0.00997802 
606 348.944 9.00686 122609 6052.11 0.811445 0.00640741 0.658978 0.0102278 
607 350.7 7.119 123793 4864.35 0.810514 0.00560557 0.657502 0.00898399 
608 352.539 8.2289 125058 5606.68 0.811845 0.00584884 0.659643 0.0093418 
609 351.564 7.54709 124381 5141.58 0.810594 0.00548774 0.657604 0.00874725 
610 353.035 8.58515 125366 5845.34 0.811872 0.00592359 0.659618 0.00947668 
611 354.999 6.4729 126775 4478.22 0.813312 0.00442815 0.661932 0.00708845 
612 352.525 7.13476 125071 4849.92 0.810364 0.00531794 0.657232 0.00847874 
613 355.155 9.33842 126884 6388.6 0.812285 0.0064611 0.660291 0.0103291 
614 353.191 8.40474 125529 5797.2 0.809914 0.00591538 0.656496 0.00949721 
615 354.733 8.23318 126626 5672.17 0.810942 0.00551702 0.658162 0.00884483 
616 355.351 7.8277 127036 5411.8 0.81057 0.00554315 0.657542 0.00889459 
617 356.839 8.04534 128100 5557.33 0.810594 0.00525033 0.657607 0.00840253 
618 356.49 7.66772 127847 5299.68 0.81061 0.00505046 0.657599 0.00809511 
619 360.175 7.44095 130470 5157.18 0.813154 0.00505798 0.661714 0.00810279 
620 357.509 8.35875 128618 5857.76 0.809927 0.00618187 0.656543 0.00993843 
621 359.906 7.73787 130236 5399.92 0.810868 0.00523728 0.658032 0.00840454 
622 361.797 8.66036 131653 6044.96 0.811969 0.00580025 0.659819 0.00930541 
623 362.85 7.47899 132386 5214.57 0.812578 0.00499309 0.660792 0.00798979 
624 364.236 7.67145 133447 5359.86 0.813439 0.00520092 0.662183 0.00832735 
625 363.69 6.43611 132972 4486.95 0.812453 0.00474333 0.660551 0.00759974 
626 362.569 6.97635 132215 4917.5 0.810575 0.00495966 0.657537 0.00795804 
627 365.345 6.10076 134168 4319.44 0.812608 0.00417551 0.660777 0.00670718 
628 364.916 6.7178 133952 4760.05 0.811558 0.00454427 0.659127 0.00728382 
629 368.759 6.55132 136678 4669.08 0.814428 0.00433787 0.663727 0.00697028 
630 367.67 6.76491 135946 4809.08 0.813258 0.00447861 0.661868 0.0071819 
631 367.303 6.63131 135642 4668.16 0.812335 0.00490216 0.660387 0.00783089 
632 370.449 6.65643 137963 4755.2 0.81381 0.00448206 0.66275 0.0071811 
633 372.509 6.37547 139418 4555.86 0.815416 0.00428843 0.6653 0.00685443 
634 371.623 6.37345 138786 4563.84 0.814286 0.00426893 0.663497 0.00682866 
635 373.525 5.85736 140130 4214.08 0.816252 0.00396515 0.666636 0.00635802 
636 372.001 6.30255 139106 4543.84 0.813261 0.00425461 0.661874 0.00681553 
637 377.538 6.47857 143159 4721.06 0.818039 0.00415386 0.669538 0.00667627 
638 371.987 6.1631 139078 4465.26 0.812273 0.00419008 0.660267 0.00672977 
639 377.372 6.48159 143005 4740.13 0.817715 0.00418306 0.669003 0.00672751 
640 374.452 6.79048 140965 4959.59 0.813246 0.00427877 0.661825 0.00687545 
641 379.894 7.30029 144994 5359.57 0.816517 0.0043868 0.667087 0.00703582 
642 378.648 6.8354 144162 5003.71 0.815228 0.00435739 0.665063 0.00698986 
643 377.468 6.58051 143224 4841.6 0.81459 0.0046414 0.664018 0.00746168 
644 377.589 7.2146 143409 5300.84 0.814417 0.00445702 0.663747 0.00715672 
645 373.582 7.29939 140311 5284.75 0.811908 0.00490509 0.659665 0.00784789 
646 374.728 6.93389 141214 5031.54 0.812237 0.00480841 0.660236 0.00770224 
647 374.761 6.81921 141206 4933.61 0.81163 0.00457962 0.659224 0.00731359 
648 375.874 6.89473 142103 5017.57 0.812035 0.00472929 0.659924 0.0075374 
649 375.154 6.82457 141531 4998.57 0.811409 0.00475126 0.65891 0.00762931 
650 374.749 8.10928 141264 5905.87 0.810525 0.0056978 0.657505 0.00909694 
651 376.093 7.67521 142227 5560.74 0.811234 0.00599241 0.658653 0.00957518 
652 376.897 7.47443 142823 5432.86 0.811596 0.00519999 0.659205 0.00832126 
653 386.065 7.46432 149830 5495.44 0.818253 0.00551915 0.670037 0.00887818 
654 376.399 7.0466 142490 5124.25 0.809291 0.00495529 0.655501 0.00787897 
655 379.469 7.77959 144737 5632.81 0.811385 0.00553181 0.658837 0.00881011 
656 378.155 6.3043 143756 4609.03 0.809786 0.0044569 0.656237 0.00711349 
657 382.006 7.0532 146694 5232.41 0.812064 0.00516222 0.659941 0.00826956 
658 381.752 6.44856 146506 4725.32 0.812087 0.00433624 0.659936 0.00691796 
659 382.721 7.07006 147249 5159.32 0.811925 0.00455001 0.659684 0.00724232 
660 382.27 9.18369 146958 6727.39 0.810693 0.00571362 0.657687 0.00909808 
661 380.075 9.2528 145310 6693.08 0.808976 0.00623059 0.654936 0.00989714 
662 383.576 7.80324 147835 5687.73 0.81146 0.00539498 0.658878 0.00859657 
663 380.994 9.18823 146053 6641.02 0.808412 0.00638154 0.654046 0.010115 
664 381.712 8.61279 146513 6301.6 0.80754 0.00609084 0.6526 0.00971092 
665 383.674 8.59322 148104 6278.79 0.808238 0.0058385 0.653745 0.00928356 
666 384.088 8.53285 148254 6262.83 0.808098 0.00597435 0.653473 0.00953805 
667 384.47 8.6713 148681 6338.35 0.808204 0.0056996 0.653679 0.00906221 
668 384.676 7.90753 148716 5815.11 0.806969 0.0052695 0.65163 0.00840625 
669 388.272 8.73347 151562 6484.28 0.80966 0.0056286 0.656002 0.00898156 
670 385.32 7.40886 149212 5457.62 0.804995 0.00521085 0.64847 0.0083239 
671 384.999 7.86509 149028 5797.08 0.806542 0.00534474 0.651013 0.00850398 
672 387.121 8.36834 150593 6210.99 0.806433 0.00570864 0.650784 0.00912491 
673 387.156 9.74842 150709 7215.41 0.807859 0.00648767 0.653128 0.0103249 
674 388.192 9.87226 151482 7341.38 0.808904 0.00684009 0.654806 0.0109031 
675 388.136 10.6721 151506 7923.92 0.8082 0.00723992 0.653679 0.0115315 
676 388.216 9.06053 151516 6721.24 0.808185 0.0064064 0.653636 0.0102064 
677 388.21 10.3397 151546 7684.73 0.807368 0.0071447 0.652333 0.0113776 
678 389.045 9.53761 152197 7083.77 0.80773 0.00671386 0.652922 0.0106912 
679 390 9.19425 152851 6886.74 0.807168 0.00630826 0.651977 0.0100623 
680 391.257 8.79492 153838 6595.55 0.807803 0.00601115 0.653013 0.00958833 
681 392.095 9.93522 154544 7441.26 0.807719 0.00683698 0.652874 0.0108933 
682 391.121 7.91922 153769 5929.06 0.806593 0.00599157 0.651077 0.00955357 
683 390.242 10.1104 153168 7539.48 0.805353 0.00688084 0.649107 0.0109358 
684 392.087 9.0984 154610 6815.86 0.806747 0.00651599 0.651361 0.0103738 
685 393.124 8.13331 155342 6116.43 0.806391 0.0060216 0.650763 0.00961348 
686 394.987 8.55896 156814 6504.75 0.808313 0.00563007 0.653847 0.00898598 
687 394.237 8.4527 156255 6371.33 0.806546 0.00574203 0.651037 0.00914794 
688 396.04 7.23788 157725 5562.26 0.808444 0.00524643 0.654095 0.00839565 
689 396.461 6.89025 158009 5261.3 0.808014 0.00502951 0.653401 0.00803495 
690 397.959 7.80145 159268 5915.21 0.810227 0.0057639 0.656983 0.00918575 
691 399.242 6.41201 160151 4897.45 0.811446 0.00465114 0.658904 0.00743655 
692 398.575 8.29862 159719 6256.91 0.809519 0.00621851 0.655829 0.00990033 
693 401.449 6.73745 161974 5184.04 0.811188 0.00500789 0.658523 0.00802411 
694 401.344 8.65046 162024 6593.62 0.81077 0.00608377 0.65786 0.00968891 
695 403.296 8.25474 163511 6324.81 0.811788 0.00574657 0.659477 0.00915183 
696 406.663 8.87989 166336 6953.43 0.813732 0.0063276 0.662712 0.010173 
697 403.428 5.62789 163513 4375.75 0.811189 0.00377334 0.658442 0.00601838 
698 402.184 6.19686 162545 4844.07 0.80926 0.00390582 0.655329 0.00621516 
