0 0
0.01 0.00999701
0.02 0.0411519
0.03 0.0969539
0.04 0.183211
0.05 0.308037
0.06 0.481837
0.07 0.717286
0.08 1.0293
0.09 1.43503
0.1 1.95377
0.11 2.60699
0.12 3.41825
0.13 4.41316
0.14 5.61935
0.15 7.06639
0.16 8.78574
0.17 10.8107
0.18 13.1764
0.19 15.9195
0.2 19.0784
0.21 22.6933
0.22 26.8054
0.23 31.4577
0.24 36.6944
0.25 42.561
0.26 49.1041
0.27 56.3714
0.28 64.4117
0.29 73.2746
0.3 83.0107
0.31 93.6712
0.32 105.308
0.33 117.974
0.34 131.721
0.35 146.604
0.36 162.676
0.37 179.99
0.38 198.602
0.39 218.566
0.4 239.935
0.41 262.764
0.42 287.106
0.43 313.017
0.44 340.548
0.45 369.754
0.46 400.686
0.47 433.398
0.48 467.941
0.49 504.365
0.5 542.721
0.51 583.059
0.52 625.427
0.53 669.874
0.54 716.446
0.55 765.189
0.56 816.149
0.57 869.369
0.58 924.893
0.59 982.762
0.6 1043.02
0.61 1105.7
0.62 1170.85
0.63 1238.49
0.64 1308.68
0.65 1381.44
0.66 1456.8
0.67 1534.81
0.68 1615.48
0.69 1698.85
0.7 1784.95
0.71 1873.81
0.72 1965.44
0.73 2059.88
0.74 2157.15
0.75 2257.27
0.76 2360.26
0.77 2466.14
0.78 2574.93
0.79 2686.65
0.8 2801.31
0.81 2918.92
0.82 3039.51
0.83 3163.08
0.84 3289.64
0.85 3419.2
0.86 3551.77
0.87 3687.36
0.88 3825.98
0.89 3967.63
0.9 4112.31
0.91 4260.03
0.92 4410.8
0.93 4564.61
0.94 4721.46
0.95 4881.35
0.96 5044.29
0.97 5210.27
0.98 5379.28
0.99 5551.33
