0 0
0.01 0.0149015
0.02 0.0596238
0.03 0.134221
0.04 0.238782
0.05 0.373433
0.06 0.538336
0.07 0.733689
0.08 0.959729
0.09 1.21673
0.1 1.505
0.11 1.82489
0.12 2.1768
0.13 2.56114
0.14 2.9784
0.15 3.42908
0.16 3.91374
0.17 4.43298
0.18 4.98746
0.19 5.57785
0.2 6.2049
0.21 6.86941
0.22 7.57222
0.23 8.31422
0.24 9.09637
0.25 9.91967
0.26 10.7852
0.27 11.6941
0.28 12.6475
0.29 13.6468
0.3 14.6932
0.31 15.7882
0.32 16.9332
0.33 18.1298
0.34 19.3797
0.35 20.6846
0.36 22.0463
0.37 23.4667
0.38 24.948
0.39 26.4922
0.4 28.1015
0.41 29.7784
0.42 31.5253
0.43 33.3448
0.44 35.2398
0.45 37.213
0.46 39.2677
0.47 41.4069
0.48 43.6341
0.49 45.953
0.5 48.3671
0.51 50.8806
0.52 53.4976
0.53 56.2226
0.54 59.0601
0.55 62.0152
0.56 65.0929
0.57 68.2989
0.58 71.6389
0.59 75.1191
0.6 78.7458
0.61 82.5261
0.62 86.467
0.63 90.5764
0.64 94.8623
0.65 99.3334
0.66 103.999
0.67 108.868
0.68 113.952
0.69 119.261
0.7 124.807
0.71 130.602
0.72 136.66
0.73 142.993
0.74 149.619
0.75 156.551
0.76 163.808
0.77 171.406
0.78 179.367
0.79 187.709
0.8 196.456
0.81 205.632
0.82 215.26
0.83 225.369
0.84 235.988
0.85 247.149
0.86 258.884
0.87 271.231
0.88 284.228
0.89 297.918
0.9 312.346
0.91 327.561
0.92 343.617
0.93 360.571
0.94 378.486
0.95 397.43
0.96 417.476
0.97 438.705
0.98 461.204
0.99 485.068
