0 0
0.01 0.0249025
0.02 0.0996399
0.03 0.224302
0.04 0.399038
0.05 0.624059
0.06 0.899635
0.07 1.2261
0.08 1.60384
0.09 2.03333
0.1 2.51507
0.11 3.04965
0.12 3.63773
0.13 4.28003
0.14 4.97732
0.15 5.73047
0.16 6.54041
0.17 7.40814
0.18 8.33474
0.19 9.32137
0.2 10.3693
0.21 11.4798
0.22 12.6542
0.23 13.8942
0.24 15.2013
0.25 16.5772
0.26 18.0236
0.27 19.5425
0.28 21.1358
0.29 22.8057
0.3 24.5544
0.31 26.3842
0.32 28.2977
0.33 30.2974
0.34 32.3862
0.35 34.5668
0.36 36.8424
0.37 39.2162
0.38 41.6916
0.39 44.2721
0.4 46.9616
0.41 49.7638
0.42 52.6832
0.43 55.7239
0.44 58.8906
0.45 62.1882
0.46 65.6218
0.47 69.1968
0.48 72.9188
0.49 76.7939
0.5 80.8283
0.51 85.0287
0.52 89.4021
0.53 93.9558
0.54 98.6978
0.55 103.636
0.56 108.779
0.57 114.137
0.58 119.719
0.59 125.535
0.6 131.595
0.61 137.913
0.62 144.499
0.63 151.366
0.64 158.528
0.65 166.
0.66 173.797
0.67 181.934
0.68 190.43
0.69 199.302
0.7 208.57
0.71 218.254
0.72 228.377
0.73 238.962
0.74 250.034
0.75 261.619
0.76 273.746
0.77 286.444
0.78 299.747
0.79 313.689
0.8 328.306
0.81 343.639
0.82 359.73
0.83 376.624
0.84 394.37
0.85 413.02
0.86 432.632
0.87 453.265
0.88 474.985
0.89 497.862
0.9 521.973
0.91 547.4
0.92 574.232
0.93 602.565
0.94 632.504
0.95 664.161
0.96 697.661
0.97 733.138
0.98 770.737
0.99 810.617
