0 0
0.01 0.019902
0.02 0.0796318
0.03 0.179261
0.04 0.31891
0.05 0.498746
0.06 0.718985
0.07 0.979894
0.08 1.28179
0.09 1.62503
0.1 2.01003
0.11 2.43727
0.12 2.90726
0.13 3.42058
0.14 3.97786
0.15 4.57977
0.16 5.22708
0.17 5.92056
0.18 6.6611
0.19 7.44961
0.2 8.28709
0.21 9.17459
0.22 10.1132
0.23 11.1042
0.24 12.1488
0.25 13.2484
0.26 14.4044
0.27 15.6183
0.28 16.8917
0.29 18.2262
0.3 19.6238
0.31 21.0862
0.32 22.6154
0.33 24.2136
0.34 25.8829
0.35 27.6257
0.36 29.4444
0.37 31.3415
0.38 33.3198
0.39 35.3822
0.4 37.5315
0.41 39.7711
0.42 42.1042
0.43 44.5343
0.44 47.0652
0.45 49.7006
0.46 52.4447
0.47 55.3018
0.48 58.2765
0.49 61.3734
0.5 64.5977
0.51 67.9546
0.52 71.4498
0.53 75.0892
0.54 78.8789
0.55 82.8256
0.56 86.9362
0.57 91.218
0.58 95.6789
0.59 100.327
0.6 105.171
0.61 110.219
0.62 115.483
0.63 120.971
0.64 126.695
0.65 132.667
0.66 138.898
0.67 145.401
0.68 152.191
0.69 159.282
0.7 166.688
0.71 174.428
0.72 182.518
0.73 190.978
0.74 199.826
0.75 209.085
0.76 218.777
0.77 228.925
0.78 239.557
0.79 250.699
0.8 262.381
0.81 274.635
0.82 287.495
0.83 300.997
0.84 315.179
0.85 330.085
0.86 345.758
0.87 362.248
0.88 379.606
0.89 397.89
0.9 417.16
0.91 437.481
0.92 458.925
0.93 481.568
0.94 505.495
0.95 530.796
0.96 557.569
0.97 585.921
0.98 615.97
0.99 647.843
