0.7 -1.199 124720000000 steps
120.5 0.270085 
n radius_n error   
0 0 0
1 1 5.63211e-09
2 2.6668 0.000124551
3 3.90187 0.000265649
4 6.05035 0.000454106
5 7.33515 0.000740414
6 9.77585 0.00089141
7 10.9161 0.00129478
8 13.4696 0.00161062
9 14.6927 0.00209308
10 17.2231 0.0025534
11 18.5174 0.00301266
12 21.1147 0.0042924
13 22.3854 0.00415924
14 25.054 0.00455817
15 26.3271 0.00529784
16 29.0404 0.00607175
17 30.3267 0.0070545
18 33.0757 0.00753202
19 34.3637 0.00788332
20 37.1622 0.00868031
21 38.4492 0.00970882
22 41.2742 0.0106109
23 42.5651 0.0110614
24 45.416 0.0146748
25 46.7082 0.014605
26 49.6109 0.0148015
27 50.897 0.0162356
28 53.8237 0.0158891
29 55.0933 0.0170153
30 58.0579 0.0177196
31 59.349 0.019067
32 62.3175 0.0205817
33 63.6045 0.0228482
34 66.6089 0.0231111
35 67.8883 0.0239937
36 70.9033 0.0256981
37 72.1857 0.028964
38 75.201 0.0328449
39 76.4829 0.0310705
40 79.5389 0.0356197
41 80.8546 0.031543
42 83.9261 0.0360719
43 85.2275 0.0369203
44 88.285 0.037281
45 89.5819 0.0421978
46 92.6703 0.0431506
47 94.0039 0.0453583
48 97.0828 0.0442159
49 98.4165 0.0456449
50 101.506 0.0482358
51 102.831 0.0501581
52 105.923 0.0555976
53 107.274 0.0611205
54 110.374 0.0609791
55 111.692 0.0688462
56 114.839 0.0579973
57 116.154 0.0599071
58 119.319 0.0625893
59 120.672 0.0649576
60 123.777 0.0711825
61 125.104 0.0762865
62 128.285 0.0797578
63 129.636 0.0827113
64 132.747 0.0742375
65 134.111 0.0774875
66 137.294 0.0780768
67 138.652 0.0817269
68 141.796 0.0862319
69 143.103 0.0857231
70 146.287 0.106654
71 147.656 0.0949296
72 150.85 0.103137
73 152.134 0.0994099
74 155.372 0.10486
75 156.766 0.103549
76 159.921 0.114586
77 161.299 0.111541
78 164.554 0.116855
79 165.955 0.124852
80 169.094 0.117744
81 170.483 0.119349
82 173.682 0.120921
83 175.002 0.129146
84 178.329 0.134968
85 179.744 0.148027
86 183.042 0.15279
87 184.413 0.153566
88 187.557 0.188155
89 188.909 0.177729
90 192.033 0.185482
91 193.513 0.177843
92 196.699 0.156488
93 198.213 0.161118
94 201.427 0.156923
95 202.869 0.159181
96 205.903 0.163053
97 207.354 0.170044
98 210.512 0.176196
99 211.844 0.176864
100 215.03 0.188904
101 216.421 0.194473
102 219.652 0.198212
103 221.289 0.2151
104 224.426 0.19989
105 225.864 0.207425
106 229.028 0.21096
107 230.486 0.212043
108 233.718 0.22934
109 235.229 0.260199
110 238.416 0.23346
111 239.806 0.227237
112 243.173 0.229924
113 244.58 0.251687
114 247.763 0.244453
115 249.217 0.237022
116 252.494 0.255841
117 253.865 0.264436
118 257.095 0.290795
119 258.547 0.291142
120 261.686 0.27596
121 262.997 0.323159
122 266.4 0.319568
123 267.808 0.366152
124 271.022 0.318225
125 272.309 0.323648
126 275.581 0.29965
127 276.804 0.312124
128 280.137 0.329767
129 281.526 0.330686
130 284.713 0.33635
131 286.026 0.400821
132 289.158 0.377562
133 290.649 0.380241
134 294.049 0.408179
135 295.307 0.34968
136 298.524 0.398065
137 299.956 0.406713
138 303.236 0.406325
139 304.567 0.383365
140 308.133 0.379718
141 309.258 0.415808
142 312.566 0.397159
143 314.042 0.379657
144 317.247 0.418796
145 318.588 0.393658
146 321.825 0.516729
147 323.322 0.482051
148 326.659 0.54714
149 327.843 0.481841
150 331.366 0.437186
151 332.842 0.432295
152 336.201 0.482747
153 337.642 0.416345
154 341.023 0.454571
155 342.294 0.449416
156 345.429 0.481861
157 346.741 0.477132
158 350.152 0.452044
159 351.665 0.480678
160 354.848 0.490357
161 356.377 0.472098
162 359.448 0.489815
163 360.735 0.492764
164 364.047 0.49638
165 365.563 0.510774
166 368.945 0.514628
167 370.244 0.518969
168 373.723 0.551604
169 375.239 0.526731
170 378.666 0.546466
171 380.155 0.557376
172 383.372 0.560929
173 384.91 0.562567
174 388.164 0.604622
175 389.691 0.581611
176 393.023 0.586528
177 394.216 0.584366
178 397.382 0.594683
179 398.951 0.614057
180 402.069 0.632001
181 403.377 0.670707
182 406.678 0.662668
183 408.359 0.716148
184 411.414 0.674775
185 413.027 0.671931
186 416.389 0.660844
187 417.812 0.67766
188 421.217 0.724085
189 422.614 0.688315
190 425.795 0.718682
191 427.138 0.781299
192 430.661 0.752645
193 432.197 0.765027
194 435.531 0.777828
195 436.997 0.739857
196 440.841 0.751255
197 442.103 0.800323
198 445.352 0.807583
199 446.826 0.828055
200 449.847 1.05294
201 450.968 0.952509
202 454.388 0.891023
203 455.853 0.848783
204 459.298 0.883916
205 460.863 0.8454
206 464.615 0.911777
207 465.868 0.907451
208 468.818 0.970071
209 470.235 0.988149
210 473.626 0.957023
211 475.055 1.06498
212 478.115 1.00255
213 479.586 1.08719
214 483.084 1.08306
215 485.434 1.05794
216 488.682 0.996251
217 490.186 1.04698
218 493.585 1.13528
219 495.264 1.1117
220 498.679 1.22221
221 500.283 1.2204
222 503.367 1.20019
223 504.861 1.43762
224 508.228 1.17651
225 509.056 1.187
226 512.577 1.16595
227 514.246 1.12697
228 517.718 1.17767
229 519.041 1.34894
230 522.111 1.2679
231 523.471 1.24897
232 526.205 1.27253
233 527.755 1.32522
234 530.882 1.31777
235 532.591 1.22104
236 535.868 1.34056
237 537.822 1.27224
238 541.474 1.29334
239 542.148 1.3093
240 544.774 1.30131
241 546.91 1.38426
242 550.054 1.33397
243 551.738 1.35369
244 554.622 1.5173
245 556.898 1.42512
246 560.085 1.585
247 561.648 1.42742
248 564.102 1.3999
249 565.653 1.42064
250 569.321 1.46599
251 570.32 1.45094
252 573.827 1.51446
253 574.709 1.51179
254 578.568 1.51979
255 579.603 1.51493
256 583.722 1.53589
257 585.393 1.50193
258 588.546 1.56594
259 590.074 1.55507
260 593.003 1.54891
261 594.387 1.5508
262 598.24 1.63852
263 599.496 1.58976
264 602.93 1.72077
265 603.993 1.75007
266 607.744 1.71797
267 608.835 1.68447
268 612.337 1.67806
269 612.948 1.85528
270 616.444 1.97617
271 617.686 2.27617
272 621.758 2.6577
273 623.32 2.55978
274 627.123 2.20694
275 627.741 2.10676
276 631.243 1.89628
277 632.713 1.92768
278 636.782 1.91354
279 637.442 1.8629
280 640.98 1.95166
281 641.367 2.01614
282 644.156 1.9903
283 645.112 2.03281
284 648.912 2.1188
285 649.998 2.15943
286 653.603 2.05622
287 654.766 2.12641
288 658.641 2.11495
289 659.109 2.13265
290 662.431 2.26405
291 663.771 2.20129
292 667.179 2.22843
293 669.038 2.27412
294 671.409 2.37138
295 673.279 2.42955
296 676.198 2.33565
297 677.957 2.38118
298 681.119 2.33874
299 682.427 2.35025
300 686.001 2.48647
301 687.247 2.42437
302 690.51 2.41389
303 691.501 2.51077
304 695.276 2.70506
305 697.374 2.57853
306 701.73 2.53303
307 703.349 2.59345
308 707.13 2.69095
309 707.472 2.49022
310 710.58 2.6603
311 711.404 2.50163
312 714.977 2.568
313 716.099 2.66577
314 718.512 2.78005
315 720.593 2.88729
316 721.031 2.67658
317 723.44 2.73729
318 726.514 2.9085
319 727.401 2.83148
320 730.231 2.73749
321 732.771 2.79173
322 734.924 3.06232
323 736.617 2.91248
324 740.012 2.98561
325 741.976 3.05351
326 745.066 2.94419
327 747.451 2.90187
328 750.585 3.07998
329 752.355 2.96243
330 753.238 3.2036
331 754.542 2.9611
332 757.404 3.16372
333 760.416 3.011
334 763.107 3.10508
335 764.87 3.26173
336 768.261 3.42742
337 769.782 3.25747
338 773.831 3.49218
339 773.824 3.33156
340 776.337 3.16015
341 778.928 3.24846
342 782.349 3.21299
343 785.29 3.15968
344 788.896 3.31152
345 791.704 3.38548
346 794.554 3.69496
347 793.532 3.36517
348 797.32 3.40716
349 797.851 3.3598
350 801.248 3.41336
351 803.097 3.36346
352 807.084 3.4642
353 808.537 3.45437
354 812.5 3.47551
355 814.137 3.48144
356 816.385 3.66
357 818.637 3.7355
358 822.333 3.64609
359 822.893 3.56325
360 827.606 3.64678
361 828.469 3.59147
362 832.838 3.75959
363 834.072 3.73781
364 837.204 3.79311
365 837.949 3.76509
366 841.298 3.79314
367 842.69 3.8096
368 846.477 3.8865
369 849.405 3.93757
370 851.871 3.97392
371 853.39 3.96559
372 857.536 4.10222
373 859.815 4.07613
374 863.141 4.09707
375 866.108 4.33048
376 867.391 4.23496
377 867.972 4.22579
378 872.064 5.26057
379 872.775 4.4559
380 875.751 4.60359
381 876.894 4.88474
382 881.203 4.74568
383 885.006 4.52196
384 888.139 4.65126
385 890.386 4.65688
386 892.426 4.75832
387 890.966 4.60392
388 894.831 5.02829
389 896.395 4.92098
390 901.733 4.94782
391 902.013 4.72497
392 904.484 5.08492
393 904.127 5.15115
394 907.871 4.75006
395 908.503 5.15393
396 913.363 5.48469
397 915.012 5.09543
398 915.714 4.96527
399 919.381 4.89615
400 918.69 4.99439
401 921.614 5.0501
402 924.832 5.45638
403 927.943 5.21948
404 930.557 5.12724
405 932.826 5.31079
406 936.786 5.51407
407 935.605 5.43655
408 939.325 5.41551
409 940.73 5.63012
410 944.501 5.58974
411 945.738 5.5462
412 949.712 5.56533
413 951.342 5.66602
414 954.439 5.8108
415 957.082 5.65313
416 957.511 5.85623
417 963.221 5.7766
418 963.921 5.7049
419 966.997 5.62942
420 970.674 6.25761
421 970.833 5.74584
422 975.622 6.06159
423 975.427 5.84761
424 980.629 5.89776
425 982.289 6.77731
426 986.666 6.48153
427 987.377 6.40077
428 989.048 6.20548
429 990.099 6.52088
430 993.924 6.64779
431 995.195 6.80113
432 996.233 7.25133
433 998.787 7.23313
434 1000.71 7.42607
435 1005.84 7.10788
436 1008.93 6.98354
437 1010.11 7.36174
438 1014.22 7.19323
439 1018.2 7.02081
440 1016.19 7.50799
441 1019.92 7.88348
442 1023.9 7.94977
443 1025.86 7.52185
444 1028.37 7.37236
445 1032.06 7.68729
446 1033.87 7.72918
447 1037.1 7.67995
448 1035.29 8.26327
449 1039.21 9.38735
450 1040.07 8.94456
451 1042.09 9.0326
452 1046.37 9.00274
453 1048.47 8.80248
454 1052.05 7.61116
455 1049.91 7.70602
456 1055.4 7.88018
457 1058.38 8.69591
458 1062.31 7.70134
459 1064.61 8.9119
460 1066.23 8.33055
461 1068.49 8.1255
462 1068.08 8.31213
463 1072.13 8.73405
464 1075.57 8.89406
465 1080.67 8.83143
466 1080.9 7.87898
467 1084.21 8.98277
468 1087.2 9.70131
469 1085.45 9.99021
470 1090.28 10.1551
471 1090.48 11.6357
472 1094.87 11.072
473 1092.96 10.5836
474 1101.41 11.362
475 1099.44 11.0868
476 1108.65 10.9287
477 1103.35 9.54579
478 1109.19 10.9014
479 1103.27 10.9389
480 1111.63 9.97588
481 1113.33 11.2104
482 1119.71 10.0981
483 1119.96 10.1174
484 1126.13 10.5757
485 1126.44 10.2844
486 1133 9.9559
487 1132.47 10.7178
488 1136.18 10.2051
489 1137.47 10.9837
490 1141 11.8949
491 1140.98 12.16
492 1144.44 11.0656
493 1140.45 11.8823
494 1143.86 12.4397
495 1148.05 10.5068
496 1151.53 11.0328
497 1154.69 12.3864
498 1157.65 13.8961
499 1158.98 12.8318
500 1161.67 12.954
501 1162.79 13.6116
502 1162.19 13.7828
503 1168.94 13.3783
504 1167.05 13.8718
505 1173.39 13.096
506 1171.13 13.8499
507 1172.19 14.952
508 1175.96 15.2487
509 1176.11 13.1963
510 1179.16 13.8804
511 1178.82 13.5359
512 1181.55 13.7657
513 1178.79 13.3504
514 1182.02 13.7009
515 1181.1 13.3579
516 1185.37 12.9565
517 1183.14 12.1276
518 1185.05 13.5563
519 1185.47 20.2887
520 1191.1 19.2154
521 1190.68 19.6839
522 1194.23 20.7402
523 1199.03 21.5537
524 1202.28 18.7967
525 1199.54 18.6627
526 1203.65 17.3064
527 1207.9 14.5551
528 1212.94 15.7529
529 1212.79 17.379
530 1222.01 17.4323
531 1224.15 15.555
532 1222.52 14.3141
533 1223.21 14.5459
534 1232.02 12.9935
535 1232.03 14.2908
536 1236.33 15.1136
537 1235.44 15.3695
538 1242.44 14.9678
539 1244.18 15.2995
540 1246.09 14.6834
541 1247.36 15.5076
542 1249 13.9946
543 1247.7 13.5183
544 1249.12 13.1004
545 1246.74 12.9716
546 1248.82 14.056
547 1251.54 13.9437
548 1256.92 13.9426
549 1256.05 14.3298
550 1259.03 15.6869
551 1258.51 14.5457
552 1262.24 14.418
553 1267.25 14.6087
554 1268.23 18.1675
555 1270.13 18.5218
556 1272.03 18.0652
557 1277.7 14.7049
558 1281.04 14.767
559 1288.65 16.3619
560 1288.73 15.8081
561 1289.09 15.0035
562 1286.77 14.4191
563 1290.9 14.5091
564 1289.86 16.3149
565 1291.22 18.6511
566 1290.51 19.4329
567 1286.08 18.0221
568 1295.19 17.3094
569 1293.79 15.9302
570 1298.44 15.8577
571 1297.67 16.3941
572 1296.23 15.6021
573 1297.07 17.4333
574 1300.11 18.0945
575 1309.64 16.074
576 1311.85 16.399
577 1313.23 16.0874
578 1310.45 18.5136
579 1317.03 16.8305
580 1312.55 17.1016
581 1323.19 18.1458
582 1316.02 17.9507
583 1319.74 19.0227
584 1320.31 20.8317
585 1327.25 17.1363
586 1330.6 17.479
587 1332.04 17.4421
588 1340.47 19.6449
589 1342.2 19.5806
590 1345.57 19.5566
591 1343.11 21.1464
592 1352.32 20.1027
593 1354.09 21.3614
594 1357.86 24.0266
595 1369.01 24.8827
596 1375.48 24.4467
597 1381.14 21.7765
598 1385.57 23.4853
599 1387.98 20.6754
600 1387.99 20.1739
601 1381.73 21.2705
602 1387.83 19.1908
603 1387.21 21.4063
604 1397.82 26.3481
605 1399.11 26.2111
606 1397.24 31.7954
607 1403.54 33.0542
608 1400.86 29.7823
609 1406.97 31.4764
610 1406.52 31.8812
611 1411.09 28.2848
612 1406.92 30.0486
613 1407.08 28.6449
614 1411.32 32.578
615 1423.93 30.369
616 1421.69 27.0302
617 1415.67 25.9294
618 1425.77 22.7107
619 1425.9 23.2141
620 1423.99 22.7169
621 1427.86 25.1972
622 1433.69 26.8876
623 1432.6 28.4316
624 1441.32 30.672
625 1442.97 30.2884
626 1447.07 30.5794
627 1450.71 31.7226
628 1454.16 33.3397
629 1457.23 28.5151
630 1458.34 30.6123
631 1456.15 27.8046
632 1458.79 27.1673
633 1467.92 27.4726
634 1471.45 33.7958
635 1483.04 37.9253
636 1485.99 37.7587
637 1492.02 38.3547
638 1489.94 36.0351
639 1496.01 31.2205
640 1503.46 35.4751
641 1517.56 37.0952
642 1514.64 31.4391
643 1517.44 36.1954
644 1530.84 31.0103
645 1541.08 35.0913
646 1541.3 34.838
647 1541.08 44.1485
648 1542.02 39.395
649 1540.32 41.1579
650 1541.82 47.0893
651 1554.38 43.8375
652 1550.28 41.2482
653 1552.97 42.2476
654 1554.28 41.6196
655 1552.31 43.1574
656 1551.8 38.1019
657 1548.28 39.0159
658 1553.73 39.0028
659 1555.73 43.9272
660 1561.27 40.9165
661 1569.13 40.9616
662 1561.56 38.6617
663 1558.23 40.728
664 1561.07 42.5332
665 1567.9 40.9181
666 1566.17 40.0421
667 1559.5 40.6909
668 1567.67 43.2011
669 1564.71 45.016
670 1566.8 43.3795
671 1580.47 47.0409
672 1576.49 44.3436
673 1573.68 48.1368
674 1572.45 57.1616
675 1582.77 50.3621
676 1585.18 46.0957
677 1599.62 48.93
678 1603.42 43.187
679 1613.13 40.9366
680 1607.36 42.761
681 1609.96 39.014
682 1601.75 39.5084
683 1602 48.5013
684 1607.59 47.5012
685 1608.21 50.9861
686 1620.5 45.5358
687 1622.25 38.3746
688 1620.42 41.1774
689 1608.4 40.8331
690 1612.54 61.8233
691 1623.63 57.1185
692 1602.82 50.5497
693 1602 42.6294
694 1605.12 43.5663
695 1601.14 40.3015
696 1608.68 41.8105
697 1611.77 37.5262
698 1611.5 34.7482
699 1605.29 41.4938
700 1607.55 41.7437
701 1603.11 43.176
702 1625.95 38.9956
703 1630.87 43.1462
704 1636.57 40.4425
705 1642.9 39.3127
706 1647.73 41.5375
707 1648.97 46.7359
708 1638.49 49.6508
709 1649.02 47.4158
710 1640.22 39.7851
711 1636.81 38.9596
712 1660.2 37.965
713 1655.99 40.0083
714 1662.26 36.3063
715 1691.96 43.7811
716 1684.13 48.4176
717 1683.67 56.5692
718 1674.67 54.8684
719 1680.31 58.1441
720 1680.47 55.5059
721 1682.78 55.7757
722 1671.55 58.8664
723 1692.31 64.7375
724 1711.72 72.0065
725 1686.09 62.7813
726 1697.62 53.9813
727 1680.09 45.1602
728 1682.91 48.8632
729 1676.19 41.4195
730 1693.89 49.1761
731 1694.77 46.4831
732 1715.16 51.3445
733 1700.29 45.2868
734 1693.8 42.9299
735 1710.43 43.0635
736 1711.45 40.1036
737 1713.68 48.1811
738 1711.53 49.9829
739 1701.64 43.8118
740 1709.41 40.8268
741 1700.42 43.1216
742 1695.18 47.5874
743 1708.34 44.7035
744 1701.51 43.0702
745 1724.79 44.9543
746 1717.24 49.2079
747 1718.09 47.4298
748 1716.98 50.9427
749 1711.91 50.326
750 1720.86 53.9521
751 1730.97 51.286
752 1738.95 65.1488
753 1737.22 57.054
754 1739.04 78.8984
755 1724.33 77.5838
756 1708.78 79.1631
757 1704.15 76.2934
758 1720.6 77.8189
759 1736.09 77.3527
760 1768.79 69.7214
761 1749.15 60.1665
762 1754.71 56.5494
763 1741.62 55.7411
764 1746.48 66.1422
765 1753.62 55.0024
766 1758.61 59.1793
767 1786.98 58.5291
768 1794.9 79.6273
769 1797.2 69.948
770 1804.49 79.1422
771 1817.16 86.3277
772 1816.77 89.137
773 1811.26 82.0262
774 1808.36 88.2644
775 1860 84.4707
776 1842.49 76.4658
777 1839.83 78.288
778 1818.78 80.5738
779 1832.16 70.956
780 1833.75 65.3319
781 1841.32 60.8573
782 1848.74 66.7999
783 1842.44 63.5849
784 1846.16 58.6132
785 1846.68 61.7495
786 1860.01 60.4972
787 1839.97 72.3345
788 1840.28 63.0051
789 1830.38 63.3165
790 1844.07 66.7739
791 1869.61 83.9896
792 1865.72 84.8353
793 1861.41 67.3847
794 1848.55 67.4229
795 1823.38 76.3158
796 1814.99 66.2278
797 1840.47 61.2634
798 1838.55 64.9113
799 1856.84 59.6763
800 1842.96 63.9498
801 1861.2 64.2088
802 1873.44 62.7516
803 1843.94 60.1857
804 1873.8 67.032
805 1842.23 63.6993
806 1866.59 69.4865
807 1842.47 65.1459
808 1836.67 66.1688
809 1816.92 63.9449
810 1854.15 66.693
811 1846.29 69.63
812 1831.34 71.2472
813 1829.41 70.5268
814 1840.76 69.3026
815 1851.01 71.2638
816 1834.21 78.1328
817 1830.09 79.2126
818 1841.99 87.6484
819 1821.31 82.9926
820 1869.06 91.3556
821 1808.82 83.0694
822 1846.15 86.5543
823 1815.51 89.2545
824 1807.02 79.907
825 1806.7 80.6425
826 1810.77 79.3681
827 1801.9 81.5092
828 1820.6 79.5668
829 1785.56 88.7295
830 1798.02 80.9115
831 1785.2 80.6516
832 1787.36 88.8415
833 1781.33 70.7165
834 1794.54 78.5596
835 1804.27 78.1866
836 1778.76 86.3492
837 1815.21 76.8644
838 1833.77 79.8449
839 1812.52 72.4859
840 1785.65 71.9242
841 1796.06 76.237
842 1824.28 76.4762
843 1819.27 87.8378
844 1820.51 80.8206
845 1808.92 84.4287
846 1804.69 86.888
847 1803.1 90.4792
848 1815.93 91.3586
849 1855.2 76.5498
850 1844.02 78.7583
851 1833.52 68.4301
852 1798.79 78.555
853 1823.8 85.2779
854 1820.88 88.2056
855 1834.77 95.4233
856 1835.05 101.103
857 1871.2 86.9296
858 1867.88 87.6115
859 1838.94 84.9964
860 1878.28 87.173
861 1866.16 85.6218
862 1862.13 93.6148
863 1889.2 85.9793
864 1867.41 105.032
865 1867.9 96.2671
866 1882.75 97.0902
867 1842.07 90.2742
868 1842.19 108.474
869 1832.97 87.3589
870 1845.36 87.1066
871 1830.5 93.4595
872 1817.29 108.457
873 1840.81 96.8585
874 1864.96 116.707
875 1869.24 101.579
876 1866.5 104.384
877 1871.25 96.5591
878 1890.57 109.84
879 1897.86 106.481
880 1919.42 98.0035
881 1921.49 87.7538
882 1953.96 89.2154
883 1939.2 96.0909
884 1897.39 103.461
885 1962.24 129.008
886 1909.37 117.139
887 1968.95 118.687
888 1958.46 96.091
889 1957.86 100.747
890 1954.91 108.802
891 1931.29 118.988
892 1956.86 108.825
893 1893.93 129.051
894 1916.96 107.934
895 1956.09 119.754
896 1961.03 114.964
897 1944.19 121.023
898 1947.21 117.464
899 1908.39 111.454
900 1928.28 98.2847
901 1895.89 86.2698
902 1937.8 98.2306
903 1903.5 85.7841
904 1896.52 88.1662
905 1870.28 95.8015
906 1876.47 101.613
907 1905.53 85.2353
908 1888.43 91.6292
909 1885.3 91.1294
910 1911.55 95.3904
911 1911.69 97.1777
912 1954.16 104.608
913 1901.73 96.5519
914 1973.17 96.1221
915 1952.82 102.438
916 1942.54 95.9609
917 1918.58 103.786
918 1958.29 99.6444
919 1957.42 89.084
920 1982.49 102.423
921 1975.71 87.845
922 2037.34 96.0957
923 2022.79 92.0619
924 2036.85 104.116
925 2060.44 98.0744
926 2121.13 112.582
927 2082.16 107.372
928 2094.42 116.298
929 2095.01 114.644
930 2133.88 116.872
931 2092.78 107.949
932 2132.53 111.926
933 2163.65 125.668
934 2177.72 129.869
935 2168.87 131.552
936 2187.8 111.269
937 2166.17 125.199
938 2175.77 124.503
939 2145.28 123.176
940 2127.34 124.532
941 2156.08 125.103
942 2201.46 127.52
943 2200.91 123.44
944 2188.17 126.752
945 2192.84 114.552
946 2177.65 115.402
947 2212.01 120.505
948 2190.36 109.498
949 2187.5 128.079
950 2123.76 105.303
951 2149.8 117.666
952 2176.54 124.926
953 2171.32 117.47
954 2174.22 109.029
955 2188.94 128.702
956 2138.87 114.188
957 2109.59 103.834
958 2121.91 112.478
959 2084.62 111.426
960 2088.07 122.493
961 2095.35 130.354
962 2104.62 128.918
963 2153.39 169.353
964 2104.07 140.654
965 2146.01 139.695
966 2102.22 155.717
967 2120.87 175.719
968 2081.44 132.546
969 2059.87 132.685
970 2077.6 193.47
971 2067.1 126.06
972 2076.13 144.266
973 2060.95 155.854
974 2074.7 158.608
975 2061.04 152.868
976 2080.86 171.766
977 2095.63 144.313
978 2107.08 152.04
979 2127.83 167.091
980 2086.58 147.552
981 2137.87 164.932
982 2148.21 154.592
983 2121.52 161.881
984 2108.76 182.54
985 2137.55 152.521
986 2146.21 180.778
987 2204.35 144.153
988 2128.35 161.399
989 2178.97 146.208
990 2125.61 152.256
991 2102.09 170.197
992 2138.24 173.278
993 2073.7 149.331
994 2088.83 166.123
995 2104.53 150.981
996 2156.9 150.5
997 2148.82 131.145
998 2174.1 171.19
999 2094.9 146.27
1000 2162.3 143.544
1001 2187.74 158.205
1002 2153.28 148.817
1003 2203.59 165.505
1004 2275.52 181.759
1005 2273.03 167.183
1006 2221.69 166.392
1007 2225.28 181.598
1008 2244.71 184.009
1009 2235.83 195.068
1010 2247.05 166.261
1011 2196.06 152.724
1012 2271.21 185.618
1013 2249.2 169.707
1014 2250.46 170.113
1015 2223.64 187.685
1016 2264.64 183.618
1017 2168.68 159.979
1018 2237.76 155.519
1019 2196.01 165.561
1020 2184.58 143.839
1021 2178.65 169.453
1022 2202.45 142.257
1023 2206.54 161.559
1024 2221.72 168.11
1025 2250.97 208.188
1026 2203.21 176.591
1027 2183.62 201.243
1028 2199.16 216.989
1029 2152.36 200.992
1030 2218.88 257.918
1031 2241.93 234.474
1032 2315.15 247.855
1033 2338.99 254.386
1034 2336.18 266.959
1035 2307.27 305.422
1036 2401.46 283.858
1037 2413.05 316.222
1038 2362.92 248.453
1039 2399.47 325.774
1040 2349.68 313.368
1041 2420.47 290.561
1042 2330.79 298.178
1043 2329.51 316.324
1044 2316.69 297.829
1045 2335.26 307.383
1046 2274.59 310.573
1047 2211.38 298.011
1048 2169.64 296.935
1049 2239.46 294.588
1050 2295.35 299.534
1051 2314.76 296.43
1052 2316.38 299.184
1053 2274.97 316.84
1054 2321.09 313.805
1055 2289.73 328.04
1056 2365.41 301.896
1057 2339.51 311.152
1058 2388.36 299.72
1059 2259.53 299.309
1060 2380.11 328.858
1061 2232.79 330.477
1062 2270.23 357.114
1063 2267.37 351.291
1064 2274.85 354.133
1065 2245.58 337.412
1066 2306.97 348.88
1067 2355.73 309.497
1068 2332.96 337.003
1069 2377.38 326.808
1070 2289.73 276.939
1071 2349.55 384.023
1072 2371.91 393.024
1073 2338.89 387.08
1074 2242.52 359.882
1075 2320.34 375.085
1076 2319.42 418.753
1077 2279.2 436.375
1078 2288.72 386.478
1079 2242.48 316.604
1080 2167.82 286.288
1081 2213.66 307.041
1082 2223.93 317.868
1083 2191.48 323.636
1084 2154.22 300.407
1085 2114.7 286.877
1086 2196 340.019
1087 2215.74 354.782
1088 2254.28 328.05
1089 2354.57 302.092
1090 2361.21 297.102
1091 2359.79 300.792
1092 2425.97 283.15
1093 2397.74 309.631
1094 2382.88 257.253
1095 2384.45 277.339
1096 2378.67 295.737
1097 2299.39 268.139
1098 2359.78 278.159
1099 2324.22 249.905
1100 2397.73 267.498
1101 2353.81 280.797
1102 2289.47 271.75
1103 2338.26 313.748
1104 2355.8 334.762
1105 2426.28 291.716
1106 2362.91 327.13
1107 2377.09 326.752
1108 2269.59 298.762
1109 2234.23 311.401
1110 2208.12 339.495
1111 2229.55 275.288
1112 2217.29 378.779
1113 2123.47 306.26
1114 2168.79 350.43
1115 2110.34 298.349
1116 2061.77 294.805
1117 2036.81 282.289
1118 2088.52 345.122
1119 2035.5 252.301
1120 2096.57 276.974
1121 2076.16 340.137
1122 2129.14 285.74
1123 2054.69 321.663
1124 2108.3 302.891
1125 2041.14 354.285
1126 2096.6 310.849
1127 2051.72 365.137
1128 2065.75 383.119
1129 2078.91 341.173
1130 1994.74 341.035
1131 1979.55 351.11
1132 2075.34 345.377
1133 2054.72 334.368
1134 2072.89 366.47
1135 2118.08 409.588
1136 2068.17 389.233
1137 2124.32 374.291
1138 2087.38 320.092
1139 2124 382.752
1140 2184.87 334.517
1141 2219.65 354.785
1142 2253.08 327.803
1143 2202.32 358.956
1144 2287.27 386.712
1145 2364.43 372.344
1146 2334.1 414.702
1147 2256.02 333.437
1148 2273.27 440.547
1149 2372.62 421.657
1150 2283.47 458.547
1151 2238.56 365.716
1152 2264.49 365.715
1153 2050.51 463.053
1154 2178.05 371.849
1155 2273.83 424.559
1156 2254.62 384.96
1157 2321.82 404.325
1158 2295.73 461.29
1159 2226.36 368.217
1160 2301.71 398.678
1161 2195.29 405.686
1162 2324.34 434.238
1163 2260.91 385.037
1164 2269.1 376.081
1165 2249.13 410.033
1166 2278.27 395.831
1167 2187.85 390.716
1168 2159.68 435.76
1169 2214.52 568.414
1170 2205.38 540.787
1171 2235.6 531.93
1172 2179.72 435.187
1173 2348.88 522.04
1174 2266.26 443.771
1175 2413.22 473.224
1176 2292.81 441.507
1177 2353.09 469.944
1178 2409.14 555.939
1179 2577.29 571.894
1180 2491.52 549.643
1181 2477.51 499.087
1182 2463.15 554.268
1183 2505.65 486.769
1184 2609.38 534.274
1185 2644.02 448.24
1186 2582 464.731
1187 2700.96 457.141
1188 2582.69 551.454
1189 2588.07 472.128
1190 2614.44 581.5
1191 2537.13 461.769
1192 2425.45 531.6
1193 2574.94 558.2
1194 2335.25 495.644
1195 2315.67 447.675
1196 2274.56 481.515
1197 2369.2 405.973
1198 2319.91 485.91
1199 2407.22 402.246
1200 2310.9 477.974
1201 2259.09 435.279
1202 2354.41 425.392
1203 2543.01 467.709
1204 2520.1 503.311
1205 2609.75 546.719
1206 2618.31 459.495
1207 2785.49 529.907
1208 2680.01 464.812
1209 2792.91 501.743
1210 2593.52 505.977
1211 2717.52 492.09
1212 2711.62 497.024
1213 2742.02 487.745
1214 2702.24 510.521
1215 2754.67 499.328
1216 2731.95 446.647
1217 2600.58 524.731
1218 2658.04 458.291
1219 2748.14 650.688
1220 2709.03 581.443
1221 2572.52 611.207
1222 2809.75 577.232
1223 2699.47 546.177
1224 2744.57 696.406
1225 2666.47 650.803
1226 2682.22 622.773
1227 2430.33 499.734
1228 2506.67 581.21
1229 2472.56 531.815
1230 2401.61 507.776
1231 2553.6 586.398
1232 2480.06 616.241
1233 2711.45 573.538
1234 2696.28 595.394
1235 2694.13 609.092
1236 2813.26 602.41
1237 2818.27 551.934
1238 2826.9 557.504
1239 2987.4 523.309
1240 2889.1 589.868
1241 2901.17 579.811
1242 3093.14 756.583
1243 2726.11 569.833
1244 2941.79 603.119
1245 2711.16 645.792
1246 2938.34 641.791
1247 2721.2 695.722
1248 2958.76 623.73
1249 2945.55 620.784
1250 2955.67 641.866
1251 2854.44 604.788
1252 2757.2 599.514
1253 2661.79 573.718
1254 2644.27 693.966
1255 2764.76 731.698
1256 3048.64 663.021
1257 2879.19 706.763
1258 2801.35 574.984
1259 2944.6 602.939
1260 2873.89 719.953
1261 3189.34 828.573
1262 3213.3 870.253
1263 3130.26 808.979
1264 3075.81 735.322
1265 3370.38 720.178
1266 3312.84 770.813
1267 3517.59 670.148
1268 3082.87 766.471
1269 3241.81 843.06
1270 3212.94 751.493
1271 3435.47 708.27
1272 3334.15 716.53
1273 3247.24 806.18
1274 2984.86 582.704
1275 3220.67 615.022
1276 3139.57 611.466
1277 3024.38 645.202
1278 3154.76 588.116
1279 3165.21 619.871
1280 2955.3 760.012
1281 2864.8 655.49
1282 2983.82 558.875
1283 2782.2 527.503
1284 2950.8 639.819
1285 2753.65 544.093
1286 2726.59 571.67
1287 2692.5 542.984
1288 2933.12 546.192
1289 2849.02 618.309
1290 2902.01 741.723
1291 2698.92 601.599
1292 2875.42 534.397
1293 2675.62 584.751
1294 3030.65 764.255
1295 2735.08 652.281
1296 3198.5 755.733
1297 2883.3 747.196
1298 2927.91 700.065
1299 3023.22 739.551
1300 3022.52 791.215
1301 3113.37 766.592
1302 3190.85 901.824
1303 3185.53 889.935
1304 3329.33 907.126
1305 3254.81 665.945
1306 3193.53 646.073
1307 3274.18 762.075
1308 3158.87 694.308
1309 3029.1 674.841
1310 2897.1 643.787
1311 2949.53 738.027
1312 2884.2 757.337
1313 2780.09 694.695
1314 2945.73 683.478
1315 2898.47 795.427
1316 3024.41 683.412
1317 3208.22 790.142
1318 3091.1 680.669
1319 3270.65 792.459
1320 3514.17 768.846
1321 3372.24 796.818
1322 3286.57 849.022
1323 3416.04 833.565
1324 3412.91 846.166
1325 3196.08 862.686
1326 3226.85 812.696
1327 3194.62 765.747
1328 3231.74 908.311
1329 3196.65 885.578
1330 3098.76 813.913
1331 2768.53 661.924
1332 2777.39 714.51
1333 2486.47 871.558
1334 2840.73 739.026
1335 2744.78 625.876
1336 3208.96 733.987
1337 2930.89 683.607
1338 3239.18 934.718
1339 3234.14 698.202
1340 3181.81 1020.13
1341 3290.07 879.418
1342 3276.96 767.083
1343 3394.92 744.227
1344 3529.14 825.529
1345 3464.14 811.693
1346 3640.81 874.472
1347 3635.53 871.133
1348 3821.29 953.695
1349 3590.1 833.465
1350 3748.07 1082.73
1351 3527.29 792.286
1352 3117.06 829.12
1353 3004.73 913.068
1354 2683.36 790.091
1355 2800.91 1045.07
1356 2897.34 891.305
1357 2715.05 1049.27
1358 2632 944.615
1359 2593.13 760.039
1360 2812.33 761.942
1361 2565.4 852.434
1362 2337.89 792.146
1363 1822.5 708.128
1364 2142.66 865.746
1365 2019.29 784.421
1366 2218.06 841.041
1367 2153.72 831.482
1368 2206.65 653.494
1369 2379.5 809.021
1370 2725.62 872.858
1371 2774.77 1176.17
1372 2716.14 833.828
1373 2882.9 749.629
1374 2899 698.13
1375 3305 762.489
1376 3394.81 761.891
1377 3053.17 845.762
1378 3001.76 741.784
1379 2817.34 716.083
1380 3573.16 818.159
1381 2721.6 830.327
1382 3277.22 1069.11
1383 3708.28 864.879
1384 3893.36 1051.47
1385 3778.71 918.225
1386 3895.48 835.456
1387 3645.32 986.812
1388 3285.25 881.648
1389 3207.94 905.694
1390 2626.7 826.266
1391 3071.81 1017.07
1392 3002.6 806.955
1393 2617.75 826.959
1394 2629.39 957.913
1395 2216.71 649.686
1396 1706.97 430.68
1397 2115.33 651.981
1398 1838.59 477.673
1399 2266.36 541.196
1400 1661.49 258.555
1401 1660.91 239.581
1402 1739.02 320.91
1403 1792.53 297.565
1404 1762.5 329.474
1405 1499.19 303.067
1406 1672.36 331.146
1407 1455.63 174.498
1408 1532 281.068
1409 1437.79 204.523
1410 1536.99 309.068
1411 1732.24 433.144
1412 1502.53 357.132
1413 1415.54 331.395
1414 1369.1 342.804
1415 1773.75 424.574
1416 1359.01 376.326
1417 1444.29 379.365
1418 1437.49 478.155
1419 1307.05 333.854
1420 1663.54 467.398
1421 1423.41 352.016
1422 1607.03 473.345
1423 1396.2 349.283
1424 1364.14 292.291
1425 1320.58 258.957
1426 1451.56 398.575
1427 1446.84 399.889
1428 1367.67 302.984
1429 1834.52 660.099
1430 1627.54 601.54
1431 2051.82 583.143
1432 1969.33 782.091
1433 2438.62 725.742
1434 2517.04 878.744
1435 2677.42 782.784
1436 3008.11 680.176
1437 2967.46 727.068
1438 3136.94 821.997
1439 2797.77 911.915
1440 2731.1 658.154
1441 2572.22 654.216
1442 2818.15 878.721
1443 2481.5 640.766
1444 2191.54 613.754
1445 2126.51 617.38
1446 2332.38 602.957
1447 1558.33 521.598
1448 1404.98 400.444
1449 1351.35 353.319
1450 1351.15 238.558
1451 1298.76 301.771
1452 1174.8 213.694
1453 1099.08 115.961
1454 1192.71 190.451
1455 1097.45 154.444
1456 1090.73 168.484
1457 982.216 126.35
1458 1156.63 222.847
1459 1000.37 125.096
1460 1030.62 181.419
1461 974.815 175.971
1462 985.248 176.357
1463 967.339 139.956
1464 983.948 130.952
1465 990.639 141.864
1466 963.821 149.648
1467 959.744 133.438
1468 966.072 138.479
1469 910.724 145.525
1470 881.219 141.883
1471 881.978 176.73
1472 876.188 149.275
1473 843.177 147.872
1474 914.242 181.392
1475 815.018 108.433
1476 851.172 161.193
1477 845.561 150.737
1478 817.159 124.778
1479 821.685 110.632
1480 828.849 125.07
1481 830.698 116.896
1482 858.406 147.461
1483 839.061 161.812
1484 855.594 125.715
1485 772.612 127.744
1486 890.098 123.417
1487 836.514 91.2747
1488 851.593 127.715
1489 821.231 113.419
1490 739.646 98.2631
1491 797.532 87.8952
1492 817.898 112.218
1493 878.436 93.2585
1494 863.988 101.361
1495 891.768 108.297
1496 855.16 152.22
1497 955.63 155.897
1498 776.238 112.944
1499 692.656 102.601
1500 724.093 131.989
1501 714.863 123.652
1502 745.662 118.136
1503 718.099 98.3679
1504 794.545 87.9368
1505 727.573 109.386
1506 794.793 117.163
1507 711.27 148.18
1508 807.797 113.567
1509 768.18 141.196
1510 788.394 131.31
1511 800.27 157.281
1512 778.623 142.58
1513 761.529 156.913
1514 816.645 136.453
1515 805.87 157.562
1516 801.373 124.1
1517 811.691 130.904
1518 830.457 141.169
1519 793.423 156.286
1520 866.502 149.479
1521 830.155 130.145
1522 928.54 205.348
1523 880.568 168.887
1524 868.893 203.131
1525 889.157 219.259
1526 908.069 190.58
1527 886.52 198.966
1528 913.815 225.882
1529 841.812 202.652
1530 822.556 143.662
1531 860.002 216.515
1532 894.916 182.1
1533 886.335 209.508
1534 949.997 224.213
1535 947.16 223.933
1536 1043.72 234.467
1537 1106.88 321.657
1538 1045.43 228.657
1539 1130.88 293.759
1540 1005.94 185.403
1541 952.521 203.831
1542 944.854 149.359
1543 928.994 175.059
1544 938.44 173.593
1545 942.497 168.267
1546 955.716 214.607
1547 892.215 161.802
1548 928.783 187.512
1549 886.818 180.657
1550 945.877 165.837
1551 875.02 138.518
1552 950.378 129.823
1553 1001.27 130.869
1554 1039.32 113.082
1555 1004.04 103.86
1556 1055.17 154.157
1557 1016.91 135.722
1558 1108.43 149.778
1559 1055.53 119.624
1560 1178.18 150.684
1561 1047.6 150.238
1562 1132.07 148.02
1563 1129.11 184.584
1564 1200.11 178.313
1565 1217.23 212.679
1566 1075.13 112.741
1567 1131.44 150.957
1568 1168.49 133.878
1569 1097.27 103.832
1570 1083.61 121.56
1571 1022.6 160.699
1572 1099.01 177.272
1573 960.648 172.493
1574 1164.41 154.765
1575 1136.69 167.467
1576 1179.36 175.281
1577 1107.33 152.651
1578 1126.94 175.34
1579 1137.04 210.881
1580 1165.49 195.189
1581 1150.42 204.041
1582 1195.34 226.402
1583 1183 229.709
1584 1125.71 204.067
1585 1127.36 164.83
1586 1209.95 195.512
1587 1097.04 170.566
1588 1071.34 159.287
1589 1083.37 167.566
1590 1181.74 159.715
1591 1153.48 144.86
1592 1097.43 144.634
1593 1065.72 179.495
1594 1067.07 135.111
1595 1047.81 155.675
1596 1018.78 153.854
1597 956.055 149.637
1598 997.283 157.45
1599 957.422 152.663
1600 969.51 167.746
1601 978.78 162.223
1602 1080.84 168.959
1603 1071.08 181.978
1604 1060.42 188.923
1605 1007.53 202.373
1606 1061.2 184.001
1607 1028.71 196.932
1608 1064.46 212.636
1609 1047.68 204.256
1610 1015.81 194.685
1611 1005.59 195.274
1612 946.823 173.823
1613 997.74 220.609
1614 1009.58 200.599
1615 1005.32 208.633
1616 1066.3 186.437
1617 1008.65 206.182
1618 1085.07 199.046
1619 1022.14 205.742
1620 1074.35 203.423
1621 1003.88 193.11
1622 1019.15 203.43
1623 909.813 186.515
1624 981.984 201.107
1625 986.771 207.212
1626 1120.33 216.998
1627 1056.77 209.692
1628 1280.22 197.319
1629 1339.38 261.4
1630 1310.68 196.705
1631 1272.91 199.102
1632 1387.2 206.026
1633 1410.23 210.594
1634 1392.01 213.899
1635 1325.65 236.877
1636 1165.57 279.483
1637 1352.99 189.012
1638 1247.48 232.337
1639 1405.53 203.608
1640 1471.54 221.11
1641 1741.6 159.753
1642 1721.68 135.564
1643 1779.27 106.573
1644 1803.43 109.302
1645 1730.41 135.834
1646 1706.3 194.916
1647 1732.31 125.313
1648 1801.11 131.9
1649 1749.84 141.303
1650 1871.69 155.59
1651 1950.55 135.1
1652 1948.03 199.713
1653 2123.29 177.068
1654 1971.75 213.386
1655 2009.86 292.141
1656 1902.6 291.263
1657 1995.39 258.73
1658 1961.67 292.962
1659 2033.89 294.247
1660 1607.42 312.747
1661 1741.24 358.544
1662 1807.05 340.877
1663 2136.63 310.389
1664 2100.91 246.448
1665 2321.82 281.998
1666 2420.19 177.702
1667 2211.1 288.245
1668 1987.82 328.306
1669 2649.08 97.4871
1670 2501.27 119.811
1671 2562.45 139.718
1672 2628.34 107.491
1673 2652.31 110.679
1674 2720.12 139.292
1675 2694.41 170.536
1676 2647.72 105.281
1677 2726.34 143.907
1678 2717.19 150.936
1679 2770.56 185.275
1680 2746.45 143.73
1681 2770.25 210.264
1682 2800.82 233.125
1683 2766.74 295.31
1684 2835.06 308.668
1685 2743.34 198.63
1686 2732.64 215.192
1687 2663.14 145.04
1688 2689.22 177.054
1689 2636.69 218.903
1690 2493.17 139.967
1691 2637.12 210.951
1692 2418.64 195.533
1693 2313.89 207.306
1694 2353.44 177.623
1695 2323.99 215.593
1696 2640.3 254.464
1697 2769.47 290.401
1698 2822.69 288.202
1699 2908.75 282.689
1700 2663.76 349.583
1701 2995.1 274.815
1702 2879.81 223.255
1703 2960.8 303.263
1704 2802.85 222.571
1705 2811 275.599
1706 2630.53 302.153
1707 2840.58 354.642
1708 2792.03 343.416
1709 3157.84 343.506
1710 2664.85 223.365
1711 2652.96 321.194
1712 2593.83 261.513
1713 2757.74 302.114
1714 2610.35 301.076
1715 2649.03 304.18
1716 2637.83 363.178
1717 2874.16 405.367
1718 2807.06 373.237
1719 2749.03 356.124
1720 2860.9 330.886
1721 2601.3 401.333
1722 2731.26 378.564
1723 2593.02 231.232
1724 2434.35 239.507
1725 2570.91 246.437
1726 2545.65 274.759
1727 2490.29 266.871
1728 2516.81 307.649
1729 2693.99 325.678
1730 2494.49 347.314
1731 2983.82 354.477
1732 2762.75 237.934
1733 3056.82 248.166
1734 3072.36 382.833
1735 3144.61 383.918
1736 3302.1 466.028
1737 3520.52 490.345
1738 3632.46 455.678
1739 3711.15 476.804
1740 3569.87 567.647
1741 3844.67 579.578
1742 3515.93 492.099
1743 3928 513.019
1744 3560.58 545.848
1745 3651.83 601.319
1746 3210.48 599.058
1747 4005.56 589.868
1748 3796.28 548.92
1749 3980.55 719.199
1750 3821.35 581.094
1751 3703.22 584.983
1752 3546.16 534.419
1753 4006.55 580.049
1754 4115.97 547.685
1755 4114.74 468.149
1756 3683.98 503.001
1757 3798.25 588.332
1758 3370.28 490.206
1759 3479.15 400.679
1760 3413.8 412.925
1761 3288.36 347.032
1762 3172.21 355.619
1763 3125.82 305.677
1764 3216.07 386.804
1765 3069.55 262.77
1766 3413.01 381.923
1767 3034.7 225.672
1768 2950.8 222.687
1769 2803.82 211.862
1770 2936.57 288.077
1771 2701.47 265.078
1772 2924.33 229.085
1773 2925.03 224.63
1774 2719.17 219.741
1775 2880.69 348.636
1776 2689.18 319.501
1777 2547.12 299.278
1778 2396.09 293.964
1779 2304.67 303.689
1780 1999.97 331.146
1781 1968.38 245.779
1782 1991.85 273.713
1783 2180.79 267.719
1784 1889.98 339.471
1785 1953.34 307.22
1786 2152.01 287.212
1787 2232.45 317.646
1788 1944.34 304.953
1789 1959.16 259.627
1790 2187.79 278.266
1791 2685.71 394.921
1792 2396.76 387.388
1793 2197.65 370.805
1794 2397.68 558.787
1795 2238.57 334.348
1796 2443.62 508.411
1797 2698.04 487.655
1798 2834.95 471.345
1799 3346.92 717.277
1800 2969.41 600.012
1801 3711.47 810.324
1802 3133 663.254
1803 2592.44 283.282
1804 2690.19 303.066
1805 2241.83 225.618
1806 2222.74 281.415
1807 2093.49 269.839
1808 1938.2 212.093
1809 1865.33 187.298
1810 2138.85 183.182
1811 2084.04 217.353
1812 2030.73 194.563
1813 1973.05 241.179
1814 1989.05 239.056
1815 1845.03 163.677
1816 1765.43 150.529
1817 1811.45 121.784
1818 1665.69 100.077
1819 1561.06 103.746
1820 1717.6 62.3312
1821 1675.11 53.6309
1822 1593.97 71.3088
1823 1499.58 120.957
1824 1454.39 176.262
1825 1693.12 119.078
1826 1557.91 183.22
1827 1712.88 149.228
1828 1413.24 155.873
1829 1653.59 132.872
1830 1410.64 164.259
1831 1655.78 125.153
1832 1725.58 128.384
1833 1385.55 198.34
1834 1631.26 164.36
1835 1313.22 196.271
1836 1173.42 225.368
1837 995.632 118.815
1838 941.2 160.073
1839 759.125 33.0258
1840 722.733 28.4502
1841 753.222 17.2109
1842 780.308 7.60726
1843 785 5.76728e-06
1844 730 3.59653e-06
1845 731 1.41421
