N J h steps 
500 0.8 2.2 345000000000
-321 65
-320 82
-319 316
-318 563
-317 746
-316 949
-315 333
-314 346
-313 580
-312 872
-311 446
-310 941
-309 1212
-308 293
-307 466
-306 530
-305 1013
-304 2291
-303 3005
-302 3749
-301 4794
-300 4223
-299 4876
-298 5699
-297 5845
-296 4845
-295 5933
-294 6287
-293 3943
-292 5191
-291 7664
-290 8548
-289 10433
-288 8272
-287 10756
-286 12465
-285 13066
-284 16956
-283 22991
-282 26762
-281 32470
-280 39484
-279 46939
-278 55588
-277 67468
-276 76290
-275 101942
-274 122289
-273 153312
-272 191798
-271 251251
-270 296029
-269 350667
-268 444161
-267 522262
-266 625477
-265 767063
-264 930701
-263 1109694
-262 1329801
-261 1584572
-260 1892527
-259 2252954
-258 2729102
-257 3234152
-256 3769346
-255 4439113
-254 5250341
-253 6305373
-252 7400949
-251 8612165
-250 10166355
-249 11805805
-248 13833635
-247 16174503
-246 18890130
-245 21994535
-244 25462037
-243 29579067
-242 34288351
-241 39599078
-240 45483936
-239 52336904
-238 59972185
-237 68279541
-236 77866785
-235 88668029
-234 101077520
-233 114753398
-232 129938971
-231 146541114
-230 166123608
-229 186762825
-228 210230482
-227 236142717
-226 264818397
-225 295937309
-224 330640580
-223 369033678
-222 410691417
-221 455815108
-220 504967682
-219 558436321
-218 616185249
-217 678776648
-216 747080489
-215 820697173
-214 899881048
-213 984019882
-212 1074056143
-211 1171471098
-210 1274836734
-209 1385650810
-208 1502001434
-207 1626707876
-206 1756521911
-205 1893595940
-204 2038150693
-203 2188392950
-202 2344930361
-201 2509151189
-200 2677494989
-199 2851895078
-198 3031623303
-197 3217309803
-196 3406046305
-195 3599166382
-194 3794166418
-193 3992529335
-192 4192028102
-191 4391299448
-190 4593621741
-189 4792368600
-188 4987721638
-187 5179243028
-186 5367790989
-185 5548844761
-184 5724833021
-183 5894345543
-182 6053392903
-181 6203878477
-180 6344744280
-179 6468655834
-178 6581931757
-177 6681969362
-176 6769967932
-175 6838526916
-174 6890389103
-173 6926506801
-172 6943836632
-171 6948912299
-170 6930475569
-169 6895998521
-168 6842032921
-167 6774769546
-166 6685698849
-165 6582555413
-164 6463763954
-163 6328495621
-162 6178780369
-161 6020522452
-160 5846764799
-159 5663114927
-158 5465732484
-157 5263049170
-156 5048836207
-155 4832492361
-154 4610739125
-153 4385787583
-152 4157875410
-151 3929039843
-150 3701971792
-149 3478219860
-148 3254778835
-147 3036610416
-146 2820950549
-145 2614159381
-144 2417251193
-143 2223830721
-142 2039734339
-141 1865398395
-140 1700199467
-139 1543234516
-138 1394079666
-137 1254682787
-136 1126675149
-135 1005671377
-134 895976011
-133 793518911
-132 701916417
-131 616389352
-130 540133158
-129 470365455
-128 408804473
-127 354191477
-126 304608388
-125 260581949
-124 222113963
-123 188148587
-122 159657445
-121 134057736
-120 111890195
-119 93231531
-118 77340132
-117 63928830
-116 52663510
-115 42853099
-114 34827546
-113 27874843
-112 22605795
-111 17959698
-110 14126611
-109 11074537
-108 8739515
-107 6678766
-106 5157069
-105 4020888
-104 3079829
-103 2322918
-102 1762061
-101 1302641
-100 993328
-99 718540
-98 519963
-97 370210
-96 238107
-95 194946
-94 116989
-93 80759
-92 63412
-91 51643
-90 38430
-89 17711
-88 19376
-87 9541
-86 17935
-85 3421
-84 1638
-83 2022
-82 5824
-81 3703
-80 1561
