N J h steps 
2000 0.8 2.2 165000000000
-818 10
-817 96
-816 98
-815 89
-814 133
-813 70
-812 491
-811 917
-810 1333
-809 1713
-808 2667
-807 4128
-806 5293
-805 6106
-804 6445
-803 8261
-802 8340
-801 9751
-800 9697
-799 14720
-798 17185
-797 20573
-796 27096
-795 31689
-794 31889
-793 35194
-792 42150
-791 52870
-790 54889
-789 62732
-788 69329
-787 67043
-786 89810
-785 97324
-784 107454
-783 128894
-782 154153
-781 156227
-780 176504
-779 200359
-778 213253
-777 252248
-776 279589
-775 304452
-774 344421
-773 392407
-772 432836
-771 477146
-770 536338
-769 578545
-768 641459
-767 691968
-766 751806
-765 818158
-764 910226
-763 989899
-762 1096592
-761 1191901
-760 1288630
-759 1393663
-758 1489436
-757 1623595
-756 1743123
-755 1936850
-754 2074850
-753 2240433
-752 2398728
-751 2581330
-750 2782756
-749 3023394
-748 3346670
-747 3515119
-746 3805157
-745 4132223
-744 4551989
-743 4871491
-742 5309662
-741 5635731
-740 6062502
-739 6512478
-738 7063640
-737 7529526
-736 8183934
-735 8642979
-734 9432348
-733 10040651
-732 10746627
-731 11536326
-730 12342397
-729 13326189
-728 14342530
-727 15343114
-726 16414473
-725 17669763
-724 18815982
-723 20158712
-722 21519474
-721 22847361
-720 24315631
-719 25955605
-718 27624276
-717 29339028
-716 31273190
-715 33029407
-714 35141385
-713 37313519
-712 39611298
-711 41979059
-710 44377826
-709 47170003
-708 50219926
-707 53324526
-706 56260957
-705 59554795
-704 62992602
-703 66679412
-702 70345318
-701 74645959
-700 78844176
-699 82912983
-698 87707217
-697 92340662
-696 97690408
-695 102696559
-694 108049422
-693 113777312
-692 119797654
-691 125895089
-690 132715528
-689 139208146
-688 146719345
-687 153459941
-686 160921328
-685 169199486
-684 177449894
-683 185768209
-682 194653049
-681 203774147
-680 212834424
-679 222278432
-678 232390413
-677 243072969
-676 253511998
-675 265309109
-674 276950879
-673 288909025
-672 301337504
-671 313939238
-670 327570857
-669 340821830
-668 355036226
-667 369221461
-666 384453676
-665 399026512
-664 414487161
-663 430489042
-662 446946030
-661 462669509
-660 479242077
-659 496401286
-658 514096261
-657 532274813
-656 550115555
-655 568629619
-654 587881964
-653 605961142
-652 625668369
-651 646341912
-650 666197587
-649 686631471
-648 707366945
-647 727937284
-646 749877330
-645 771074324
-644 792980747
-643 814470843
-642 835916754
-641 857913800
-640 880211008
-639 902572679
-638 924995324
-637 948278374
-636 970674381
-635 993118021
-634 1014575659
-633 1037216991
-632 1060609131
-631 1081283499
-630 1104701750
-629 1126969007
-628 1148764972
-627 1169689627
-626 1191660986
-625 1213567106
-624 1234614115
-623 1254445426
-622 1275151831
-621 1294754701
-620 1313202971
-619 1333146576
-618 1351894011
-617 1369433469
-616 1387884647
-615 1404290415
-614 1420584777
-613 1435349881
-612 1451590953
-611 1467068721
-610 1480201565
-609 1495321005
-608 1507093693
-607 1519435868
-606 1529477342
-605 1541137342
-604 1549077511
-603 1555665349
-602 1564431319
-601 1569456278
-600 1577054274
-599 1582228605
-598 1586249410
-597 1590243066
-596 1592798890
-595 1593733656
-594 1594963943
-593 1593834854
-592 1592263474
-591 1590359547
-590 1586100960
-589 1582234200
-588 1577789317
-587 1571406274
-586 1563972158
-585 1556035473
-584 1546501211
-583 1537281120
-582 1528787430
-581 1515970178
-580 1503636805
-579 1492325425
-578 1476740263
-577 1461890611
-576 1445548534
-575 1430855771
-574 1413907533
-573 1395840900
-572 1378132992
-571 1358342292
-570 1338647420
-569 1317514469
-568 1297340122
-567 1275963144
-566 1254332642
-565 1231031615
-564 1208725913
-563 1187546655
-562 1163634861
-561 1139265178
-560 1115344461
-559 1091189608
-558 1067745093
-557 1043163557
-556 1017866747
-555 994846902
-554 970811085
-553 945750588
-552 922199558
-551 897390130
-550 873709042
-549 849425701
-548 825867161
-547 803102640
-546 778927223
-545 754383091
-544 730867517
-543 707825006
-542 683470559
-541 661398968
-540 640010915
-539 617963760
-538 595940149
-537 575228400
-536 553665630
-535 532865064
-534 512909388
-533 492494995
-532 472997219
-531 454170435
-530 436064539
-529 417249598
-528 400294029
-527 384449152
-526 367205166
-525 351619582
-524 336417030
-523 321156398
-522 307118806
-521 292383232
-520 279056350
-519 265020085
-518 252626451
-517 239723245
-516 228008356
-515 216859390
-514 205702284
-513 195231630
-512 185389228
-511 175463969
-510 165687747
-509 155917902
-508 147638222
-507 139375624
-506 131271702
-505 123504511
-504 116264609
-503 109674542
-502 103257946
-501 96732501
-500 91132821
-499 85475083
-498 79986865
-497 75051794
-496 70536011
-495 66026479
-494 61545966
-493 57584159
-492 53824758
-491 50173912
-490 46642719
-489 43345943
-488 40446229
-487 37338385
-486 34532000
-485 32172209
-484 29663610
-483 27542729
-482 25472392
-481 23435049
-480 21688459
-479 19998353
-478 18545583
-477 16951099
-476 15689945
-475 14700108
-474 13276059
-473 12333768
-472 11289144
-471 10389554
-470 9439546
-469 8485983
-468 7775676
-467 6997489
-466 6508855
-465 5930985
-464 5406628
-463 4934540
-462 4526425
-461 4129960
-460 3764570
-459 3514039
-458 3247536
-457 2896313
-456 2656460
-455 2430877
-454 2229674
-453 1998732
-452 1800005
-451 1640070
-450 1522596
-449 1357532
-448 1219585
-447 1074714
-446 970629
-445 857658
-444 788231
-443 703358
-442 635606
-441 581174
-440 528154
-439 489058
-438 434203
-437 370183
-436 322024
-435 298769
-434 266356
-433 247671
-432 211475
-431 199475
-430 172088
-429 155434
-428 128112
-427 107089
-426 102890
-425 88322
-424 89416
-423 92206
-422 80387
-421 71185
-420 57276
-419 48129
-418 45268
-417 33378
-416 35114
-415 28192
-414 21816
-413 17533
-412 10681
-411 10826
-410 5008
-409 5719
-408 4100
-407 3022
-406 3228
-405 2073
-404 2734
-403 3347
-402 2478
-401 1033
-400 397
-399 420
-398 502
-397 718
-396 240
-395 230
-394 656
-393 1053
-392 418
-391 300
-390 284
-389 650
-388 745
-387 604
-386 438
-385 625
-384 1235
-383 589
-382 472
